ID TIME TPS RAM CPU
0 0.015 65 7.1 34.0
0 0.111 10 7.1 34.0
0 0.208 10 7.1 34.0
0 0.303 11 7.1 34.0
0 0.409 9 7.1 34.0
0 0.528 8 7.1 34.0
0 0.604 13 7.1 34.0
0 0.709 10 7.1 34.0
0 0.804 11 7.1 34.0
0 0.905 10 7.1 34.0
0 1.012 9 7.1 34.0
0 1.111 10 7.1 34.0
0 1.206 10 7.1 34.0
0 1.311 10 7.1 34.0
0 1.415 10 7.1 34.0
0 1.506 11 7.1 34.0
0 1.633 8 7.1 34.0
0 1.716 12 7.1 34.0
0 1.815 10 7.1 34.0
0 1.916 10 7.1 34.0
0 2.016 10 7.1 34.0
0 2.135 8 7.1 34.0
0 2.216 12 7.1 34.0
0 2.315 10 7.1 34.0
0 2.416 10 7.1 34.0
0 2.517 10 7.1 34.0
0 2.619 10 7.1 34.0
0 2.735 9 7.1 34.0
0 2.813 13 7.1 34.0
0 2.912 10 7.1 34.0
0 3.016 10 7.1 34.0
0 3.118 10 7.1 34.0
0 3.236 8 7.1 34.0
0 3.316 13 7.1 34.0
0 3.416 10 7.1 34.0
0 3.518 10 7.1 34.0
0 3.62 10 7.1 34.0
0 3.718 10 7.1 34.0
0 3.833 9 7.1 34.0
0 3.919 12 7.1 34.0
0 4.018 10 7.1 34.0
0 4.119 10 7.1 34.0
0 4.219 10 7.1 34.0
0 4.317 10 7.1 34.0
0 4.431 9 7.1 34.0
0 4.515 12 7.1 34.0
0 4.619 10 7.1 34.0
0 4.723 10 7.1 34.0
0 4.811 11 7.1 34.0
0 4.937 8 7.1 34.0
0 5.263 3 7.1 34.0
0 5.267 238 7.1 34.0
0 5.374 9 7.1 34.0
0 5.489 9 7.1 34.0
0 5.575 12 7.1 34.0
0 5.675 10 7.1 34.0
0 5.78 10 7.1 34.0
0 5.874 11 7.1 34.0
0 5.98 9 7.1 34.0
0 6.084 10 7.1 34.0
0 6.178 11 7.1 34.0
0 6.281 10 7.1 34.0
0 6.373 11 7.1 34.0
0 6.485 9 7.1 34.0
0 6.576 11 7.1 34.0
0 6.685 9 7.1 34.0
0 6.781 10 7.1 34.0
0 6.878 10 7.1 34.0
0 6.987 9 7.1 34.0
0 7.078 11 7.1 34.0
0 7.185 9 7.1 34.0
0 7.282 10 7.1 34.0
0 7.378 10 7.1 34.0
0 7.478 10 7.1 34.0
0 7.586 9 7.1 34.0
0 7.686 10 7.1 34.0
0 7.782 10 7.1 34.0
0 7.878 10 7.1 34.0
0 7.981 10 7.1 34.0
0 8.088 9 7.1 34.0
0 8.187 10 7.1 34.0
0 8.282 11 7.1 34.0
0 8.379 10 7.1 34.0
0 8.48 10 7.1 34.0
0 8.578 10 7.1 34.0
0 8.693 9 7.1 34.0
0 8.784 11 7.1 34.0
0 8.874 11 7.1 34.0
0 8.981 9 7.1 34.0
0 9.081 10 7.1 34.0
0 9.193 9 7.1 34.0
0 9.284 11 7.1 34.0
0 9.38 10 7.1 34.0
0 9.474 11 7.1 34.0
0 9.582 9 7.1 34.0
0 9.694 9 7.1 34.0
0 9.785 11 7.1 34.0
0 9.881 10 7.1 34.0
0 9.976 11 7.1 34.0
0 10.273 3 3.5 32.8
0 10.278 187 3.5 32.8
0 10.385 9 3.5 32.8
0 10.486 10 3.5 32.8
0 10.584 10 3.5 32.8
0 10.687 10 3.5 32.8
0 10.801 9 3.5 32.8
0 10.882 12 3.5 32.8
0 10.985 10 3.5 32.8
0 11.087 10 3.5 32.8
0 11.189 10 3.5 32.8
0 11.291 10 3.5 32.8
0 11.39 10 3.5 32.8
0 11.487 10 3.5 32.8
0 11.587 10 3.5 32.8
0 11.689 10 3.5 32.8
0 11.79 10 3.5 32.8
0 11.891 10 3.5 32.8
0 11.986 11 3.5 32.8
0 12.088 10 3.5 32.8
0 12.19 10 3.5 32.8
0 12.293 10 3.5 32.8
0 12.395 10 3.5 32.8
0 12.488 11 3.5 32.8
0 12.631 7 3.5 32.8
0 12.692 17 3.5 32.8
0 12.796 10 3.5 32.8
0 12.907 9 3.5 32.8
0 12.992 12 3.5 32.8
0 13.092 10 3.5 32.8
0 13.194 10 3.5 32.8
0 13.298 10 3.5 32.8
0 13.393 11 3.5 32.8
0 13.491 10 3.5 32.8
0 13.593 10 3.5 32.8
0 13.695 10 3.5 32.8
0 13.799 10 3.5 32.8
0 13.891 11 3.5 32.8
0 14.003 9 3.5 32.8
0 14.094 11 3.5 32.8
0 14.195 10 3.5 32.8
0 14.296 10 3.5 32.8
0 14.401 10 3.5 32.8
0 14.501 10 3.5 32.8
0 14.594 11 3.5 32.8
0 14.758 6 3.5 32.8
0 14.797 26 3.5 32.8
0 14.899 10 3.5 32.8
0 15.0 10 3.5 32.8
0 15.312 3 3.5 32.8
0 15.329 59 3.5 32.8
0 15.432 10 3.5 32.8
0 15.534 10 3.5 32.8
0 15.627 11 3.5 32.8
0 15.729 10 3.5 32.8
0 15.834 9 3.5 32.8
0 15.934 10 3.5 32.8
0 16.028 11 3.5 32.8
0 16.134 9 3.5 32.8
0 16.23 10 3.5 32.8
0 16.336 9 3.5 32.8
0 16.433 10 3.5 32.8
0 16.53 10 3.5 32.8
0 16.636 9 3.5 32.8
0 16.793 6 3.5 32.8
0 16.834 25 3.5 32.8
0 16.937 10 3.5 32.8
0 17.031 11 3.5 32.8
0 17.136 9 3.5 32.8
0 17.23 11 3.5 32.8
0 17.335 10 3.5 32.8
0 17.432 10 3.5 32.8
0 17.535 10 3.5 32.8
0 17.628 11 3.5 32.8
0 17.721 11 3.5 32.8
0 17.836 9 3.5 32.8
0 17.934 10 3.5 32.8
0 18.036 10 3.5 32.8
0 18.131 10 3.5 32.8
0 18.222 11 3.5 32.8
0 18.336 9 3.5 32.8
0 18.432 10 3.5 32.8
0 18.536 10 3.5 32.8
0 18.665 8 3.5 32.8
0 18.804 7 3.5 32.8
0 18.837 30 3.5 32.8
0 18.937 10 3.5 32.8
0 19.04 10 3.5 32.8
0 19.135 10 3.5 32.8
0 19.237 10 3.5 32.8
0 19.344 9 3.5 32.8
0 19.438 11 3.5 32.8
0 19.54 10 3.5 32.8
0 19.636 10 3.5 32.8
0 19.738 10 3.5 32.8
0 19.845 9 3.5 32.8
0 19.93 12 3.5 32.8
0 20.041 9 3.5 32.8
0 20.26 5 3.5 32.8
0 20.265 207 3.5 32.8
0 20.437 6 2.7 32.8
0 20.477 25 2.7 32.8
0 20.58 10 2.7 32.8
0 20.804 4 2.7 32.8
0 20.82 62 2.7 32.8
0 20.932 9 2.7 32.8
0 21.023 11 2.7 32.8
0 21.127 10 2.7 32.8
0 21.223 10 2.7 32.8
0 21.325 10 2.7 32.8
0 21.427 10 2.7 32.8
0 21.53 10 2.7 32.8
0 21.628 10 2.7 32.8
0 21.725 10 2.7 32.8
0 21.825 10 2.7 32.8
0 21.928 10 2.7 32.8
0 22.031 10 2.7 32.8
0 22.129 10 2.7 32.8
0 22.223 11 2.7 32.8
0 22.326 10 2.7 32.8
0 22.429 10 2.7 32.8
0 22.532 10 2.7 32.8
0 22.629 10 2.7 32.8
0 22.851 5 2.7 32.8
0 22.867 64 2.7 32.8
0 22.972 10 2.7 32.8
0 23.076 10 2.7 32.8
0 23.174 10 2.7 32.8
0 23.271 10 2.7 32.8
0 23.369 10 2.7 32.8
0 23.458 11 2.7 32.8
0 23.578 8 2.7 32.8
0 23.675 10 2.7 32.8
0 23.771 10 2.7 32.8
0 23.872 10 2.7 32.8
0 23.958 12 2.7 32.8
0 24.081 8 2.7 32.8
0 24.176 11 2.7 32.8
0 24.271 10 2.7 32.8
0 24.37 10 2.7 32.8
0 24.47 10 2.7 32.8
0 24.58 9 2.7 32.8
0 24.678 10 2.7 32.8
0 24.898 5 2.7 32.8
0 24.915 59 2.7 32.8
0 25.021 9 2.7 32.8
0 25.128 9 2.7 32.8
0 25.352 4 2.7 32.8
0 25.357 194 2.7 32.8
0 25.529 6 2.7 32.8
0 25.573 23 2.7 32.8
0 25.683 9 2.7 32.8
0 25.775 11 2.7 32.8
0 25.87 11 2.7 32.8
0 25.976 9 2.7 32.8
0 26.078 10 2.7 32.8
0 26.178 10 2.7 32.8
0 26.28 10 2.7 32.8
0 26.38 10 2.7 32.8
0 26.472 11 2.7 32.8
0 26.576 10 2.7 32.8
0 26.678 10 2.7 32.8
0 26.952 4 2.7 32.8
0 26.958 163 2.7 32.8
0 27.078 8 2.7 32.8
0 27.176 10 2.7 32.8
0 27.262 12 2.7 32.8
0 27.38 8 2.7 32.8
0 27.461 12 2.7 32.8
0 27.576 9 2.7 32.8
0 27.678 10 2.7 32.8
0 27.761 12 2.7 32.8
0 27.878 9 2.7 32.8
0 27.982 10 2.7 32.8
0 28.079 10 2.7 32.8
0 28.179 10 2.7 32.8
0 28.279 10 2.7 32.8
0 28.38 10 2.7 32.8
0 28.484 10 2.7 32.8
0 28.576 11 2.7 32.8
0 28.679 10 2.7 32.8
0 29.0 3 2.7 32.8
0 29.019 52 2.7 32.8
0 29.124 10 2.7 32.8
0 29.225 10 2.7 32.8
0 29.327 10 2.7 32.8
0 29.425 10 2.7 32.8
0 29.533 9 2.7 32.8
0 29.624 11 2.7 32.8
0 29.725 10 2.7 32.8
0 29.828 10 2.7 32.8
0 29.926 10 2.7 32.8
0 30.022 10 2.7 32.8
0 30.135 9 2.7 32.8
0 30.247 9 2.7 32.8
0 30.402 6 2.7 32.8
0 30.408 189 2.7 32.8
0 30.566 6 2.9 32.9
0 30.635 14 2.9 32.9
0 30.729 11 2.9 32.9
0 31.002 4 2.9 32.9
0 31.022 50 2.9 32.9
0 31.138 9 2.9 32.9
0 31.227 11 2.9 32.9
0 31.331 10 2.9 32.9
0 31.427 10 2.9 32.9
0 31.526 10 2.9 32.9
0 31.638 9 2.9 32.9
0 31.728 11 2.9 32.9
0 31.832 10 2.9 32.9
0 31.927 11 2.9 32.9
0 32.027 10 2.9 32.9
0 32.129 10 2.9 32.9
0 32.238 9 2.9 32.9
0 32.331 11 2.9 32.9
0 32.428 10 2.9 32.9
0 32.525 10 2.9 32.9
0 32.629 10 2.9 32.9
0 32.739 9 2.9 32.9
0 33.051 3 2.9 32.9
0 33.072 49 2.9 32.9
0 33.177 10 2.9 32.9
0 33.285 9 2.9 32.9
0 33.38 11 2.9 32.9
0 33.459 13 2.9 32.9
0 33.576 9 2.9 32.9
0 33.678 10 2.9 32.9
0 33.788 9 2.9 32.9
0 33.881 11 2.9 32.9
0 33.959 13 2.9 32.9
0 34.076 9 2.9 32.9
0 34.177 10 2.9 32.9
0 34.289 9 2.9 32.9
0 34.382 11 2.9 32.9
0 34.46 13 2.9 32.9
0 34.576 9 2.9 32.9
0 34.679 10 2.9 32.9
0 34.79 9 2.9 32.9
0 35.097 3 2.9 32.9
0 35.118 47 2.9 32.9
0 35.221 10 2.9 32.9
0 35.308 11 2.9 32.9
0 35.477 6 2.9 32.9
0 35.511 29 2.9 32.9
0 35.616 10 2.9 32.9
0 35.72 10 2.9 32.9
0 35.82 10 2.9 32.9
0 35.925 10 2.9 32.9
0 36.021 10 2.9 32.9
0 36.12 10 2.9 32.9
0 36.222 10 2.9 32.9
0 36.331 9 2.9 32.9
0 36.425 11 2.9 32.9
0 36.523 10 2.9 32.9
0 36.623 10 2.9 32.9
0 36.723 10 2.9 32.9
0 36.833 9 2.9 32.9
0 37.145 3 2.9 32.9
0 37.165 50 2.9 32.9
0 37.269 10 2.9 32.9
0 37.378 9 2.9 32.9
0 37.457 13 2.9 32.9
0 37.57 9 2.9 32.9
0 37.67 10 2.9 32.9
0 37.771 10 2.9 32.9
0 37.881 9 2.9 32.9
0 37.966 12 2.9 32.9
0 38.071 10 2.9 32.9
0 38.171 10 2.9 32.9
0 38.268 10 2.9 32.9
0 38.369 10 2.9 32.9
0 38.456 11 2.9 32.9
0 38.555 10 2.9 32.9
0 38.67 9 2.9 32.9
0 38.771 10 2.9 32.9
0 38.87 10 2.9 32.9
0 39.185 3 2.9 32.9
0 39.206 47 2.9 32.9
0 39.311 10 2.9 32.9
0 39.411 10 2.9 32.9
0 39.509 10 2.9 32.9
0 39.629 8 2.9 32.9
0 39.718 11 2.9 32.9
0 39.805 11 2.9 32.9
0 39.911 9 2.9 32.9
0 40.002 11 2.9 32.9
0 40.109 9 2.9 32.9
0 40.225 9 2.9 32.9
0 40.313 11 2.9 32.9
0 40.41 10 2.9 32.9
0 40.552 7 2.9 32.9
0 40.597 22 2.9 33.0
0 40.746 7 2.9 33.0
0 40.82 13 2.9 33.0
0 40.913 11 2.9 33.0
0 41.163 4 2.9 33.0
0 41.175 84 2.9 33.0
0 41.293 8 2.9 33.0
0 41.394 10 2.9 33.0
0 41.483 11 2.9 33.0
0 41.585 10 2.9 33.0
0 41.748 6 2.9 33.0
0 41.788 25 2.9 33.0
0 41.898 9 2.9 33.0
0 41.986 11 2.9 33.0
0 42.089 10 2.9 33.0
0 42.19 10 2.9 33.0
0 42.295 10 2.9 33.0
0 42.4 10 2.9 33.0
0 42.488 11 2.9 33.0
0 42.573 12 2.9 33.0
0 42.692 8 2.9 33.0
0 42.792 10 2.9 33.0
0 42.901 9 2.9 33.0
0 42.989 11 2.9 33.0
0 43.251 4 2.9 33.0
0 43.273 46 2.9 33.0
0 43.379 9 2.9 33.0
0 43.483 10 2.9 33.0
0 43.576 11 2.9 33.0
0 43.678 10 2.9 33.0
0 43.819 7 2.9 33.0
0 43.87 19 2.9 33.0
0 43.986 9 2.9 33.0
0 44.077 11 2.9 33.0
0 44.177 10 2.9 33.0
0 44.276 10 2.9 33.0
0 44.375 10 2.9 33.0
0 44.46 12 2.9 33.0
0 44.59 8 2.9 33.0
0 44.677 11 2.9 33.0
0 44.778 10 2.9 33.0
0 44.878 10 2.9 33.0
0 44.961 12 2.9 33.0
0 45.09 8 2.9 33.0
0 45.348 4 2.9 33.0
0 45.355 143 2.9 33.0
0 45.455 10 2.9 33.0
0 45.573 8 2.9 33.0
0 45.681 9 2.9 33.0
0 45.787 9 2.9 33.0
0 45.935 7 2.9 33.0
0 45.958 43 2.9 33.0
0 46.076 9 2.9 33.0
0 46.184 9 2.9 33.0
0 46.273 11 2.9 33.0
0 46.375 10 2.9 33.0
0 46.465 11 2.9 33.0
0 46.572 9 2.9 33.0
0 46.686 9 2.9 33.0
0 46.777 11 2.9 33.0
0 46.877 10 2.9 33.0
0 46.961 12 2.9 33.0
0 47.076 9 2.9 33.0
0 47.362 3 2.9 33.0
0 47.396 30 2.9 33.0
0 47.502 9 2.9 33.0
0 47.602 10 2.9 33.0
0 47.707 10 2.9 33.0
0 47.809 10 2.9 33.0
0 48.015 5 2.9 33.0
0 48.039 41 2.9 33.0
0 48.132 11 2.9 33.0
0 48.256 8 2.9 33.0
0 48.363 9 2.9 33.0
0 48.444 12 2.9 33.0
0 48.56 9 2.9 33.0
0 48.653 11 2.9 33.0
0 48.76 9 2.9 33.0
0 48.86 10 2.9 33.0
0 48.938 13 2.9 33.0
0 49.055 9 2.9 33.0
0 49.161 9 2.9 33.0
0 49.262 10 2.9 33.0
0 49.41 7 2.9 33.0
0 49.456 22 2.9 33.0
0 49.556 10 2.9 33.0
0 49.652 10 2.9 33.0
0 49.767 9 2.9 33.0
0 49.858 11 2.9 33.0
0 50.067 5 2.9 33.0
0 50.093 39 2.9 33.0
0 50.207 9 2.9 33.0
0 50.306 10 2.9 33.0
0 50.389 12 2.9 33.0
0 50.505 9 2.9 33.0
0 50.608 10 3.7 33.1
0 50.707 10 3.7 33.1
0 50.814 9 3.7 33.1
0 50.913 10 3.7 33.1
0 50.998 12 3.7 33.1
0 51.117 8 3.7 33.1
0 51.206 11 3.7 33.1
0 51.318 9 3.7 33.1
0 51.464 7 3.7 33.1
0 51.504 25 3.7 33.1
0 51.609 10 3.7 33.1
0 51.713 10 3.7 33.1
0 51.813 10 3.7 33.1
0 51.919 9 3.7 33.1
0 52.097 6 3.7 33.1
0 52.114 60 3.7 33.1
0 52.239 8 3.7 33.1
0 52.38 7 3.7 33.1
0 52.439 17 3.7 33.1
0 52.523 12 3.7 33.1
0 52.641 8 3.7 33.1
0 52.744 10 3.7 33.1
0 52.835 11 3.7 33.1
0 52.948 9 3.7 33.1
0 53.037 11 3.7 33.1
0 53.141 10 3.7 33.1
0 53.245 10 3.7 33.1
0 53.337 11 3.7 33.1
0 53.505 6 3.7 33.1
0 53.516 88 3.7 33.1
0 53.65 8 3.7 33.1
0 53.773 8 3.7 33.1
0 53.844 14 3.7 33.1
0 53.953 9 3.7 33.1
0 54.048 11 3.7 33.1
0 54.149 10 3.7 33.1
0 54.248 10 3.7 33.1
0 54.351 10 3.7 33.1
0 54.507 6 3.7 33.1
0 54.518 88 3.7 33.1
0 54.657 7 3.7 33.1
0 54.748 11 3.7 33.1
0 54.856 9 3.7 33.1
0 54.958 10 3.7 33.1
0 55.053 11 3.7 33.1
0 55.151 10 3.7 33.1
0 55.258 9 3.7 33.1
0 55.357 10 3.7 33.1
0 55.511 7 3.7 33.1
0 55.548 27 3.7 33.1
0 55.656 9 3.7 33.1
0 55.761 10 3.7 33.1
0 55.919 6 3.7 33.1
0 55.942 43 3.7 33.1
0 56.174 4 3.7 33.1
0 56.198 42 3.7 33.1
0 56.322 8 3.7 33.1
0 56.421 10 3.7 33.1
0 56.617 5 3.7 33.1
0 56.636 55 3.7 33.1
0 56.754 8 3.7 33.1
0 56.852 10 3.7 33.1
0 56.951 10 3.7 33.1
0 57.049 10 3.7 33.1
0 57.148 10 3.7 33.1
0 57.255 9 3.7 33.1
0 57.353 10 3.7 33.1
0 57.516 6 3.7 33.1
0 57.542 38 3.7 33.1
0 57.664 8 3.7 33.1
0 57.763 10 3.7 33.1
0 57.915 7 3.7 33.1
0 57.932 59 3.7 33.1
0 58.055 8 3.7 33.1
0 58.255 5 3.7 33.1
0 58.267 84 3.7 33.1
0 58.391 8 3.7 33.1
0 58.48 11 3.7 33.1
0 58.712 4 3.7 33.1
0 58.757 22 3.7 33.1
0 58.865 9 3.7 33.1
0 58.952 11 3.7 33.1
0 59.061 9 3.7 33.1
0 59.153 11 3.7 33.1
0 59.256 10 3.7 33.1
0 59.359 10 3.7 33.1
0 59.458 10 3.7 33.1
0 59.626 6 3.7 33.1
0 59.649 44 3.7 33.1
0 59.767 8 3.7 33.1
0 59.921 7 3.7 33.1
0 59.942 46 3.7 33.1
0 60.071 8 3.7 33.1
0 60.301 4 3.7 33.1
0 60.312 91 3.7 33.1
0 60.429 9 3.7 33.1
0 60.548 8 3.7 33.1
0 60.753 5 4.4 33.2
0 60.782 34 4.4 33.2
0 60.903 8 4.4 33.2
0 60.976 14 4.4 33.2
0 61.101 8 4.4 33.2
0 61.186 12 4.4 33.2
0 61.294 9 4.4 33.2
0 61.397 10 4.4 33.2
0 61.472 13 4.4 33.2
0 61.659 5 4.4 33.2
0 61.691 32 4.4 33.2
0 61.804 9 4.4 33.2
0 61.962 6 4.4 33.2
0 61.978 62 4.4 33.2
0 62.111 8 4.4 33.2
0 62.21 10 4.4 33.2
0 62.3 11 4.4 33.2
0 62.467 6 4.4 33.2
0 62.483 61 4.4 33.2
0 62.615 8 4.4 33.2
0 62.796 6 4.4 33.2
0 62.83 29 4.4 33.2
0 62.939 9 4.4 33.2
0 63.025 12 4.4 33.2
0 63.134 9 4.4 33.2
0 63.242 9 4.4 33.2
0 63.341 10 4.4 33.2
0 63.436 11 4.4 33.2
0 63.555 8 4.4 33.2
0 63.751 5 4.4 33.2
0 63.796 22 4.4 33.2
0 63.88 12 4.4 33.2
0 64.04 6 4.4 33.2
0 64.081 24 4.4 33.2
0 64.179 10 4.4 33.2
0 64.277 10 4.4 33.2
0 64.378 10 4.4 33.2
0 64.532 6 4.4 33.2
0 64.584 19 4.4 33.2
0 64.682 10 4.4 33.2
0 64.88 5 4.4 33.2
0 64.893 77 4.4 33.2
0 65.022 8 4.4 33.2
0 65.121 10 4.4 33.2
0 65.208 11 4.4 33.2
0 65.308 10 4.4 33.2
0 65.389 12 4.4 33.2
0 65.506 9 4.4 33.2
0 65.607 10 4.4 33.2
0 65.83 4 4.4 33.2
0 65.845 69 4.4 33.2
0 65.955 9 4.4 33.2
0 66.118 6 4.4 33.2
0 66.152 29 4.4 33.2
0 66.265 9 4.4 33.2
0 66.365 10 4.4 33.2
0 66.456 11 4.4 33.2
0 66.659 5 4.4 33.2
0 66.666 143 4.4 33.2
0 66.899 4 4.4 33.2
0 66.916 59 4.4 33.2
0 67.014 10 4.4 33.2
0 67.129 9 4.4 33.2
0 67.229 10 4.4 33.2
0 67.335 9 4.4 33.2
0 67.432 10 4.4 33.2
0 67.529 10 4.4 33.2
0 67.668 7 4.4 33.2
0 67.838 6 4.4 33.2
0 67.86 44 4.4 33.2
0 67.967 9 4.4 33.2
0 68.13 6 4.4 33.2
0 68.202 14 4.4 33.2
0 68.266 16 4.4 33.2
0 68.369 10 4.4 33.2
0 68.466 10 4.4 33.2
0 68.636 6 4.4 33.2
0 68.654 56 4.4 33.2
0 68.945 3 4.4 33.2
0 68.986 24 4.4 33.2
0 69.074 11 4.4 33.2
0 69.181 9 4.4 33.2
0 69.256 13 4.4 33.2
0 69.377 8 4.4 33.2
0 69.461 12 4.4 33.2
0 69.581 8 4.4 33.2
0 69.658 13 4.4 33.2
0 69.963 3 4.4 33.2
0 69.99 37 4.4 33.2
0 70.185 5 4.4 33.2
0 70.26 13 4.4 33.2
0 70.318 17 4.4 33.2
0 70.396 13 4.4 33.2
0 70.524 8 4.4 33.2
0 70.683 6 4.4 33.2
0 70.714 33 4.4 33.2
0 70.972 4 4.1 33.4
0 70.98 125 4.1 33.4
0 71.111 8 4.1 33.4
0 71.204 11 4.1 33.4
0 71.299 11 4.1 33.4
0 71.388 11 4.1 33.4
0 71.5 9 4.1 33.4
0 71.582 12 4.1 33.4
0 71.713 8 4.1 33.4
0 71.98 4 4.1 33.4
0 72.012 32 4.1 33.4
0 72.114 10 4.1 33.4
0 72.393 4 4.1 33.4
0 72.404 86 4.1 33.4
0 72.523 8 4.1 33.4
0 72.713 5 4.1 33.4
0 72.722 118 4.1 33.4
0 72.901 6 4.1 33.4
0 72.929 36 4.1 33.4
0 73.043 9 4.1 33.4
0 73.142 10 4.1 33.4
0 73.246 10 4.1 33.4
0 73.347 10 4.1 33.4
0 73.454 9 4.1 33.4
0 73.547 11 4.1 33.4
0 73.647 10 4.1 33.4
0 73.747 10 4.1 33.4
0 74.055 3 4.1 33.4
0 74.11 18 4.1 33.4
0 74.186 13 4.1 33.4
0 74.447 4 4.1 33.4
0 74.468 48 4.1 33.4
0 74.585 9 4.1 33.4
0 74.752 6 4.1 33.4
0 74.768 61 4.1 33.4
0 74.939 6 4.1 33.4
0 74.973 29 4.1 33.4
0 75.091 9 4.1 33.4
0 75.202 9 4.1 33.4
0 75.285 12 4.1 33.4
0 75.383 10 4.1 33.4
0 75.47 11 4.1 33.4
0 75.591 8 4.1 33.4
0 75.687 10 4.1 33.4
0 75.792 10 4.1 33.4
0 75.981 5 4.1 33.4
0 75.989 125 4.1 33.4
0 76.119 8 4.1 33.4
0 76.214 11 4.1 33.4
0 76.353 7 4.1 33.4
0 76.392 25 4.1 33.4
0 76.57 6 4.1 33.4
0 76.609 26 4.1 33.4
0 76.786 6 4.1 33.4
0 76.81 41 4.1 33.4
0 76.974 6 4.1 33.4
0 77.011 27 4.1 33.4
0 77.1 11 4.1 33.4
0 77.227 8 4.1 33.4
0 77.339 9 4.1 33.4
0 77.436 10 4.1 33.4
0 77.54 10 4.1 33.4
0 77.632 11 4.1 33.4
0 77.773 7 4.1 33.4
0 77.828 18 4.1 33.4
0 78.157 3 4.1 33.4
0 78.183 39 4.1 33.4
0 78.292 9 4.1 33.4
0 78.496 5 4.1 33.4
0 78.574 13 4.1 33.4
0 78.614 25 4.1 33.4
0 78.812 5 4.1 33.4
0 78.833 47 4.1 33.4
0 79.016 5 4.1 33.4
0 79.053 27 4.1 33.4
0 79.158 10 4.1 33.4
0 79.264 9 4.1 33.4
0 79.366 10 4.1 33.4
0 79.463 10 4.1 33.4
0 79.564 10 4.1 33.4
0 79.661 10 4.1 33.4
0 79.753 11 4.1 33.4
0 79.855 10 4.1 33.4
0 80.062 5 4.1 33.4
0 80.098 28 4.1 33.4
0 80.217 8 4.1 33.4
0 80.307 11 4.1 33.4
0 80.487 6 4.1 33.4
0 80.499 86 4.1 33.4
0 80.697 5 4.1 33.4
0 80.74 23 4.1 33.4
0 80.857 8 4.1 33.4
0 80.915 17 4.1 33.4
0 81.106 5 4.2 33.5
0 81.12 73 4.2 33.5
0 81.261 7 4.2 33.5
0 81.357 11 4.2 33.5
0 81.451 11 4.2 33.5
0 81.551 10 4.2 33.5
0 81.654 10 4.2 33.5
0 81.763 9 4.2 33.5
0 81.858 10 4.2 33.5
0 82.079 5 4.2 33.5
0 82.103 41 4.2 33.5
0 82.211 9 4.2 33.5
0 82.316 10 4.2 33.5
0 82.503 5 4.2 33.5
0 82.511 126 4.2 33.5
0 82.635 8 4.2 33.5
0 82.797 6 4.2 33.5
0 82.929 8 4.2 33.5
0 82.939 101 4.2 33.5
0 83.17 4 4.2 33.5
0 83.191 49 4.2 33.5
0 83.302 9 4.2 33.5
0 83.406 10 4.2 33.5
0 83.492 12 4.2 33.5
0 83.601 9 4.2 33.5
0 83.703 10 4.2 33.5
0 83.802 10 4.2 33.5
0 83.9 10 4.2 33.5
0 84.12 5 4.2 33.5
0 84.148 37 4.2 33.5
0 84.252 10 4.2 33.5
0 84.353 10 4.2 33.5
0 84.56 5 4.2 33.5
0 84.573 75 4.2 33.5
0 84.695 8 4.2 33.5
0 84.853 6 4.2 33.5
0 84.947 11 4.2 33.5
0 84.974 37 4.2 33.5
0 85.203 4 4.2 33.5
0 85.246 23 4.2 33.5
0 85.331 12 4.2 33.5
0 85.415 12 4.2 33.5
0 85.532 9 4.2 33.5
0 85.631 10 4.2 33.5
0 85.744 9 4.2 33.5
0 85.834 11 4.2 33.5
0 85.931 10 4.2 33.5
0 86.167 4 4.2 33.5
0 86.174 145 4.2 33.5
0 86.305 8 4.2 33.5
0 86.388 12 4.2 33.5
0 86.476 11 4.2 33.5
0 86.592 9 4.2 33.5
0 86.68 11 4.2 33.5
0 86.866 5 4.2 33.5
0 86.979 9 4.2 33.5
0 86.985 148 4.2 33.5
0 87.21 4 4.2 33.5
0 87.226 63 4.2 33.5
0 87.346 8 4.2 33.5
0 87.439 11 4.2 33.5
0 87.541 10 4.2 33.5
0 87.638 10 4.2 33.5
0 87.739 10 4.2 33.5
0 87.847 9 4.2 33.5
0 87.973 8 4.2 33.5
0 88.151 6 4.2 33.5
0 88.167 62 4.2 33.5
0 88.271 10 4.2 33.5
0 88.381 9 4.2 33.5
0 88.471 11 4.2 33.5
0 88.577 9 4.2 33.5
0 88.671 11 4.2 33.5
0 88.771 10 4.2 33.5
0 88.943 6 4.2 33.5
0 89.039 10 4.2 33.5
0 89.076 27 4.2 33.5
0 89.316 4 4.2 33.5
0 89.334 55 4.2 33.5
0 89.449 9 4.2 33.5
0 89.544 11 4.2 33.5
0 89.643 10 4.2 33.5
0 89.725 12 4.2 33.5
0 89.843 9 4.2 33.5
0 89.95 9 4.2 33.5
0 90.035 12 4.2 33.5
0 90.142 9 4.2 33.5
0 90.247 10 4.2 33.5
0 90.344 10 4.2 33.5
0 90.424 13 4.2 33.5
0 90.552 8 4.2 33.5
0 90.643 11 4.2 33.5
0 90.743 10 4.2 33.5
0 90.847 10 4.2 33.5
0 91.0 7 4.2 33.5
0 91.182 6 4.0 33.5
0 91.188 147 4.0 33.5
0 91.413 4 4.0 33.5
0 91.426 76 4.0 33.5
0 91.536 9 4.0 33.5
0 91.64 10 4.0 33.5
0 91.746 9 4.0 33.5
0 91.84 11 4.0 33.5
0 91.943 10 4.0 33.5
0 92.069 8 4.0 33.5
0 92.14 14 4.0 33.5
0 92.231 11 4.0 33.5
0 92.346 9 4.0 33.5
0 92.436 11 4.0 33.5
0 92.542 9 4.0 33.5
0 92.621 13 4.0 33.5
0 92.777 6 4.0 33.5
0 92.837 16 4.0 33.5
0 93.039 5 4.0 33.5
0 93.176 7 4.0 33.5
0 93.191 65 4.0 33.5
0 93.306 9 4.0 33.5
0 93.52 5 4.0 33.5
0 93.536 62 4.0 33.5
0 93.644 9 4.0 33.5
0 93.752 9 4.0 33.5
0 93.852 10 4.0 33.5
0 93.946 11 4.0 33.5
0 94.055 9 4.0 33.5
0 94.146 11 4.0 33.5
0 94.283 7 4.0 33.5
0 94.343 17 4.0 33.5
0 94.451 9 4.0 33.5
0 94.555 10 4.0 33.5
0 94.646 11 4.0 33.5
0 94.743 10 4.0 33.5
0 94.854 9 4.0 33.5
0 94.951 10 4.0 33.5
0 95.161 5 4.0 33.5
0 95.288 8 4.0 33.5
0 95.335 21 4.0 33.5
0 95.526 5 4.0 33.5
0 95.554 36 4.0 33.5
0 95.653 10 4.0 33.5
0 95.755 10 4.0 33.5
0 95.853 10 4.0 33.5
0 95.953 10 4.0 33.5
0 96.062 9 4.0 33.5
0 96.152 11 4.0 33.5
0 96.29 7 4.0 33.5
0 96.354 15 4.0 33.5
0 96.455 10 4.0 33.5
0 96.564 9 4.0 33.5
0 96.636 14 4.0 33.5
0 96.748 9 4.0 33.5
0 96.856 9 4.0 33.5
0 96.956 10 4.0 33.5
0 97.187 4 4.0 33.5
0 97.307 8 4.0 33.5
0 97.349 24 4.0 33.5
0 97.539 5 4.0 33.5
0 97.557 57 4.0 33.5
0 97.649 11 4.0 33.5
0 97.779 8 4.0 33.5
0 97.866 11 4.0 33.5
0 97.993 8 4.0 33.5
0 98.07 13 4.0 33.5
0 98.15 12 4.0 33.5
0 98.267 9 4.0 33.5
0 98.366 10 4.0 33.5
0 98.451 12 4.0 33.5
0 98.565 9 4.0 33.5
0 98.671 9 4.0 33.5
0 98.767 10 4.0 33.5
0 98.87 10 4.0 33.5
0 98.966 10 4.0 33.5
0 99.056 11 4.0 33.5
0 99.273 5 4.0 33.5
0 99.502 4 4.0 33.5
0 99.52 57 4.0 33.5
0 99.63 9 4.0 33.5
0 99.734 10 4.0 33.5
0 99.827 11 4.0 33.5
0 99.922 10 4.0 33.5
0 100.036 9 4.0 33.5
0 100.13 11 4.0 33.5
0 100.234 10 4.0 33.5
0 100.348 9 4.0 33.5
0 100.418 14 4.0 33.5
0 100.524 9 4.0 33.5
0 100.635 9 4.0 33.5
0 100.735 10 4.0 33.5
0 100.828 11 4.0 33.5
0 100.928 10 4.0 33.5
0 101.026 10 4.0 33.5
0 101.129 10 4.0 33.5
0 101.35 5 3.7 33.5
0 101.5 7 3.7 33.5
0 101.506 173 3.7 33.5
0 101.623 9 3.7 33.5
0 101.727 10 3.7 33.5
0 101.841 9 3.7 33.5
0 101.927 12 3.7 33.5
0 102.008 12 3.7 33.5
0 102.164 6 3.7 33.5
0 102.227 16 3.7 33.5
0 102.326 10 3.7 33.5
0 102.43 10 3.7 33.5
0 102.514 12 3.7 33.5
0 102.628 9 3.7 33.5
0 102.728 10 3.7 33.5
0 102.857 8 3.7 33.5
0 102.927 14 3.7 33.5
0 103.063 7 3.7 33.5
0 103.125 16 3.7 33.5
0 103.228 10 3.7 33.5
0 103.434 5 3.7 33.5
0 103.641 5 3.7 33.5
0 103.658 59 3.7 33.5
0 103.769 9 3.7 33.5
0 103.867 10 3.7 33.5
0 103.967 10 3.7 33.5
0 104.076 9 3.7 33.5
0 104.173 10 3.7 33.5
0 104.268 10 3.7 33.5
0 104.382 9 3.7 33.5
0 104.467 12 3.7 33.5
0 104.566 10 3.7 33.5
0 104.679 9 3.7 33.5
0 104.771 11 3.7 33.5
0 104.855 12 3.7 33.5
0 104.969 9 3.7 33.5
0 105.069 10 3.7 33.5
0 105.172 10 3.7 33.5
0 105.278 9 3.7 33.5
0 105.398 8 3.7 33.5
0 105.642 4 3.7 33.5
0 105.692 20 3.7 33.5
0 105.764 14 3.7 33.5
0 105.872 9 3.7 33.5
0 105.963 11 3.7 33.5
0 106.066 10 3.7 33.5
0 106.164 10 3.7 33.5
0 106.269 10 3.7 33.5
0 106.352 12 3.7 33.5
0 106.469 9 3.7 33.5
0 106.58 9 3.7 33.5
0 106.661 12 3.7 33.5
0 106.749 11 3.7 33.5
0 106.85 10 3.7 33.5
0 106.95 10 3.7 33.5
0 107.052 10 3.7 33.5
0 107.197 7 3.7 33.5
0 107.249 19 3.7 33.5
0 107.364 9 3.7 33.5
0 107.567 5 3.7 33.5
0 107.64 14 3.7 33.5
0 107.673 31 3.7 33.5
0 107.785 9 3.7 33.5
0 107.899 9 3.7 33.5
0 107.98 12 3.7 33.5
0 108.094 9 3.7 33.5
0 108.177 12 3.7 33.5
0 108.285 9 3.7 33.5
0 108.388 10 3.7 33.5
0 108.477 11 3.7 33.5
0 108.587 9 3.7 33.5
0 108.691 10 3.7 33.5
0 108.785 11 3.7 33.5
0 108.875 11 3.7 33.5
0 108.979 10 3.7 33.5
0 109.083 10 3.7 33.5
0 109.192 9 3.7 33.5
0 109.281 11 3.7 33.5
0 109.393 9 3.7 33.5
0 109.574 6 3.7 33.5
0 109.642 15 3.7 33.5
0 109.684 24 3.7 33.5
0 109.798 9 3.7 33.5
0 109.886 11 3.7 33.5
0 109.984 10 3.7 33.5
0 110.093 9 3.7 33.5
0 110.185 11 3.7 33.5
0 110.284 10 3.7 33.5
0 110.414 8 3.7 33.5
0 110.488 14 3.7 33.5
0 110.602 9 3.7 33.5
0 110.729 8 3.7 33.5
0 110.795 15 3.7 33.5
0 110.885 11 3.7 33.5
0 110.987 10 3.7 33.5
0 111.085 10 3.7 33.5
0 111.184 10 3.7 33.5
0 111.287 10 3.7 33.5
0 111.385 10 3.5 33.3
0 111.487 10 3.5 33.3
0 111.652 6 3.5 33.3
0 111.685 31 3.5 33.3
0 111.788 10 3.5 33.3
0 111.885 10 3.5 33.3
0 111.988 10 3.5 33.3
0 112.088 10 3.5 33.3
0 112.223 7 3.5 33.3
0 112.287 16 3.5 33.3
0 112.386 10 3.5 33.3
0 112.488 10 3.5 33.3
0 112.588 10 3.5 33.3
0 112.686 10 3.5 33.3
0 112.788 10 3.5 33.3
0 112.906 8 3.5 33.3
0 112.988 12 3.5 33.3
0 113.105 9 3.5 33.3
0 113.186 12 3.5 33.3
0 113.307 8 3.5 33.3
0 113.394 11 3.5 33.3
0 113.491 10 3.5 33.3
0 113.589 10 3.5 33.3
0 113.757 6 3.5 33.3
0 113.792 29 3.5 33.3
0 113.907 9 3.5 33.3
0 113.987 13 3.5 33.3
0 114.11 8 3.5 33.3
0 114.246 7 3.5 33.3
0 114.306 17 3.5 33.3
0 114.419 9 3.5 33.3
0 114.49 14 3.5 33.3
0 114.608 8 3.5 33.3
0 114.711 10 3.5 33.3
0 114.806 11 3.5 33.3
0 114.899 11 3.5 33.3
0 114.992 11 3.5 33.3
0 115.103 9 3.5 33.3
0 115.22 9 3.5 33.3
0 115.309 11 3.5 33.3
0 115.433 8 3.5 33.3
0 115.489 18 3.5 33.3
0 115.614 8 3.5 33.3
0 115.807 5 3.5 33.3
0 115.836 35 3.5 33.3
0 115.945 9 3.5 33.3
0 116.047 10 3.5 33.3
0 116.15 10 3.5 33.3
0 116.247 10 3.5 33.3
0 116.396 7 3.5 33.3
0 116.435 26 3.5 33.3
0 116.54 9 3.5 33.3
0 116.662 8 3.5 33.3
0 116.747 12 3.5 33.3
0 116.841 11 3.5 33.3
0 116.95 9 3.5 33.3
0 117.044 11 3.5 33.3
0 117.147 10 3.5 33.3
0 117.289 7 3.5 33.3
0 117.341 19 3.5 33.3
0 117.453 9 3.5 33.3
0 117.545 11 3.5 33.3
0 117.647 10 3.5 33.3
0 117.752 9 3.5 33.3
0 117.911 6 3.5 33.3
0 117.952 25 3.5 33.3
0 118.048 10 3.5 33.3
0 118.171 8 3.5 33.3
0 118.251 13 3.5 33.3
0 118.398 7 3.5 33.3
0 118.441 23 3.5 33.3
0 118.555 9 3.5 33.3
0 118.651 10 3.5 33.3
0 118.752 10 3.5 33.3
0 118.855 10 3.5 33.3
0 118.981 8 3.5 33.3
0 119.055 14 3.5 33.3
0 119.154 10 3.5 33.3
0 119.254 10 3.5 33.3
0 119.351 10 3.5 33.3
0 119.465 9 3.5 33.3
0 119.552 11 3.5 33.3
0 119.657 10 3.5 33.3
0 119.748 11 3.5 33.3
0 119.851 10 3.5 33.3
0 119.986 7 3.5 33.3
0 120.057 14 3.5 33.3
0 120.15 11 3.5 33.3
0 120.257 9 3.5 33.3
0 120.354 10 3.5 33.3
0 120.527 6 3.5 33.3
0 120.565 26 3.5 33.3
0 120.666 10 3.5 33.3
0 120.772 10 3.5 33.3
0 120.889 9 3.5 33.3
0 120.947 17 3.5 33.3
0 121.105 6 3.5 33.3
0 121.155 20 3.5 33.3
0 121.247 11 3.5 33.3
0 121.353 9 3.5 33.3
0 121.45 10 3.8 33.0
0 121.55 10 3.8 33.0
0 121.697 7 3.8 33.0
0 121.748 20 3.8 33.0
0 121.851 10 3.8 33.0
0 122.013 6 3.8 33.0
0 122.046 31 3.8 33.0
0 122.156 9 3.8 33.0
0 122.305 7 3.8 33.0
0 122.349 23 3.8 33.0
0 122.449 10 3.8 33.0
0 122.606 6 3.8 33.0
0 122.655 20 3.8 33.0
0 122.753 10 3.8 33.0
0 122.856 10 3.8 33.0
0 122.973 9 3.8 33.0
0 123.116 7 3.8 33.0
0 123.19 14 3.8 33.0
0 123.251 16 3.8 33.0
0 123.357 9 3.8 33.0
0 123.45 11 3.8 33.0
0 123.551 10 3.8 33.0
0 123.66 9 3.8 33.0
0 123.753 11 3.8 33.0
0 123.853 10 3.8 33.0
0 124.016 6 3.8 33.0
0 124.051 28 3.8 33.0
0 124.158 9 3.8 33.0
0 124.255 10 3.8 33.0
0 124.353 10 3.8 33.0
0 124.487 7 3.8 33.0
0 124.621 7 3.8 33.0
0 124.658 28 3.8 33.0
0 124.759 10 3.8 33.0
0 124.857 10 3.8 33.0
0 124.956 10 3.8 33.0
0 125.124 6 3.8 33.0
0 125.156 31 3.8 33.0
0 125.255 10 3.8 33.0
0 125.36 10 3.8 33.0
0 125.46 10 3.8 33.0
0 125.558 10 3.8 33.0
0 125.667 9 3.8 33.0
0 125.785 8 3.8 33.0
0 125.858 14 3.8 33.0
0 126.067 5 3.8 33.0
0 126.086 52 3.8 33.0
0 126.199 9 3.8 33.0
0 126.292 11 3.8 33.0
0 126.388 10 3.8 33.0
0 126.483 11 3.8 33.0
0 126.702 5 3.8 33.0
0 126.761 17 3.8 33.0
0 126.826 15 3.8 33.0
0 126.928 10 3.8 33.0
0 127.025 10 3.8 33.0
0 127.188 6 3.8 33.0
0 127.229 24 3.8 33.0
0 127.376 7 3.8 33.0
0 127.424 21 3.8 33.0
0 127.527 10 3.8 33.0
0 127.625 10 3.8 33.0
0 127.734 9 3.8 33.0
0 127.829 11 3.8 33.0
0 127.931 10 3.8 33.0
0 128.123 5 3.8 33.0
0 128.139 63 3.8 33.0
0 128.286 7 3.8 33.0
0 128.349 16 3.8 33.0
0 128.452 10 3.8 33.0
0 128.547 11 3.8 33.0
0 128.759 5 3.8 33.0
0 128.783 42 3.8 33.0
0 128.889 9 3.8 33.0
0 128.983 11 3.8 33.0
0 129.085 10 3.8 33.0
0 129.246 6 3.8 33.0
0 129.288 24 3.8 33.0
0 129.387 10 3.8 33.0
0 129.507 8 3.8 33.0
0 129.583 13 3.8 33.0
0 129.687 10 3.8 33.0
0 129.792 9 3.8 33.0
0 129.877 12 3.8 33.0
0 129.982 10 3.8 33.0
0 130.197 5 3.8 33.0
0 130.215 55 3.8 33.0
0 130.33 9 3.8 33.0
0 130.422 11 3.8 33.0
0 130.523 10 3.8 33.0
0 130.625 10 3.8 33.0
0 130.835 5 3.8 33.0
0 130.889 19 3.8 33.0
0 130.955 15 3.8 33.0
0 131.061 9 3.8 33.0
0 131.164 10 3.8 33.0
0 131.326 6 3.8 33.0
0 131.36 30 3.8 33.0
0 131.466 9 3.3 33.0
0 131.559 11 3.3 33.0
0 131.66 10 3.3 33.0
0 131.786 8 3.3 33.0
0 131.867 12 3.3 33.0
0 131.958 11 3.3 33.0
0 132.067 9 3.3 33.0
0 132.267 5 3.3 33.0
0 132.284 59 3.3 33.0
0 132.444 6 3.3 33.0
0 132.487 23 3.3 33.0
0 132.596 9 3.3 33.0
0 132.68 12 3.3 33.0
0 132.901 5 3.3 33.0
0 132.92 55 3.3 33.0
0 133.031 9 3.3 33.0
0 133.159 8 3.3 33.0
0 133.225 15 3.3 33.0
0 133.408 5 3.3 33.0
0 133.414 170 3.3 33.0
0 133.536 8 3.3 33.0
0 133.636 10 3.3 33.0
0 133.737 10 3.3 33.0
0 133.836 10 3.3 33.0
0 133.935 10 3.3 33.0
0 134.078 7 3.3 33.0
0 134.139 16 3.3 33.0
0 134.348 5 3.3 33.0
0 134.374 39 3.3 33.0
0 134.471 10 3.3 33.0
0 134.601 8 3.3 33.0
0 134.677 13 3.3 33.0
0 134.78 10 3.3 33.0
0 134.984 5 3.3 33.0
0 134.991 144 3.3 33.0
0 135.116 8 3.3 33.0
0 135.203 12 3.3 33.0
0 135.311 9 3.3 33.0
0 135.454 7 3.3 33.0
0 135.492 27 3.3 33.0
0 135.636 7 3.3 33.0
0 135.715 13 3.3 33.0
0 135.812 10 3.3 33.0
0 135.939 8 3.3 33.0
0 135.995 18 3.3 33.0
0 136.181 5 3.3 33.0
0 136.205 42 3.3 33.0
0 136.425 5 3.3 33.0
0 136.448 45 3.3 33.0
0 136.555 9 3.3 33.0
0 136.654 10 3.3 33.0
0 136.762 9 3.3 33.0
0 136.955 5 3.3 33.0
0 136.981 39 3.3 33.0
0 137.084 10 3.3 33.0
0 137.183 10 3.3 33.0
0 137.289 9 3.3 33.0
0 137.391 10 3.3 33.0
0 137.589 5 3.3 33.0
0 137.609 51 3.3 33.0
0 137.719 9 3.3 33.0
0 137.823 10 3.3 33.0
0 137.923 10 3.3 33.0
0 138.018 11 3.3 33.0
0 138.228 5 3.3 33.0
0 138.276 21 3.3 33.0
0 138.502 4 3.3 33.0
0 138.511 118 3.3 33.0
0 138.631 8 3.3 33.0
0 138.731 10 3.3 33.0
0 138.831 10 3.3 33.0
0 139.038 5 3.3 33.0
0 139.068 34 3.3 33.0
0 139.171 10 3.3 33.0
0 139.245 13 3.3 33.0
0 139.368 8 3.3 33.0
0 139.453 12 3.3 33.0
0 139.643 5 3.3 33.0
0 139.69 21 3.3 33.0
0 139.771 12 3.3 33.0
0 139.872 10 3.3 33.0
0 139.974 10 3.3 33.0
0 140.08 9 3.3 33.0
0 140.28 5 3.3 33.0
0 140.298 56 3.3 33.0
0 140.513 5 3.3 33.0
0 140.537 43 3.3 33.0
0 140.668 8 3.3 33.0
0 140.743 13 3.3 33.0
0 140.849 9 3.3 33.0
0 141.074 4 3.3 33.0
0 141.098 41 3.3 33.0
0 141.207 9 3.3 33.0
0 141.304 10 3.3 33.0
0 141.41 9 3.3 33.0
0 141.49 13 3.3 33.1
0 141.664 6 3.3 33.1
0 141.701 27 3.3 33.1
0 141.809 9 3.3 33.1
0 141.938 8 3.3 33.1
0 141.991 19 3.3 33.1
0 142.101 9 3.3 33.1
0 142.316 5 3.3 33.1
0 142.342 38 3.3 33.1
0 142.55 5 3.3 33.1
0 142.619 14 3.3 33.1
0 142.675 18 3.3 33.1
0 142.757 12 3.3 33.1
0 142.88 8 3.3 33.1
0 143.095 5 3.3 33.1
0 143.118 44 3.3 33.1
0 143.22 10 3.3 33.1
0 143.332 9 3.3 33.1
0 143.416 12 3.3 33.1
0 143.556 7 3.3 33.1
0 143.689 8 3.3 33.1
0 143.719 34 3.3 33.1
0 143.825 9 3.3 33.1
0 143.93 9 3.3 33.1
0 144.023 11 3.3 33.1
0 144.123 10 3.3 33.1
0 144.331 5 3.3 33.1
0 144.343 87 3.3 33.1
0 144.576 4 3.3 33.1
0 144.6 40 3.3 33.1
0 144.751 7 3.3 33.1
0 144.799 21 3.3 33.1
0 144.908 9 3.3 33.1
0 144.993 12 3.3 33.1
0 145.105 9 3.3 33.1
0 145.202 10 3.3 33.1
0 145.304 10 3.3 33.1
0 145.402 10 3.3 33.1
0 145.493 11 3.3 33.1
0 145.611 9 3.3 33.1
0 145.846 4 3.3 33.1
0 145.867 47 3.3 33.1
0 146.003 7 3.3 33.1
0 146.075 14 3.3 33.1
0 146.179 10 3.3 33.1
0 146.382 5 3.3 33.1
0 146.4 57 3.3 33.1
0 146.606 5 3.3 33.1
0 146.627 46 3.3 33.1
0 146.74 9 3.3 33.1
0 146.834 11 3.3 33.1
0 146.946 9 3.3 33.1
0 147.03 12 3.3 33.1
0 147.14 9 3.3 33.1
0 147.239 10 3.3 33.1
0 147.382 7 3.3 33.1
0 147.431 21 3.3 33.1
0 147.534 10 3.3 33.1
0 147.686 7 3.3 33.1
0 147.733 21 3.3 33.1
0 147.938 5 3.3 33.1
0 147.945 158 3.3 33.1
0 148.068 8 3.3 33.1
0 148.168 10 3.3 33.1
0 148.274 9 3.3 33.1
0 148.66 3 3.3 33.1
0 148.679 54 3.3 33.1
0 148.796 9 3.3 33.1
0 148.891 10 3.3 33.1
0 148.991 10 3.3 33.1
0 149.094 10 3.3 33.1
0 149.193 10 3.3 33.1
0 149.296 10 3.3 33.1
0 149.453 6 3.3 33.1
0 149.479 38 3.3 33.1
0 149.59 9 3.3 33.1
0 149.695 10 3.3 33.1
0 149.841 7 3.3 33.1
0 149.994 7 3.3 33.1
0 150.001 131 3.3 33.1
0 150.124 8 3.3 33.1
0 150.226 10 3.3 33.1
0 150.323 10 3.3 33.1
0 150.64 3 3.3 33.1
0 150.662 46 3.3 33.1
0 150.795 8 3.3 33.1
0 150.868 14 3.3 33.1
0 150.971 10 3.3 33.1
0 151.097 8 3.3 33.1
0 151.167 14 3.3 33.1
0 151.272 10 3.3 33.1
0 151.372 10 3.3 33.1
0 151.532 6 3.5 33.1
0 151.566 29 3.5 33.1
0 151.677 9 3.5 33.1
0 151.772 10 3.5 33.1
0 151.875 10 3.5 33.1
0 152.113 4 3.5 33.1
0 152.119 159 3.5 33.1
0 152.249 8 3.5 33.1
0 152.342 11 3.5 33.1
0 152.654 3 3.5 33.1
0 152.728 13 3.5 33.1
0 152.785 18 3.5 33.1
0 152.885 10 3.5 33.1
0 152.985 10 3.5 33.1
0 153.086 10 3.5 33.1
0 153.184 10 3.5 33.1
0 153.291 9 3.5 33.1
0 153.418 8 3.5 33.1
0 153.54 8 3.5 33.1
0 153.585 22 3.5 33.1
0 153.722 7 3.5 33.1
0 153.783 16 3.5 33.1
0 153.891 9 3.5 33.1
0 154.097 5 3.5 33.1
0 154.12 44 3.5 33.1
0 154.225 9 3.5 33.1
0 154.326 10 3.5 33.1
0 154.428 10 3.5 33.1
0 154.738 3 3.5 33.1
0 154.761 44 3.5 33.1
0 154.914 7 3.5 33.1
0 154.966 19 3.5 33.1
0 155.064 10 3.5 33.1
0 155.167 10 3.5 33.1
0 155.266 10 3.5 33.1
0 155.364 10 3.5 33.1
0 155.47 9 3.5 33.1
0 155.624 7 3.5 33.1
0 155.663 25 3.5 33.1
0 155.768 9 3.5 33.1
0 155.881 9 3.5 33.1
0 155.97 11 3.5 33.1
0 156.212 4 3.5 33.1
0 156.229 59 3.5 33.1
0 156.339 9 3.5 33.1
0 156.435 10 3.5 33.1
0 156.54 10 3.5 33.1
0 156.748 5 3.5 33.1
0 156.768 50 3.5 33.1
0 156.877 9 3.5 33.1
0 156.972 10 3.5 33.1
0 157.076 10 3.5 33.1
0 157.209 7 3.5 33.1
0 157.275 15 3.5 33.1
0 157.376 10 3.5 33.1
0 157.471 11 3.5 33.1
0 157.593 8 3.5 33.1
0 157.675 12 3.5 33.1
0 157.826 7 3.5 33.1
0 157.867 24 3.5 33.1
0 157.977 9 3.5 33.1
0 158.068 11 3.5 33.1
0 158.287 5 3.5 33.1
0 158.298 93 3.5 33.1
0 158.436 7 3.5 33.1
0 158.504 15 3.5 33.1
0 158.613 9 3.5 33.1
0 158.859 4 3.5 33.1
0 158.864 186 3.5 33.1
0 158.987 8 3.5 33.1
0 159.088 10 3.5 33.1
0 159.188 10 3.5 33.1
0 159.285 10 3.5 33.1
0 159.388 10 3.5 33.1
0 159.512 8 3.5 33.1
0 159.645 8 3.5 33.1
0 159.69 22 3.5 33.1
0 159.785 10 3.5 33.1
0 159.938 7 3.5 33.1
0 159.984 22 3.5 33.1
0 160.088 10 3.5 33.1
0 160.295 5 3.5 33.1
0 160.31 67 3.5 33.1
0 160.416 9 3.5 33.1
0 160.502 12 3.5 33.1
0 160.619 9 3.5 33.1
0 160.834 5 3.5 33.1
0 160.847 79 3.5 33.1
0 160.978 8 3.5 33.1
0 161.041 16 3.5 33.1
0 161.216 6 3.5 33.1
0 161.257 24 3.5 33.1
0 161.36 10 3.5 33.1
0 161.457 10 3.5 33.1
0 161.557 10 3.3 33.1
0 161.72 6 3.3 33.1
0 161.761 24 3.3 33.1
0 161.861 10 3.3 33.1
0 161.957 10 3.3 33.1
0 162.06 10 3.3 33.1
0 162.159 10 3.3 33.1
0 162.297 7 3.3 33.1
0 162.36 16 3.3 33.1
0 162.457 10 3.3 33.1
0 162.556 10 3.3 33.1
0 162.662 9 3.3 33.1
0 162.877 5 3.3 33.1
0 162.952 13 3.3 33.1
0 162.992 25 3.3 33.1
0 163.099 9 3.3 33.1
0 163.205 9 3.3 33.1
0 163.369 6 3.3 33.1
0 163.4 32 3.3 33.1
0 163.518 8 3.3 33.1
0 163.599 12 3.3 33.1
0 163.759 6 3.3 33.1
0 163.802 23 3.3 33.1
0 163.93 8 3.3 33.1
0 163.996 15 3.3 33.1
0 164.102 10 3.3 33.1
0 164.202 10 3.3 33.1
0 164.307 10 3.3 33.1
0 164.402 11 3.3 33.1
0 164.539 7 3.3 33.1
0 164.597 17 3.3 33.1
0 164.703 9 3.3 33.1
0 164.915 5 3.3 33.1
0 164.98 15 3.3 33.1
0 165.031 20 3.3 33.1
0 165.135 10 3.3 33.1
0 165.237 10 3.3 33.1
0 165.395 6 3.3 33.1
0 165.437 24 3.3 33.1
0 165.537 10 3.3 33.1
0 165.636 10 3.3 33.1
0 165.796 6 3.3 33.1
0 165.832 28 3.3 33.1
0 165.94 9 3.3 33.1
0 166.068 8 3.3 33.1
0 166.136 15 3.3 33.1
0 166.272 7 3.3 33.1
0 166.337 15 3.3 33.1
0 166.437 10 3.3 33.1
0 166.538 10 3.3 33.1
0 166.641 10 3.3 33.1
0 166.738 10 3.3 33.1
0 166.839 10 3.3 33.1
0 166.923 12 3.3 33.1
0 167.039 9 3.3 33.1
0 167.136 10 3.3 33.1
0 167.241 10 3.3 33.1
0 167.431 5 3.3 33.1
0 167.445 71 3.3 33.1
0 167.553 9 3.3 33.1
0 167.648 10 3.3 33.1
0 167.816 6 3.3 33.1
0 167.852 27 3.3 33.1
0 168.011 6 3.3 33.1
0 168.055 22 3.3 33.1
0 168.152 10 3.3 33.1
0 168.264 9 3.3 33.1
0 168.394 8 3.3 33.1
0 168.462 15 3.3 33.1
0 168.556 11 3.3 33.1
0 168.673 9 3.3 33.1
0 168.771 10 3.3 33.1
0 168.876 10 3.3 33.1
0 168.995 8 3.3 33.1
0 169.064 15 3.3 33.1
0 169.162 10 3.3 33.1
0 169.264 10 3.3 33.1
0 169.366 10 3.3 33.1
0 169.53 6 3.3 33.1
0 169.614 12 3.3 33.1
0 169.671 18 3.3 33.1
0 169.865 5 3.3 33.1
0 169.906 25 3.3 33.1
0 170.036 8 3.3 33.1
0 170.095 17 3.3 33.1
0 170.198 10 3.3 33.1
0 170.295 10 3.3 33.1
0 170.398 10 3.3 33.1
0 170.493 11 3.3 33.1
0 170.595 10 3.3 33.1
0 170.698 10 3.3 33.1
0 170.795 10 3.3 33.1
0 170.899 10 3.3 33.1
0 170.996 10 3.3 33.1
0 171.115 8 3.3 33.1
0 171.196 12 3.3 33.1
0 171.33 7 3.3 33.1
0 171.396 15 3.3 33.1
0 171.55 6 3.3 33.1
0 171.596 22 3.2 33.1
0 171.71 9 3.2 33.1
0 171.916 5 3.2 33.1
0 171.971 18 3.2 33.1
0 172.036 15 3.2 33.1
0 172.136 10 3.2 33.1
0 172.241 9 3.2 33.1
0 172.336 11 3.2 33.1
0 172.474 7 3.2 33.1
0 172.521 21 3.2 33.1
0 172.639 9 3.2 33.1
0 172.742 10 3.2 33.1
0 172.837 11 3.2 33.1
0 172.922 12 3.2 33.1
0 173.088 6 3.2 33.1
0 173.139 20 3.2 33.1
0 173.236 10 3.2 33.1
0 173.326 11 3.2 33.1
0 173.438 9 3.2 33.1
0 173.598 6 3.2 33.1
0 173.647 20 3.2 33.1
0 173.74 11 3.2 33.1
0 173.944 5 3.2 33.1
0 173.961 57 3.2 33.1
0 174.102 7 3.2 33.1
0 174.17 15 3.2 33.1
0 174.265 10 3.2 33.1
0 174.364 10 3.2 33.1
0 174.459 11 3.2 33.1
0 174.566 9 3.2 33.1
0 174.726 6 3.2 33.1
0 174.762 28 3.2 33.1
0 174.867 10 3.2 33.1
0 174.964 10 3.2 33.1
0 175.114 7 3.2 33.1
0 175.163 20 3.2 33.1
0 175.274 9 3.2 33.1
0 175.368 11 3.2 33.1
0 175.463 11 3.2 33.1
0 175.623 6 3.2 33.1
0 175.665 24 3.2 33.1
0 175.775 9 3.2 33.1
0 175.978 5 3.2 33.1
0 175.995 62 3.2 33.1
0 176.122 8 3.2 33.1
0 176.2 13 3.2 33.1
0 176.335 7 3.2 33.1
0 176.401 15 3.2 33.1
0 176.498 10 3.2 33.1
0 176.599 10 3.2 33.1
0 176.702 10 3.2 33.1
0 176.801 10 3.2 33.1
0 176.911 9 3.2 33.1
0 177.02 9 3.2 33.1
0 177.1 13 3.2 33.1
0 177.202 10 3.2 33.1
0 177.301 10 3.2 33.1
0 177.385 12 3.2 33.1
0 177.528 7 3.2 33.1
0 177.664 7 3.2 33.1
0 177.703 25 3.2 33.1
0 177.805 10 3.2 33.1
0 178.002 5 3.2 33.1
0 178.016 74 3.2 33.1
0 178.182 6 3.2 33.1
0 178.221 26 3.2 33.1
0 178.325 10 3.2 33.1
0 178.424 10 3.2 33.1
0 178.523 10 3.2 33.1
0 178.615 11 3.2 33.1
0 178.733 8 3.2 33.1
0 178.819 12 3.2 33.1
0 178.926 9 3.2 33.1
0 179.018 11 3.2 33.1
0 179.142 8 3.2 33.1
0 179.233 11 3.2 33.1
0 179.327 11 3.2 33.1
0 179.414 11 3.2 33.1
0 179.52 9 3.2 33.1
0 179.729 5 3.2 33.1
0 179.809 12 3.2 33.1
0 179.848 25 3.2 33.1
0 180.056 5 3.2 33.1
0 180.127 14 3.2 33.1
0 180.177 20 3.2 33.1
0 180.28 10 3.2 33.1
0 180.385 10 3.2 33.1
0 180.479 11 3.2 33.1
0 180.578 10 3.2 33.1
0 180.685 9 3.2 33.1
0 180.781 11 3.2 33.1
0 180.923 7 3.2 33.1
0 180.982 17 3.2 33.1
0 181.082 10 3.2 33.1
0 181.214 8 3.2 33.1
0 181.283 15 3.2 33.1
0 181.416 8 3.2 33.1
0 181.481 15 3.2 33.1
0 181.582 10 3.2 33.1
0 181.788 5 3.1 33.2
0 181.82 31 3.1 33.2
0 181.914 11 3.1 33.2
0 182.145 4 3.1 33.2
0 182.164 53 3.1 33.2
0 182.271 9 3.1 33.2
0 182.376 10 3.1 33.2
0 182.471 11 3.1 33.2
0 182.6 8 3.1 33.2
0 182.662 16 3.1 33.2
0 182.763 10 3.1 33.2
0 182.877 9 3.1 33.2
0 183.033 6 3.1 33.2
0 183.068 28 3.1 33.2
0 183.224 6 3.1 33.2
0 183.268 23 3.1 33.2
0 183.379 9 3.1 33.2
0 183.47 11 3.1 33.2
0 183.568 10 3.1 33.2
0 183.673 10 3.1 33.2
0 183.88 5 3.1 33.2
0 183.896 65 3.1 33.2
0 183.999 10 3.1 33.2
0 184.212 5 3.1 33.2
0 184.266 19 3.1 33.2
0 184.343 13 3.1 33.2
0 184.44 10 3.1 33.2
0 184.537 10 3.1 33.2
0 184.637 10 3.1 33.2
0 184.739 10 3.1 33.2
0 184.887 7 3.1 33.2
0 184.942 18 3.1 33.2
0 185.101 6 3.1 33.2
0 185.196 11 3.1 33.2
0 185.233 27 3.1 33.2
0 185.34 9 3.1 33.2
0 185.448 9 3.1 33.2
0 185.529 12 3.1 33.2
0 185.639 9 3.1 33.2
0 185.739 10 3.1 33.2
0 185.903 6 3.1 33.2
0 185.945 24 3.1 33.2
0 186.031 12 3.1 33.2
0 186.248 5 3.1 33.2
0 186.3 19 3.1 33.2
0 186.373 14 3.1 33.2
0 186.529 6 3.1 33.2
0 186.568 26 3.1 33.2
0 186.676 9 3.1 33.2
0 186.773 10 3.1 33.2
0 186.876 10 3.1 33.2
0 186.976 10 3.1 33.2
0 187.178 5 3.1 33.2
0 187.196 54 3.1 33.2
0 187.304 9 3.1 33.2
0 187.403 10 3.1 33.2
0 187.502 10 3.1 33.2
0 187.629 8 3.1 33.2
0 187.708 13 3.1 33.2
0 187.805 10 3.1 33.2
0 188.004 5 3.1 33.2
0 188.011 152 3.1 33.2
0 188.133 8 3.1 33.2
0 188.432 3 3.1 33.2
0 188.437 210 3.1 33.2
0 188.616 6 3.1 33.2
0 188.642 37 3.1 33.2
0 188.756 9 3.1 33.2
0 188.862 9 3.1 33.2
0 188.947 12 3.1 33.2
0 189.056 9 3.1 33.2
0 189.22 6 3.1 33.2
0 189.278 17 3.1 33.2
0 189.362 12 3.1 33.2
0 189.456 11 3.1 33.2
0 189.557 10 3.1 33.2
0 189.659 10 3.1 33.2
0 189.755 10 3.1 33.2
0 190.009 4 3.1 33.2
0 190.023 68 3.1 33.2
0 190.132 9 3.1 33.2
0 190.283 7 3.1 33.2
0 190.329 22 3.1 33.2
0 190.438 9 3.1 33.2
0 190.518 13 3.1 33.2
0 190.698 6 3.1 33.2
0 190.731 31 3.1 33.2
0 190.835 10 3.1 33.2
0 190.939 10 3.1 33.2
0 191.018 13 3.1 33.2
0 191.134 9 3.1 33.2
0 191.294 6 3.1 33.2
0 191.365 14 3.1 33.2
0 191.438 14 3.1 33.2
0 191.538 10 3.1 33.2
0 191.635 10 3.1 33.2
0 191.733 10 3.1 33.2
0 191.834 10 3.2 33.2
0 192.05 5 3.2 33.2
0 192.068 53 3.2 33.2
0 192.201 8 3.2 33.2
0 192.271 14 3.2 33.2
0 192.372 10 3.2 33.2
0 192.481 9 3.2 33.2
0 192.57 11 3.2 33.2
0 192.772 5 3.2 33.2
0 192.789 59 3.2 33.2
0 192.895 9 3.2 33.2
0 193.005 9 3.2 33.2
0 193.08 13 3.2 33.2
0 193.179 10 3.2 33.2
0 193.446 4 3.2 33.2
0 193.451 212 3.2 33.2
0 193.576 8 3.2 33.2
0 193.669 11 3.2 33.2
0 193.756 11 3.2 33.2
0 193.868 9 3.2 33.2
0 194.099 4 3.2 33.2
0 194.145 21 3.2 33.2
0 194.24 11 3.2 33.2
0 194.375 7 3.2 33.2
0 194.437 16 3.2 33.2
0 194.526 11 3.2 33.2
0 194.649 8 3.2 33.2
0 194.79 7 3.2 33.2
0 194.84 20 3.2 33.2
0 195.0 6 3.2 33.2
0 195.01 96 3.2 33.2
0 195.143 8 3.2 33.2
0 195.246 10 3.2 33.2
0 195.444 5 3.2 33.2
0 195.48 28 3.2 33.2
0 195.583 10 3.2 33.2
0 195.692 9 3.2 33.2
0 195.791 10 3.2 33.2
0 195.886 11 3.2 33.2
0 195.985 10 3.2 33.2
0 196.192 5 3.2 33.2
0 196.234 24 3.2 33.2
0 196.339 10 3.2 33.2
0 196.445 9 3.2 33.2
0 196.512 15 3.2 33.2
0 196.645 8 3.2 33.2
0 196.718 14 3.2 33.2
0 196.882 6 3.2 33.2
0 196.918 28 3.2 33.2
0 197.007 11 3.2 33.2
0 197.107 10 3.2 33.2
0 197.256 7 3.2 33.2
0 197.306 20 3.2 33.2
0 197.487 6 3.2 33.2
0 197.514 36 3.2 33.2
0 197.612 10 3.2 33.2
0 197.758 7 3.2 33.2
0 197.816 17 3.2 33.2
0 197.92 10 3.2 33.2
0 198.01 11 3.2 33.2
0 198.224 5 3.2 33.2
0 198.249 41 3.2 33.2
0 198.426 6 3.2 33.2
0 198.432 169 3.2 33.2
0 198.556 8 3.2 33.2
0 198.648 11 3.2 33.2
0 198.753 10 3.2 33.2
0 198.909 6 3.2 33.2
0 198.949 25 3.2 33.2
0 199.057 9 3.2 33.2
0 199.149 11 3.2 33.2
0 199.253 10 3.2 33.2
0 199.38 8 3.2 33.2
0 199.513 8 3.2 33.2
0 199.548 29 3.2 33.2
0 199.652 10 3.2 33.2
0 199.755 10 3.2 33.2
0 199.851 10 3.2 33.2
0 199.956 10 3.2 33.2
0 200.087 8 3.2 33.2
0 200.26 6 3.2 33.2
0 200.284 42 3.2 33.2
0 200.435 7 3.2 33.2
0 200.479 23 3.2 33.2
0 200.583 10 3.2 33.2
0 200.69 9 3.2 33.2
0 200.79 10 3.2 33.2
0 200.936 7 3.2 33.2
0 200.982 22 3.2 33.2
0 201.086 10 3.2 33.2
0 201.191 10 3.2 33.2
0 201.288 10 3.2 33.2
0 201.382 11 3.2 33.2
0 201.582 5 3.2 33.2
0 201.603 47 3.2 33.2
0 201.741 7 3.2 33.2
0 201.797 18 3.2 33.2
0 201.91 9 3.9 33.3
0 202.007 10 3.9 33.3
0 202.112 10 3.9 33.3
0 202.304 5 3.9 33.3
0 202.337 31 3.9 33.3
0 202.424 12 3.9 33.3
0 202.518 11 3.9 33.3
0 202.632 9 3.9 33.3
0 202.762 8 3.9 33.3
0 202.831 15 3.9 33.3
0 202.998 6 3.9 33.3
0 203.012 68 3.9 33.3
0 203.132 8 3.9 33.3
0 203.229 10 3.9 33.3
0 203.332 10 3.9 33.3
0 203.509 6 3.9 33.3
0 203.516 145 3.9 33.3
0 203.741 4 3.9 33.3
0 203.763 47 3.9 33.3
0 203.869 9 3.9 33.3
0 203.966 10 3.9 33.3
0 204.069 10 3.9 33.3
0 204.168 10 3.9 33.3
0 204.392 4 3.9 33.3
0 204.454 16 3.9 33.3
0 204.513 17 3.9 33.3
0 204.633 8 3.9 33.3
0 204.727 11 3.9 33.3
0 204.83 10 3.9 33.3
0 204.934 10 3.9 33.3
0 205.095 6 3.9 33.3
0 205.151 18 3.9 33.3
0 205.218 15 3.9 33.3
0 205.315 10 3.9 33.3
0 205.473 6 3.9 33.3
0 205.512 26 3.9 33.3
0 205.601 11 3.9 33.3
0 205.831 4 3.9 33.3
0 205.848 58 3.9 33.3
0 205.953 10 3.9 33.3
0 206.052 10 3.9 33.3
0 206.149 10 3.9 33.3
0 206.26 9 3.9 33.3
0 206.355 11 3.9 33.3
0 206.452 10 3.9 33.3
0 206.577 8 3.9 33.3
0 206.652 13 3.9 33.3
0 206.811 6 3.9 33.3
0 206.837 38 3.9 33.3
0 206.955 8 3.9 33.3
0 207.11 6 3.9 33.3
0 207.154 23 3.9 33.3
0 207.241 12 3.9 33.3
0 207.395 7 3.9 33.3
0 207.455 16 3.9 33.3
0 207.551 10 3.9 33.3
0 207.657 9 3.9 33.3
0 207.89 4 3.9 33.3
0 207.909 51 3.9 33.3
0 208.009 10 3.9 33.3
0 208.11 10 3.9 33.3
0 208.213 10 3.9 33.3
0 208.311 10 3.9 33.3
0 208.417 9 3.9 33.3
0 208.577 6 3.9 33.3
0 208.602 39 3.9 33.3
0 208.713 9 3.9 33.3
0 208.811 10 3.9 33.3
0 208.918 9 3.9 33.3
0 209.012 11 3.9 33.3
0 209.174 6 3.9 33.3
0 209.215 24 3.9 33.3
0 209.298 12 3.9 33.3
0 209.456 6 3.9 33.3
0 209.497 24 3.9 33.3
0 209.615 9 3.9 33.3
0 209.72 10 3.9 33.3
0 209.868 7 3.9 33.3
0 209.917 20 3.9 33.3
0 210.011 11 3.9 33.3
0 210.162 7 3.9 33.3
0 210.213 20 3.9 33.3
0 210.312 10 3.9 33.3
0 210.419 9 3.9 33.3
0 210.56 7 3.9 33.3
0 210.616 18 3.9 33.3
0 210.719 10 3.9 33.3
0 210.817 10 3.9 33.3
0 210.923 9 3.9 33.3
0 211.011 11 3.9 33.3
0 211.225 5 3.9 33.3
0 211.245 52 3.9 33.3
0 211.35 9 3.9 33.3
0 211.456 9 3.9 33.3
0 211.546 11 3.9 33.3
0 211.676 8 3.9 33.3
0 211.752 13 3.9 33.3
0 212.023 4 3.4 33.3
0 212.031 130 3.4 33.3
0 212.146 9 3.4 33.3
0 212.247 10 3.4 33.3
0 212.349 10 3.4 33.3
0 212.483 7 3.4 33.3
0 212.547 15 3.4 33.3
0 212.646 10 3.4 33.3
0 212.749 10 3.4 33.3
0 212.885 7 3.4 33.3
0 212.942 18 3.4 33.3
0 213.04 10 3.4 33.3
0 213.26 5 3.4 33.3
0 213.278 58 3.4 33.3
0 213.383 10 3.4 33.3
0 213.483 10 3.4 33.3
0 213.663 6 3.4 33.3
0 213.668 177 3.4 33.3
0 213.787 8 3.4 33.3
0 213.992 5 3.4 33.3
0 214.013 48 3.4 33.3
0 214.115 10 3.4 33.3
0 214.223 9 3.4 33.3
0 214.316 11 3.4 33.3
0 214.416 10 3.4 33.3
0 214.543 8 3.4 33.3
0 214.614 14 3.4 33.3
0 214.717 10 3.4 33.3
0 214.824 9 3.4 33.3
0 214.918 11 3.4 33.3
0 215.018 10 3.4 33.3
0 215.286 4 3.4 33.3
0 215.303 60 3.4 33.3
0 215.415 9 3.4 33.3
0 215.513 10 3.4 33.3
0 215.665 7 3.4 33.3
0 215.706 25 3.4 33.3
0 215.813 9 3.4 33.3
0 216.015 5 3.4 33.3
0 216.021 174 3.4 33.3
0 216.137 9 3.4 33.3
0 216.237 10 3.4 33.3
0 216.338 10 3.4 33.3
0 216.441 10 3.4 33.3
0 216.526 12 3.4 33.3
0 216.637 9 3.4 33.3
0 216.771 8 3.4 33.3
0 216.837 15 3.4 33.3
0 216.977 7 3.4 33.3
0 217.061 12 3.4 33.3
0 217.139 13 3.4 33.3
0 217.3 6 3.4 33.3
0 217.332 32 3.4 33.3
0 217.441 9 3.4 33.3
0 217.571 8 3.4 33.3
0 217.639 15 3.4 33.3
0 217.74 10 3.4 33.3
0 217.838 10 3.4 33.3
0 218.097 4 3.4 33.3
0 218.118 48 3.4 33.3
0 218.215 10 3.4 33.3
0 218.314 10 3.4 33.3
0 218.415 10 3.4 33.3
0 218.513 10 3.4 33.3
0 218.702 5 3.4 33.3
0 218.706 253 3.4 33.3
0 218.822 9 3.4 33.3
0 218.918 10 3.4 33.3
0 219.016 10 3.4 33.3
0 219.107 11 3.4 33.3
0 219.227 8 3.4 33.3
0 219.419 5 3.4 33.3
0 219.433 68 3.4 33.3
0 219.578 7 3.4 33.3
0 219.636 17 3.4 33.3
0 219.744 9 3.4 33.3
0 219.838 11 3.4 33.3
0 219.929 11 3.4 33.3
0 220.042 9 3.4 33.3
0 220.203 6 3.4 33.3
0 220.23 36 3.4 33.3
0 220.349 8 3.4 33.3
0 220.438 11 3.4 33.3
0 220.525 11 3.4 33.3
0 220.699 6 3.4 33.3
0 220.738 26 3.4 33.3
0 220.843 10 3.4 33.3
0 220.944 10 3.4 33.3
0 221.03 12 3.4 33.3
0 221.137 9 3.4 33.3
0 221.243 9 3.4 33.3
0 221.45 5 3.4 33.3
0 221.464 74 3.4 33.3
0 221.601 7 3.4 33.3
0 221.67 14 3.4 33.3
0 221.805 7 3.4 33.3
0 221.875 14 3.4 33.3
0 222.011 7 3.4 33.3
0 222.112 10 3.3 33.4
0 222.17 17 3.3 33.4
0 222.27 10 3.3 33.4
0 222.379 9 3.3 33.4
0 222.469 11 3.3 33.4
0 222.585 9 3.3 33.4
0 222.672 11 3.3 33.4
0 222.771 10 3.3 33.4
0 222.881 9 3.3 33.4
0 223.02 7 3.3 33.4
0 223.058 26 3.3 33.4
0 223.176 8 3.3 33.4
0 223.27 11 3.3 33.4
0 223.425 6 3.3 33.4
0 223.47 22 3.3 33.4
0 223.558 11 3.3 33.4
0 223.761 5 3.3 33.4
0 223.766 239 3.3 33.4
0 223.884 8 3.3 33.4
0 223.982 10 3.3 33.4
0 224.067 12 3.3 33.4
0 224.182 9 3.3 33.4
0 224.284 10 3.3 33.4
0 224.384 10 3.3 33.4
0 224.484 10 3.3 33.4
0 224.597 9 3.3 33.4
0 224.682 12 3.3 33.4
0 224.785 10 3.3 33.4
0 224.885 10 3.3 33.4
0 224.986 10 3.3 33.4
0 225.08 11 3.3 33.4
0 225.238 6 3.3 33.4
0 225.281 23 3.3 33.4
0 225.503 5 3.3 33.4
0 225.513 97 3.3 33.4
0 225.612 10 3.3 33.4
0 225.778 6 3.3 33.4
0 225.82 24 3.3 33.4
0 225.921 10 3.3 33.4
0 226.023 10 3.3 33.4
0 226.117 11 3.3 33.4
0 226.22 10 3.3 33.4
0 226.321 10 3.3 33.4
0 226.423 10 3.3 33.4
0 226.516 11 3.3 33.4
0 226.623 9 3.3 33.4
0 226.721 10 3.3 33.4
0 226.851 8 3.3 33.4
0 226.923 14 3.3 33.4
0 227.065 7 3.3 33.4
0 227.164 10 3.3 33.4
0 227.222 17 3.3 33.4
0 227.319 10 3.3 33.4
0 227.426 9 3.3 33.4
0 227.516 11 3.3 33.4
0 227.663 7 3.3 33.4
0 227.723 17 3.3 33.4
0 227.82 10 3.3 33.4
0 227.925 9 3.3 33.4
0 228.051 8 3.3 33.4
0 228.122 14 3.3 33.4
0 228.243 8 3.3 33.4
0 228.342 10 3.3 33.4
0 228.44 10 3.3 33.4
0 228.526 12 3.3 33.4
0 228.645 8 3.3 33.4
0 228.819 6 3.3 33.4
0 228.827 125 3.3 33.4
0 228.956 8 3.3 33.4
0 229.047 11 3.3 33.4
0 229.153 9 3.3 33.4
0 229.256 10 3.3 33.4
0 229.359 10 3.3 33.4
0 229.457 10 3.3 33.4
0 229.543 12 3.3 33.4
0 229.703 6 3.3 33.4
0 229.746 23 3.3 33.4
0 229.861 9 3.3 33.4
0 229.958 10 3.3 33.4
0 230.044 12 3.3 33.4
0 230.156 9 3.3 33.4
0 230.315 6 3.3 33.4
0 230.331 64 3.3 33.4
0 230.464 7 3.3 33.4
0 230.538 14 3.3 33.4
0 230.636 10 3.3 33.4
0 230.819 5 3.3 33.4
0 230.831 89 3.3 33.4
0 230.959 8 3.3 33.4
0 231.043 12 3.3 33.4
0 231.137 11 3.3 33.4
0 231.253 9 3.3 33.4
0 231.356 10 3.3 33.4
0 231.456 10 3.3 33.4
0 231.557 10 3.3 33.4
0 231.658 10 3.3 33.4
0 231.758 10 3.3 33.4
0 231.883 8 3.3 33.4
0 231.955 14 3.3 33.4
0 232.116 6 3.4 33.3
0 232.174 17 3.4 33.3
0 232.256 12 3.4 33.3
0 232.357 10 3.4 33.3
0 232.461 10 3.4 33.3
0 232.556 11 3.4 33.3
0 232.644 11 3.4 33.3
0 232.753 9 3.4 33.3
0 232.852 10 3.4 33.3
0 232.955 10 3.4 33.3
0 233.087 8 3.4 33.3
0 233.153 15 3.4 33.3
0 233.253 10 3.4 33.3
0 233.354 10 3.4 33.3
0 233.46 9 3.4 33.3
0 233.546 12 3.4 33.3
0 233.656 9 3.4 33.3
0 233.833 6 3.4 33.3
0 233.842 122 3.4 33.3
0 233.963 8 3.4 33.3
0 234.06 10 3.4 33.3
0 234.17 9 3.4 33.3
0 234.27 10 3.4 33.3
0 234.368 10 3.4 33.3
0 234.47 10 3.4 33.3
0 234.564 11 3.4 33.3
0 234.684 8 3.4 33.3
0 234.775 11 3.4 33.3
0 234.869 11 3.4 33.3
0 234.972 10 3.4 33.3
0 235.068 10 3.4 33.3
0 235.169 10 3.4 33.3
0 235.305 7 3.4 33.3
0 235.374 14 3.4 33.3
0 235.452 13 3.4 33.3
0 235.551 10 3.4 33.3
0 235.671 8 3.4 33.3
0 235.824 7 3.4 33.3
0 235.863 25 3.4 33.3
0 235.973 9 3.4 33.3
0 236.073 10 3.4 33.3
0 236.181 9 3.4 33.3
0 236.274 11 3.4 33.3
0 236.39 9 3.4 33.3
0 236.462 14 3.4 33.3
0 236.585 8 3.4 33.3
0 236.68 10 3.4 33.3
0 236.781 10 3.4 33.3
0 236.904 8 3.4 33.3
0 236.98 13 3.4 33.3
0 237.12 7 3.4 33.3
0 237.199 13 3.4 33.3
0 237.278 13 3.4 33.3
0 237.38 10 3.4 33.3
0 237.486 9 3.4 33.3
0 237.579 11 3.4 33.3
0 237.683 10 3.4 33.3
0 237.783 10 3.4 33.3
0 237.887 10 3.4 33.3
0 237.992 10 3.4 33.3
0 238.134 7 3.4 33.3
0 238.153 51 3.4 33.3
0 238.275 8 3.4 33.3
0 238.373 10 3.4 33.3
0 238.474 10 3.4 33.3
0 238.583 9 3.4 33.3
0 238.675 11 3.4 33.3
0 238.846 6 3.4 33.3
0 238.855 114 3.4 33.3
0 238.981 8 3.4 33.3
0 239.082 10 3.4 33.3
0 239.181 10 3.4 33.3
0 239.279 10 3.4 33.3
0 239.381 10 3.4 33.3
0 239.482 10 3.4 33.3
0 239.589 9 3.4 33.3
0 239.723 7 3.4 33.3
0 239.78 18 3.4 33.3
0 239.883 10 3.4 33.3
0 239.984 10 3.4 33.3
0 240.092 9 3.4 33.3
0 240.217 8 3.4 33.3
0 240.277 17 3.4 33.3
0 240.407 8 3.4 33.3
0 240.469 16 3.4 33.3
0 240.57 10 3.4 33.3
0 240.695 8 3.4 33.3
0 240.832 7 3.4 33.3
0 240.864 32 3.4 33.3
0 240.988 8 3.4 33.3
0 241.075 11 3.4 33.3
0 241.163 11 3.4 33.3
0 241.309 7 3.4 33.3
0 241.399 11 3.4 33.3
0 241.498 10 3.4 33.3
0 241.6 10 3.4 33.3
0 241.698 10 3.4 33.3
0 241.809 9 3.4 33.3
0 241.913 10 3.4 33.3
0 241.996 12 3.4 33.3
0 242.134 7 3.9 33.3
0 242.304 6 3.9 33.3
0 242.32 62 3.9 33.3
0 242.452 8 3.9 33.3
0 242.539 12 3.9 33.3
0 242.66 8 3.9 33.3
0 242.718 17 3.9 33.3
0 242.866 7 3.9 33.3
0 242.945 13 3.9 33.3
0 243.059 9 3.9 33.3
0 243.179 8 3.9 33.3
0 243.218 25 3.9 33.3
0 243.355 7 3.9 33.3
0 243.461 9 3.9 33.3
0 243.53 14 3.9 33.3
0 243.662 8 3.9 33.3
0 243.76 10 3.9 33.3
0 243.937 6 3.9 33.3
0 243.95 76 3.9 33.3
0 244.075 8 3.9 33.3
0 244.171 10 3.9 33.3
0 244.314 7 3.9 33.3
0 244.372 17 3.9 33.3
0 244.475 10 3.9 33.3
0 244.569 11 3.9 33.3
0 244.679 9 3.9 33.3
0 244.816 7 3.9 33.3
0 244.875 17 3.9 33.3
0 244.977 10 3.9 33.3
0 245.057 13 3.9 33.3
0 245.181 8 3.9 33.3
0 245.273 11 3.9 33.3
0 245.366 11 3.9 33.3
0 245.497 8 3.9 33.3
0 245.571 14 3.9 33.3
0 245.677 9 3.9 33.3
0 245.778 10 3.9 33.3
0 245.923 7 3.9 33.3
0 245.971 21 3.9 33.3
0 246.076 10 3.9 33.3
0 246.18 10 3.9 33.3
0 246.335 6 3.9 33.3
0 246.371 28 3.9 33.3
0 246.461 11 3.9 33.3
0 246.577 9 3.9 33.3
0 246.701 8 3.9 33.3
0 246.756 18 3.9 33.3
0 246.86 10 3.9 33.3
0 246.995 7 3.9 33.3
0 247.06 15 3.9 33.3
0 247.224 6 3.9 33.3
0 247.254 34 3.9 33.3
0 247.404 7 3.9 33.3
0 247.457 19 3.9 33.3
0 247.561 10 3.9 33.3
0 247.657 10 3.9 33.3
0 247.764 9 3.9 33.3
0 247.861 10 3.9 33.3
0 247.958 10 3.9 33.3
0 248.102 7 3.9 33.3
0 248.189 11 3.9 33.3
0 248.247 17 3.9 33.3
0 248.429 5 3.9 33.3
0 248.452 44 3.9 33.3
0 248.559 9 3.9 33.3
0 248.665 9 3.9 33.3
0 248.758 11 3.9 33.3
0 248.946 5 3.9 33.3
0 248.95 252 3.9 33.3
0 249.063 9 3.9 33.3
0 249.166 10 3.9 33.3
0 249.26 11 3.9 33.3
0 249.363 10 3.9 33.3
0 249.471 9 3.9 33.3
0 249.564 11 3.9 33.3
0 249.667 10 3.9 33.3
0 249.762 11 3.9 33.3
0 249.898 7 3.9 33.3
0 249.969 14 3.9 33.3
0 250.067 10 3.9 33.3
0 250.168 10 3.9 33.3
0 250.263 10 3.9 33.3
0 250.365 10 3.9 33.3
0 250.557 5 3.9 33.3
0 250.561 244 3.9 33.3
0 250.68 8 3.9 33.3
0 250.772 11 3.9 33.3
0 250.947 6 3.9 33.3
0 250.968 49 3.9 33.3
0 251.079 9 3.9 33.3
0 251.177 10 3.9 33.3
0 251.268 11 3.9 33.3
0 251.374 9 3.9 33.3
0 251.471 10 3.9 33.3
0 251.578 9 3.9 33.3
0 251.72 7 3.9 33.3
0 251.77 20 3.9 33.3
0 251.875 9 3.9 33.3
0 252.015 7 3.9 33.3
0 252.079 16 3.9 33.3
0 252.235 6 3.7 33.3
0 252.276 24 3.7 33.3
0 252.42 7 3.7 33.3
0 252.474 19 3.7 33.3
0 252.649 6 3.7 33.3
0 252.675 38 3.7 33.3
0 252.784 9 3.7 33.3
0 252.88 11 3.7 33.3
0 252.976 10 3.7 33.3
0 253.121 7 3.7 33.3
0 253.215 11 3.7 33.3
0 253.279 16 3.7 33.3
0 253.384 9 3.7 33.3
0 253.477 11 3.7 33.3
0 253.583 9 3.7 33.3
0 253.684 10 3.7 33.3
0 253.78 10 3.7 33.3
0 253.959 6 3.7 33.3
0 253.966 146 3.7 33.3
0 254.083 8 3.7 33.3
0 254.184 10 3.7 33.3
0 254.281 10 3.7 33.3
0 254.381 10 3.7 33.3
0 254.481 10 3.7 33.3
0 254.58 10 3.7 33.3
0 254.742 6 3.7 33.3
0 254.78 26 3.7 33.3
0 254.923 7 3.7 33.3
0 254.981 18 3.7 33.3
0 255.085 10 3.7 33.3
0 255.183 10 3.7 33.3
0 255.28 10 3.7 33.3
0 255.38 10 3.7 33.3
0 255.522 7 3.7 33.3
0 255.568 22 3.7 33.3
0 255.688 8 3.7 33.3
0 255.78 11 3.7 33.3
0 255.918 7 3.7 33.3
0 256.032 9 3.7 33.3
0 256.081 20 3.7 33.3
0 256.19 9 3.7 33.3
0 256.298 9 3.7 33.3
0 256.4 10 3.7 33.3
0 256.499 10 3.7 33.3
0 256.6 10 3.7 33.3
0 256.767 6 3.7 33.3
0 256.802 28 3.7 33.3
0 256.904 10 3.7 33.3
0 257.026 8 3.7 33.3
0 257.104 13 3.7 33.3
0 257.265 6 3.7 33.3
0 257.276 87 3.7 33.3
0 257.411 7 3.7 33.3
0 257.5 11 3.7 33.3
0 257.604 10 3.7 33.3
0 257.705 10 3.7 33.3
0 257.809 10 3.7 33.3
0 257.907 10 3.7 33.3
0 258.003 10 3.7 33.3
0 258.126 8 3.7 33.3
0 258.236 9 3.7 33.3
0 258.303 15 3.7 33.3
0 258.404 10 3.7 33.3
0 258.504 10 3.7 33.3
0 258.602 10 3.7 33.3
0 258.759 6 3.7 33.3
0 258.796 27 3.7 33.3
0 258.904 9 3.7 33.3
0 259.052 7 3.7 33.3
0 259.098 22 3.7 33.3
0 259.211 9 3.7 33.3
0 259.281 14 3.7 33.3
0 259.379 10 3.7 33.3
0 259.514 7 3.7 33.3
0 259.606 11 3.7 33.3
0 259.708 10 3.7 33.3
0 259.808 10 3.7 33.3
0 259.92 9 3.7 33.3
0 259.981 16 3.7 33.3
0 260.114 7 3.7 33.3
0 260.21 10 3.7 33.3
0 260.309 10 3.7 33.3
0 260.409 10 3.7 33.3
0 260.533 8 3.7 33.3
0 260.581 21 3.7 33.3
0 260.778 5 3.7 33.3
0 260.809 33 3.7 33.3
0 260.94 8 3.7 33.3
0 261.042 10 3.7 33.3
0 261.11 15 3.7 33.3
0 261.223 9 3.7 33.3
0 261.319 10 3.7 33.3
0 261.413 11 3.7 33.3
0 261.512 10 3.7 33.3
0 261.613 10 3.7 33.3
0 261.72 9 3.7 33.3
0 261.822 10 3.7 33.3
0 261.914 11 3.7 33.3
0 262.038 8 3.7 33.3
0 262.121 12 3.7 33.3
0 262.28 6 3.5 33.3
0 262.293 80 3.5 33.3
0 262.452 6 3.5 33.3
0 262.512 17 3.5 33.3
0 262.595 12 3.5 33.3
0 262.777 5 3.5 33.3
0 262.813 28 3.5 33.3
0 262.918 10 3.5 33.3
0 263.02 10 3.5 33.3
0 263.143 8 3.5 33.3
0 263.25 9 3.5 33.3
0 263.319 15 3.5 33.3
0 263.417 10 3.5 33.3
0 263.522 10 3.5 33.3
0 263.612 11 3.5 33.3
0 263.719 9 3.5 33.3
0 263.819 10 3.5 33.3
0 263.949 8 3.5 33.3
0 264.072 8 3.5 33.3
0 264.096 41 3.5 33.3
0 264.228 8 3.5 33.3
0 264.336 9 3.5 33.3
0 264.427 11 3.5 33.3
0 264.498 14 3.5 33.3
0 264.606 9 3.5 33.3
0 264.778 6 3.5 33.3
0 264.822 23 3.5 33.3
0 264.962 7 3.5 33.3
0 265.008 21 3.5 33.3
0 265.109 10 3.5 33.3
0 265.23 8 3.5 33.3
0 265.326 10 3.5 33.3
0 265.426 10 3.5 33.3
0 265.555 8 3.5 33.3
0 265.613 17 3.5 33.3
0 265.728 9 3.5 33.3
0 265.83 10 3.5 33.3
0 265.948 8 3.5 33.3
0 266.047 10 3.5 33.3
0 266.119 14 3.5 33.3
0 266.219 10 3.5 33.3
0 266.328 9 3.5 33.3
0 266.418 11 3.5 33.3
0 266.521 10 3.5 33.3
0 266.643 8 3.5 33.3
0 266.721 13 3.5 33.3
0 266.893 6 3.5 33.3
0 266.906 77 3.5 33.3
0 267.032 8 3.5 33.3
0 267.153 8 3.5 33.3
0 267.249 10 3.5 33.3
0 267.376 8 3.5 33.3
0 267.447 14 3.5 33.3
0 267.502 18 3.5 33.3
0 267.621 8 3.5 33.3
0 267.741 8 3.5 33.3
0 267.83 11 3.5 33.3
0 267.929 10 3.5 33.3
0 268.006 13 3.5 33.3
0 268.158 7 3.5 33.3
0 268.26 10 3.5 33.3
0 268.336 13 3.5 33.3
0 268.404 15 3.5 33.3
0 268.509 9 3.5 33.3
0 268.63 8 3.5 33.3
0 268.73 10 3.5 33.3
0 268.894 6 3.5 33.3
0 268.909 68 3.5 33.3
0 269.102 5 3.5 33.3
0 269.11 124 3.5 33.3
0 269.235 8 3.5 33.3
0 269.313 13 3.5 33.3
0 269.447 7 3.5 33.3
0 269.533 12 3.5 33.3
0 269.637 10 3.5 33.3
0 269.738 10 3.5 33.3
0 269.812 13 3.5 33.3
0 269.985 6 3.5 33.3
0 270.025 25 3.5 33.3
0 270.138 9 3.5 33.3
0 270.238 10 3.5 33.3
0 270.339 10 3.5 33.3
0 270.449 9 3.5 33.3
0 270.556 9 3.5 33.3
0 270.632 13 3.5 33.3
0 270.74 9 3.5 33.3
0 270.827 12 3.5 33.3
0 270.977 7 3.5 33.3
0 271.055 13 3.5 33.3
0 271.142 11 3.5 33.3
0 271.24 10 3.5 33.3
0 271.341 10 3.5 33.3
0 271.438 10 3.5 33.3
0 271.533 11 3.5 33.3
0 271.637 10 3.5 33.3
0 271.741 10 3.5 33.3
0 271.842 10 3.5 33.3
0 271.94 10 3.5 33.3
0 272.031 11 3.5 33.3
0 272.149 8 3.5 33.3
0 272.273 8 3.5 33.3
0 272.339 15 4.0 33.4
0 272.523 5 4.0 33.4
0 272.533 94 4.0 33.4
0 272.658 8 4.0 33.4
0 272.758 10 4.0 33.4
0 272.86 10 4.0 33.4
0 272.958 10 4.0 33.4
0 273.104 7 4.0 33.4
0 273.2 10 4.0 33.4
0 273.307 9 4.0 33.4
0 273.376 14 4.0 33.4
0 273.439 16 4.0 33.4
0 273.532 11 4.0 33.4
0 273.629 10 4.0 33.4
0 273.748 8 4.0 33.4
0 273.84 11 4.0 33.4
0 273.943 10 4.0 33.4
0 274.109 6 4.0 33.4
0 274.13 47 4.0 33.4
0 274.248 8 4.0 33.4
0 274.341 11 4.0 33.4
0 274.443 10 4.0 33.4
0 274.542 10 4.0 33.4
0 274.633 11 4.0 33.4
0 274.749 9 4.0 33.4
0 274.842 11 4.0 33.4
0 274.943 10 4.0 33.4
0 275.124 5 4.0 33.4
0 275.143 53 4.0 33.4
0 275.243 10 4.0 33.4
0 275.347 10 4.0 33.4
0 275.443 10 4.0 33.4
0 275.562 8 4.0 33.4
0 275.646 12 4.0 33.4
0 275.744 10 4.0 33.4
0 275.848 10 4.0 33.4
0 275.975 8 4.0 33.4
0 276.057 12 4.0 33.4
0 276.142 12 4.0 33.4
0 276.24 10 4.0 33.4
0 276.349 9 4.0 33.4
0 276.443 11 4.0 33.4
0 276.534 11 4.0 33.4
0 276.645 9 4.0 33.4
0 276.746 10 4.0 33.4
0 276.85 10 4.0 33.4
0 276.944 11 4.0 33.4
0 277.034 11 4.0 33.4
0 277.212 6 4.0 33.4
0 277.275 16 4.0 33.4
0 277.352 13 4.0 33.4
0 277.531 6 4.0 33.4
0 277.536 225 4.0 33.4
0 277.652 9 4.0 33.4
0 277.748 10 4.0 33.4
0 277.856 9 4.0 33.4
0 277.947 11 4.0 33.4
0 278.038 11 4.0 33.4
0 278.154 9 4.0 33.4
0 278.315 6 4.0 33.4
0 278.381 15 4.0 33.4
0 278.45 14 4.0 33.4
0 278.537 11 4.0 33.4
0 278.647 9 4.0 33.4
0 278.754 9 4.0 33.4
0 278.849 11 4.0 33.4
0 278.958 9 4.0 33.4
0 279.149 5 4.0 33.4
0 279.212 16 4.0 33.4
0 279.268 18 4.0 33.4
0 279.363 11 4.0 33.4
0 279.473 9 4.0 33.4
0 279.565 11 4.0 33.4
0 279.668 10 4.0 33.4
0 279.772 10 4.0 33.4
0 279.867 11 4.0 33.4
0 279.974 9 4.0 33.4
0 280.089 9 4.0 33.4
0 280.169 13 4.0 33.4
0 280.267 10 4.0 33.4
0 280.372 10 4.0 33.4
0 280.475 10 4.0 33.4
0 280.602 8 4.0 33.4
0 280.661 17 4.0 33.4
0 280.77 9 4.0 33.4
0 280.87 10 4.0 33.4
0 281.003 8 4.0 33.4
0 281.111 9 4.0 33.4
0 281.228 9 4.0 33.4
0 281.271 24 4.0 33.4
0 281.371 10 4.0 33.4
0 281.465 11 4.0 33.4
0 281.574 9 4.0 33.4
0 281.666 11 4.0 33.4
0 281.772 9 4.0 33.4
0 281.872 10 4.0 33.4
0 281.971 10 4.0 33.4
0 282.075 10 4.0 33.4
0 282.169 11 4.0 33.4
0 282.306 7 4.0 33.4
0 282.373 15 2.9 33.4
0 282.559 5 2.9 33.4
0 282.563 262 2.9 33.4
0 282.679 9 2.9 33.4
0 282.776 10 2.9 33.4
0 282.881 10 2.9 33.4
0 282.964 12 2.9 33.4
0 283.076 9 2.9 33.4
0 283.222 7 2.9 33.4
0 283.342 8 2.9 33.4
0 283.406 16 2.9 33.4
0 283.477 14 2.9 33.4
0 283.573 10 2.9 33.4
0 283.677 10 2.9 33.4
0 283.778 10 2.9 33.4
0 283.881 10 2.9 33.4
0 283.983 10 2.9 33.4
0 284.163 6 2.9 33.4
0 284.166 278 2.9 33.4
0 284.278 9 2.9 33.4
0 284.386 9 2.9 33.4
0 284.487 10 2.9 33.4
0 284.579 11 2.9 33.4
0 284.679 10 2.9 33.4
0 284.782 10 2.9 33.4
0 284.886 10 2.9 33.4
0 284.987 10 2.9 33.4
0 285.125 7 2.9 33.4
0 285.242 9 2.9 33.4
0 285.28 27 2.9 33.4
0 285.388 9 2.9 33.4
0 285.488 10 2.9 33.4
0 285.611 8 2.9 33.4
0 285.681 14 2.9 33.4
0 285.782 10 2.9 33.4
0 285.881 10 2.9 33.4
0 286.025 7 2.9 33.4
0 286.126 10 2.9 33.4
0 286.179 19 2.9 33.4
0 286.278 10 2.9 33.4
0 286.384 9 2.9 33.4
0 286.483 10 2.9 33.4
0 286.592 9 2.9 33.4
0 286.682 11 2.9 33.4
0 286.782 10 2.9 33.4
0 286.884 10 2.9 33.4
0 286.985 10 2.9 33.4
0 287.094 9 2.9 33.4
0 287.247 7 2.9 33.4
0 287.323 13 2.9 33.4
0 287.386 16 2.9 33.4
0 287.573 5 2.9 33.4
0 287.578 208 2.9 33.4
0 287.7 8 2.9 33.4
0 287.792 11 2.9 33.4
0 287.893 10 2.9 33.4
0 287.982 11 2.9 33.4
0 288.091 9 2.9 33.4
0 288.201 9 2.9 33.4
0 288.336 7 2.9 33.4
0 288.429 11 2.9 33.4
0 288.494 15 2.9 33.4
0 288.593 10 2.9 33.4
0 288.703 9 2.9 33.4
0 288.793 11 2.9 33.4
0 288.893 10 2.9 33.4
0 288.997 10 2.9 33.4
0 289.161 6 2.9 33.4
0 289.299 7 2.9 33.4
0 289.32 48 2.9 33.4
0 289.418 10 2.9 33.4
0 289.516 10 2.9 33.4
0 289.619 10 2.9 33.4
0 289.719 10 2.9 33.4
0 289.828 9 2.9 33.4
0 289.919 11 2.9 33.4
0 290.021 10 2.9 33.4
0 290.14 8 2.9 33.4
0 290.219 13 2.9 33.4
0 290.323 10 2.9 33.4
0 290.425 10 2.9 33.4
0 290.521 10 2.9 33.4
0 290.644 8 2.9 33.4
0 290.721 13 2.9 33.4
0 290.824 10 2.9 33.4
0 290.923 10 2.9 33.4
0 291.058 7 2.9 33.4
0 291.171 9 2.9 33.4
0 291.34 6 2.9 33.4
0 291.377 27 2.9 33.4
0 291.479 10 2.9 33.4
0 291.553 14 2.9 33.4
0 291.68 8 2.9 33.4
0 291.779 10 2.9 33.4
0 291.88 10 2.9 33.4
0 291.98 10 2.9 33.4
0 292.067 12 2.9 33.4
0 292.182 9 2.9 33.4
0 292.28 10 2.9 33.4
0 292.403 8 3.1 33.4
0 292.476 14 3.1 33.4
0 292.664 5 3.1 33.4
0 292.674 101 3.1 33.4
0 292.803 8 3.1 33.4
0 292.901 10 3.1 33.4
0 293.004 10 3.1 33.4
0 293.089 12 3.1 33.4
0 293.209 8 3.1 33.4
0 293.411 5 3.1 33.4
0 293.483 14 3.1 33.4
0 293.542 17 3.1 33.4
0 293.65 9 3.1 33.4
0 293.755 10 3.1 33.4
0 293.852 10 3.1 33.4
0 293.953 10 3.1 33.4
0 294.041 11 3.1 33.4
0 294.204 6 3.1 33.4
0 294.239 29 3.1 33.4
0 294.357 8 3.1 33.4
0 294.454 10 3.1 33.4
0 294.535 12 3.1 33.4
0 294.652 9 3.1 33.4
0 294.752 10 3.1 33.4
0 294.859 9 3.1 33.4
0 294.955 10 3.1 33.4
0 295.045 11 3.1 33.4
0 295.171 8 3.1 33.4
0 295.248 13 3.1 33.4
0 295.467 5 3.1 33.4
0 295.498 32 3.1 33.4
0 295.6 10 3.1 33.4
0 295.709 9 3.1 33.4
0 295.777 15 3.1 33.4
0 295.898 8 3.1 33.4
0 295.988 11 3.1 33.4
0 296.126 7 3.1 33.4
0 296.228 10 3.1 33.4
0 296.274 21 3.1 33.4
0 296.4 8 3.1 33.4
0 296.49 11 3.1 33.4
0 296.588 10 3.1 33.4
0 296.728 7 3.1 33.4
0 296.793 15 3.1 33.4
0 296.901 9 3.1 33.4
0 296.995 11 3.1 33.4
0 297.089 11 3.1 33.4
0 297.193 10 3.1 33.4
0 297.292 10 3.1 33.4
0 297.525 4 3.1 33.4
0 297.532 158 3.1 33.4
0 297.732 5 3.1 33.4
0 297.802 14 3.1 33.4
0 297.856 19 3.1 33.4
0 297.963 9 3.1 33.4
0 298.051 11 3.1 33.4
0 298.155 10 3.1 33.4
0 298.256 10 3.1 33.4
0 298.353 10 3.1 33.4
0 298.493 7 3.1 33.4
0 298.556 16 3.1 33.4
0 298.655 10 3.1 33.4
0 298.819 6 3.1 33.4
0 298.855 28 3.1 33.4
0 298.958 10 3.1 33.4
0 299.046 11 3.1 33.4
0 299.239 5 3.1 33.4
0 299.245 164 3.1 33.4
0 299.362 9 3.1 33.4
0 299.573 5 3.1 33.4
0 299.602 35 3.1 33.4
0 299.695 11 3.1 33.4
0 299.857 6 3.1 33.4
0 299.894 27 3.1 33.4
0 299.998 10 3.1 33.4
0 300.105 9 3.1 33.4
0 300.225 8 3.1 33.4
0 300.297 14 3.1 33.4
0 300.399 10 3.1 33.4
0 300.498 10 3.1 33.4
0 300.598 10 3.1 33.4
0 300.704 9 3.1 33.4
0 300.879 6 3.1 33.4
0 300.895 61 3.1 33.4
0 301.002 9 3.1 33.4
0 301.137 7 3.1 33.4
0 301.244 9 3.1 33.4
0 301.301 18 3.1 33.4
0 301.401 10 3.1 33.4
0 301.603 5 3.1 33.4
0 301.621 55 3.1 33.4
0 301.732 9 3.1 33.4
0 301.889 6 3.1 33.4
0 301.924 29 3.1 33.4
0 302.027 10 3.1 33.4
0 302.13 10 3.1 33.4
0 302.234 10 3.1 33.4
0 302.327 11 3.1 33.4
0 302.466 7 3.5 33.4
0 302.525 17 3.5 33.4
0 302.63 10 3.5 33.4
0 302.804 6 3.5 33.4
0 302.81 181 3.5 33.4
0 302.989 6 3.5 33.4
0 303.025 28 3.5 33.4
0 303.128 10 3.5 33.4
0 303.234 9 3.5 33.4
0 303.332 10 3.5 33.4
0 303.43 10 3.5 33.4
0 303.654 4 3.5 33.4
0 303.676 44 3.5 33.4
0 303.784 9 3.5 33.4
0 303.94 6 3.5 33.4
0 303.976 28 3.5 33.4
0 304.079 10 3.5 33.4
0 304.258 6 3.5 33.4
0 304.263 178 3.5 33.4
0 304.386 8 3.5 33.4
0 304.486 10 3.5 33.4
0 304.581 11 3.5 33.4
0 304.681 10 3.5 33.4
0 304.782 10 3.5 33.4
0 304.884 10 3.5 33.4
0 305.038 7 3.5 33.4
0 305.083 22 3.5 33.4
0 305.168 12 3.5 33.4
0 305.301 8 3.5 33.4
0 305.381 12 3.5 33.4
0 305.485 10 3.5 33.4
0 305.689 5 3.5 33.4
0 305.707 55 3.5 33.4
0 305.837 8 3.5 33.4
0 305.976 7 3.5 33.4
0 306.014 27 3.5 33.4
0 306.147 8 3.5 33.4
0 306.261 9 3.5 33.4
0 306.312 20 3.5 33.4
0 306.412 10 3.5 33.4
0 306.518 9 3.5 33.4
0 306.614 10 3.5 33.4
0 306.718 10 3.5 33.4
0 306.818 10 3.5 33.4
0 306.915 10 3.5 33.4
0 307.082 6 3.5 33.4
0 307.114 31 3.5 33.4
0 307.22 9 3.5 33.4
0 307.321 10 3.5 33.4
0 307.416 10 3.5 33.4
0 307.548 8 3.5 33.4
0 307.724 6 3.5 33.4
0 307.792 15 3.5 33.4
0 307.882 11 3.5 33.4
0 307.996 9 3.5 33.4
0 308.044 21 3.5 33.4
0 308.156 9 3.5 33.4
0 308.252 10 3.5 33.4
0 308.357 10 3.5 33.4
0 308.45 11 3.5 33.4
0 308.568 8 3.5 33.4
0 308.657 11 3.5 33.4
0 308.753 10 3.5 33.4
0 308.858 9 3.5 33.4
0 308.952 11 3.5 33.4
0 309.157 5 3.5 33.4
0 309.274 9 3.5 33.4
0 309.28 160 3.5 33.4
0 309.406 8 3.5 33.4
0 309.501 11 3.5 33.4
0 309.6 10 3.5 33.4
0 309.81 5 3.5 33.4
0 309.84 34 3.5 33.4
0 309.943 10 3.5 33.4
0 310.099 6 3.5 33.4
0 310.134 28 3.5 33.4
0 310.24 10 3.5 33.4
0 310.371 8 3.5 33.4
0 310.437 15 3.5 33.4
0 310.539 10 3.5 33.4
0 310.621 12 3.5 33.4
0 310.741 8 3.5 33.4
0 310.849 9 3.5 33.4
0 310.939 11 3.5 33.4
0 311.042 10 3.5 33.4
0 311.272 4 3.5 33.4
0 311.293 48 3.5 33.4
0 311.403 9 3.5 33.4
0 311.499 10 3.5 33.4
0 311.604 10 3.5 33.4
0 311.699 10 3.5 33.4
0 311.909 5 3.5 33.4
0 311.937 35 3.5 33.4
0 312.099 6 3.5 33.4
0 312.127 35 3.5 33.4
0 312.234 9 3.5 33.4
0 312.339 10 3.5 33.4
0 312.441 10 3.5 33.4
0 312.561 8 3.3 33.4
0 312.628 15 3.3 33.4
0 312.735 9 3.3 33.4
0 312.908 6 3.3 33.4
0 312.916 115 3.3 33.4
0 313.032 9 3.3 33.4
0 313.141 9 3.3 33.4
0 313.344 5 3.3 33.4
0 313.364 49 3.3 33.4
0 313.467 10 3.3 33.4
0 313.576 9 3.3 33.4
0 313.675 10 3.3 33.4
0 313.752 13 3.3 33.4
0 313.981 4 3.3 33.4
0 314.003 46 3.3 33.4
0 314.126 8 3.3 33.4
0 314.277 7 3.3 33.4
0 314.295 55 3.3 33.4
0 314.407 9 3.3 33.4
0 314.487 12 3.3 33.4
0 314.608 8 3.3 33.4
0 314.708 10 3.3 33.4
0 314.811 10 3.3 33.4
0 314.907 10 3.3 33.4
0 315.006 10 3.3 33.4
0 315.107 10 3.3 33.4
0 315.209 10 3.3 33.4
0 315.439 4 3.3 33.4
0 315.445 168 3.3 33.4
0 315.549 10 3.3 33.4
0 315.646 10 3.3 33.4
0 315.765 8 3.3 33.4
0 316.035 4 3.3 33.4
0 316.049 72 3.3 33.4
0 316.191 7 3.3 33.4
0 316.26 14 3.3 33.4
0 316.357 10 3.3 33.4
0 316.461 10 3.3 33.4
0 316.554 11 3.3 33.4
0 316.661 9 3.3 33.4
0 316.765 10 3.3 33.4
0 316.863 10 3.3 33.4
0 316.963 10 3.3 33.4
0 317.048 12 3.3 33.4
0 317.164 9 3.3 33.4
0 317.263 10 3.3 33.4
0 317.474 5 3.3 33.4
0 317.491 58 3.3 33.4
0 317.631 7 3.3 33.4
0 317.685 19 3.3 33.4
0 317.799 9 3.3 33.4
0 318.078 4 3.3 33.4
0 318.085 155 3.3 33.4
0 318.206 8 3.3 33.4
0 318.304 10 3.3 33.4
0 318.39 12 3.3 33.4
0 318.504 9 3.3 33.4
0 318.634 8 3.3 33.4
0 318.707 14 3.3 33.4
0 318.804 10 3.3 33.4
0 318.907 10 3.3 33.4
0 319.005 10 3.3 33.4
0 319.103 10 3.3 33.4
0 319.209 9 3.3 33.4
0 319.471 4 3.3 33.4
0 319.49 53 3.3 33.4
0 319.597 9 3.3 33.4
0 319.696 10 3.3 33.4
0 319.802 9 3.3 33.4
0 319.899 10 3.3 33.4
0 320.1 5 3.3 33.4
0 320.123 44 3.3 33.4
0 320.225 10 3.3 33.4
0 320.331 9 3.3 33.4
0 320.453 8 3.3 33.4
0 320.527 14 3.3 33.4
0 320.618 11 3.3 33.4
0 320.726 9 3.3 33.4
0 320.83 10 3.3 33.4
0 320.927 10 3.3 33.4
0 321.053 8 3.3 33.4
0 321.126 14 3.3 33.4
0 321.244 8 3.3 33.4
0 321.331 12 3.3 33.4
0 321.533 5 3.3 33.4
0 321.551 56 3.3 33.4
0 321.657 9 3.3 33.4
0 321.76 10 3.3 33.4
0 321.862 10 3.3 33.4
0 321.956 11 3.3 33.4
0 322.163 5 3.3 33.4
0 322.185 45 3.3 33.4
0 322.29 10 3.3 33.4
0 322.393 10 3.3 33.4
0 322.489 10 3.3 33.4
0 322.589 10 3.2 33.4
0 322.722 8 3.2 33.4
0 322.79 15 3.2 33.4
0 322.894 10 3.2 33.4
0 322.99 10 3.2 33.4
0 323.124 7 3.2 33.4
0 323.189 15 3.2 33.4
0 323.292 10 3.2 33.4
0 323.39 10 3.2 33.4
0 323.549 6 3.2 33.4
0 323.583 29 3.2 33.4
0 323.734 7 3.2 33.4
0 323.787 19 3.2 33.4
0 323.89 10 3.2 33.4
0 323.99 10 3.2 33.4
0 324.179 5 3.2 33.4
0 324.198 53 3.2 33.4
0 324.307 9 3.2 33.4
0 324.429 8 3.2 33.4
0 324.502 14 3.2 33.4
0 324.605 10 3.2 33.4
0 324.703 10 3.2 33.4
0 324.807 10 3.2 33.4
0 324.905 10 3.2 33.4
0 325.006 10 3.2 33.4
0 325.106 10 3.2 33.4
0 325.206 10 3.2 33.4
0 325.311 10 3.2 33.4
0 325.404 11 3.2 33.4
0 325.59 5 3.2 33.4
0 325.6 102 3.2 33.4
0 325.718 8 3.2 33.4
0 325.812 11 3.2 33.4
0 325.909 10 3.2 33.4
0 326.016 9 3.2 33.4
0 326.255 4 3.2 33.4
0 326.289 29 3.2 33.4
0 326.382 11 3.2 33.4
0 326.476 11 3.2 33.4
0 326.561 12 3.2 33.4
0 326.679 8 3.2 33.4
0 326.779 10 3.2 33.4
0 326.883 10 3.2 33.4
0 326.977 11 3.2 33.4
0 327.062 12 3.2 33.4
0 327.181 8 3.2 33.4
0 327.277 10 3.2 33.4
0 327.386 9 3.2 33.4
0 327.475 11 3.2 33.4
0 327.673 5 3.2 33.4
0 327.692 55 3.2 33.4
0 327.795 10 3.2 33.4
0 327.903 9 3.2 33.4
0 327.985 12 3.2 33.4
0 328.127 7 3.2 33.4
0 328.198 14 3.2 33.4
0 328.295 10 3.2 33.4
0 328.395 10 3.2 33.4
0 328.502 9 3.2 33.4
0 328.595 11 3.2 33.4
0 328.699 10 3.2 33.4
0 328.834 7 3.2 33.4
0 328.897 16 3.2 33.4
0 328.987 11 3.2 33.4
0 329.104 9 3.2 33.4
0 329.2 10 3.2 33.4
0 329.297 10 3.2 33.4
0 329.397 10 3.2 33.4
0 329.501 10 3.2 33.4
0 329.713 5 3.2 33.4
0 329.718 195 3.2 33.4
0 329.835 9 3.2 33.4
0 329.936 10 3.2 33.4
0 330.035 10 3.2 33.4
0 330.143 9 3.2 33.4
0 330.224 12 3.2 33.4
0 330.326 10 3.2 33.4
0 330.436 9 3.2 33.4
0 330.535 10 3.2 33.4
0 330.654 8 3.2 33.4
0 330.742 11 3.2 33.4
0 330.837 11 3.2 33.4
0 330.938 10 3.2 33.4
0 331.037 10 3.2 33.4
0 331.147 9 3.2 33.4
0 331.237 11 3.2 33.4
0 331.343 9 3.2 33.4
0 331.439 10 3.2 33.4
0 331.536 10 3.2 33.4
0 331.806 4 3.2 33.4
0 331.824 55 3.2 33.4
0 331.933 9 3.2 33.4
0 332.03 10 3.2 33.4
0 332.129 10 3.2 33.4
0 332.236 9 3.2 33.4
0 332.329 11 3.2 33.4
0 332.436 9 3.2 33.4
0 332.526 11 3.2 33.4
0 332.627 10 3.0 33.5
0 332.725 10 3.0 33.5
0 332.835 9 3.0 33.5
0 332.927 11 3.0 33.5
0 333.03 10 3.0 33.5
0 333.154 8 3.0 33.5
0 333.228 14 3.0 33.5
0 333.336 9 3.0 33.5
0 333.427 11 3.0 33.5
0 333.53 10 3.0 33.5
0 333.629 10 3.0 33.5
0 333.886 4 3.0 33.5
0 333.896 97 3.0 33.5
0 334.005 9 3.0 33.5
0 334.111 9 3.0 33.5
0 334.207 10 3.0 33.5
0 334.308 10 3.0 33.5
0 334.409 10 3.0 33.5
0 334.509 10 3.0 33.5
0 334.617 9 3.0 33.5
0 334.71 11 3.0 33.5
0 334.81 10 3.0 33.5
0 334.918 9 3.0 33.5
0 335.005 11 3.0 33.5
0 335.1 11 3.0 33.5
0 335.213 9 3.0 33.5
0 335.311 10 3.0 33.5
0 335.419 9 3.0 33.5
0 335.512 11 3.0 33.5
0 335.611 10 3.0 33.5
0 335.716 10 3.0 33.5
0 335.979 4 3.0 33.5
0 336.002 43 3.0 33.5
0 336.103 10 3.0 33.5
0 336.203 10 3.0 33.5
0 336.309 9 3.0 33.5
0 336.395 12 3.0 33.5
0 336.508 9 3.0 33.5
0 336.603 11 3.0 33.5
0 336.703 10 3.0 33.5
0 336.807 10 3.0 33.5
0 336.896 11 3.0 33.5
0 337.01 9 3.0 33.5
0 337.103 11 3.0 33.5
0 337.203 10 3.0 33.5
0 337.307 10 3.0 33.5
0 337.405 10 3.0 33.5
0 337.507 10 3.0 33.5
0 337.607 10 3.0 33.5
0 337.705 10 3.0 33.5
0 337.788 12 3.0 33.5
0 338.06 4 3.0 33.5
0 338.073 77 3.0 33.5
0 338.224 7 3.0 33.5
0 338.281 18 3.0 33.5
0 338.383 10 3.0 33.5
0 338.484 10 3.0 33.5
0 338.584 10 3.0 33.5
0 338.688 10 3.0 33.5
0 338.784 10 3.0 33.5
0 338.879 11 3.0 33.5
0 338.985 9 3.0 33.5
0 339.092 9 3.0 33.5
0 339.189 10 3.0 33.5
0 339.283 11 3.0 33.5
0 339.385 10 3.0 33.5
0 339.485 10 3.0 33.5
0 339.592 9 3.0 33.5
0 339.689 10 3.0 33.5
0 339.785 10 3.0 33.5
0 339.885 10 3.0 33.5
0 340.165 4 3.0 33.5
0 340.184 53 3.0 33.5
0 340.285 10 3.0 33.5
0 340.383 10 3.0 33.5
0 340.486 10 3.0 33.5
0 340.583 10 3.0 33.5
0 340.681 10 3.0 33.5
0 340.794 9 3.0 33.5
0 340.885 11 3.0 33.5
0 340.987 10 3.0 33.5
0 341.085 10 3.0 33.5
0 341.177 11 3.0 33.5
0 341.296 8 3.0 33.5
0 341.386 11 3.0 33.5
0 341.486 10 3.0 33.5
0 341.585 10 3.0 33.5
0 341.691 9 3.0 33.5
0 341.796 9 3.0 33.5
0 341.886 11 3.0 33.5
0 342.049 6 3.0 33.5
0 342.086 27 3.0 33.5
0 342.192 9 3.0 33.5
0 342.297 10 3.0 33.5
0 342.389 11 3.0 33.5
0 342.489 10 3.0 33.5
0 342.588 10 3.0 33.5
0 342.687 10 3.1 33.5
0 342.801 9 3.1 33.5
0 342.888 11 3.1 33.5
0 342.988 10 3.1 33.5
0 343.086 10 3.1 33.5
0 343.189 10 3.1 33.5
0 343.302 9 3.1 33.5
0 343.388 12 3.1 33.5
0 343.475 11 3.1 33.5
0 343.59 9 3.1 33.5
0 343.69 10 3.1 33.5
0 343.802 9 3.1 33.5
0 343.89 11 3.1 33.5
0 344.068 6 3.1 33.5
0 344.076 141 3.1 33.5
0 344.193 9 3.1 33.5
0 344.292 10 3.1 33.5
0 344.402 9 3.1 33.5
0 344.493 11 3.1 33.5
0 344.58 11 3.1 33.5
0 344.695 9 3.1 33.5
0 344.787 11 3.1 33.5
0 344.891 10 3.1 33.5
0 345.005 9 3.1 33.5
0 345.092 12 3.1 33.5
0 345.195 10 3.1 33.5
0 345.296 10 3.1 33.5
0 345.393 10 3.1 33.5
0 345.506 9 3.1 33.5
0 345.594 11 3.1 33.5
0 345.688 11 3.1 33.5
0 345.793 10 3.1 33.5
0 345.895 10 3.1 33.5
0 346.06 6 3.1 33.5
0 346.094 29 3.1 33.5
0 346.195 10 3.1 33.5
0 346.329 7 3.1 33.5
0 346.395 15 3.1 33.5
0 346.496 10 3.1 33.5
0 346.597 10 3.1 33.5
0 346.689 11 3.1 33.5
0 346.799 9 3.1 33.5
0 346.892 11 3.1 33.5
0 346.997 10 3.1 33.5
0 347.107 9 3.1 33.5
0 347.199 11 3.1 33.5
0 347.299 10 3.1 33.5
0 347.401 10 3.1 33.5
0 347.5 10 3.1 33.5
0 347.609 9 3.1 33.5
0 347.699 11 3.1 33.5
0 347.8 10 3.1 33.5
0 347.9 10 3.1 33.5
0 348.11 5 3.1 33.5
0 348.117 143 3.1 33.5
0 348.233 9 3.1 33.5
0 348.334 10 3.1 33.5
0 348.492 6 3.1 33.5
0 348.532 25 3.1 33.5
0 348.644 9 3.1 33.5
0 348.735 11 3.1 33.5
0 348.837 10 3.1 33.5
0 348.933 10 3.1 33.5
0 349.035 10 3.1 33.5
0 349.166 8 3.1 33.5
0 349.241 13 3.1 33.5
0 349.328 12 3.1 33.5
0 349.435 9 3.1 33.5
0 349.535 10 3.1 33.5
0 349.632 10 3.1 33.5
0 349.745 9 3.1 33.5
0 349.84 11 3.1 33.5
0 349.936 10 3.1 33.5
0 350.103 6 3.1 33.5
0 350.133 33 3.1 33.5
0 350.246 9 3.1 33.5
0 350.34 11 3.1 33.5
0 350.499 6 3.1 33.5
0 350.533 29 3.1 33.5
0 350.639 9 3.1 33.5
0 350.746 9 3.1 33.5
0 350.841 11 3.1 33.5
0 350.936 10 3.1 33.5
0 351.037 10 3.1 33.5
0 351.134 10 3.1 33.5
0 351.239 9 3.1 33.5
0 351.347 9 3.1 33.5
0 351.437 11 3.1 33.5
0 351.536 10 3.1 33.5
0 351.638 10 3.1 33.5
0 351.743 10 3.1 33.5
0 351.846 10 3.1 33.5
0 351.939 11 3.1 33.5
0 352.037 10 3.1 33.5
0 352.253 5 3.1 33.5
0 352.274 48 3.1 33.5
0 352.382 9 3.1 33.5
0 352.576 5 3.1 33.5
0 352.583 149 3.1 33.5
0 352.697 9 3.7 33.6
0 352.805 9 3.7 33.6
0 352.911 9 3.7 33.6
0 352.999 11 3.7 33.6
0 353.096 10 3.7 33.6
0 353.245 7 3.7 33.6
0 353.308 16 3.7 33.6
0 353.4 11 3.7 33.6
0 353.508 9 3.7 33.6
0 353.602 11 3.7 33.6
0 353.685 12 3.7 33.6
0 353.787 10 3.7 33.6
0 353.907 8 3.7 33.6
0 354.0 11 3.7 33.6
0 354.108 9 3.7 33.6
0 354.344 4 3.7 33.6
0 354.377 30 3.7 33.6
0 354.476 10 3.7 33.6
0 354.645 6 3.7 33.6
0 354.658 82 3.7 33.6
0 354.773 9 3.7 33.6
0 354.872 10 3.7 33.6
0 354.979 9 3.7 33.6
0 355.072 11 3.7 33.6
0 355.18 9 3.7 33.6
0 355.33 7 3.7 33.6
0 355.372 24 3.7 33.6
0 355.472 10 3.7 33.6
0 355.564 11 3.7 33.6
0 355.673 9 3.7 33.6
0 355.78 9 3.7 33.6
0 355.872 11 3.7 33.6
0 355.975 10 3.7 33.6
0 356.066 11 3.7 33.6
0 356.175 9 3.7 33.6
0 356.381 5 3.7 33.6
0 356.457 13 3.7 33.6
0 356.508 20 3.7 33.6
0 356.737 4 3.7 33.6
0 356.756 51 3.7 33.6
0 356.867 9 3.7 33.6
0 356.96 11 3.7 33.6
0 357.065 10 3.7 33.6
0 357.168 10 3.7 33.6
0 357.271 10 3.7 33.6
0 357.427 6 3.7 33.6
0 357.463 27 3.7 33.6
0 357.566 10 3.7 33.6
0 357.668 10 3.7 33.6
0 357.773 10 3.7 33.6
0 357.869 10 3.7 33.6
0 357.976 9 3.7 33.6
0 358.062 12 3.7 33.6
0 358.169 9 3.7 33.6
0 358.384 5 3.7 33.6
0 358.458 14 3.7 33.6
0 358.519 16 3.7 33.6
0 358.779 4 3.7 33.6
0 358.799 50 3.7 33.6
0 358.909 9 3.7 33.6
0 359.005 10 3.7 33.6
0 359.115 9 3.7 33.6
0 359.209 11 3.7 33.6
0 359.297 11 3.7 33.6
0 359.505 5 3.7 33.6
0 359.521 65 3.7 33.6
0 359.638 9 3.7 33.6
0 359.736 10 3.7 33.6
0 359.837 10 3.7 33.6
0 359.93 11 3.7 33.6
0 360.036 9 3.7 33.6
0 360.142 10 3.7 33.6
0 360.236 11 3.7 33.6
0 360.514 4 3.7 33.6
0 360.535 47 3.7 33.6
0 360.82 4 3.7 33.6
0 360.834 70 3.7 33.6
0 360.947 9 3.7 33.6
0 361.048 10 3.7 33.6
0 361.146 10 3.7 33.6
0 361.24 11 3.7 33.6
0 361.354 9 3.7 33.6
0 361.444 11 3.7 33.6
0 361.611 6 3.7 33.6
0 361.646 28 3.7 33.6
0 361.748 10 3.7 33.6
0 361.858 9 3.7 33.6
0 361.948 11 3.7 33.6
0 362.046 10 3.7 33.6
0 362.147 10 3.7 33.6
0 362.248 10 3.7 33.6
0 362.383 7 3.7 33.6
0 362.429 22 3.7 33.6
0 362.581 7 3.7 33.6
0 362.831 4 3.8 33.6
0 362.853 45 3.8 33.6
0 362.966 9 3.8 33.6
0 363.054 11 3.8 33.6
0 363.157 10 3.8 33.6
0 363.261 10 3.8 33.6
0 363.355 11 3.8 33.6
0 363.456 10 3.8 33.6
0 363.627 6 3.8 33.6
0 363.654 37 3.8 33.6
0 363.761 9 3.8 33.6
0 363.861 10 3.8 33.6
0 363.956 10 3.8 33.6
0 364.065 9 3.8 33.6
0 364.162 10 3.8 33.6
0 364.257 11 3.8 33.6
0 364.367 9 3.8 33.6
0 364.492 8 3.8 33.6
0 364.621 8 3.8 33.6
0 364.66 26 3.8 33.6
0 364.757 10 3.8 33.6
0 364.927 6 3.8 33.6
0 364.95 44 3.8 33.6
0 365.053 10 3.8 33.6
0 365.169 9 3.8 33.6
0 365.262 11 3.8 33.6
0 365.363 10 3.8 33.6
0 365.462 10 3.8 33.6
0 365.558 10 3.8 33.6
0 365.73 6 3.8 33.6
0 365.757 36 3.8 33.6
0 365.866 9 3.8 33.6
0 365.964 10 3.8 33.6
0 366.061 10 3.8 33.6
0 366.166 10 3.8 33.6
0 366.264 10 3.8 33.6
0 366.367 10 3.8 33.6
0 366.446 13 3.8 33.6
0 366.628 5 3.8 33.6
0 366.775 7 3.8 33.6
0 366.786 84 3.8 33.6
0 366.967 6 3.8 33.6
0 366.993 38 3.8 33.6
0 367.099 9 3.8 33.6
0 367.2 10 3.8 33.6
0 367.305 10 3.8 33.6
0 367.423 8 3.8 33.6
0 367.506 12 3.8 33.6
0 367.6 11 3.8 33.6
0 367.766 6 3.8 33.6
0 367.8 30 3.8 33.6
0 367.91 9 3.8 33.6
0 367.999 11 3.8 33.6
0 368.104 10 3.8 33.6
0 368.203 10 3.8 33.6
0 368.304 10 3.8 33.6
0 368.401 10 3.8 33.6
0 368.509 9 3.8 33.6
0 368.672 6 3.8 33.6
0 368.854 5 3.8 33.6
0 368.866 86 3.8 33.6
0 369.047 6 3.8 33.6
0 369.077 33 3.8 33.6
0 369.194 9 3.8 33.6
0 369.283 11 3.8 33.6
0 369.385 10 3.8 33.6
0 369.505 8 3.8 33.6
0 369.58 13 3.8 33.6
0 369.687 9 3.8 33.6
0 369.9 5 3.8 33.6
0 369.922 46 3.8 33.6
0 370.028 9 3.8 33.6
0 370.115 12 3.8 33.6
0 370.23 9 3.8 33.6
0 370.334 10 3.8 33.6
0 370.43 10 3.8 33.6
0 370.531 10 3.8 33.6
0 370.692 6 3.8 33.6
0 370.827 7 3.8 33.6
0 370.84 76 3.8 33.6
0 371.079 4 3.8 33.6
0 371.097 54 3.8 33.6
0 371.212 9 3.8 33.6
0 371.306 11 3.8 33.6
0 371.398 11 3.8 33.6
0 371.506 9 3.8 33.6
0 371.609 10 3.8 33.6
0 371.714 10 3.8 33.6
0 371.915 5 3.8 33.6
0 371.944 34 3.8 33.6
0 372.044 10 3.8 33.6
0 372.144 10 3.8 33.6
0 372.249 10 3.8 33.6
0 372.343 11 3.8 33.6
0 372.471 8 3.8 33.6
0 372.54 15 3.8 33.6
0 372.647 9 3.8 33.6
0 372.85 5 3.8 33.6
0 372.865 65 3.8 33.6
0 373.103 4 3.8 33.6
0 373.116 72 3.8 33.6
0 373.232 9 3.8 33.6
0 373.311 13 3.8 33.6
0 373.468 6 3.8 33.6
0 373.532 16 3.8 33.6
0 373.635 10 3.8 33.6
0 373.73 11 3.8 33.6
0 373.935 5 3.8 33.6
0 373.958 44 3.8 33.6
0 374.068 9 3.8 33.6
0 374.166 10 3.8 33.6
0 374.265 10 3.8 33.6
0 374.362 10 3.8 33.6
0 374.457 11 3.8 33.6
0 374.585 8 3.8 33.6
0 374.719 7 3.8 33.6
0 374.815 10 3.8 33.6
0 374.862 21 3.8 33.6
0 374.969 9 3.8 33.6
0 375.189 5 3.8 33.6
0 375.205 61 3.8 33.6
0 375.327 8 3.8 33.6
0 375.398 14 3.8 33.6
0 375.57 6 3.8 33.6
0 375.614 23 3.8 33.6
0 375.703 11 3.8 33.6
0 375.82 9 3.8 33.6
0 376.034 5 3.8 33.6
0 376.051 59 3.8 33.6
0 376.164 9 3.8 33.6
0 376.267 10 3.8 33.6
0 376.365 10 3.8 33.6
0 376.465 10 3.8 33.6
0 376.564 10 3.8 33.6
0 376.741 6 3.8 33.6
0 376.762 47 3.8 33.6
0 376.934 6 3.8 33.6
0 376.97 28 3.8 33.6
0 377.191 5 3.8 33.6
0 377.208 59 3.8 33.6
0 377.319 9 3.8 33.6
0 377.412 11 3.8 33.6
0 377.594 6 3.8 33.6
0 377.601 141 3.8 33.6
0 377.723 8 3.8 33.6
0 377.827 10 3.8 33.6
0 378.034 5 3.8 33.6
0 378.057 45 3.8 33.6
0 378.167 9 3.8 33.6
0 378.264 10 3.8 33.6
0 378.366 10 3.8 33.6
0 378.466 10 3.8 33.6
0 378.565 10 3.8 33.6
0 378.665 10 3.8 33.6
0 378.826 6 3.8 33.6
0 378.958 8 3.8 33.6
0 378.982 43 3.8 33.6
0 379.205 4 3.8 33.6
0 379.218 79 3.8 33.6
0 379.335 9 3.8 33.6
0 379.435 10 3.8 33.6
0 379.599 6 3.8 33.6
0 379.619 51 3.8 33.6
0 379.738 8 3.8 33.6
0 379.84 10 3.8 33.6
0 380.034 5 3.8 33.6
0 380.061 36 3.8 33.6
0 380.167 9 3.8 33.6
0 380.265 10 3.8 33.6
0 380.368 10 3.8 33.6
0 380.466 10 3.8 33.6
0 380.568 10 3.8 33.6
0 380.667 10 3.8 33.6
0 380.766 10 3.8 33.6
0 381.057 3 3.8 33.6
0 381.081 42 3.8 33.6
0 381.309 4 3.8 33.6
0 381.328 55 3.8 33.6
0 381.442 9 3.8 33.6
0 381.595 7 3.8 33.6
0 381.637 24 3.8 33.6
0 381.752 9 3.8 33.6
0 381.843 11 3.8 33.6
0 382.05 5 3.8 33.6
0 382.071 47 3.8 33.6
0 382.185 9 3.8 33.6
0 382.281 10 3.8 33.6
0 382.382 10 3.8 33.6
0 382.479 10 3.8 33.6
0 382.577 10 3.8 33.6
0 382.738 6 3.8 33.6
0 382.774 28 3.8 33.6
0 382.963 5 3.9 33.6
0 382.981 55 3.9 33.6
0 383.089 9 3.9 33.6
0 383.319 4 3.9 33.6
0 383.336 58 3.9 33.6
0 383.452 9 3.9 33.6
0 383.605 7 3.9 33.6
0 383.643 26 3.9 33.6
0 383.734 11 3.9 33.6
0 383.86 8 3.9 33.6
0 384.064 5 3.9 33.6
0 384.08 65 3.9 33.6
0 384.2 8 3.9 33.6
0 384.292 11 3.9 33.6
0 384.395 10 3.9 33.6
0 384.493 10 3.9 33.6
0 384.575 12 3.9 33.6
0 384.742 6 3.9 33.6
0 384.859 9 3.9 33.6
0 385.024 6 3.9 33.6
0 385.051 37 3.9 33.6
0 385.217 6 3.9 33.6
0 385.409 5 3.9 33.6
0 385.435 40 3.9 33.6
0 385.545 9 3.9 33.6
0 385.706 6 3.9 33.6
0 385.718 82 3.9 33.6
0 385.843 8 3.9 33.6
0 385.953 9 3.9 33.6
0 386.047 11 3.9 33.6
0 386.143 10 3.9 33.6
0 386.244 10 3.9 33.6
0 386.339 10 3.9 33.6
0 386.439 10 3.9 33.6
0 386.551 9 3.9 33.6
0 386.643 11 3.9 33.6
0 386.763 8 3.9 33.6
0 387.076 3 3.9 33.6
0 387.086 100 3.9 33.6
0 387.267 6 3.9 33.6
0 387.476 5 3.9 33.6
0 387.495 55 3.9 33.6
0 387.617 8 3.9 33.6
0 387.806 5 3.9 33.6
0 387.814 125 3.9 33.6
0 387.94 8 3.9 33.6
0 388.038 10 3.9 33.6
0 388.149 9 3.9 33.6
0 388.239 11 3.9 33.6
0 388.341 10 3.9 33.6
0 388.437 10 3.9 33.6
0 388.542 10 3.9 33.6
0 388.685 7 3.9 33.6
0 388.737 19 3.9 33.6
0 388.839 10 3.9 33.6
0 389.173 3 3.9 33.6
0 389.207 29 3.9 33.6
0 389.364 6 3.9 33.6
0 389.576 5 3.9 33.6
0 389.588 89 3.9 33.6
0 389.824 4 3.9 33.6
0 389.832 124 3.9 33.6
0 389.961 8 3.9 33.6
0 390.06 10 3.9 33.6
0 390.158 10 3.9 33.6
0 390.261 10 3.9 33.6
0 390.367 9 3.9 33.6
0 390.459 11 3.9 33.6
0 390.555 10 3.9 33.6
0 390.65 10 3.9 33.6
0 390.757 9 3.9 33.6
0 390.868 9 3.9 33.6
0 391.157 3 3.9 33.6
0 391.187 34 3.9 33.6
0 391.282 10 3.9 33.6
0 391.461 6 3.9 33.6
0 391.668 5 3.9 33.6
0 391.689 48 3.9 33.6
0 391.904 5 3.9 33.6
0 391.919 65 3.9 33.6
0 392.037 8 3.9 33.6
0 392.121 12 3.9 33.6
0 392.24 8 3.9 33.6
0 392.337 10 3.9 33.6
0 392.45 9 3.9 33.6
0 392.536 12 3.9 33.6
0 392.642 9 3.9 33.6
0 392.74 10 3.9 33.6
0 392.864 8 3.9 33.6
0 392.939 13 3.9 33.6
0 393.322 3 4.2 33.6
0 393.355 30 4.2 33.6
0 393.518 6 4.2 33.6
0 393.745 4 4.2 33.6
0 393.755 101 4.2 33.6
0 393.993 4 4.2 33.6
0 394.008 66 4.2 33.6
0 394.128 8 4.2 33.6
0 394.234 9 4.2 33.6
0 394.332 10 4.2 33.6
0 394.403 14 4.2 33.6
0 394.533 8 4.2 33.6
0 394.63 10 4.2 33.6
0 394.734 10 4.2 33.6
0 394.874 7 4.2 33.6
0 394.906 31 4.2 33.6
0 395.007 10 4.2 33.6
0 395.409 2 4.2 33.6
0 395.442 30 4.2 33.6
0 395.602 6 4.2 33.6
0 395.828 4 4.2 33.6
0 395.836 118 4.2 33.6
0 396.075 4 4.2 33.6
0 396.084 111 4.2 33.6
0 396.213 8 4.2 33.6
0 396.313 10 4.2 33.6
0 396.388 13 4.2 33.6
0 396.507 8 4.2 33.6
0 396.611 10 4.2 33.6
0 396.714 10 4.2 33.6
0 396.837 8 4.2 33.6
0 396.897 17 4.2 33.6
0 397.014 9 4.2 33.6
0 397.096 12 4.2 33.6
0 397.499 2 4.2 33.6
0 397.536 27 4.2 33.6
0 397.745 5 4.2 33.6
0 397.92 6 4.2 33.6
0 397.929 104 4.2 33.6
0 398.107 6 4.2 33.6
0 398.155 21 4.2 33.6
0 398.259 10 4.2 33.6
0 398.357 10 4.2 33.6
0 398.459 10 4.2 33.6
0 398.557 10 4.2 33.6
0 398.666 9 4.2 33.6
0 398.791 8 4.2 33.6
0 398.852 16 4.2 33.6
0 398.962 9 4.2 33.6
0 399.056 11 4.2 33.6
0 399.167 9 4.2 33.6
0 399.542 3 4.2 33.6
0 399.574 32 4.2 33.6
0 399.776 5 4.2 33.6
0 400.022 4 4.2 33.6
0 400.032 107 4.2 33.6
0 400.278 4 4.2 33.6
0 400.295 56 4.2 33.6
0 400.396 10 4.2 33.6
0 400.511 9 4.2 33.6
0 400.591 13 4.2 33.6
0 400.711 8 4.2 33.6
0 400.817 9 4.2 33.6
0 400.909 11 4.2 33.6
0 401.0 11 4.2 33.6
0 401.093 11 4.2 33.6
0 401.212 8 4.2 33.6
0 401.321 9 4.2 33.6
0 401.411 11 4.2 33.6
0 401.618 5 4.2 33.6
0 401.646 36 4.2 33.6
0 401.862 5 4.2 33.6
0 402.006 7 4.2 33.6
0 402.02 73 4.2 33.6
0 402.14 8 4.2 33.6
0 402.34 5 4.2 33.6
0 402.354 69 4.2 33.6
0 402.491 7 4.2 33.6
0 402.572 12 4.2 33.6
0 402.692 8 4.2 33.6
0 402.791 10 4.2 33.6
0 402.874 12 4.2 33.6
0 403.011 7 4.2 33.6
0 403.081 14 4.2 33.6
0 403.179 10 4.2 33.6
0 403.276 10 4.2 33.6
0 403.477 5 4.0 33.6
0 403.49 75 4.0 33.6
0 403.603 9 4.0 33.6
0 403.715 9 4.0 33.6
0 403.951 4 4.0 33.6
0 404.084 8 4.0 33.6
0 404.1 64 4.0 33.6
0 404.224 8 4.0 33.6
0 404.413 5 4.0 33.6
0 404.43 57 4.0 33.6
0 404.56 8 4.0 33.6
0 404.666 9 4.0 33.6
0 404.767 10 4.0 33.6
0 404.851 12 4.0 33.6
0 404.927 13 4.0 33.6
0 405.102 6 4.0 33.6
0 405.154 19 4.0 33.6
0 405.255 10 4.0 33.6
0 405.369 9 4.0 33.6
0 405.588 5 4.0 33.6
0 405.708 8 4.0 33.6
0 405.728 49 4.0 33.6
0 405.842 9 4.0 33.6
0 406.043 5 4.0 33.6
0 406.183 7 4.0 33.6
0 406.2 57 4.0 33.6
0 406.313 9 4.0 33.6
0 406.474 6 4.0 33.6
0 406.503 34 4.0 33.6
0 406.611 9 4.0 33.6
0 406.712 10 4.0 33.6
0 406.855 7 4.0 33.6
0 406.942 12 4.0 33.6
0 407.019 13 4.0 33.6
0 407.104 12 4.0 33.6
0 407.216 9 4.0 33.6
0 407.313 10 4.0 33.6
0 407.409 10 4.0 33.6
0 407.521 9 4.0 33.6
0 407.724 5 4.0 33.6
0 407.747 43 4.0 33.6
0 407.855 9 4.0 33.6
0 408.057 5 4.0 33.6
0 408.261 5 4.0 33.6
0 408.268 142 4.0 33.6
0 408.419 7 4.0 33.6
0 408.485 15 4.0 33.6
0 408.584 10 4.0 33.6
0 408.688 10 4.0 33.6
0 408.798 9 4.0 33.6
0 408.975 6 4.0 33.6
0 408.981 149 4.0 33.6
0 409.12 7 4.0 33.6
0 409.201 12 4.0 33.6
0 409.312 9 4.0 33.6
0 409.394 12 4.0 33.6
0 409.501 9 4.0 33.6
0 409.593 11 4.0 33.6
0 409.81 5 4.0 33.6
0 409.838 35 4.0 33.6
0 409.937 10 4.0 33.6
0 410.144 5 4.0 33.6
0 410.317 6 4.0 33.6
0 410.325 132 4.0 33.6
0 410.449 8 4.0 33.6
0 410.544 11 4.0 33.6
0 410.686 7 4.0 33.6
0 410.736 20 4.0 33.6
0 410.847 9 4.0 33.6
0 411.005 6 4.0 33.6
0 411.042 27 4.0 33.6
0 411.145 10 4.0 33.6
0 411.249 10 4.0 33.6
0 411.351 10 4.0 33.6
0 411.447 10 4.0 33.6
0 411.558 9 4.0 33.6
0 411.65 11 4.0 33.6
0 411.861 5 4.0 33.6
0 411.888 38 4.0 33.6
0 412.017 8 4.0 33.6
0 412.193 6 4.0 33.6
0 412.329 7 4.0 33.6
0 412.344 67 4.0 33.6
0 412.459 9 4.0 33.6
0 412.556 10 4.0 33.6
0 412.663 9 4.0 33.6
0 412.761 10 4.0 33.6
0 412.859 10 4.0 33.6
0 413.071 5 4.0 33.6
0 413.084 83 4.0 33.6
0 413.265 6 4.0 33.6
0 413.284 52 4.0 33.6
0 413.434 7 4.0 33.6
0 413.499 15 3.9 33.6
0 413.584 12 3.9 33.6
0 413.699 9 3.9 33.6
0 413.921 5 3.9 33.6
0 413.928 136 3.9 33.6
0 414.095 6 3.9 33.6
0 414.179 12 3.9 33.6
0 414.363 5 3.9 33.6
0 414.378 69 3.9 33.6
0 414.498 8 3.9 33.6
0 414.582 12 3.9 33.6
0 414.689 9 3.9 33.6
0 414.796 9 3.9 33.6
0 414.891 11 3.9 33.6
0 415.092 5 3.9 33.6
0 415.107 66 3.9 33.6
0 415.219 9 3.9 33.6
0 415.361 7 3.9 33.6
0 415.42 17 3.9 33.6
0 415.519 10 3.9 33.6
0 415.625 9 3.9 33.6
0 415.788 6 3.9 33.6
0 415.92 8 3.9 33.6
0 415.935 65 3.9 33.6
0 416.041 10 3.9 33.6
0 416.151 9 3.9 33.6
0 416.242 11 3.9 33.6
0 416.456 5 3.9 33.6
0 416.462 162 3.9 33.6
0 416.573 9 3.9 33.6
0 416.683 9 3.9 33.6
0 416.776 11 3.9 33.6
0 416.875 10 3.9 33.6
0 416.981 9 3.9 33.6
0 417.162 6 3.9 33.6
0 417.181 54 3.9 33.6
0 417.283 10 3.9 33.6
0 417.381 10 3.9 33.6
0 417.486 10 3.9 33.6
0 417.576 11 3.9 33.6
0 417.689 9 3.9 33.6
0 417.784 11 3.9 33.6
0 417.882 10 3.9 33.6
0 417.979 10 3.9 33.6
0 418.082 10 3.9 33.6
0 418.189 9 3.9 33.6
0 418.355 6 3.9 33.6
0 418.372 59 3.9 33.6
0 418.525 7 3.9 33.6
0 418.58 18 3.9 33.6
0 418.695 9 3.9 33.6
0 418.784 11 3.9 33.6
0 418.886 10 3.9 33.6
0 418.983 10 3.9 33.6
0 419.108 8 3.9 33.6
0 419.335 4 3.9 33.6
0 419.35 70 3.9 33.6
0 419.456 9 3.9 33.6
0 419.595 7 3.9 33.6
0 419.655 17 3.9 33.6
0 419.807 7 3.9 33.6
0 419.855 21 3.9 33.6
0 419.956 10 3.9 33.6
0 420.055 10 3.9 33.6
0 420.156 10 3.9 33.6
0 420.258 10 3.9 33.6
0 420.405 7 3.9 33.6
0 420.455 20 3.9 33.6
0 420.554 10 3.9 33.6
0 420.658 10 3.9 33.6
0 420.803 7 3.9 33.6
0 420.861 17 3.9 33.6
0 420.964 10 3.9 33.6
0 421.057 11 3.9 33.6
0 421.159 10 3.9 33.6
0 421.367 5 3.9 33.6
0 421.388 49 3.9 33.6
0 421.494 9 3.9 33.6
0 421.585 11 3.9 33.6
0 421.688 10 3.9 33.6
0 421.789 10 3.9 33.6
0 421.895 10 3.9 33.6
0 421.996 10 3.9 33.6
0 422.112 9 3.9 33.6
0 422.19 13 3.9 33.6
0 422.291 10 3.9 33.6
0 422.393 10 3.9 33.6
0 422.496 10 3.9 33.6
0 422.585 11 3.9 33.6
0 422.686 10 3.9 33.6
0 422.791 10 3.9 33.6
0 422.891 10 3.9 33.6
0 423.0 9 3.9 33.6
0 423.082 12 3.9 33.6
0 423.191 9 3.9 33.6
0 423.463 4 3.9 33.6
0 423.528 15 3.5 33.6
0 423.58 19 3.5 33.6
0 423.683 10 3.5 33.6
0 423.783 10 3.5 33.6
0 423.884 10 3.5 33.6
0 423.987 10 3.5 33.6
0 424.118 8 3.5 33.6
0 424.183 15 3.5 33.6
0 424.327 7 3.5 33.6
0 424.382 18 3.5 33.6
0 424.487 9 3.5 33.6
0 424.616 8 3.5 33.6
0 424.687 14 3.5 33.6
0 424.84 7 3.5 33.6
0 424.882 24 3.5 33.6
0 424.987 9 3.5 33.6
0 425.082 11 3.5 33.6
0 425.193 9 3.5 33.6
0 425.283 11 3.5 33.6
0 425.532 4 3.5 33.6
0 425.547 67 3.5 33.6
0 425.649 10 3.5 33.6
0 425.751 10 3.5 33.6
0 425.922 6 3.5 33.6
0 425.946 42 3.5 33.6
0 426.054 9 3.5 33.6
0 426.149 10 3.5 33.6
0 426.262 9 3.5 33.6
0 426.352 11 3.5 33.6
0 426.452 10 3.5 33.6
0 426.551 10 3.5 33.6
0 426.653 10 3.5 33.6
0 426.763 9 3.5 33.6
0 426.854 11 3.5 33.6
0 426.955 10 3.5 33.6
0 427.047 11 3.5 33.6
0 427.194 7 3.5 33.6
0 427.244 20 3.5 33.6
0 427.364 8 3.5 33.6
0 427.562 5 3.5 33.6
0 427.578 62 3.5 33.6
0 427.677 10 3.5 33.6
0 427.777 10 3.5 33.6
0 427.89 9 3.5 33.6
0 427.979 11 3.5 33.6
0 428.066 11 3.5 33.6
0 428.182 9 3.5 33.6
0 428.277 11 3.5 33.6
0 428.449 6 3.5 33.6
0 428.472 44 3.5 33.6
0 428.611 7 3.5 33.6
0 428.683 14 3.5 33.6
0 428.779 10 3.5 33.6
0 428.88 10 3.5 33.6
0 428.986 9 3.5 33.6
0 429.08 11 3.5 33.6
0 429.231 7 3.5 33.6
0 429.277 22 3.5 33.6
0 429.42 7 3.5 33.6
0 429.489 15 3.5 33.6
0 429.61 8 3.5 33.6
0 429.678 15 3.5 33.6
0 429.841 6 3.5 33.6
0 429.877 28 3.5 33.6
0 429.991 9 3.5 33.6
0 430.082 11 3.5 33.6
0 430.184 10 3.5 33.6
0 430.28 10 3.5 33.6
0 430.38 10 3.5 33.6
0 430.523 7 3.5 33.6
0 430.58 18 3.5 33.6
0 430.685 9 3.5 33.6
0 430.773 11 3.5 33.6
0 430.954 6 3.5 33.6
0 430.972 57 3.5 33.6
0 431.09 8 3.5 33.6
0 431.186 10 3.5 33.6
0 431.281 11 3.5 33.6
0 431.381 10 3.5 33.6
0 431.481 10 3.5 33.6
0 431.593 9 3.5 33.6
0 431.683 11 3.5 33.6
0 431.777 11 3.5 33.6
0 431.882 10 3.5 33.6
0 431.982 10 3.5 33.6
0 432.085 10 3.5 33.6
0 432.261 6 3.5 33.6
0 432.272 85 3.5 33.6
0 432.386 9 3.5 33.6
0 432.481 11 3.5 33.6
0 432.606 8 3.5 33.6
0 432.687 12 3.5 33.6
0 432.796 9 3.5 33.6
0 432.894 10 3.5 33.6
0 433.006 9 3.5 33.6
0 433.091 12 3.5 33.6
0 433.209 8 3.5 33.6
0 433.312 10 3.5 33.6
0 433.423 9 3.5 33.6
0 433.537 9 3.4 33.6
0 433.619 12 3.4 33.6
0 433.71 11 3.4 33.6
0 433.788 13 3.4 33.6
0 433.912 8 3.4 33.6
0 434.008 11 3.4 33.6
0 434.096 11 3.4 33.6
0 434.22 8 3.4 33.6
0 434.311 11 3.4 33.6
0 434.429 8 3.4 33.6
0 434.505 13 3.4 33.6
0 434.701 5 3.4 33.6
0 434.728 37 3.4 33.6
0 434.886 6 3.4 33.6
0 434.935 21 3.4 33.6
0 435.042 9 3.4 33.6
0 435.136 11 3.4 33.6
0 435.239 10 3.4 33.6
0 435.344 10 3.4 33.6
0 435.444 10 3.4 33.6
0 435.543 10 3.4 33.6
0 435.637 11 3.4 33.6
0 435.741 10 3.4 33.6
0 435.84 10 3.4 33.6
0 436.006 6 3.4 33.6
0 436.015 109 3.4 33.6
0 436.142 8 3.4 33.6
0 436.243 10 3.4 33.6
0 436.344 10 3.4 33.6
0 436.444 10 3.4 33.6
0 436.55 9 3.4 33.6
0 436.642 11 3.4 33.6
0 436.807 6 3.4 33.6
0 436.835 36 3.4 33.6
0 436.946 9 3.4 33.6
0 437.051 10 3.4 33.6
0 437.145 11 3.4 33.6
0 437.295 7 3.4 33.6
0 437.331 28 3.4 33.6
0 437.441 9 3.4 33.6
0 437.554 9 3.4 33.6
0 437.645 11 3.4 33.6
0 437.747 10 3.4 33.6
0 437.843 10 3.4 33.6
0 437.948 10 3.4 33.6
0 438.045 10 3.4 33.6
0 438.155 9 3.4 33.6
0 438.245 11 3.4 33.6
0 438.347 10 3.4 33.6
0 438.466 8 3.4 33.6
0 438.578 9 3.4 33.6
0 438.688 9 3.4 33.6
0 438.722 30 3.4 33.6
0 438.9 6 3.4 33.6
0 438.931 32 3.4 33.6
0 439.04 9 3.4 33.6
0 439.141 10 3.4 33.6
0 439.278 7 3.4 33.6
0 439.324 22 3.4 33.6
0 439.474 7 3.4 33.6
0 439.539 16 3.4 33.6
0 439.675 7 3.4 33.6
0 439.738 16 3.4 33.6
0 439.842 10 3.4 33.6
0 439.958 9 3.4 33.6
0 440.042 12 3.4 33.6
0 440.139 10 3.4 33.6
0 440.243 10 3.4 33.6
0 440.334 11 3.4 33.6
0 440.451 9 3.4 33.6
0 440.549 10 3.4 33.6
0 440.65 10 3.4 33.6
0 440.753 10 3.4 33.6
0 440.896 7 3.4 33.6
0 441.011 9 3.4 33.6
0 441.022 98 3.4 33.6
0 441.152 8 3.4 33.6
0 441.252 10 3.4 33.6
0 441.348 10 3.4 33.6
0 441.446 10 3.4 33.6
0 441.557 9 3.4 33.6
0 441.678 8 3.4 33.6
0 441.729 19 3.4 33.6
0 441.832 10 3.4 33.6
0 441.93 10 3.4 33.6
0 442.03 10 3.4 33.6
0 442.141 9 3.4 33.6
0 442.298 6 3.4 33.6
0 442.327 34 3.4 33.6
0 442.422 10 3.4 33.6
0 442.53 9 3.4 33.6
0 442.631 10 3.4 33.6
0 442.741 9 3.4 33.6
0 442.892 7 3.4 33.6
0 442.932 25 3.4 33.6
0 443.031 10 3.4 33.6
0 443.132 10 3.4 33.6
0 443.232 10 3.4 33.6
0 443.341 9 3.4 33.6
0 443.477 7 3.4 33.6
0 443.578 10 4.1 33.6
0 443.675 10 4.1 33.6
0 443.732 17 4.1 33.6
0 443.842 9 4.1 33.6
0 443.933 11 4.1 33.6
0 444.031 10 4.1 33.6
0 444.134 10 4.1 33.6
0 444.253 8 4.1 33.6
0 444.386 8 4.1 33.6
0 444.466 12 4.1 33.6
0 444.533 15 4.1 33.6
0 444.668 7 4.1 33.6
0 444.732 16 4.1 33.6
0 444.894 6 4.1 33.6
0 444.932 26 4.1 33.6
0 445.082 7 4.1 33.6
0 445.135 19 4.1 33.6
0 445.232 10 4.1 33.6
0 445.337 10 4.1 33.6
0 445.446 9 4.1 33.6
0 445.537 11 4.1 33.6
0 445.636 10 4.1 33.6
0 445.735 10 4.1 33.6
0 445.837 10 4.1 33.6
0 446.014 6 4.1 33.6
0 446.022 130 4.1 33.6
0 446.139 9 4.1 33.6
0 446.236 10 4.1 33.6
0 446.39 6 4.1 33.6
0 446.438 21 4.1 33.6
0 446.541 10 4.1 33.6
0 446.675 7 4.1 33.6
0 446.736 16 4.1 33.6
0 446.893 6 4.1 33.6
0 446.936 23 4.1 33.6
0 447.066 8 4.1 33.6
0 447.161 11 4.1 33.6
0 447.312 7 4.1 33.6
0 447.329 60 4.1 33.6
0 447.458 8 4.1 33.6
0 447.557 10 4.1 33.6
0 447.667 9 4.1 33.6
0 447.759 11 4.1 33.6
0 447.86 10 4.1 33.6
0 447.959 10 4.1 33.6
0 448.059 10 4.1 33.6
0 448.168 9 4.1 33.6
0 448.257 11 4.1 33.6
0 448.438 6 4.1 33.6
0 448.493 18 4.1 33.6
0 448.621 8 4.1 33.6
0 448.711 11 4.1 33.6
0 448.772 16 4.1 33.6
0 448.896 8 4.1 33.6
0 448.996 10 4.1 33.6
0 449.091 11 4.1 33.6
0 449.196 10 4.1 33.6
0 449.303 9 4.1 33.6
0 449.405 10 4.1 33.6
0 449.508 10 4.1 33.6
0 449.579 14 4.1 33.6
0 449.705 8 4.1 33.6
0 449.785 12 4.1 33.6
0 449.896 9 4.1 33.6
0 449.994 10 4.1 33.6
0 450.093 10 4.1 33.6
0 450.198 9 4.1 33.6
0 450.297 10 4.1 33.6
0 450.454 6 4.1 33.6
0 450.504 20 4.1 33.6
0 450.608 10 4.1 33.6
0 450.713 10 4.1 33.6
0 450.81 10 4.1 33.6
0 450.959 7 4.1 33.6
0 451.05 11 4.1 33.6
0 451.07 50 4.1 33.6
0 451.199 8 4.1 33.6
0 451.279 13 4.1 33.6
0 451.39 9 4.1 33.6
0 451.527 7 4.1 33.6
0 451.59 16 4.1 33.6
0 451.732 7 4.1 33.6
0 451.793 16 4.1 33.6
0 451.889 10 4.1 33.6
0 452.002 9 4.1 33.6
0 452.096 11 4.1 33.6
0 452.201 10 4.1 33.6
0 452.35 7 4.1 33.6
0 452.374 43 4.1 33.6
0 452.565 5 4.1 33.6
0 452.601 29 4.1 33.6
0 452.704 10 4.1 33.6
0 452.803 10 4.1 33.6
0 452.921 9 4.1 33.6
0 453.01 11 4.1 33.6
0 453.103 11 4.1 33.6
0 453.206 10 4.1 33.6
0 453.278 14 4.1 33.6
0 453.405 8 4.1 33.6
0 453.51 10 4.1 33.6
0 453.632 8 4.2 33.6
0 453.749 9 4.2 33.6
0 453.802 19 4.2 33.6
0 453.906 10 4.2 33.6
0 454.014 9 4.2 33.6
0 454.102 11 4.2 33.6
0 454.214 9 4.2 33.6
0 454.307 11 4.2 33.6
0 454.436 8 4.2 33.6
0 454.585 7 4.2 33.6
0 454.6 66 4.2 33.6
0 454.754 7 4.2 33.6
0 454.82 15 4.2 33.6
0 454.905 12 4.2 33.6
0 455.025 8 4.2 33.6
0 455.098 14 4.2 33.6
0 455.227 8 4.2 33.6
0 455.32 11 4.2 33.6
0 455.4 12 4.2 33.6
0 455.526 8 4.2 33.6
0 455.606 13 4.2 33.6
0 455.724 8 4.2 33.6
0 455.796 14 4.2 33.6
0 455.933 7 4.2 33.6
0 456.097 6 4.2 33.6
0 456.109 85 4.2 33.6
0 456.237 8 4.2 33.6
0 456.327 11 4.2 33.6
0 456.424 10 4.2 33.6
0 456.622 5 4.2 33.6
0 456.657 28 4.2 33.6
0 456.793 7 4.2 33.6
0 456.857 16 4.2 33.6
0 457.022 6 4.2 33.6
0 457.053 32 4.2 33.6
0 457.169 9 4.2 33.6
0 457.262 11 4.2 33.6
0 457.417 6 4.2 33.6
0 457.433 63 4.2 33.6
0 457.561 8 4.2 33.6
0 457.672 9 4.2 33.6
0 457.763 11 4.2 33.6
0 457.864 10 4.2 33.6
0 457.963 10 4.2 33.6
0 458.064 10 4.2 33.6
0 458.173 9 4.2 33.6
0 458.264 11 4.2 33.6
0 458.349 12 4.2 33.6
0 458.457 9 4.2 33.6
0 458.556 10 4.2 33.6
0 458.758 5 4.2 33.6
0 458.803 22 4.2 33.6
0 458.892 11 4.2 33.6
0 459.055 6 4.2 33.6
0 459.09 28 4.2 33.6
0 459.199 9 4.2 33.6
0 459.303 10 4.2 33.6
0 459.394 11 4.2 33.6
0 459.544 7 4.2 33.6
0 459.616 14 4.2 33.6
0 459.699 12 4.2 33.6
0 459.826 8 4.2 33.6
0 459.894 15 4.2 33.6
0 459.997 10 4.2 33.6
0 460.097 10 4.2 33.6
0 460.202 10 4.2 33.6
0 460.295 11 4.2 33.6
0 460.396 10 4.2 33.6
0 460.493 10 4.2 33.6
0 460.594 10 4.2 33.6
0 460.7 9 4.2 33.6
0 460.846 7 4.2 33.6
0 460.878 31 4.2 33.6
0 461.021 7 4.2 33.6
0 461.155 7 4.2 33.6
0 461.171 64 4.2 33.6
0 461.302 8 4.2 33.6
0 461.387 12 4.2 33.6
0 461.495 9 4.2 33.6
0 461.627 8 4.2 33.6
0 461.696 14 4.2 33.6
0 461.847 7 4.2 33.6
0 461.901 18 4.2 33.6
0 462.02 8 4.2 33.6
0 462.103 12 4.2 33.6
0 462.224 8 4.2 33.6
0 462.321 10 4.2 33.6
0 462.451 8 4.2 33.6
0 462.504 19 4.2 33.6
0 462.601 10 4.2 33.6
0 462.72 8 4.2 33.6
0 462.887 6 4.2 33.6
0 462.923 28 4.2 33.6
0 463.097 6 4.2 33.6
0 463.112 67 4.2 33.6
0 463.253 7 4.2 33.6
0 463.363 9 4.2 33.6
0 463.451 11 4.2 33.6
0 463.551 10 4.2 33.6
0 463.622 14 4.2 33.6
0 463.79 6 4.5 33.7
0 463.863 14 4.5 33.7
0 463.947 12 4.5 33.7
0 464.058 9 4.5 33.7
0 464.116 17 4.5 33.7
0 464.256 7 4.5 33.7
0 464.359 10 4.5 33.7
0 464.457 10 4.5 33.7
0 464.591 7 4.5 33.7
0 464.643 19 4.5 33.7
0 464.757 9 4.5 33.7
0 464.927 6 4.5 33.7
0 464.989 16 4.5 33.7
0 465.114 8 4.5 33.7
0 465.175 16 4.5 33.7
0 465.288 9 4.5 33.7
0 465.388 10 4.5 33.7
0 465.492 10 4.5 33.7
0 465.584 11 4.5 33.7
0 465.698 9 4.5 33.7
0 465.769 14 4.5 33.7
0 465.87 10 4.5 33.7
0 465.97 10 4.5 33.7
0 466.077 9 4.5 33.7
0 466.229 7 4.5 33.7
0 466.244 65 4.5 33.7
0 466.377 8 4.5 33.7
0 466.471 11 4.5 33.7
0 466.581 9 4.5 33.7
0 466.711 8 4.5 33.7
0 466.781 14 4.5 33.7
0 466.942 6 4.5 33.7
0 466.979 27 4.5 33.7
0 467.118 7 4.5 33.7
0 467.203 12 4.5 33.7
0 467.306 10 4.5 33.7
0 467.395 11 4.5 33.7
0 467.51 9 4.5 33.7
0 467.578 15 4.5 33.7
0 467.709 8 4.5 33.7
0 467.789 13 4.5 33.7
0 467.903 9 4.5 33.7
0 467.995 11 4.5 33.7
0 468.092 10 4.5 33.7
0 468.193 10 4.5 33.7
0 468.296 10 4.5 33.7
0 468.39 11 4.5 33.7
0 468.486 10 4.5 33.7
0 468.605 8 4.5 33.7
0 468.724 8 4.5 33.7
0 468.82 10 4.5 33.7
0 468.983 6 4.5 33.7
0 469.046 16 4.5 33.7
0 469.205 6 4.5 33.7
0 469.227 46 4.5 33.7
0 469.364 7 4.5 33.7
0 469.452 11 4.5 33.7
0 469.617 6 4.5 33.7
0 469.668 20 4.5 33.7
0 469.784 9 4.5 33.7
0 469.898 9 4.5 33.7
0 469.972 13 4.5 33.7
0 470.078 9 4.5 33.7
0 470.192 9 4.5 33.7
0 470.251 17 4.5 33.7
0 470.372 8 4.5 33.7
0 470.496 8 4.5 33.7
0 470.546 20 4.5 33.7
0 470.648 10 4.5 33.7
0 470.799 7 4.5 33.7
0 470.871 14 4.5 33.7
0 471.048 6 4.5 33.7
0 471.099 19 4.5 33.7
0 471.33 4 4.5 33.7
0 471.35 49 4.5 33.7
0 471.494 7 4.5 33.7
0 471.585 11 4.5 33.7
0 471.673 11 4.5 33.7
0 471.828 6 4.5 33.7
0 471.851 43 4.5 33.7
0 471.973 8 4.5 33.7
0 472.081 9 4.5 33.7
0 472.205 8 4.5 33.7
0 472.304 10 4.5 33.7
0 472.397 11 4.5 33.7
0 472.503 9 4.5 33.7
0 472.607 10 4.5 33.7
0 472.665 17 4.5 33.7
0 472.816 7 4.5 33.7
0 472.892 13 4.5 33.7
0 473.064 6 4.5 33.7
0 473.091 37 4.5 33.7
0 473.306 5 4.5 33.7
0 473.382 13 4.5 33.7
0 473.495 9 4.5 33.7
0 473.597 10 4.5 33.7
0 473.694 10 4.5 33.7
0 473.797 10 5.3 33.7
0 473.903 9 5.3 33.7
0 473.981 13 5.3 33.7
0 474.096 9 5.3 33.7
0 474.193 10 5.3 33.7
0 474.296 10 5.3 33.7
0 474.334 26 5.3 33.7
0 474.508 6 5.3 33.7
0 474.587 13 5.3 33.7
0 474.695 9 5.3 33.7
0 474.779 12 5.3 33.7
0 474.884 10 5.3 33.7
0 474.986 10 5.3 33.7
0 475.086 10 5.3 33.7
0 475.129 23 5.3 33.7
0 475.347 5 5.3 33.7
0 475.4 19 5.3 33.7
0 475.522 8 5.3 33.7
0 475.606 12 5.3 33.7
0 475.723 9 5.3 33.7
0 475.829 9 5.3 33.7
0 475.919 11 5.3 33.7
0 476.015 10 5.3 33.7
0 476.112 10 5.3 33.7
0 476.219 9 5.3 33.7
0 476.352 8 5.3 33.7
0 476.374 46 5.3 33.7
0 476.509 7 5.3 33.7
0 476.61 10 5.3 33.7
0 476.733 8 5.3 33.7
0 476.874 7 5.3 33.7
0 476.895 49 5.3 33.7
0 477.105 5 5.3 33.7
0 477.126 48 5.3 33.7
0 477.287 6 5.3 33.7
0 477.404 9 5.3 33.7
0 477.426 45 5.3 33.7
0 477.579 7 5.3 33.7
0 477.663 12 5.3 33.7
0 477.766 10 5.3 33.7
0 477.868 10 5.3 33.7
0 477.961 11 5.3 33.7
0 478.054 11 5.3 33.7
0 478.181 8 5.3 33.7
0 478.255 13 5.3 33.7
0 478.388 8 5.3 33.7
0 478.483 11 5.3 33.7
0 478.561 13 5.3 33.7
0 478.662 10 5.3 33.7
0 478.77 9 5.3 33.7
0 478.869 10 5.3 33.7
0 478.983 9 5.3 33.7
0 479.118 7 5.3 33.7
0 479.17 19 5.3 33.7
0 479.28 9 5.3 33.7
0 479.439 6 5.3 33.7
0 479.487 21 5.3 33.7
0 479.594 9 5.3 33.7
0 479.723 8 5.3 33.7
0 479.812 11 5.3 33.7
0 479.898 12 5.3 33.7
0 480.003 10 5.3 33.7
0 480.098 10 5.3 33.7
0 480.198 10 5.3 33.7
0 480.296 10 5.3 33.7
0 480.394 10 5.3 33.7
0 480.482 11 5.3 33.7
0 480.587 10 5.3 33.7
0 480.7 9 5.3 33.7
0 480.829 8 5.3 33.7
0 480.882 19 5.3 33.7
0 480.986 10 5.3 33.7
0 481.11 8 5.3 33.7
0 481.183 14 5.3 33.7
0 481.282 10 5.3 33.7
0 481.549 4 5.3 33.7
0 481.561 86 5.3 33.7
0 481.697 7 5.3 33.7
0 481.791 11 5.3 33.7
0 481.925 7 5.3 33.7
0 481.991 15 5.3 33.7
0 482.097 9 5.3 33.7
0 482.192 10 5.3 33.7
0 482.283 11 5.3 33.7
0 482.382 10 5.3 33.7
0 482.485 10 5.3 33.7
0 482.58 10 5.3 33.7
0 482.695 9 5.3 33.7
0 482.793 10 5.3 33.7
0 482.891 10 5.3 33.7
0 482.995 10 5.3 33.7
0 483.156 6 5.3 33.7
0 483.193 27 5.3 33.7
0 483.303 9 5.3 33.7
0 483.53 4 5.3 33.7
0 483.539 102 5.3 33.7
0 483.697 6 5.3 33.7
0 483.751 19 5.3 33.7
0 483.86 9 5.2 33.7
0 483.993 8 5.2 33.7
0 484.053 16 5.2 33.7
0 484.152 10 5.2 33.7
0 484.253 10 5.2 33.7
0 484.362 9 5.2 33.7
0 484.454 11 5.2 33.7
0 484.556 10 5.2 33.7
0 484.653 10 5.2 33.7
0 484.801 7 5.2 33.7
0 484.894 11 5.2 33.7
0 484.953 17 5.2 33.7
0 485.08 8 5.2 33.7
0 485.207 8 5.2 33.7
0 485.254 21 5.2 33.7
0 485.352 10 5.2 33.7
0 485.516 6 5.2 33.7
0 485.549 30 5.2 33.7
0 485.654 10 5.2 33.7
0 485.755 10 5.2 33.7
0 485.924 6 5.2 33.7
0 485.94 59 5.2 33.7
0 486.062 8 5.2 33.7
0 486.157 11 5.2 33.7
0 486.256 10 5.2 33.7
0 486.355 10 5.2 33.7
0 486.454 10 5.2 33.7
0 486.647 5 5.2 33.7
0 486.68 30 5.2 33.7
0 486.793 9 5.2 33.7
0 486.92 8 5.2 33.7
0 486.985 15 5.2 33.7
0 487.092 9 5.2 33.7
0 487.251 6 5.2 33.7
0 487.292 24 5.2 33.7
0 487.392 10 5.2 33.7
0 487.602 5 5.2 33.7
0 487.616 72 5.2 33.7
0 487.768 7 5.2 33.7
0 487.843 13 5.2 33.7
0 487.944 10 5.2 33.7
0 488.042 10 5.2 33.7
0 488.132 11 5.2 33.7
0 488.244 9 5.2 33.7
0 488.352 9 5.2 33.7
0 488.435 12 5.2 33.7
0 488.564 8 5.2 33.7
0 488.617 19 5.2 33.7
0 488.85 4 5.2 33.7
0 488.894 23 5.2 33.7
0 489.023 8 5.2 33.7
0 489.089 15 5.2 33.7
0 489.192 10 5.2 33.7
0 489.351 6 5.2 33.7
0 489.4 21 5.2 33.7
0 489.602 5 5.2 33.7
0 489.614 83 5.2 33.7
0 489.764 7 5.2 33.7
0 489.883 8 5.2 33.7
0 489.98 10 5.2 33.7
0 490.057 13 5.2 33.7
0 490.126 15 5.2 33.7
0 490.263 7 5.2 33.7
0 490.359 10 5.2 33.7
0 490.442 12 5.2 33.7
0 490.544 10 5.2 33.7
0 490.629 12 5.2 33.7
0 490.74 9 5.2 33.7
0 490.895 6 5.2 33.7
0 491.007 9 5.2 33.7
0 491.024 60 5.2 33.7
0 491.135 9 5.2 33.7
0 491.269 7 5.2 33.7
0 491.402 8 5.2 33.7
0 491.469 15 5.2 33.7
0 491.666 5 5.2 33.7
0 491.683 59 5.2 33.7
0 491.83 7 5.2 33.7
0 491.962 8 5.2 33.7
0 491.984 46 5.2 33.7
0 492.128 7 5.2 33.7
0 492.233 10 5.2 33.7
0 492.324 11 5.2 33.7
0 492.401 13 5.2 33.7
0 492.519 9 5.2 33.7
0 492.614 10 5.2 33.7
0 492.74 8 5.2 33.7
0 492.947 5 5.2 33.7
0 493.004 17 5.2 33.7
0 493.108 10 5.2 33.7
0 493.209 10 5.2 33.7
0 493.318 9 5.2 33.7
0 493.47 7 5.2 33.7
0 493.527 18 5.2 33.7
0 493.771 4 5.2 33.7
0 493.786 65 5.2 33.7
0 493.938 7 4.3 33.7
0 494.06 8 4.3 33.7
0 494.107 21 4.3 33.7
0 494.233 8 4.3 33.7
0 494.33 10 4.3 33.7
0 494.4 14 4.3 33.7
0 494.536 7 4.3 33.7
0 494.602 15 4.3 33.7
0 494.733 8 4.3 33.7
0 494.829 10 4.3 33.7
0 495.061 4 4.3 33.7
0 495.141 13 4.3 33.7
0 495.203 16 4.3 33.7
0 495.329 8 4.3 33.7
0 495.397 15 4.3 33.7
0 495.562 6 4.3 33.7
0 495.599 27 4.3 33.7
0 495.71 9 4.3 33.7
0 495.804 11 4.3 33.7
0 495.898 11 4.3 33.7
0 496.065 6 4.3 33.7
0 496.075 104 4.3 33.7
0 496.202 8 4.3 33.7
0 496.304 10 4.3 33.7
0 496.403 10 4.3 33.7
0 496.504 10 4.3 33.7
0 496.601 10 4.3 33.7
0 496.783 6 4.3 33.7
0 496.793 94 4.3 33.7
0 496.926 8 4.3 33.7
0 497.167 4 4.3 33.7
0 497.18 75 4.3 33.7
0 497.286 9 4.3 33.7
0 497.404 9 4.3 33.7
0 497.57 6 4.3 33.7
0 497.604 29 4.3 33.7
0 497.706 10 4.3 33.7
0 497.839 7 4.3 33.7
0 497.908 15 4.3 33.7
0 498.013 9 4.3 33.7
0 498.107 11 4.3 33.7
0 498.211 10 4.3 33.7
0 498.311 10 4.3 33.7
0 498.431 8 4.3 33.7
0 498.506 13 4.3 33.7
0 498.609 10 4.3 33.7
0 498.712 10 4.3 33.7
0 498.849 7 4.3 33.7
0 498.909 17 4.3 33.7
0 499.007 10 4.3 33.7
0 499.219 5 4.3 33.7
0 499.256 27 4.3 33.7
0 499.354 10 4.3 33.7
0 499.459 10 4.3 33.7
0 499.613 6 4.3 33.7
0 499.657 23 4.3 33.7
0 499.761 10 4.3 33.7
0 499.861 10 4.3 33.7
0 499.974 9 4.3 33.7
0 500.058 12 4.3 33.7
0 500.213 6 4.3 33.7
0 500.226 77 4.3 33.7
0 500.379 7 4.3 33.7
0 500.443 16 4.3 33.7
0 500.546 10 4.3 33.7
0 500.643 10 4.3 33.7
0 500.749 9 4.3 33.7
0 500.833 12 4.3 33.7
0 500.948 9 4.3 33.7
0 501.102 6 4.3 33.7
0 501.25 7 4.3 33.7
0 501.271 48 4.3 33.7
0 501.372 10 4.3 33.7
0 501.468 10 4.3 33.7
0 501.683 5 4.3 33.7
0 501.728 22 4.3 33.7
0 501.862 7 4.3 33.7
0 501.894 31 4.3 33.7
0 502.034 7 4.3 33.7
0 502.105 14 4.3 33.7
0 502.207 10 4.3 33.7
0 502.311 10 4.3 33.7
0 502.407 10 4.3 33.7
0 502.508 10 4.3 33.7
0 502.606 10 4.3 33.7
0 502.708 10 4.3 33.7
0 502.83 8 4.3 33.7
0 502.896 15 4.3 33.7
0 503.011 9 4.3 33.7
0 503.105 11 4.3 33.7
0 503.318 5 4.3 33.7
0 503.341 44 4.3 33.7
0 503.483 7 4.3 33.7
0 503.542 17 4.3 33.7
0 503.747 5 4.3 33.7
0 503.771 43 4.3 33.7
0 503.919 7 4.3 33.7
0 503.971 19 4.0 33.7
0 504.075 10 4.0 33.7
0 504.193 8 4.0 33.7
0 504.275 12 4.0 33.7
0 504.373 10 4.0 33.7
0 504.476 10 4.0 33.7
0 504.571 11 4.0 33.7
0 504.672 10 4.0 33.7
0 504.759 11 4.0 33.7
0 504.877 8 4.0 33.7
0 504.991 9 4.0 33.7
0 505.066 13 4.0 33.7
0 505.329 4 4.0 33.7
0 505.37 25 4.0 33.7
0 505.44 14 4.0 33.7
0 505.555 9 4.0 33.7
0 505.76 5 4.0 33.7
0 505.781 47 4.0 33.7
0 505.888 9 4.0 33.7
0 505.982 11 4.0 33.7
0 506.121 7 4.0 33.7
0 506.183 16 4.0 33.7
0 506.283 10 4.0 33.7
0 506.39 9 4.0 33.7
0 506.477 11 4.0 33.7
0 506.584 9 4.0 33.7
0 506.688 10 4.0 33.7
0 506.822 7 4.0 33.7
0 506.884 16 4.0 33.7
0 506.978 11 4.0 33.7
0 507.106 8 4.0 33.7
0 507.189 12 4.0 33.7
0 507.392 5 4.0 33.7
0 507.404 79 4.0 33.7
0 507.519 9 4.0 33.7
0 507.609 11 4.0 33.7
0 507.816 5 4.0 33.7
0 507.852 27 4.0 33.7
0 507.938 12 4.0 33.7
0 508.043 10 4.0 33.7
0 508.133 11 4.0 33.7
0 508.245 9 4.0 33.7
0 508.34 11 4.0 33.7
0 508.44 10 4.0 33.7
0 508.566 8 4.0 33.7
0 508.627 16 4.0 33.7
0 508.746 8 4.0 33.7
0 508.841 11 4.0 33.7
0 508.969 8 4.0 33.7
0 509.039 14 4.0 33.7
0 509.129 11 4.0 33.7
0 509.267 7 4.0 33.7
0 509.452 5 4.0 33.7
0 509.468 61 4.0 33.7
0 509.564 10 4.0 33.7
0 509.676 9 4.0 33.7
0 509.885 5 4.0 33.7
0 509.902 58 4.0 33.7
0 510.024 8 4.0 33.7
0 510.102 13 4.0 33.7
0 510.264 6 4.0 33.7
0 510.303 25 4.0 33.7
0 510.422 8 4.0 33.7
0 510.505 12 4.0 33.7
0 510.603 10 4.0 33.7
0 510.703 10 4.0 33.7
0 510.814 9 4.0 33.7
0 510.904 11 4.0 33.7
0 511.005 10 4.0 33.7
0 511.131 8 4.0 33.7
0 511.204 14 4.0 33.7
0 511.315 9 4.0 33.7
0 511.403 11 4.0 33.7
0 511.505 10 4.0 33.7
0 511.604 10 4.0 33.7
0 511.705 10 4.0 33.7
0 511.96 4 4.0 33.7
0 511.975 66 4.0 33.7
0 512.08 9 4.0 33.7
0 512.21 8 4.0 33.7
0 512.278 15 4.0 33.7
0 512.391 9 4.0 33.7
0 512.478 11 4.0 33.7
0 512.58 10 4.0 33.7
0 512.678 10 4.0 33.7
0 512.78 10 4.0 33.7
0 512.909 8 4.0 33.7
0 512.966 18 4.0 33.7
0 513.08 9 4.0 33.7
0 513.177 10 4.0 33.7
0 513.28 10 4.0 33.7
0 513.368 11 4.0 33.7
0 513.491 8 4.0 33.7
0 513.607 9 4.0 33.7
0 513.679 14 4.0 33.7
0 513.78 10 4.0 33.7
0 513.988 5 2.9 33.7
0 514.041 19 2.9 33.7
0 514.108 15 2.9 33.7
0 514.208 10 2.9 33.7
0 514.332 8 2.9 33.7
0 514.408 13 2.9 33.7
0 514.513 10 2.9 33.7
0 514.61 10 2.9 33.7
0 514.708 10 2.9 33.7
0 514.799 11 2.9 33.7
0 514.91 9 2.9 33.7
0 515.037 8 2.9 33.7
0 515.115 13 2.9 33.7
0 515.235 8 2.9 33.7
0 515.344 9 2.9 33.7
0 515.433 11 2.9 33.7
0 515.511 13 2.9 33.7
0 515.608 10 2.9 33.7
0 515.717 9 2.9 33.7
0 515.81 11 2.9 33.7
0 516.016 5 2.9 33.7
0 516.034 53 2.9 33.7
0 516.17 7 2.9 33.7
0 516.242 14 2.9 33.7
0 516.335 11 2.9 33.7
0 516.436 10 2.9 33.7
0 516.537 10 2.9 33.7
0 516.621 12 2.9 33.7
0 516.738 9 2.9 33.7
0 516.882 7 2.9 33.7
0 516.935 19 2.9 33.7
0 517.038 10 2.9 33.7
0 517.135 10 2.9 33.7
0 517.272 7 2.9 33.7
0 517.337 15 2.9 33.7
0 517.437 10 2.9 33.7
0 517.539 10 2.9 33.7
0 517.623 12 2.9 33.7
0 517.739 9 2.9 33.7
0 517.843 10 2.9 33.7
0 518.064 5 2.9 33.7
0 518.08 64 2.9 33.7
0 518.178 10 2.9 33.7
0 518.282 10 2.9 33.7
0 518.387 10 2.9 33.7
0 518.48 11 2.9 33.7
0 518.611 8 2.9 33.7
0 518.678 15 2.9 33.7
0 518.783 10 2.9 33.7
0 518.887 10 2.9 33.7
0 518.98 11 2.9 33.7
0 519.114 8 2.9 33.7
0 519.182 15 2.9 33.7
0 519.285 10 2.9 33.7
0 519.414 8 2.9 33.7
0 519.481 15 2.9 33.7
0 519.581 10 2.9 33.7
0 519.682 10 2.9 33.7
0 519.785 10 2.9 33.7
0 519.881 10 2.9 33.7
0 519.988 9 2.9 33.7
0 520.113 8 2.9 33.7
0 520.182 14 2.9 33.7
0 520.325 7 2.9 33.7
0 520.382 17 2.9 33.7
0 520.523 7 2.9 33.7
0 520.58 17 2.9 33.7
0 520.684 10 2.9 33.7
0 520.783 10 2.9 33.7
0 520.885 10 2.9 33.7
0 520.983 10 2.9 33.7
0 521.091 9 2.9 33.7
0 521.227 7 2.9 33.7
0 521.282 18 2.9 33.7
0 521.387 9 2.9 33.7
0 521.481 11 2.9 33.7
0 521.582 10 2.9 33.7
0 521.692 9 2.9 33.7
0 521.784 11 2.9 33.7
0 521.915 8 2.9 33.7
0 521.984 15 2.9 33.7
0 522.085 10 2.9 33.7
0 522.191 9 2.9 33.7
0 522.33 7 2.9 33.7
0 522.386 18 2.9 33.7
0 522.485 10 2.9 33.7
0 522.583 10 2.9 33.7
0 522.693 9 2.9 33.7
0 522.787 11 2.9 33.7
0 522.888 10 2.9 33.7
0 523.008 8 2.9 33.7
0 523.086 13 2.9 33.7
0 523.194 9 2.9 33.7
0 523.286 11 2.9 33.7
0 523.388 10 2.9 33.7
0 523.486 10 2.9 33.7
0 523.616 8 2.9 33.7
0 523.694 13 2.9 33.7
0 523.786 11 2.9 33.7
0 523.889 10 2.9 33.7
0 523.987 10 2.9 33.7
0 524.12 8 3.0 33.7
0 524.197 13 3.0 33.7
0 524.287 11 3.0 33.7
0 524.408 8 3.0 33.7
0 524.487 13 3.0 33.7
0 524.588 10 3.0 33.7
0 524.688 10 3.0 33.7
0 524.797 9 3.0 33.7
0 524.888 11 3.0 33.7
0 524.99 10 3.0 33.7
0 525.117 8 3.0 33.7
0 525.189 14 3.0 33.7
0 525.337 7 3.0 33.7
0 525.431 11 3.0 33.7
0 525.509 13 3.0 33.7
0 525.623 9 3.0 33.7
0 525.692 14 3.0 33.7
0 525.792 10 3.0 33.7
0 525.901 9 3.0 33.7
0 525.992 11 3.0 33.7
0 526.095 10 3.0 33.7
0 526.236 7 3.0 33.7
0 526.293 18 3.0 33.7
0 526.389 10 3.0 33.7
0 526.502 9 3.0 33.7
0 526.594 11 3.0 33.7
0 526.694 10 3.0 33.7
0 526.794 10 3.0 33.7
0 526.938 7 3.0 33.7
0 526.994 18 3.0 33.7
0 527.103 9 3.0 33.7
0 527.194 11 3.0 33.7
0 527.315 8 3.0 33.7
0 527.423 9 3.0 33.7
0 527.556 7 3.0 33.7
0 527.603 22 3.0 33.7
0 527.694 11 3.0 33.7
0 527.786 11 3.0 33.7
0 527.893 9 3.0 33.7
0 528.021 8 3.0 33.7
0 528.094 14 3.0 33.7
0 528.201 9 3.0 33.7
0 528.288 12 3.0 33.7
0 528.395 9 3.0 33.7
0 528.495 10 3.0 33.7
0 528.624 8 3.0 33.7
0 528.705 12 3.0 33.7
0 528.792 11 3.0 33.7
0 528.896 10 3.0 33.7
0 528.992 10 3.0 33.7
0 529.121 8 3.0 33.7
0 529.206 12 3.0 33.7
0 529.295 11 3.0 33.7
0 529.421 8 3.0 33.7
0 529.555 7 3.0 33.7
0 529.594 26 3.0 33.7
0 529.746 7 3.0 33.7
0 529.797 20 3.0 33.7
0 529.899 10 3.0 33.7
0 530.0 10 3.0 33.7
0 530.1 10 3.0 33.7
0 530.204 10 3.0 33.7
0 530.338 7 3.0 33.7
0 530.399 16 3.0 33.7
0 530.522 8 3.0 33.7
0 530.624 10 3.0 33.7
0 530.705 12 3.0 33.7
0 530.8 11 3.0 33.7
0 530.905 10 3.0 33.7
0 531.001 10 3.0 33.7
0 531.101 10 3.0 33.7
0 531.244 7 3.0 33.7
0 531.3 18 3.0 33.7
0 531.393 11 3.0 33.7
0 531.57 6 3.0 33.7
0 531.599 35 3.0 33.7
0 531.704 9 3.0 33.7
0 531.865 6 3.0 33.7
0 531.895 33 3.0 33.7
0 532.035 7 3.0 33.7
0 532.109 14 3.0 33.7
0 532.205 10 3.0 33.7
0 532.334 8 3.0 33.7
0 532.438 10 3.0 33.7
0 532.501 16 3.0 33.7
0 532.61 9 3.0 33.7
0 532.705 11 3.0 33.7
0 532.803 10 3.0 33.7
0 532.906 10 3.0 33.7
0 533.029 8 3.0 33.7
0 533.107 13 3.0 33.7
0 533.21 10 3.0 33.7
0 533.303 11 3.0 33.7
0 533.407 10 3.0 33.7
0 533.566 6 3.0 33.7
0 533.623 18 3.0 33.7
0 533.709 12 3.0 33.7
0 533.866 6 3.0 33.7
0 533.907 24 3.0 33.7
0 534.006 10 3.0 33.7
0 534.128 8 3.1 33.7
0 534.211 12 3.1 33.7
0 534.305 11 3.1 33.7
0 534.425 8 3.1 33.7
0 534.497 14 3.1 33.7
0 534.605 9 3.1 33.7
0 534.709 10 3.1 33.7
0 534.809 10 3.1 33.7
0 534.905 10 3.1 33.7
0 534.992 11 3.1 33.7
0 535.11 9 3.1 33.7
0 535.21 10 3.1 33.7
0 535.305 11 3.1 33.7
0 535.44 7 3.1 33.7
0 535.59 7 3.1 33.7
0 535.629 26 3.1 33.7
0 535.715 12 3.1 33.7
0 535.871 6 3.1 33.7
0 535.91 26 3.1 33.7
0 536.013 10 3.1 33.7
0 536.115 10 3.1 33.7
0 536.252 7 3.1 33.7
0 536.308 18 3.1 33.7
0 536.413 10 3.1 33.7
0 536.509 10 3.1 33.7
0 536.616 9 3.1 33.7
0 536.714 10 3.1 33.7
0 536.814 10 3.1 33.7
0 536.915 10 3.1 33.7
0 537.046 8 3.1 33.7
0 537.116 14 3.1 33.7
0 537.214 10 3.1 33.7
0 537.346 8 3.1 33.7
0 537.432 12 3.1 33.7
0 537.515 12 3.1 33.7
0 537.677 6 3.1 33.7
0 537.714 27 3.1 33.7
0 537.877 6 3.1 33.7
0 537.914 27 3.1 33.7
0 538.037 8 3.1 33.7
0 538.104 15 3.1 33.7
0 538.219 9 3.1 33.7
0 538.313 11 3.1 33.7
0 538.419 9 3.1 33.7
0 538.514 11 3.1 33.7
0 538.621 9 3.1 33.7
0 538.721 10 3.1 33.7
0 538.814 11 3.1 33.7
0 538.92 9 3.1 33.7
0 539.014 11 3.1 33.7
0 539.139 8 3.1 33.7
0 539.218 13 3.1 33.7
0 539.317 10 3.1 33.7
0 539.443 8 3.1 33.7
0 539.515 14 3.1 33.7
0 539.671 6 3.1 33.7
0 539.716 23 3.1 33.7
0 539.884 6 3.1 33.7
0 539.917 30 3.1 33.7
0 540.022 10 3.1 33.7
0 540.118 10 3.1 33.7
0 540.22 10 3.1 33.7
0 540.339 8 3.1 33.7
0 540.45 9 3.1 33.7
0 540.54 11 3.1 33.7
0 540.64 10 3.1 33.7
0 540.718 13 3.1 33.7
0 540.818 10 3.1 33.7
0 540.921 10 3.1 33.7
0 541.019 10 3.1 33.7
0 541.119 10 3.1 33.7
0 541.256 7 3.1 33.7
0 541.318 16 3.1 33.7
0 541.422 10 3.1 33.7
0 541.521 10 3.1 33.7
0 541.735 5 3.1 33.7
0 541.751 61 3.1 33.7
0 541.924 6 3.1 33.7
0 541.958 30 3.1 33.7
0 542.096 7 3.1 33.7
0 542.158 16 3.1 33.7
0 542.262 10 3.1 33.7
0 542.379 9 3.1 33.7
0 542.494 9 3.1 33.7
0 542.559 16 3.1 33.7
0 542.661 10 3.1 33.7
0 542.765 10 3.1 33.7
0 542.859 11 3.1 33.7
0 542.964 9 3.1 33.7
0 543.082 9 3.1 33.7
0 543.163 12 3.1 33.7
0 543.26 10 3.1 33.7
0 543.362 10 3.1 33.7
0 543.467 9 3.1 33.7
0 543.561 11 3.1 33.7
0 543.796 4 3.1 33.7
0 543.816 48 3.1 33.7
0 544.031 5 3.1 33.7
0 544.053 46 3.1 33.7
0 544.153 10 3.2 33.7
0 544.258 9 3.2 33.7
0 544.358 10 3.2 33.7
0 544.479 8 3.2 33.7
0 544.556 13 3.2 33.7
0 544.654 10 3.2 33.7
0 544.758 10 3.2 33.7
0 544.856 10 3.2 33.7
0 544.958 10 3.2 33.7
0 545.067 9 3.2 33.7
0 545.157 11 3.2 33.7
0 545.259 10 3.2 33.7
0 545.381 8 3.2 33.7
0 545.489 9 3.2 33.7
0 545.578 11 3.2 33.7
0 545.69 9 3.2 33.7
0 545.87 6 3.2 33.7
0 545.885 66 3.2 33.7
0 546.109 4 3.2 33.7
0 546.124 65 3.2 33.7
0 546.27 7 3.2 33.7
0 546.335 15 3.2 33.7
0 546.433 10 3.2 33.7
0 546.534 10 3.2 33.7
0 546.618 12 3.2 33.7
0 546.738 8 3.2 33.7
0 546.833 11 3.2 33.7
0 546.929 10 3.2 33.7
0 547.037 9 3.2 33.7
0 547.119 12 3.2 33.7
0 547.237 9 3.2 33.7
0 547.338 10 3.2 33.7
0 547.481 7 3.2 33.7
0 547.535 19 3.2 33.7
0 547.626 11 3.2 33.7
0 547.738 9 3.2 33.7
0 547.941 5 3.2 33.7
0 547.956 70 3.2 33.7
0 548.182 4 3.2 33.7
0 548.199 60 3.2 33.7
0 548.31 9 3.2 33.7
0 548.41 10 3.2 33.7
0 548.506 10 3.2 33.7
0 548.607 10 3.2 33.7
0 548.714 9 3.2 33.7
0 548.811 10 3.2 33.7
0 548.91 10 3.2 33.7
0 549.001 11 3.2 33.7
0 549.11 9 3.2 33.7
0 549.214 10 3.2 33.7
0 549.309 11 3.2 33.7
0 549.411 10 3.2 33.7
0 549.53 8 3.2 33.7
0 549.61 13 3.2 33.7
0 549.715 10 3.2 33.7
0 549.81 11 3.2 33.7
0 550.017 5 3.2 33.7
0 550.034 58 3.2 33.7
0 550.247 5 3.2 33.7
0 550.265 56 3.2 33.7
0 550.373 9 3.2 33.7
0 550.475 10 3.2 33.7
0 550.592 9 3.2 33.7
0 550.674 12 3.2 33.7
0 550.779 9 3.2 33.7
0 550.873 11 3.2 33.7
0 550.976 10 3.2 33.7
0 551.065 11 3.2 33.7
0 551.177 9 3.2 33.7
0 551.319 7 3.2 33.7
0 551.37 20 3.2 33.7
0 551.475 9 3.2 33.7
0 551.564 11 3.2 33.7
0 551.673 9 3.2 33.7
0 551.775 10 3.2 33.7
0 551.881 9 3.2 33.7
0 552.087 5 3.2 33.7
0 552.1 77 3.2 33.7
0 552.322 4 3.2 33.7
0 552.342 50 3.2 33.7
0 552.451 9 3.2 33.7
0 552.587 7 3.2 33.7
0 552.629 24 3.2 33.7
0 552.75 8 3.2 33.7
0 552.851 10 3.2 33.7
0 552.949 10 3.2 33.7
0 553.057 9 3.2 33.7
0 553.13 14 3.2 33.7
0 553.249 8 3.2 33.7
0 553.351 10 3.2 33.7
0 553.448 10 3.2 33.7
0 553.549 10 3.2 33.7
0 553.632 12 3.2 33.7
0 553.749 9 3.2 33.7
0 553.853 10 3.2 33.7
0 553.949 10 3.2 33.7
0 554.164 5 3.1 33.7
0 554.18 65 3.1 33.7
0 554.399 5 3.1 33.7
0 554.417 53 3.1 33.7
0 554.557 7 3.1 33.7
0 554.624 15 3.1 33.7
0 554.731 9 3.1 33.7
0 554.825 11 3.1 33.7
0 554.927 10 3.1 33.7
0 555.025 10 3.1 33.7
0 555.122 10 3.1 33.7
0 555.232 9 3.1 33.7
0 555.328 10 3.1 33.7
0 555.407 13 3.1 33.7
0 555.529 8 3.1 33.7
0 555.624 11 3.1 33.7
0 555.729 10 3.1 33.7
0 555.83 10 3.1 33.7
0 555.907 13 3.1 33.7
0 556.028 8 3.1 33.7
0 556.241 5 3.1 33.7
0 556.258 59 3.1 33.7
0 556.482 4 3.1 33.7
0 556.487 173 3.1 33.7
0 556.61 8 3.1 33.7
0 556.709 10 3.1 33.7
0 556.795 12 3.1 33.7
0 556.909 9 3.1 33.7
0 557.01 10 3.1 33.7
0 557.106 10 3.1 33.7
0 557.214 9 3.1 33.7
0 557.31 10 3.1 33.7
0 557.409 10 3.1 33.7
0 557.512 10 3.1 33.7
0 557.605 11 3.1 33.7
0 557.714 9 3.1 33.7
0 557.812 10 3.1 33.7
0 557.91 10 3.1 33.7
0 558.013 10 3.1 33.7
0 558.109 10 3.1 33.7
0 558.326 5 3.1 33.7
0 558.344 57 3.1 33.7
0 558.565 5 3.1 33.7
0 558.582 61 3.1 33.7
0 558.69 9 3.1 33.7
0 558.793 10 3.1 33.7
0 558.898 10 3.1 33.7
0 558.991 11 3.1 33.7
0 559.096 10 3.1 33.7
0 559.19 11 3.1 33.7
0 559.295 9 3.1 33.7
0 559.398 10 3.1 33.7
0 559.49 11 3.1 33.7
0 559.591 10 3.1 33.7
0 559.696 10 3.1 33.7
0 559.795 10 3.1 33.7
0 559.899 10 3.1 33.7
0 559.991 11 3.1 33.7
0 560.092 10 3.1 33.7
0 560.19 10 3.1 33.7
0 560.4 5 3.1 33.7
0 560.409 116 3.1 33.7
0 560.638 4 3.1 33.7
0 560.665 37 3.1 33.7
0 560.783 8 3.1 33.7
0 560.885 10 3.1 33.7
0 560.991 9 3.1 33.7
0 561.082 11 3.1 33.7
0 561.181 10 3.1 33.7
0 561.282 10 3.1 33.7
0 561.382 10 3.1 33.7
0 561.495 9 3.1 33.7
0 561.579 12 3.1 33.7
0 561.682 10 3.1 33.7
0 561.784 10 3.1 33.7
0 561.881 10 3.1 33.7
0 561.997 9 3.1 33.7
0 562.083 12 3.1 33.7
0 562.181 10 3.1 33.7
0 562.28 10 3.1 33.7
0 562.473 5 3.1 33.7
0 562.505 31 3.1 33.7
0 562.618 9 3.1 33.7
0 562.718 10 3.1 33.7
0 562.819 10 3.1 33.7
0 562.918 10 3.1 33.7
0 563.029 9 3.1 33.7
0 563.158 8 3.1 33.7
0 563.215 18 3.1 33.7
0 563.322 9 3.1 33.7
0 563.414 11 3.1 33.7
0 563.525 9 3.1 33.7
0 563.622 10 3.1 33.7
0 563.721 10 3.1 33.7
0 563.82 10 3.1 33.7
0 563.922 10 3.1 33.7
0 564.025 10 3.1 33.7
0 564.13 10 3.1 33.7
0 564.22 11 3.6 33.7
0 564.323 10 3.6 33.7
0 564.58 4 3.6 33.7
0 564.629 20 3.6 33.7
0 564.725 10 3.6 33.7
0 564.827 10 3.6 33.7
0 564.925 10 3.6 33.7
0 565.026 10 3.6 33.7
0 565.131 10 3.6 33.7
0 565.288 6 3.6 33.7
0 565.325 27 3.6 33.7
0 565.426 10 3.6 33.7
0 565.538 9 3.6 33.7
0 565.634 10 3.6 33.7
0 565.736 10 3.6 33.7
0 565.833 10 3.6 33.7
0 565.921 11 3.6 33.7
0 566.036 9 3.6 33.7
0 566.135 10 3.6 33.7
0 566.236 10 3.6 33.7
0 566.336 10 3.6 33.7
0 566.483 7 3.6 33.7
0 566.588 10 3.6 33.7
0 566.63 23 3.6 33.7
0 566.752 8 3.6 33.7
0 566.834 12 3.6 33.7
0 566.921 12 3.6 33.7
0 567.037 9 3.6 33.7
0 567.131 11 3.6 33.7
0 567.301 6 3.6 33.7
0 567.349 21 3.6 33.7
0 567.442 11 3.6 33.7
0 567.544 10 3.6 33.7
0 567.637 11 3.6 33.7
0 567.75 9 3.6 33.7
0 567.855 9 3.6 33.7
0 567.943 11 3.6 33.7
0 568.04 10 3.6 33.7
0 568.134 11 3.6 33.7
0 568.254 8 3.6 33.7
0 568.348 11 3.6 33.7
0 568.612 4 3.6 33.7
0 568.636 43 3.6 33.7
0 568.766 8 3.6 33.7
0 568.86 11 3.6 33.7
0 568.957 10 3.6 33.7
0 569.031 13 3.6 33.7
0 569.14 9 3.6 33.7
0 569.325 5 3.6 33.7
0 569.395 14 3.6 33.7
0 569.463 15 3.6 33.7
0 569.539 13 3.6 33.7
0 569.647 9 3.6 33.7
0 569.773 8 3.6 33.7
0 569.872 10 3.6 33.7
0 570.0 8 3.6 33.7
0 570.069 14 3.6 33.7
0 570.145 13 3.6 33.7
0 570.283 7 3.6 33.7
0 570.375 11 3.6 33.7
0 570.63 4 3.6 33.7
0 570.649 52 3.6 33.7
0 570.782 8 3.6 33.7
0 570.88 10 3.6 33.7
0 570.958 13 3.6 33.7
0 571.077 8 3.6 33.7
0 571.158 12 3.6 33.7
0 571.333 6 3.6 33.7
0 571.374 24 3.6 33.7
0 571.535 6 3.6 33.7
0 571.549 75 3.6 33.7
0 571.674 8 3.6 33.7
0 571.79 9 3.6 33.7
0 571.888 10 3.6 33.7
0 571.983 11 3.6 33.7
0 572.14 6 3.6 33.7
0 572.157 59 3.6 33.7
0 572.298 7 3.6 33.7
0 572.392 11 3.6 33.7
0 572.635 4 3.6 33.7
0 572.652 58 3.6 33.7
0 572.789 7 3.6 33.7
0 572.886 10 3.6 33.7
0 572.957 14 3.6 33.7
0 573.085 8 3.6 33.7
0 573.182 10 3.6 33.7
0 573.298 9 3.6 33.7
0 573.383 12 3.6 33.7
0 573.551 6 3.6 33.7
0 573.567 61 3.6 33.7
0 573.701 7 3.6 33.7
0 573.8 10 3.6 33.7
0 573.901 10 3.6 33.7
0 573.998 10 3.6 33.7
0 574.149 7 3.6 33.7
0 574.176 37 3.6 33.7
0 574.301 8 4.5 33.8
0 574.396 11 4.5 33.8
0 574.662 4 4.5 33.8
0 574.683 48 4.5 33.8
0 574.803 8 4.5 33.8
0 574.897 11 4.5 33.8
0 575.015 8 4.5 33.8
0 575.11 11 4.5 33.8
0 575.219 9 4.5 33.8
0 575.364 7 4.5 33.8
0 575.409 22 4.5 33.8
0 575.522 9 4.5 33.8
0 575.61 11 4.5 33.8
0 575.694 12 4.5 33.8
0 575.818 8 4.5 33.8
0 575.921 10 4.5 33.8
0 576.012 11 4.5 33.8
0 576.168 6 4.5 33.8
0 576.195 36 4.5 33.8
0 576.329 7 4.5 33.8
0 576.409 13 4.5 33.8
0 576.666 4 4.5 33.8
0 576.705 26 4.5 33.8
0 576.819 9 4.5 33.8
0 576.921 10 4.5 33.8
0 576.982 16 4.5 33.8
0 577.095 9 4.5 33.8
0 577.204 9 4.5 33.8
0 577.383 6 4.5 33.8
0 577.434 20 4.5 33.8
0 577.584 7 4.5 33.8
0 577.608 41 4.5 33.8
0 577.717 9 4.5 33.8
0 577.835 8 4.5 33.8
0 577.948 9 4.5 33.8
0 578.029 12 4.5 33.8
0 578.18 7 4.5 33.8
0 578.214 29 4.5 33.8
0 578.33 9 4.5 33.8
0 578.41 12 4.5 33.8
0 578.701 3 4.5 33.8
0 578.743 24 4.5 33.8
0 578.856 9 4.5 33.8
0 578.952 10 4.5 33.8
0 579.05 10 4.5 33.8
0 579.123 14 4.5 33.8
0 579.258 7 4.5 33.8
0 579.467 5 4.5 33.8
0 579.514 21 4.5 33.8
0 579.645 8 4.5 33.8
0 579.714 14 4.5 33.8
0 579.823 9 4.5 33.8
0 579.915 11 4.5 33.8
0 580.023 9 4.5 33.8
0 580.117 11 4.5 33.8
0 580.28 6 4.5 33.8
0 580.311 32 4.5 33.8
0 580.43 8 4.5 33.8
0 580.519 11 4.5 33.8
0 580.804 4 4.5 33.8
0 580.848 23 4.5 33.8
0 580.94 11 4.5 33.8
0 581.03 11 4.5 33.8
0 581.144 9 4.5 33.8
0 581.251 9 4.5 33.8
0 581.355 10 4.5 33.8
0 581.561 5 4.5 33.8
0 581.609 21 4.5 33.8
0 581.765 6 4.5 33.8
0 581.793 36 4.5 33.8
0 581.903 9 4.5 33.8
0 582.018 9 4.5 33.8
0 582.118 10 4.5 33.8
0 582.212 11 4.5 33.8
0 582.372 6 4.5 33.8
0 582.401 34 4.5 33.8
0 582.525 8 4.5 33.8
0 582.622 10 4.5 33.8
0 582.878 4 4.5 33.8
0 582.893 65 4.5 33.8
0 583.013 8 4.5 33.8
0 583.134 8 4.5 33.8
0 583.225 11 4.5 33.8
0 583.327 10 4.5 33.8
0 583.43 10 4.5 33.8
0 583.632 5 4.5 33.8
0 583.663 32 4.5 33.8
0 583.838 6 4.5 33.8
0 583.867 35 4.5 33.8
0 583.983 9 4.5 33.8
0 584.055 14 4.5 33.8
0 584.189 7 4.5 33.8
0 584.284 11 4.5 33.8
0 584.417 8 4.7 33.8
0 584.49 14 4.7 33.8
0 584.586 10 4.7 33.8
0 584.685 10 4.7 33.8
0 584.896 5 4.7 33.8
0 584.909 75 4.7 33.8
0 585.047 7 4.7 33.8
0 585.138 11 4.7 33.8
0 585.252 9 4.7 33.8
0 585.341 11 4.7 33.8
0 585.436 11 4.7 33.8
0 585.645 5 4.7 33.8
0 585.688 24 4.7 33.8
0 585.859 6 4.7 33.8
0 585.887 37 4.7 33.8
0 586.005 8 4.7 33.8
0 586.111 9 4.7 33.8
0 586.207 10 4.7 33.8
0 586.289 12 4.7 33.8
0 586.469 6 4.7 33.8
0 586.495 39 4.7 33.8
0 586.624 8 4.7 33.8
0 586.694 14 4.7 33.8
0 586.96 4 4.7 33.8
0 586.983 44 4.7 33.8
0 587.107 8 4.7 33.8
0 587.207 10 4.7 33.8
0 587.306 10 4.7 33.8
0 587.401 11 4.7 33.8
0 587.512 9 4.7 33.8
0 587.713 5 4.7 33.8
0 587.763 20 4.7 33.8
0 587.903 7 4.7 33.8
0 587.946 23 4.7 33.8
0 588.072 8 4.7 33.8
0 588.148 13 4.7 33.8
0 588.263 9 4.7 33.8
0 588.343 13 4.7 33.8
0 588.513 6 4.7 33.8
0 588.529 64 4.7 33.8
0 588.647 8 4.7 33.8
0 588.752 10 4.7 33.8
0 588.896 7 4.7 33.8
0 589.009 9 4.7 33.8
0 589.063 18 4.7 33.8
0 589.198 7 4.7 33.8
0 589.255 17 4.7 33.8
0 589.368 9 4.7 33.8
0 589.517 7 4.7 33.8
0 589.533 64 4.7 33.8
0 589.777 4 4.7 33.8
0 589.881 10 4.7 33.8
0 590.031 7 4.7 33.8
0 590.048 60 4.7 33.8
0 590.17 8 4.7 33.8
0 590.27 10 4.7 33.8
0 590.372 10 4.7 33.8
0 590.52 7 4.7 33.8
0 590.567 21 4.7 33.8
0 590.65 12 4.7 33.8
0 590.791 7 4.7 33.8
0 590.885 11 4.7 33.8
0 591.105 5 4.7 33.8
0 591.139 29 4.7 33.8
0 591.322 5 4.7 33.8
0 591.362 25 4.7 33.8
0 591.461 10 4.7 33.8
0 591.788 3 4.7 33.8
0 591.81 46 4.7 33.8
0 592.116 3 4.7 33.8
0 592.146 33 4.7 33.8
0 592.259 9 4.7 33.8
0 592.356 10 4.7 33.8
0 592.454 10 4.7 33.8
0 592.617 6 4.7 33.8
0 592.634 60 4.7 33.8
0 592.761 8 4.7 33.8
0 592.861 10 4.7 33.8
0 592.961 10 4.7 33.8
0 593.193 4 4.7 33.8
0 593.224 32 4.7 33.8
0 593.399 6 4.7 33.8
0 593.451 19 4.7 33.8
0 593.549 10 4.7 33.8
0 593.895 3 4.7 33.8
0 594.125 4 4.7 33.8
0 594.153 35 4.7 33.8
0 594.279 8 4.7 33.8
0 594.382 10 4.7 33.8
0 594.479 10 5.0 33.9
0 594.642 6 5.0 33.9
0 594.659 59 5.0 33.9
0 594.802 7 5.0 33.9
0 594.916 9 5.0 33.9
0 594.982 15 5.0 33.9
0 595.264 4 5.0 33.9
0 595.304 25 5.0 33.9
0 595.461 6 5.0 33.9
0 595.493 32 5.0 33.9
0 595.618 8 5.0 33.9
0 595.851 4 5.0 33.9
0 595.893 24 5.0 33.9
0 596.15 4 5.0 33.9
0 596.166 61 5.0 33.9
0 596.299 8 5.0 33.9
0 596.4 10 5.0 33.9
0 596.505 10 5.0 33.9
0 596.652 7 5.0 33.9
0 596.67 56 5.0 33.9
0 596.811 7 5.0 33.9
0 596.911 10 5.0 33.9
0 597.074 6 5.0 33.9
0 597.282 5 5.0 33.9
0 597.32 26 5.0 33.9
0 597.485 6 5.0 33.9
0 597.537 19 5.0 33.9
0 597.638 10 5.0 33.9
0 597.917 4 5.0 33.9
0 597.973 18 5.0 33.9
0 598.243 4 5.0 33.9
0 598.287 23 5.0 33.9
0 598.393 9 5.0 33.9
0 598.508 9 5.0 33.9
0 598.647 7 5.0 33.9
0 598.758 9 5.0 33.9
0 598.797 25 5.0 33.9
0 598.889 11 5.0 33.9
0 599.003 9 5.0 33.9
0 599.299 3 5.0 33.9
0 599.413 9 5.0 33.9
0 599.51 10 5.0 33.9
0 599.535 40 5.0 33.9
0 599.668 8 5.0 33.9
0 599.929 4 5.0 33.9
0 599.945 61 5.0 33.9
0 600.147 5 5.0 33.9
0 600.165 56 5.0 33.9
0 600.367 5 5.0 33.9
0 600.401 30 5.0 33.9
0 600.519 8 5.0 33.9
0 600.622 10 5.0 33.9
0 600.845 4 5.0 33.9
0 600.88 29 5.0 33.9
0 600.967 12 5.0 33.9
0 601.089 8 5.0 33.9
0 601.351 4 5.0 33.9
0 601.518 6 5.0 33.9
0 601.559 25 5.0 33.9
0 601.654 10 5.0 33.9
0 601.936 4 5.0 33.9
0 601.955 52 5.0 33.9
0 602.191 4 5.0 33.9
0 602.208 59 5.0 33.9
0 602.395 5 5.0 33.9
0 602.412 61 5.0 33.9
0 602.561 7 5.0 33.9
0 602.685 8 5.0 33.9
0 602.865 6 5.0 33.9
0 602.912 21 5.0 33.9
0 603.023 9 5.0 33.9
0 603.128 10 5.0 33.9
0 603.394 4 5.0 33.9
0 603.566 6 5.0 33.9
0 603.584 57 5.0 33.9
0 603.73 7 5.0 33.9
0 603.999 4 5.0 33.9
0 604.052 19 5.0 33.9
0 604.27 5 5.0 33.9
0 604.396 8 5.0 33.9
0 604.406 99 5.0 33.9
0 604.539 8 4.8 33.9
0 604.638 10 4.8 33.9
0 604.948 3 4.8 33.9
0 604.985 27 4.8 33.9
0 605.092 9 4.8 33.9
0 605.191 10 4.8 33.9
0 605.454 4 4.8 33.9
0 605.673 5 4.8 33.9
0 605.708 28 4.8 33.9
0 605.963 4 4.8 33.9
0 605.975 88 4.8 33.9
0 606.108 8 4.8 33.9
0 606.204 10 4.8 33.9
0 606.302 10 4.8 33.9
0 606.462 6 4.8 33.9
0 606.489 37 4.8 33.9
0 606.599 9 4.8 33.9
0 606.71 9 4.8 33.9
0 606.973 4 4.8 33.9
0 606.999 39 4.8 33.9
0 607.117 8 4.8 33.9
0 607.223 9 4.8 33.9
0 607.484 4 4.8 33.9
0 607.644 6 4.8 33.9
0 607.654 93 4.8 33.9
0 607.788 7 4.8 33.9
0 608.057 4 4.8 33.9
0 608.088 32 4.8 33.9
0 608.201 9 4.8 33.9
0 608.307 9 4.8 33.9
0 608.395 11 4.8 33.9
0 608.598 5 4.8 33.9
0 608.631 30 4.8 33.9
0 608.739 9 4.8 33.9
0 609.098 3 4.8 33.9
0 609.165 15 4.8 33.9
0 609.241 13 4.8 33.9
0 609.513 4 4.8 33.9
0 609.615 10 4.8 33.9
0 609.697 12 4.8 33.9
0 609.755 17 4.8 33.9
0 609.855 10 4.8 33.9
0 610.138 4 4.8 33.9
0 610.154 59 4.8 33.9
0 610.28 8 4.8 33.9
0 610.38 10 4.8 33.9
0 610.477 10 4.8 33.9
0 610.687 5 4.8 33.9
0 610.727 25 4.8 33.9
0 610.835 9 4.8 33.9
0 610.908 14 4.8 33.9
0 611.133 4 4.8 33.9
0 611.156 44 4.8 33.9
0 611.418 4 4.8 33.9
0 611.452 29 4.8 33.9
0 611.769 3 4.8 33.9
0 611.807 26 4.8 33.9
0 611.925 9 4.8 33.9
0 612.167 4 4.8 33.9
0 612.177 99 4.8 33.9
0 612.306 8 4.8 33.9
0 612.4 11 4.8 33.9
0 612.514 9 4.8 33.9
0 612.712 5 4.8 33.9
0 612.741 34 4.8 33.9
0 612.854 9 4.8 33.9
0 613.293 2 4.8 33.9
0 613.504 5 4.8 33.9
0 613.533 34 4.8 33.9
0 613.88 3 4.8 33.9
0 613.904 41 4.8 33.9
0 614.024 8 4.8 33.9
0 614.192 6 4.8 33.9
0 614.216 41 4.8 33.9
0 614.333 9 4.8 33.9
0 614.405 14 4.8 33.9
0 614.537 8 4.8 33.9
0 614.751 5 4.4 33.9
0 614.772 48 4.4 33.9
0 614.897 8 4.4 33.9
0 615.322 2 4.4 33.9
0 615.6 4 4.4 33.9
0 615.764 6 4.4 33.9
0 615.908 7 4.4 33.9
0 615.963 18 4.4 33.9
0 616.066 10 4.4 33.9
0 616.229 6 4.4 33.9
0 616.269 25 4.4 33.9
0 616.388 8 4.4 33.9
0 616.488 10 4.4 33.9
0 616.581 11 4.4 33.9
0 616.788 5 4.4 33.9
0 616.832 22 4.4 33.9
0 616.944 9 4.4 33.9
0 617.042 10 4.4 33.9
0 617.149 9 4.4 33.9
0 617.427 4 4.4 33.9
0 617.678 4 4.4 33.9
0 617.973 3 4.4 33.9
0 618.026 19 4.4 33.9
0 618.133 9 4.4 33.9
0 618.353 5 4.4 33.9
0 618.419 15 4.4 33.9
0 618.512 11 4.4 33.9
0 618.616 10 4.4 33.9
0 618.822 5 4.4 33.9
0 618.878 18 4.4 33.9
0 618.987 9 4.4 33.9
0 619.079 11 4.4 33.9
0 619.158 13 4.4 33.9
0 619.463 3 4.4 33.9
0 619.806 3 4.4 33.9
0 620.129 3 4.4 33.9
0 620.168 25 4.4 33.9
0 620.399 4 4.4 33.9
0 620.498 10 4.4 33.9
0 620.524 38 4.4 33.9
0 620.638 9 4.4 33.9
0 620.858 5 4.4 33.9
0 620.884 39 4.4 33.9
0 620.989 9 4.4 33.9
0 621.118 8 4.4 33.9
0 621.209 11 4.4 33.9
0 621.493 4 4.4 33.9
0 621.826 3 4.4 33.9
0 621.886 17 4.4 33.9
0 621.974 11 4.4 33.9
0 622.191 5 4.4 33.9
0 622.248 18 4.4 33.9
0 622.469 5 4.4 33.9
0 622.574 10 4.4 33.9
0 622.617 23 4.4 33.9
0 622.727 9 4.4 33.9
0 622.835 9 4.4 33.9
0 622.915 13 4.4 33.9
0 623.041 8 4.4 33.9
0 623.186 7 4.4 33.9
0 623.202 61 4.4 33.9
0 623.501 3 4.4 33.9
0 623.537 27 4.4 33.9
0 623.955 2 4.4 33.9
0 623.971 62 4.4 33.9
0 624.201 4 4.4 33.9
0 624.239 27 4.4 33.9
0 624.458 5 4.4 33.9
0 624.482 41 4.4 33.9
0 624.659 6 4.4 33.9
0 624.682 44 4.4 33.9
0 624.798 9 4.6 33.9
0 624.897 10 4.6 33.9
0 624.997 10 4.6 33.9
0 625.096 10 4.6 33.9
0 625.198 10 4.6 33.9
0 625.318 8 4.6 33.9
0 625.47 7 4.6 33.9
0 625.495 41 4.6 33.9
0 625.608 9 4.6 33.9
0 625.993 3 4.6 33.9
0 626.011 55 4.6 33.9
0 626.243 4 4.6 33.9
0 626.27 37 4.6 33.9
0 626.499 4 4.6 33.9
0 626.522 43 4.6 33.9
0 626.709 5 4.6 33.9
0 626.729 48 4.6 33.9
0 626.846 9 4.6 33.9
0 626.96 9 4.6 33.9
0 627.036 13 4.6 33.9
0 627.147 9 4.6 33.9
0 627.262 9 4.6 33.9
0 627.354 11 4.6 33.9
0 627.504 7 4.6 33.9
0 627.559 18 4.6 33.9
0 627.639 12 4.6 33.9
0 628.056 2 4.6 33.9
0 628.098 24 4.6 33.9
0 628.177 13 4.6 33.9
0 628.307 8 4.6 33.9
0 628.512 5 4.6 33.9
0 628.545 30 4.6 33.9
0 628.728 5 4.6 33.9
0 628.77 24 4.6 33.9
0 628.879 9 4.6 33.9
0 629.013 7 4.6 33.9
0 629.073 17 4.6 33.9
0 629.158 12 4.6 33.9
0 629.288 8 4.6 33.9
0 629.38 11 4.6 33.9
0 629.54 6 4.6 33.9
0 629.586 22 4.6 33.9
0 629.665 13 4.6 33.9
0 630.127 2 4.6 33.9
0 630.164 27 4.6 33.9
0 630.281 9 4.6 33.9
0 630.377 10 4.6 33.9
0 630.59 5 4.6 33.9
0 630.634 23 4.6 33.9
0 630.802 6 4.6 33.9
0 630.844 24 4.6 33.9
0 630.951 9 4.6 33.9
0 631.066 9 4.6 33.9
0 631.15 12 4.6 33.9
0 631.246 10 4.6 33.9
0 631.347 10 4.6 33.9
0 631.45 10 4.6 33.9
0 631.614 6 4.6 33.9
0 631.632 57 4.6 33.9
0 631.77 7 4.6 33.9
0 631.855 12 4.6 33.9
0 632.072 5 4.6 33.9
0 632.117 22 4.6 33.9
0 632.279 6 4.6 33.9
0 632.333 19 4.6 33.9
0 632.407 13 4.6 33.9
0 632.629 5 4.6 33.9
0 632.656 37 4.6 33.9
0 632.835 6 4.6 33.9
0 632.853 56 4.6 33.9
0 632.987 7 4.6 33.9
0 633.078 11 4.6 33.9
0 633.161 12 4.6 33.9
0 633.281 8 4.6 33.9
0 633.39 9 4.6 33.9
0 633.481 11 4.6 33.9
0 633.698 5 4.6 33.9
0 633.734 28 4.6 33.9
0 633.833 10 4.6 33.9
0 633.947 9 4.6 33.9
0 634.206 4 4.6 33.9
0 634.283 13 4.6 33.9
0 634.389 9 4.6 33.9
0 634.425 28 4.6 33.9
0 634.539 9 4.6 33.9
0 634.635 10 4.6 33.9
0 634.736 10 4.6 33.9
0 634.892 6 4.4 33.9
0 634.933 24 4.4 33.9
0 635.041 9 4.4 33.9
0 635.135 11 4.4 33.9
0 635.238 10 4.4 33.9
0 635.34 10 4.4 33.9
0 635.434 11 4.4 33.9
0 635.578 7 4.4 33.9
0 635.814 4 4.4 33.9
0 635.835 47 4.4 33.9
0 635.947 9 4.4 33.9
0 636.047 10 4.4 33.9
0 636.312 4 4.4 33.9
0 636.343 33 4.4 33.9
0 636.444 10 4.4 33.9
0 636.543 10 4.4 33.9
0 636.649 9 4.4 33.9
0 636.723 13 4.4 33.9
0 636.863 7 4.4 33.9
0 636.947 12 4.4 33.9
0 637.043 10 4.4 33.9
0 637.149 9 4.4 33.9
0 637.243 11 4.4 33.9
0 637.342 10 4.4 33.9
0 637.436 11 4.4 33.9
0 637.529 11 4.4 33.9
0 637.71 6 4.4 33.9
0 637.852 7 4.4 33.9
0 637.872 50 4.4 33.9
0 637.989 9 4.4 33.9
0 638.081 11 4.4 33.9
0 638.297 5 4.4 33.9
0 638.306 112 4.4 33.9
0 638.407 10 4.4 33.9
0 638.535 8 4.4 33.9
0 638.652 9 4.4 33.9
0 638.731 13 4.4 33.9
0 638.832 10 4.4 33.9
0 638.989 6 4.4 33.9
0 639.026 28 4.4 33.9
0 639.133 9 4.4 33.9
0 639.275 7 4.4 33.9
0 639.33 18 4.4 33.9
0 639.426 10 4.4 33.9
0 639.534 9 4.4 33.9
0 639.629 11 4.4 33.9
0 639.777 7 4.4 33.9
0 639.929 7 4.4 33.9
0 639.937 133 4.4 33.9
0 640.058 8 4.4 33.9
0 640.154 10 4.4 33.9
0 640.435 4 4.4 33.9
0 640.467 32 4.4 33.9
0 640.556 11 4.4 33.9
0 640.721 6 4.4 33.9
0 640.765 23 4.4 33.9
0 640.871 9 4.4 33.9
0 640.956 12 4.4 33.9
0 641.067 9 4.4 33.9
0 641.159 11 4.4 33.9
0 641.26 10 4.4 33.9
0 641.372 9 4.4 33.9
0 641.469 10 4.4 33.9
0 641.566 10 4.4 33.9
0 641.657 11 4.4 33.9
0 641.831 6 4.4 33.9
0 641.979 7 4.4 33.9
0 642.0 48 4.4 33.9
0 642.11 9 4.4 33.9
0 642.217 9 4.4 33.9
0 642.451 4 4.4 33.9
0 642.481 34 4.4 33.9
0 642.585 10 4.4 33.9
0 642.667 12 4.4 33.9
0 642.791 8 4.4 33.9
0 642.882 11 4.4 33.9
0 643.043 6 4.4 33.9
0 643.076 30 4.4 33.9
0 643.173 10 4.4 33.9
0 643.284 9 4.4 33.9
0 643.386 10 4.4 33.9
0 643.484 10 4.4 33.9
0 643.588 10 4.4 33.9
0 643.687 10 4.4 33.9
0 643.846 6 4.4 33.9
0 643.994 7 4.4 33.9
0 644.013 51 4.4 33.9
0 644.127 9 4.4 33.9
0 644.296 6 4.4 33.9
0 644.408 9 4.4 33.9
0 644.415 141 4.4 33.9
0 644.537 8 4.4 33.9
0 644.637 10 4.4 33.9
0 644.801 6 4.4 33.9
0 644.833 31 4.4 33.9
0 644.936 10 4.0 33.9
0 645.09 6 4.0 33.9
0 645.132 24 4.0 33.9
0 645.239 9 4.0 33.9
0 645.34 10 4.0 33.9
0 645.436 10 4.0 33.9
0 645.537 10 4.0 33.9
0 645.64 10 4.0 33.9
0 645.736 10 4.0 33.9
0 645.902 6 4.0 33.9
0 646.041 7 4.0 33.9
0 646.061 50 4.0 33.9
0 646.158 10 4.0 33.9
0 646.27 9 4.0 33.9
0 646.373 10 4.0 33.9
0 646.532 6 4.0 33.9
0 646.567 29 4.0 33.9
0 646.667 10 4.0 33.9
0 646.811 7 4.0 33.9
0 646.875 16 4.0 33.9
0 646.966 11 4.0 33.9
0 647.129 6 4.0 33.9
0 647.16 32 4.0 33.9
0 647.277 9 4.0 33.9
0 647.368 11 4.0 33.9
0 647.471 10 4.0 33.9
0 647.571 10 4.0 33.9
0 647.659 11 4.0 33.9
0 647.777 8 4.0 33.9
0 647.933 6 4.0 33.9
0 648.09 6 4.0 33.9
0 648.108 55 4.0 33.9
0 648.289 6 4.0 33.9
0 648.297 119 4.0 33.9
0 648.399 10 4.0 33.9
0 648.577 6 4.0 33.9
0 648.617 25 4.0 33.9
0 648.717 10 4.0 33.9
0 648.879 6 4.0 33.9
0 648.906 36 4.0 33.9
0 649.0 11 4.0 33.9
0 649.226 4 4.0 33.9
0 649.306 13 4.0 33.9
0 649.344 26 4.0 33.9
0 649.461 9 4.0 33.9
0 649.552 11 4.0 33.9
0 649.652 10 4.0 33.9
0 649.755 10 4.0 33.9
0 649.978 4 4.0 33.9
0 650.004 37 4.0 33.9
0 650.107 10 4.0 33.9
0 650.207 10 4.0 33.9
0 650.31 10 4.0 33.9
0 650.407 10 4.0 33.9
0 650.506 10 4.0 33.9
0 650.707 5 4.0 33.9
0 650.732 40 4.0 33.9
0 650.891 6 4.0 33.9
0 650.916 40 4.0 33.9
0 651.022 10 4.0 33.9
0 651.238 5 4.0 33.9
0 651.254 62 4.0 33.9
0 651.367 9 4.0 33.9
0 651.471 10 4.0 33.9
0 651.573 10 4.0 33.9
0 651.658 12 4.0 33.9
0 651.75 11 4.0 33.9
0 651.868 8 4.0 33.9
0 652.083 5 4.0 33.9
0 652.117 29 4.0 33.9
0 652.21 11 4.0 33.9
0 652.311 10 4.0 33.9
0 652.4 11 4.0 33.9
0 652.518 8 4.0 33.9
0 652.717 5 4.0 33.9
0 652.744 37 4.0 33.9
0 652.899 6 4.0 33.9
0 652.938 26 4.0 33.9
0 653.048 9 4.0 33.9
0 653.356 3 4.0 33.9
0 653.364 126 4.0 33.9
0 653.486 8 4.0 33.9
0 653.589 10 4.0 33.9
0 653.666 13 4.0 33.9
0 653.766 10 4.0 33.9
0 653.891 8 4.0 33.9
0 654.082 5 4.0 33.9
0 654.101 53 4.0 33.9
0 654.211 9 4.0 33.9
0 654.383 6 4.0 33.9
0 654.394 92 4.0 33.9
0 654.515 8 4.0 33.9
0 654.615 10 4.0 33.9
0 654.804 5 4.0 33.9
0 654.836 31 4.0 33.9
0 655.064 4 3.6 33.9
0 655.072 126 3.6 33.9
0 655.363 3 3.6 33.9
0 655.383 51 3.6 33.9
0 655.494 9 3.6 33.9
0 655.594 10 3.6 33.9
0 655.686 11 3.6 33.9
0 655.784 10 3.6 33.9
0 655.899 9 3.6 33.9
0 656.101 5 3.6 33.9
0 656.113 90 3.6 33.9
0 656.231 8 3.6 33.9
0 656.334 10 3.6 33.9
0 656.437 10 3.6 33.9
0 656.532 11 3.6 33.9
0 656.631 10 3.6 33.9
0 656.879 4 3.6 33.9
0 656.909 33 3.6 33.9
0 657.072 6 3.6 33.9
0 657.107 29 3.6 33.9
0 657.389 4 3.6 33.9
0 657.399 103 3.6 33.9
0 657.52 8 3.6 33.9
0 657.624 10 3.6 33.9
0 657.722 10 3.6 33.9
0 657.823 10 3.6 33.9
0 657.927 10 3.6 33.9
0 658.126 5 3.6 33.9
0 658.159 31 3.6 33.9
0 658.259 10 3.6 33.9
0 658.428 6 3.6 33.9
0 658.437 112 3.6 33.9
0 658.561 8 3.6 33.9
0 658.661 10 3.6 33.9
0 658.761 10 3.6 33.9
0 659.03 4 3.6 33.9
0 659.082 19 3.6 33.9
0 659.165 12 3.6 33.9
0 659.511 3 3.6 33.9
0 659.519 124 3.6 33.9
0 659.649 8 3.6 33.9
0 659.749 10 3.6 33.9
0 659.887 7 3.6 33.9
0 659.932 23 3.6 33.9
0 660.23 3 3.6 33.9
0 660.267 27 3.6 33.9
0 660.364 10 3.6 33.9
0 660.465 10 3.6 33.9
0 660.566 10 3.6 33.9
0 660.661 11 3.6 33.9
0 660.781 8 3.6 33.9
0 661.029 4 3.6 33.9
0 661.039 97 3.6 33.9
0 661.451 2 3.6 33.9
0 661.461 99 3.6 33.9
0 661.585 8 3.6 33.9
0 661.687 10 3.6 33.9
0 661.79 10 3.6 33.9
0 661.954 6 3.6 33.9
0 661.99 28 3.6 33.9
0 662.091 10 3.6 33.9
0 662.278 5 3.6 33.9
0 662.31 32 3.6 33.9
0 662.41 10 3.6 33.9
0 662.522 9 3.6 33.9
0 662.615 11 3.6 33.9
0 662.712 10 3.6 33.9
0 662.817 10 3.6 33.9
0 663.083 4 3.6 33.9
0 663.125 24 3.6 33.9
0 663.633 2 3.6 33.9
0 663.664 32 3.6 33.9
0 663.772 9 3.6 33.9
0 663.875 10 3.6 33.9
0 664.033 6 3.6 33.9
0 664.066 31 3.6 33.9
0 664.288 5 3.6 33.9
0 664.319 32 3.6 33.9
0 664.4 12 3.6 33.9
0 664.602 5 3.6 33.9
0 664.611 103 3.6 33.9
0 664.753 7 3.6 33.9
0 664.84 12 3.6 33.9
0 665.051 5 3.6 33.9
0 665.148 10 4.1 34.0
0 665.16 81 4.1 34.0
0 665.534 3 4.1 34.0
0 665.546 79 4.1 34.0
0 665.735 5 4.1 34.0
0 665.757 46 4.1 34.0
0 665.868 9 4.1 34.0
0 666.03 6 4.1 34.0
0 666.048 55 4.1 34.0
0 666.162 9 4.1 34.0
0 666.374 5 4.1 34.0
0 666.382 126 4.1 34.0
0 666.568 5 4.1 34.0
0 666.586 56 4.1 34.0
0 666.705 8 4.1 34.0
0 666.807 10 4.1 34.0
0 666.892 12 4.1 34.0
0 667.111 5 4.1 34.0
0 667.146 28 4.1 34.0
0 667.243 10 4.1 34.0
0 667.508 4 4.1 34.0
0 667.528 50 4.1 34.0
0 667.64 9 4.1 34.0
0 667.865 4 4.1 34.0
0 667.89 40 4.1 34.0
0 668.036 7 4.1 34.0
0 668.097 16 4.1 34.0
0 668.196 10 4.1 34.0
0 668.302 9 4.1 34.0
0 668.397 10 4.1 34.0
0 668.494 10 4.1 34.0
0 668.667 6 4.1 34.0
0 668.675 129 4.1 34.0
0 668.801 8 4.1 34.0
0 668.958 6 4.1 34.0
0 668.983 39 4.1 34.0
0 669.218 4 4.1 34.0
0 669.245 37 4.1 34.0
0 669.417 6 4.1 34.0
0 669.436 53 4.1 34.0
0 669.687 4 4.1 34.0
0 669.695 123 4.1 34.0
0 669.924 4 4.1 34.0
0 669.949 39 4.1 34.0
0 670.124 6 4.1 34.0
0 670.222 10 4.1 34.0
0 670.233 91 4.1 34.0
0 670.353 8 4.1 34.0
0 670.461 9 4.1 34.0
0 670.553 11 4.1 34.0
0 670.685 8 4.1 34.0
0 670.758 14 4.1 34.0
0 670.859 10 4.1 34.0
0 670.963 10 4.1 34.0
0 671.043 12 4.1 34.0
0 671.284 4 4.1 34.0
0 671.32 28 4.1 34.0
0 671.527 5 4.1 34.0
0 671.611 12 4.1 34.0
0 671.659 21 4.1 34.0
0 671.763 10 4.1 34.0
0 671.974 5 4.1 34.0
0 671.997 44 4.1 34.0
0 672.215 5 4.1 34.0
0 672.223 120 4.1 34.0
0 672.35 8 4.1 34.0
0 672.438 11 4.1 34.0
0 672.553 9 4.1 34.0
0 672.654 10 4.1 34.0
0 672.816 6 4.1 34.0
0 672.834 55 4.1 34.0
0 672.927 11 4.1 34.0
0 673.054 8 4.1 34.0
0 673.156 10 4.1 34.0
0 673.311 6 4.1 34.0
0 673.331 50 4.1 34.0
0 673.69 3 4.1 34.0
0 673.701 89 4.1 34.0
0 673.826 8 4.1 34.0
0 674.035 5 4.1 34.0
0 674.058 44 4.1 34.0
0 674.278 5 4.1 34.0
0 674.311 31 4.1 34.0
0 674.398 11 4.1 34.0
0 674.51 9 4.1 34.0
0 674.703 5 4.1 34.0
0 674.712 105 4.1 34.0
0 674.945 4 4.1 34.0
0 674.956 97 4.1 34.0
0 675.081 8 4.1 34.0
0 675.229 7 4.2 34.0
0 675.345 9 4.2 34.0
0 675.374 34 4.2 34.0
0 675.657 4 4.2 34.0
0 675.667 104 4.2 34.0
0 675.792 8 4.2 34.0
0 675.89 10 4.2 34.0
0 676.095 5 4.2 34.0
0 676.121 39 4.2 34.0
0 676.347 4 4.2 34.0
0 676.375 37 4.2 34.0
0 676.481 9 4.2 34.0
0 676.577 10 4.2 34.0
0 676.657 13 4.2 34.0
0 676.786 8 4.2 34.0
0 676.993 5 4.2 34.0
0 677.01 59 4.2 34.0
0 677.128 8 4.2 34.0
0 677.227 10 4.2 34.0
0 677.454 4 4.2 34.0
0 677.483 34 4.2 34.0
0 677.589 9 4.2 34.0
0 677.744 6 4.2 34.0
0 677.779 29 4.2 34.0
0 677.894 9 4.2 34.0
0 677.987 11 4.2 34.0
0 678.201 5 4.2 34.0
0 678.223 45 4.2 34.0
0 678.484 4 4.2 34.0
0 678.517 30 4.2 34.0
0 678.697 6 4.2 34.0
0 678.705 119 4.2 34.0
0 678.83 8 4.2 34.0
0 678.998 6 4.2 34.0
0 679.021 43 4.2 34.0
0 679.134 9 4.2 34.0
0 679.229 11 4.2 34.0
0 679.371 7 4.2 34.0
0 679.49 8 4.2 34.0
0 679.519 35 4.2 34.0
0 679.714 5 4.2 34.0
0 679.864 7 4.2 34.0
0 679.885 48 4.2 34.0
0 679.983 10 4.2 34.0
0 680.223 4 4.2 34.0
0 680.328 10 4.2 34.0
0 680.336 121 4.2 34.0
0 680.636 3 4.2 34.0
0 680.668 32 4.2 34.0
0 680.778 9 4.2 34.0
0 680.872 11 4.2 34.0
0 681.057 5 4.2 34.0
0 681.066 111 4.2 34.0
0 681.181 9 4.2 34.0
0 681.298 9 4.2 34.0
0 681.521 4 4.2 34.0
0 681.554 30 4.2 34.0
0 681.661 9 4.2 34.0
0 681.765 10 4.2 34.0
0 681.906 7 4.2 34.0
0 681.953 21 4.2 34.0
0 682.059 9 4.2 34.0
0 682.23 6 4.2 34.0
0 682.27 25 4.2 34.0
0 682.385 9 4.2 34.0
0 682.488 10 4.2 34.0
0 682.691 5 4.2 34.0
0 682.727 27 4.2 34.0
0 682.852 8 4.2 34.0
0 682.933 12 4.2 34.0
0 683.156 4 4.2 34.0
0 683.18 41 4.2 34.0
0 683.31 8 4.2 34.0
0 683.411 10 4.2 34.0
0 683.679 4 4.2 34.0
0 683.788 9 4.2 34.0
0 683.803 69 4.2 34.0
0 684.014 5 4.2 34.0
0 684.056 24 4.2 34.0
0 684.166 9 4.2 34.0
0 684.264 10 4.2 34.0
0 684.37 9 4.2 34.0
0 684.462 11 4.2 34.0
0 684.84 3 4.2 34.0
0 684.855 70 4.2 34.0
0 684.993 7 4.2 34.0
0 685.176 5 4.2 34.0
0 685.19 71 4.2 34.0
0 685.457 4 4.3 34.0
0 685.472 70 4.3 34.0
0 685.731 4 4.3 34.0
0 685.77 26 4.3 34.0
0 685.884 9 4.3 34.0
0 686.07 5 4.3 34.0
0 686.085 65 4.3 34.0
0 686.221 7 4.3 34.0
0 686.303 12 4.3 34.0
0 686.41 9 4.3 34.0
0 686.521 9 4.3 34.0
0 686.69 6 4.3 34.0
0 686.734 23 4.3 34.0
0 686.847 9 4.3 34.0
0 686.916 15 4.3 34.0
0 687.04 8 4.3 34.0
0 687.257 5 4.3 34.0
0 687.289 32 4.3 34.0
0 687.412 8 4.3 34.0
0 687.506 11 4.3 34.0
0 687.788 4 4.3 34.0
0 687.843 18 4.3 34.0
0 687.942 10 4.3 34.0
0 688.146 5 4.3 34.0
0 688.173 36 4.3 34.0
0 688.296 8 4.3 34.0
0 688.397 10 4.3 34.0
0 688.495 10 4.3 34.0
0 688.598 10 4.3 34.0
0 688.798 5 4.3 34.0
0 688.906 9 4.3 34.0
0 688.915 108 4.3 34.0
0 689.045 8 4.3 34.0
0 689.186 7 4.3 34.0
0 689.231 22 4.3 34.0
0 689.335 10 4.3 34.0
0 689.442 9 4.3 34.0
0 689.535 11 4.3 34.0
0 689.836 3 4.3 34.0
0 689.933 10 4.3 34.0
0 689.947 70 4.3 34.0
0 690.117 6 4.3 34.0
0 690.161 23 4.3 34.0
0 690.267 10 4.3 34.0
0 690.492 4 4.3 34.0
0 690.501 105 4.3 34.0
0 690.602 10 4.3 34.0
0 690.72 8 4.3 34.0
0 690.889 6 4.3 34.0
0 690.915 38 4.3 34.0
0 691.101 5 4.3 34.0
0 691.109 135 4.3 34.0
0 691.23 8 4.3 34.0
0 691.332 10 4.3 34.0
0 691.428 10 4.3 34.0
0 691.529 10 4.3 34.0
0 691.635 9 4.3 34.0
0 691.91 4 4.3 34.0
0 691.936 39 4.3 34.0
0 692.042 9 4.3 34.0
0 692.249 5 4.3 34.0
0 692.263 73 4.3 34.0
0 692.381 8 4.3 34.0
0 692.518 7 4.3 34.0
0 692.577 17 4.3 34.0
0 692.672 11 4.3 34.0
0 692.788 9 4.3 34.0
0 692.946 6 4.3 34.0
0 692.976 33 4.3 34.0
0 693.118 7 4.3 34.0
0 693.172 18 4.3 34.0
0 693.266 11 4.3 34.0
0 693.392 8 4.3 34.0
0 693.479 12 4.3 34.0
0 693.584 9 4.3 34.0
0 693.672 11 4.3 34.0
0 694.076 2 4.3 34.0
0 694.089 80 4.3 34.0
0 694.256 6 4.3 34.0
0 694.305 21 4.3 34.0
0 694.388 12 4.3 34.0
0 694.514 8 4.3 34.0
0 694.665 7 4.3 34.0
0 694.703 26 4.3 34.0
0 694.806 10 4.3 34.0
0 695.045 4 4.3 34.0
0 695.055 99 4.3 34.0
0 695.175 8 4.3 34.0
0 695.277 10 4.3 34.0
0 695.523 4 4.1 34.0
0 695.532 121 4.1 34.0
0 695.658 8 4.1 34.0
0 695.755 10 4.1 34.0
0 695.964 5 4.1 34.0
0 696.037 14 4.1 34.0
0 696.144 9 4.1 34.0
0 696.181 27 4.1 34.0
0 696.353 6 4.1 34.0
0 696.384 33 4.1 34.0
0 696.493 9 4.1 34.0
0 696.593 10 4.1 34.0
0 696.689 10 4.1 34.0
0 696.796 9 4.1 34.0
0 696.892 10 4.1 34.0
0 697.057 6 4.1 34.0
0 697.09 31 4.1 34.0
0 697.252 6 4.1 34.0
0 697.29 26 4.1 34.0
0 697.396 10 4.1 34.0
0 697.495 10 4.1 34.0
0 697.595 10 4.1 34.0
0 697.682 11 4.1 34.0
0 697.805 8 4.1 34.0
0 698.102 3 4.1 34.0
0 698.131 35 4.1 34.0
0 698.231 10 4.1 34.0
0 698.399 6 4.1 34.0
0 698.421 45 4.1 34.0
0 698.53 9 4.1 34.0
0 698.632 10 4.1 34.0
0 698.769 7 4.1 34.0
0 698.829 17 4.1 34.0
0 699.022 5 4.1 34.0
0 699.029 153 4.1 34.0
0 699.154 8 4.1 34.0
0 699.311 6 4.1 34.0
0 699.346 29 4.1 34.0
0 699.451 10 4.1 34.0
0 699.558 9 4.1 34.0
0 699.651 11 4.1 34.0
0 699.752 10 4.1 34.0
0 699.851 10 4.1 34.0
0 700.082 4 4.1 34.0
0 700.09 114 4.1 34.0
0 700.209 8 4.1 34.0
0 700.311 10 4.1 34.0
0 700.608 3 4.1 34.0
0 700.618 106 4.1 34.0
0 700.797 6 4.1 34.0
0 700.833 27 4.1 34.0
0 700.937 10 4.1 34.0
0 701.151 5 4.1 34.0
0 701.226 13 4.1 34.0
0 701.336 9 4.1 34.0
0 701.372 28 4.1 34.0
0 701.477 10 4.1 34.0
0 701.577 10 4.1 34.0
0 701.674 10 4.1 34.0
0 701.787 9 4.1 34.0
0 701.879 11 4.1 34.0
0 702.094 5 4.1 34.0
0 702.108 71 4.1 34.0
0 702.204 10 4.1 34.0
0 702.4 5 4.1 34.0
0 702.471 14 4.1 34.0
0 702.521 20 4.1 34.0
0 702.625 10 4.1 34.0
0 702.708 12 4.1 34.0
0 702.889 6 4.1 34.0
0 702.929 25 4.1 34.0
0 703.026 10 4.1 34.0
0 703.175 7 4.1 34.0
0 703.224 20 4.1 34.0
0 703.389 6 4.1 34.0
0 703.42 33 4.1 34.0
0 703.535 9 4.1 34.0
0 703.626 11 4.1 34.0
0 703.727 10 4.1 34.0
0 703.827 10 4.1 34.0
0 703.918 11 4.1 34.0
0 704.083 6 4.1 34.0
0 704.143 17 4.1 34.0
0 704.244 10 4.1 34.0
0 704.345 10 4.1 34.0
0 704.506 6 4.1 34.0
0 704.539 31 4.1 34.0
0 704.66 8 4.1 34.0
0 704.737 13 4.1 34.0
0 704.914 6 4.1 34.0
0 704.952 26 4.1 34.0
0 705.125 6 4.1 34.0
0 705.142 59 4.1 34.0
0 705.254 9 4.1 34.0
0 705.427 6 4.1 34.0
0 705.456 34 4.1 34.0
0 705.706 4 4.0 34.1
0 705.718 80 4.0 34.1
0 705.86 7 4.0 34.1
0 705.951 11 4.0 34.1
0 706.028 13 4.0 34.1
0 706.132 10 4.0 34.1
0 706.304 6 4.0 34.1
0 706.312 123 4.0 34.1
0 706.439 8 4.0 34.1
0 706.585 7 4.0 34.1
0 706.654 15 4.0 34.1
0 706.735 12 4.0 34.1
0 706.832 10 4.0 34.1
0 707.006 6 4.0 34.1
0 707.021 70 4.0 34.1
0 707.134 9 4.0 34.1
0 707.273 7 4.0 34.1
0 707.421 7 4.0 34.1
0 707.493 14 4.0 34.1
0 707.551 17 4.0 34.1
0 707.647 10 4.0 34.1
0 707.746 10 4.0 34.1
0 707.848 10 4.0 34.1
0 707.945 10 4.0 34.1
0 708.057 9 4.0 34.1
0 708.148 11 4.0 34.1
0 708.245 10 4.0 34.1
0 708.332 11 4.0 34.1
0 708.442 9 4.0 34.1
0 708.62 6 4.0 34.1
0 708.636 62 4.0 34.1
0 708.814 6 4.0 34.1
0 708.846 31 4.0 34.1
0 709.003 6 4.0 34.1
0 709.127 8 4.0 34.1
0 709.134 145 4.0 34.1
0 709.314 6 4.0 34.1
0 709.349 29 4.0 34.1
0 709.512 6 4.0 34.1
0 709.548 28 4.0 34.1
0 709.664 9 4.0 34.1
0 709.753 11 4.0 34.1
0 709.852 10 4.0 34.1
0 709.951 10 4.0 34.1
0 710.054 10 4.0 34.1
0 710.231 6 4.0 34.1
0 710.238 143 4.0 34.1
0 710.356 9 4.0 34.1
0 710.453 10 4.0 34.1
0 710.767 3 4.0 34.1
0 710.779 85 4.0 34.1
0 710.89 9 4.0 34.1
0 711.055 6 4.0 34.1
0 711.086 32 4.0 34.1
0 711.184 10 4.0 34.1
0 711.405 5 4.0 34.1
0 711.423 56 4.0 34.1
0 711.585 6 4.0 34.1
0 711.629 23 4.0 34.1
0 711.732 10 4.0 34.1
0 711.832 10 4.0 34.1
0 711.941 9 4.0 34.1
0 712.031 11 4.0 34.1
0 712.132 10 4.0 34.1
0 712.233 10 4.0 34.1
0 712.332 10 4.0 34.1
0 712.5 6 4.0 34.1
0 712.513 79 4.0 34.1
0 712.684 6 4.0 34.1
0 712.732 21 4.0 34.1
0 712.894 6 4.0 34.1
0 712.93 28 4.0 34.1
0 713.094 6 4.0 34.1
0 713.13 27 4.0 34.1
0 713.23 10 4.0 34.1
0 713.335 9 4.0 34.1
0 713.494 6 4.0 34.1
0 713.603 9 4.0 34.1
0 713.626 43 4.0 34.1
0 713.736 9 4.0 34.1
0 713.838 10 4.0 34.1
0 713.936 10 4.0 34.1
0 714.036 10 4.0 34.1
0 714.222 5 4.0 34.1
0 714.228 161 4.0 34.1
0 714.35 8 4.0 34.1
0 714.448 10 4.0 34.1
0 714.55 10 4.0 34.1
0 714.693 7 4.0 34.1
0 714.755 16 4.0 34.1
0 714.896 7 4.0 34.1
0 714.983 11 4.0 34.1
0 715.068 12 4.0 34.1
0 715.152 12 4.0 34.1
0 715.339 5 4.0 34.1
0 715.347 127 4.0 34.1
0 715.57 4 4.0 34.1
0 715.794 4 4.2 34.2
0 715.804 108 4.2 34.2
0 715.926 8 4.2 34.2
0 716.023 10 4.2 34.2
0 716.103 12 4.2 34.2
0 716.225 8 4.2 34.2
0 716.398 6 4.2 34.2
0 716.405 150 4.2 34.2
0 716.528 8 4.2 34.2
0 716.606 13 4.2 34.2
0 716.78 6 4.2 34.2
0 716.817 27 4.2 34.2
0 716.999 5 4.2 34.2
0 717.086 12 4.2 34.2
0 717.175 11 4.2 34.2
0 717.225 20 4.2 34.2
0 717.329 10 4.2 34.2
0 717.431 10 4.2 34.2
0 717.716 4 4.2 34.2
0 717.804 11 4.2 34.2
0 717.842 26 4.2 34.2
0 717.95 9 4.2 34.2
0 718.047 10 4.2 34.2
0 718.149 10 4.2 34.2
0 718.249 10 4.2 34.2
0 718.346 10 4.2 34.2
0 718.441 10 4.2 34.2
0 718.552 9 4.2 34.2
0 718.645 11 4.2 34.2
0 718.81 6 4.2 34.2
0 718.842 31 4.2 34.2
0 718.987 7 4.2 34.2
0 719.115 8 4.2 34.2
0 719.264 7 4.2 34.2
0 719.27 156 4.2 34.2
0 719.398 8 4.2 34.2
0 719.493 11 4.2 34.2
0 719.594 10 4.2 34.2
0 719.792 5 4.2 34.2
0 719.883 11 4.2 34.2
0 719.918 29 4.2 34.2
0 720.024 9 4.2 34.2
0 720.126 10 4.2 34.2
0 720.225 10 4.2 34.2
0 720.412 5 4.2 34.2
0 720.421 108 4.2 34.2
0 720.541 8 4.2 34.2
0 720.644 10 4.2 34.2
0 720.885 4 4.2 34.2
0 720.897 85 4.2 34.2
0 721.067 6 4.2 34.2
0 721.159 11 4.2 34.2
0 721.278 8 4.2 34.2
0 721.312 30 4.2 34.2
0 721.496 5 4.2 34.2
0 721.503 151 4.2 34.2
0 721.631 8 4.2 34.2
0 721.835 5 4.2 34.2
0 721.974 7 4.2 34.2
0 722.001 37 4.2 34.2
0 722.109 9 4.2 34.2
0 722.195 12 4.2 34.2
0 722.31 9 4.2 34.2
0 722.396 12 4.2 34.2
0 722.509 9 4.2 34.2
0 722.686 6 4.2 34.2
0 722.695 111 4.2 34.2
0 722.819 8 4.2 34.2
0 722.982 6 4.2 34.2
0 723.076 11 4.2 34.2
0 723.176 10 4.2 34.2
0 723.209 30 4.2 34.2
0 723.365 6 4.2 34.2
0 723.411 22 4.2 34.2
0 723.52 9 4.2 34.2
0 723.614 11 4.2 34.2
0 723.722 9 4.2 34.2
0 723.926 5 4.2 34.2
0 724.063 7 4.2 34.2
0 724.076 74 4.2 34.2
0 724.183 9 4.2 34.2
0 724.379 5 4.2 34.2
0 724.389 103 4.2 34.2
0 724.51 8 4.2 34.2
0 724.61 10 4.2 34.2
0 724.689 13 4.2 34.2
0 724.81 8 4.2 34.2
0 724.921 9 4.2 34.2
0 725.253 3 4.2 34.2
0 725.279 38 4.2 34.2
0 725.539 4 4.2 34.2
0 725.548 117 4.2 34.2
0 725.675 8 4.2 34.2
0 726.033 3 3.9 34.2
0 726.171 7 3.9 34.2
0 726.185 72 3.9 34.2
0 726.306 8 3.9 34.2
0 726.406 10 3.9 34.2
0 726.581 6 3.9 34.2
0 726.589 121 3.9 34.2
0 726.709 8 3.9 34.2
0 726.816 9 3.9 34.2
0 726.897 12 3.9 34.2
0 727.119 5 3.9 34.2
0 727.303 5 3.9 34.2
0 727.335 31 3.9 34.2
0 727.488 7 3.9 34.2
0 727.537 20 3.9 34.2
0 727.714 6 3.9 34.2
0 727.722 128 3.9 34.2
0 727.97 4 3.9 34.2
0 727.999 34 3.9 34.2
0 728.188 5 3.9 34.2
0 728.195 139 3.9 34.2
0 728.325 8 3.9 34.2
0 728.428 10 3.9 34.2
0 728.523 11 3.9 34.2
0 728.623 10 3.9 34.2
0 728.721 10 3.9 34.2
0 728.825 10 3.9 34.2
0 728.922 10 3.9 34.2
0 729.138 5 3.9 34.2
0 729.332 5 3.9 34.2
0 729.429 10 3.9 34.2
0 729.509 12 3.9 34.2
0 729.564 18 3.9 34.2
0 729.675 9 3.9 34.2
0 729.765 11 3.9 34.2
0 729.98 5 3.9 34.2
0 730.006 38 3.9 34.2
0 730.224 5 3.9 34.2
0 730.236 90 3.9 34.2
0 730.376 7 3.9 34.2
0 730.547 6 3.9 34.2
0 730.562 67 3.9 34.2
0 730.687 8 3.9 34.2
0 730.804 9 3.9 34.2
0 730.891 11 3.9 34.2
0 731.059 6 3.9 34.2
0 731.127 15 3.9 34.2
0 731.373 4 3.9 34.2
0 731.409 27 3.9 34.2
0 731.67 4 3.9 34.2
0 731.691 47 3.9 34.2
0 731.822 8 3.9 34.2
0 731.928 9 3.9 34.2
0 732.021 11 3.9 34.2
0 732.119 10 3.9 34.2
0 732.328 5 3.9 34.2
0 732.36 31 3.9 34.2
0 732.484 8 3.9 34.2
0 732.577 11 3.9 34.2
0 732.745 6 3.9 34.2
0 732.758 75 3.9 34.2
0 732.893 7 3.9 34.2
0 733.003 9 3.9 34.2
0 733.096 11 3.9 34.2
0 733.474 3 3.9 34.2
0 733.525 19 3.9 34.2
0 733.667 7 3.9 34.2
0 733.693 38 3.9 34.2
0 733.825 8 3.9 34.2
0 733.918 11 3.9 34.2
0 734.038 8 3.9 34.2
0 734.124 12 3.9 34.2
0 734.428 3 3.9 34.2
0 734.511 12 3.9 34.2
0 734.578 15 3.9 34.2
0 734.677 10 3.9 34.2
0 734.774 10 3.9 34.2
0 734.877 10 3.9 34.2
0 734.978 10 3.9 34.2
0 735.091 9 3.9 34.2
0 735.179 11 3.9 34.2
0 735.654 2 3.9 34.2
0 735.762 9 3.9 34.2
0 735.801 26 3.9 34.2
0 735.915 9 3.9 34.2
0 736.091 6 4.4 34.2
0 736.106 68 4.4 34.2
0 736.359 4 4.4 34.2
0 736.385 39 4.4 34.2
0 736.506 8 4.4 34.2
0 736.66 6 4.4 34.2
0 736.673 74 4.4 34.2
0 736.811 7 4.4 34.2
0 736.897 12 4.4 34.2
0 737.002 10 4.4 34.2
0 737.109 9 4.4 34.2
0 737.192 12 4.4 34.2
0 737.628 2 4.4 34.2
0 737.668 25 4.4 34.2
0 737.853 5 4.4 34.2
0 737.866 74 4.4 34.2
0 738.005 7 4.4 34.2
0 738.106 10 4.4 34.2
0 738.197 11 4.4 34.2
0 738.271 13 4.4 34.2
0 738.368 10 4.4 34.2
0 738.5 8 4.4 34.2
0 738.609 9 4.4 34.2
0 738.696 12 4.4 34.2
0 738.807 9 4.4 34.2
0 738.968 6 4.4 34.2
0 738.982 74 4.4 34.2
0 739.191 5 4.4 34.2
0 739.2 112 4.4 34.2
0 739.752 2 4.4 34.2
0 739.844 11 4.4 34.2
0 739.873 34 4.4 34.2
0 739.981 9 4.4 34.2
0 740.082 10 4.4 34.2
0 740.185 10 4.4 34.2
0 740.292 9 4.4 34.2
0 740.385 11 4.4 34.2
0 740.483 10 4.4 34.2
0 740.665 5 4.4 34.2
0 740.673 129 4.4 34.2
0 740.805 8 4.4 34.2
0 740.899 11 4.4 34.2
0 740.996 10 4.4 34.2
0 741.169 6 4.4 34.2
0 741.176 139 4.4 34.2
0 741.306 8 4.4 34.2
0 741.627 3 4.4 34.2
0 741.845 5 4.4 34.2
0 741.972 8 4.4 34.2
0 741.989 61 4.4 34.2
0 742.104 9 4.4 34.2
0 742.188 12 4.4 34.2
0 742.394 5 4.4 34.2
0 742.401 139 4.4 34.2
0 742.52 8 4.4 34.2
0 742.624 10 4.4 34.2
0 742.724 10 4.4 34.2
0 742.914 5 4.4 34.2
0 742.921 136 4.4 34.2
0 743.041 8 4.4 34.2
0 743.144 10 4.4 34.2
0 743.243 10 4.4 34.2
0 743.332 11 4.4 34.2
0 743.674 3 4.4 34.2
0 743.688 74 4.4 34.2
0 743.802 9 4.4 34.2
0 744.002 5 4.4 34.2
0 744.012 103 4.4 34.2
0 744.212 5 4.4 34.2
0 744.218 172 4.4 34.2
0 744.338 8 4.4 34.2
0 744.435 10 4.4 34.2
0 744.628 5 4.4 34.2
0 744.633 178 4.4 34.2
0 744.759 8 4.4 34.2
0 744.939 6 4.4 34.2
0 744.944 205 4.4 34.2
0 745.064 8 4.4 34.2
0 745.164 10 4.4 34.2
0 745.258 11 4.4 34.2
0 745.364 9 4.4 34.2
0 745.465 10 4.4 34.2
0 745.727 4 4.4 34.2
0 745.733 173 4.4 34.2
0 745.859 8 4.4 34.2
0 746.063 5 4.4 34.2
0 746.081 58 4.4 34.2
0 746.269 5 4.4 34.2
0 746.275 171 4.4 34.2
0 746.392 9 4.4 34.2
0 746.493 10 4.4 34.2
0 746.597 10 4.4 34.2
0 746.767 6 4.4 34.2
0 746.775 132 4.4 34.2
0 746.895 8 4.4 34.2
0 746.991 10 4.4 34.2
0 747.099 9 4.4 34.2
0 747.188 11 4.4 34.2
0 747.293 10 4.4 34.2
0 747.467 6 4.4 34.2
0 747.476 107 4.4 34.2
0 747.692 5 4.4 34.2
0 747.698 176 4.4 34.2
0 747.814 9 4.4 34.2
0 748.003 5 4.4 34.2
0 748.125 8 4.4 34.2
0 748.184 17 4.4 34.2
0 748.256 14 4.4 34.2
0 748.35 11 4.4 34.2
0 748.448 10 4.4 34.2
0 748.554 9 4.4 34.2
0 748.65 10 4.4 34.2
0 748.753 10 4.4 34.2
0 748.851 10 4.4 34.2
0 748.949 10 4.4 34.2
0 749.055 9 4.4 34.2
0 749.243 5 4.4 34.2
0 749.25 137 4.4 34.2
0 749.368 8 4.4 34.2
0 749.465 10 4.4 34.2
0 749.658 5 4.4 34.2
0 749.725 15 4.4 34.2
0 749.785 17 4.4 34.2
0 749.886 10 4.4 34.2
0 749.984 10 4.4 34.2
0 750.19 5 4.4 34.2
0 750.265 13 4.4 34.2
0 750.317 19 4.4 34.2
0 750.416 10 4.4 34.2
0 750.55 7 4.4 34.2
0 750.615 16 4.4 34.2
0 750.809 5 4.4 34.2
0 750.817 135 4.4 34.2
0 750.918 10 4.4 34.2
0 751.036 8 4.4 34.2
0 751.129 11 4.4 34.2
0 751.329 5 4.4 34.2
0 751.336 136 4.4 34.2
0 751.455 8 4.4 34.2
0 751.556 10 4.4 34.2
0 751.657 10 4.4 34.2
0 751.958 3 4.4 34.2
0 751.975 59 4.4 34.2
0 752.083 9 4.4 34.2
0 752.29 5 4.4 34.2
0 752.377 12 4.4 34.2
0 752.527 7 4.4 34.2
0 752.536 109 4.4 34.2
0 752.66 8 4.4 34.2
0 752.751 11 4.4 34.2
0 752.835 12 4.4 34.2
0 753.045 5 4.4 34.2
0 753.052 145 4.4 34.2
0 753.169 9 4.4 34.2
0 753.272 10 4.4 34.2
0 753.371 10 4.4 34.2
0 753.471 10 4.4 34.2
0 753.581 9 4.4 34.2
0 753.672 11 4.4 34.2
0 753.771 10 4.4 34.2
0 753.874 10 4.4 34.2
0 753.971 10 4.4 34.2
0 754.082 9 4.4 34.2
0 754.259 6 4.4 34.2
0 754.32 16 4.4 34.2
0 754.497 6 4.4 34.2
0 754.58 12 4.4 34.2
0 754.792 5 4.4 34.2
0 754.825 30 4.4 34.2
0 754.906 12 4.4 34.2
0 755.015 9 4.4 34.2
0 755.113 10 4.4 34.2
0 755.201 11 4.4 34.2
0 755.32 8 4.4 34.2
0 755.414 11 4.4 34.2
0 755.516 10 4.4 34.2
0 755.614 10 4.4 34.2
0 755.703 11 4.4 34.2
0 755.979 4 4.4 34.2
0 755.985 190 4.4 34.2
0 756.101 9 4.4 34.2
0 756.197 10 4.4 34.2
0 756.391 5 3.7 34.2
0 756.515 8 3.7 34.2
0 756.521 148 3.7 34.2
0 756.694 6 3.7 34.2
0 756.799 10 3.7 34.2
0 756.922 8 3.7 34.2
0 756.926 216 3.7 34.2
0 757.055 8 3.7 34.2
0 757.145 11 3.7 34.2
0 757.243 10 3.7 34.2
0 757.345 10 3.7 34.2
0 757.53 5 3.7 34.2
0 757.536 154 3.7 34.2
0 757.663 8 3.7 34.2
0 757.752 11 3.7 34.2
0 757.853 10 3.7 34.2
0 757.953 10 3.7 34.2
0 758.154 5 3.7 34.2
0 758.234 12 3.7 34.2
0 758.274 25 3.7 34.2
0 758.376 10 3.7 34.2
0 758.591 5 3.7 34.2
0 758.611 49 3.7 34.2
0 758.707 10 3.7 34.2
0 758.887 6 3.7 34.2
0 758.898 95 3.7 34.2
0 759.016 8 3.7 34.2
0 759.12 10 3.7 34.2
0 759.287 6 3.7 34.2
0 759.299 85 3.7 34.2
0 759.42 8 3.7 34.2
0 759.518 10 3.7 34.2
0 759.621 10 3.7 34.2
0 759.787 6 3.7 34.2
0 759.8 78 3.7 34.2
0 759.915 9 3.7 34.2
0 760.075 6 3.7 34.2
0 760.117 24 3.7 34.2
0 760.205 11 3.7 34.2
0 760.327 8 3.7 34.2
0 760.414 11 3.7 34.2
0 760.622 5 3.7 34.2
0 760.648 38 3.7 34.2
0 760.819 6 3.7 34.2
0 761.079 4 3.7 34.2
0 761.086 138 3.7 34.2
0 761.197 9 3.7 34.2
0 761.293 10 3.7 34.2
0 761.469 6 3.7 34.2
0 761.492 45 3.7 34.2
0 761.607 9 3.7 34.2
0 761.695 11 3.7 34.2
0 761.788 11 3.7 34.2
0 761.99 5 3.7 34.2
0 761.995 185 3.7 34.2
0 762.177 5 3.7 34.2
0 762.197 50 3.7 34.2
0 762.319 8 3.7 34.2
0 762.397 13 3.7 34.2
0 762.663 4 3.7 34.2
0 762.745 12 3.7 34.2
0 762.857 9 3.7 34.2
0 762.883 38 3.7 34.2
0 763.051 6 3.7 34.2
0 763.173 8 3.7 34.2
0 763.255 12 3.7 34.2
0 763.291 28 3.7 34.2
0 763.395 10 3.7 34.2
0 763.499 10 3.7 34.2
0 763.599 10 3.7 34.2
0 763.693 11 3.7 34.2
0 763.799 9 3.7 34.2
0 763.9 10 3.7 34.2
0 763.999 10 3.7 34.2
0 764.088 11 3.7 34.2
0 764.258 6 3.7 34.2
0 764.386 8 3.7 34.2
0 764.392 187 3.7 34.2
0 764.512 8 3.7 34.2
0 764.599 11 3.7 34.2
0 764.979 3 3.7 34.2
0 765.073 11 3.7 34.2
0 765.105 32 3.7 34.2
0 765.195 11 3.7 34.2
0 765.31 9 3.7 34.2
0 765.41 10 3.7 34.2
0 765.51 10 3.7 34.2
0 765.61 10 3.7 34.2
0 765.697 11 3.7 34.2
0 765.811 9 3.7 34.2
0 766.079 4 3.7 34.2
0 766.087 137 3.7 34.2
0 766.206 8 3.7 34.2
0 766.313 9 3.7 34.2
0 766.39 13 3.7 34.2
0 766.598 5 4.0 34.2
0 766.606 125 4.0 34.2
0 766.782 6 4.0 34.2
0 766.825 23 4.0 34.2
0 767.169 3 4.0 34.2
0 767.183 73 4.0 34.2
0 767.295 9 4.0 34.2
0 767.394 10 4.0 34.2
0 767.491 10 4.0 34.2
0 767.688 5 4.0 34.2
0 767.695 146 4.0 34.2
0 767.816 8 4.0 34.2
0 767.916 10 4.0 34.2
0 768.014 10 4.0 34.2
0 768.26 4 4.0 34.2
0 768.363 10 4.0 34.2
0 768.369 186 4.0 34.2
0 768.489 8 4.0 34.2
0 768.588 10 4.0 34.2
0 768.67 12 4.0 34.2
0 768.857 5 4.0 34.2
0 768.887 34 4.0 34.2
0 769.218 3 4.0 34.2
0 769.241 45 4.0 34.2
0 769.402 6 4.0 34.2
0 769.434 31 4.0 34.2
0 769.54 9 4.0 34.2
0 769.637 10 4.0 34.2
0 769.746 9 4.0 34.2
0 769.91 6 4.0 34.2
0 769.925 67 4.0 34.2
0 770.054 8 4.0 34.2
0 770.137 12 4.0 34.2
0 770.307 6 4.0 34.2
0 770.344 27 4.0 34.2
0 770.45 9 4.0 34.2
0 770.547 10 4.0 34.2
0 770.634 11 4.0 34.2
0 770.746 9 4.0 34.2
0 771.131 3 4.0 34.2
0 771.313 5 4.0 34.2
0 771.336 42 4.0 34.2
0 771.44 10 4.0 34.2
0 771.629 5 4.0 34.2
0 771.637 123 4.0 34.2
0 771.763 8 4.0 34.2
0 771.86 10 4.0 34.2
0 772.046 5 4.0 34.2
0 772.053 153 4.0 34.2
0 772.182 8 4.0 34.2
0 772.346 6 4.0 34.2
0 772.369 42 4.0 34.2
0 772.477 9 4.0 34.2
0 772.577 10 4.0 34.2
0 772.764 5 4.0 34.2
0 772.773 121 4.0 34.2
0 772.996 4 4.0 34.2
0 773.005 120 4.0 34.2
0 773.508 2 4.0 34.2
0 773.633 8 4.0 34.2
0 773.639 154 4.0 34.2
0 773.765 8 4.0 34.2
0 773.864 10 4.0 34.2
0 773.966 10 4.0 34.2
0 774.067 10 4.0 34.2
0 774.169 10 4.0 34.2
0 774.264 11 4.0 34.2
0 774.527 4 4.0 34.2
0 774.547 49 4.0 34.2
0 774.66 9 4.0 34.2
0 774.763 10 4.0 34.2
0 774.945 6 4.0 34.2
0 775.075 8 4.0 34.2
0 775.088 74 4.0 34.2
0 775.203 9 4.0 34.2
0 775.627 2 4.0 34.2
0 775.658 32 4.0 34.2
0 775.761 10 4.0 34.2
0 775.863 10 4.0 34.2
0 775.961 10 4.0 34.2
0 776.224 4 4.0 34.2
0 776.232 122 4.0 34.2
0 776.355 8 4.0 34.2
0 776.454 10 4.0 34.2
0 776.71 4 4.1 34.2
0 776.717 141 4.1 34.2
0 776.843 8 4.1 34.2
0 776.942 10 4.1 34.2
0 777.195 4 4.1 34.2
0 777.202 147 4.1 34.2
0 777.656 2 4.1 34.2
0 777.775 8 4.1 34.2
0 777.783 126 4.1 34.2
0 777.907 8 4.1 34.2
0 778.009 10 4.1 34.2
0 778.096 11 4.1 34.2
0 778.287 5 4.1 34.2
0 778.293 154 4.1 34.2
0 778.418 8 4.1 34.2
0 778.521 10 4.1 34.2
0 778.779 4 4.1 34.2
0 778.815 28 4.1 34.2
0 778.888 14 4.1 34.2
0 779.008 8 4.1 34.2
0 779.205 5 4.1 34.2
0 779.212 145 4.1 34.2
0 779.526 3 4.1 34.2
0 779.748 5 4.1 34.2
0 779.778 33 4.1 34.2
0 779.967 5 4.1 34.2
0 779.974 154 4.1 34.2
0 780.101 8 4.1 34.2
0 780.196 11 4.1 34.2
0 780.299 10 4.1 34.2
0 780.404 10 4.1 34.2
0 780.503 10 4.1 34.2
0 780.596 11 4.1 34.2
0 780.697 10 4.1 34.2
0 780.862 6 4.1 34.2
0 780.876 73 4.1 34.2
0 781.007 8 4.1 34.2
0 781.234 4 4.1 34.2
0 781.571 3 4.1 34.2
0 781.602 32 4.1 34.2
0 781.852 4 4.1 34.2
0 781.88 36 4.1 34.2
0 781.985 10 4.1 34.2
0 782.087 10 4.1 34.2
0 782.271 5 4.1 34.2
0 782.277 164 4.1 34.2
0 782.397 8 4.1 34.2
0 782.505 9 4.1 34.2
0 782.603 10 4.1 34.2
0 782.74 7 4.1 34.2
0 782.878 7 4.1 34.2
0 782.907 35 4.1 34.2
0 783.013 9 4.1 34.2
0 783.114 10 4.1 34.2
0 783.2 12 4.1 34.2
0 783.739 2 4.1 34.2
0 783.96 5 4.1 34.2
0 783.991 32 4.1 34.2
0 784.097 9 4.1 34.2
0 784.195 10 4.1 34.2
0 784.281 12 4.1 34.2
0 784.395 9 4.1 34.2
0 784.495 10 4.1 34.2
0 784.643 7 4.1 34.2
0 784.684 24 4.1 34.2
0 784.8 9 4.1 34.2
0 785.066 4 4.1 34.2
0 785.09 42 4.1 34.2
0 785.2 9 4.1 34.2
0 785.303 10 4.1 34.2
0 785.501 5 4.1 34.2
0 785.523 46 4.1 34.2
0 785.61 11 4.1 34.2
0 785.828 5 4.1 34.2
0 785.853 40 4.1 34.2
0 786.033 6 4.1 34.2
0 786.04 142 4.1 34.2
0 786.295 4 4.1 34.2
0 786.304 120 4.1 34.2
0 786.426 8 4.1 34.2
0 786.524 10 4.1 34.2
0 786.66 7 4.1 34.2
0 786.75 11 4.0 34.2
0 786.826 13 4.0 34.2
0 786.928 10 4.0 34.2
0 787.135 5 4.0 34.2
0 787.15 67 4.0 34.2
0 787.332 5 4.0 34.2
0 787.342 100 4.0 34.2
0 787.69 3 4.0 34.2
0 787.748 17 4.0 34.2
0 787.818 14 4.0 34.2
0 787.926 9 4.0 34.2
0 788.131 5 4.0 34.2
0 788.153 45 4.0 34.2
0 788.259 9 4.0 34.2
0 788.355 10 4.0 34.2
0 788.552 5 4.0 34.2
0 788.557 188 4.0 34.2
0 788.717 6 4.0 34.2
0 788.871 7 4.0 34.2
0 788.877 182 4.0 34.2
0 788.996 8 4.0 34.2
0 789.2 5 4.0 34.2
0 789.206 160 4.0 34.2
0 789.326 8 4.0 34.2
0 789.429 10 4.0 34.2
0 789.526 10 4.0 34.2
0 789.687 6 4.0 34.2
0 789.709 46 4.0 34.2
0 789.825 9 4.0 34.2
0 789.98 6 4.0 34.2
0 790.02 25 4.0 34.2
0 790.132 9 4.0 34.2
0 790.213 12 4.0 34.2
0 790.325 9 4.0 34.2
0 790.425 10 4.0 34.2
0 790.528 10 4.0 34.2
0 790.627 10 4.0 34.2
0 790.718 11 4.0 34.2
0 790.822 10 4.0 34.2
0 790.927 10 4.0 34.2
0 791.03 10 4.0 34.2
0 791.341 3 4.0 34.2
0 791.399 17 4.0 34.2
0 791.463 16 4.0 34.2
0 791.568 9 4.0 34.2
0 791.666 10 4.0 34.2
0 791.985 3 4.0 34.2
0 791.992 140 4.0 34.2
0 792.107 9 4.0 34.2
0 792.202 11 4.0 34.2
0 792.361 6 4.0 34.2
0 792.404 23 4.0 34.2
0 792.515 9 4.0 34.2
0 792.591 13 4.0 34.2
0 792.703 9 4.0 34.2
0 792.919 5 4.0 34.2
0 792.968 20 4.0 34.2
0 793.046 13 4.0 34.2
0 793.271 4 4.0 34.2
0 793.302 32 4.0 34.2
0 793.415 9 4.0 34.2
0 793.559 7 4.0 34.2
0 793.605 22 4.0 34.2
0 793.71 9 4.0 34.2
0 793.818 9 4.0 34.2
0 793.956 7 4.0 34.2
0 794.007 20 4.0 34.2
0 794.121 9 4.0 34.2
0 794.204 12 4.0 34.2
0 794.293 11 4.0 34.2
0 794.419 8 4.0 34.2
0 794.518 10 4.0 34.2
0 794.613 11 4.0 34.2
0 794.752 7 4.0 34.2
0 794.81 17 4.0 34.2
0 795.022 5 4.0 34.2
0 795.032 94 4.0 34.2
0 795.274 4 4.0 34.2
0 795.306 32 4.0 34.2
0 795.419 9 4.0 34.2
0 795.515 10 4.0 34.2
0 795.611 10 4.0 34.2
0 795.706 11 4.0 34.2
0 795.823 9 4.0 34.2
0 795.918 11 4.0 34.2
0 796.018 10 4.0 34.2
0 796.118 10 4.0 34.2
0 796.195 13 4.0 34.2
0 796.431 4 4.0 34.2
0 796.492 16 4.0 34.2
0 796.57 13 4.0 34.2
0 796.698 8 4.0 34.2
0 796.795 10 3.9 34.2
0 797.002 5 3.9 34.2
0 797.094 11 3.9 34.2
0 797.265 6 3.9 34.2
0 797.306 24 3.9 34.2
0 797.455 7 3.9 34.2
0 797.505 20 3.9 34.2
0 797.632 8 3.9 34.2
0 797.711 13 3.9 34.2
0 797.835 8 3.9 34.2
0 797.977 7 3.9 34.2
0 797.996 52 3.9 34.2
0 798.143 7 3.9 34.2
0 798.216 14 3.9 34.2
0 798.335 8 3.9 34.2
0 798.419 12 3.9 34.2
0 798.577 6 3.9 34.2
0 798.589 88 3.9 34.2
0 798.708 8 3.9 34.2
0 798.797 11 3.9 34.2
0 798.925 8 3.9 34.2
0 799.024 10 3.9 34.2
0 799.324 3 3.9 34.2
0 799.359 29 3.9 34.2
0 799.468 9 3.9 34.2
0 799.566 10 3.9 34.2
0 799.666 10 3.9 34.2
0 799.828 6 3.9 34.2
0 799.839 90 3.9 34.2
0 800.017 6 3.9 34.2
0 800.057 25 3.9 34.2
0 800.17 9 3.9 34.2
0 800.269 10 3.9 34.2
0 800.373 10 3.9 34.2
0 800.474 10 3.9 34.2
0 800.559 12 3.9 34.2
0 800.737 6 3.9 34.2
0 800.748 90 3.9 34.2
0 800.882 7 3.9 34.2
0 800.975 11 3.9 34.2
0 801.083 9 3.9 34.2
0 801.208 8 3.9 34.2
0 801.249 24 3.9 34.2
0 801.483 4 3.9 34.2
0 801.538 18 3.9 34.2
0 801.622 12 3.9 34.2
0 801.708 12 3.9 34.2
0 801.796 11 3.9 34.2
0 802.032 4 3.9 34.2
0 802.043 89 3.9 34.2
0 802.174 8 3.9 34.2
0 802.253 13 3.9 34.2
0 802.369 9 3.9 34.2
0 802.524 6 3.9 34.2
0 802.55 39 3.9 34.2
0 802.676 8 3.9 34.2
0 802.75 13 3.9 34.2
0 802.87 8 3.9 34.2
0 803.037 6 3.9 34.2
0 803.049 83 3.9 34.2
0 803.213 6 3.9 34.2
0 803.272 17 3.9 34.2
0 803.429 6 3.9 34.2
0 803.449 50 3.9 34.2
0 803.63 6 3.9 34.2
0 803.648 56 3.9 34.2
0 803.779 8 3.9 34.2
0 803.874 11 3.9 34.2
0 803.975 10 3.9 34.2
0 804.075 10 3.9 34.2
0 804.173 10 3.9 34.2
0 804.28 9 3.9 34.2
0 804.354 14 3.9 34.2
0 804.471 9 3.9 34.2
0 804.576 10 3.9 34.2
0 804.68 10 3.9 34.2
0 804.84 6 3.9 34.2
0 804.85 96 3.9 34.2
0 805.037 5 3.9 34.2
0 805.05 78 3.9 34.2
0 805.221 6 3.9 34.2
0 805.272 20 3.9 34.2
0 805.376 10 3.9 34.2
0 805.48 10 3.9 34.2
0 805.568 11 3.9 34.2
0 805.738 6 3.9 34.2
0 805.753 65 3.9 34.2
0 805.879 8 3.9 34.2
0 805.979 10 3.9 34.2
0 806.079 10 3.9 34.2
0 806.181 10 3.9 34.2
0 806.285 10 3.9 34.2
0 806.383 10 3.9 34.2
0 806.581 5 3.9 34.2
0 806.634 19 3.9 34.2
0 806.715 12 3.9 34.2
0 806.82 9 4.4 34.3
0 806.921 10 4.4 34.3
0 807.131 5 4.4 34.3
0 807.219 11 4.4 34.3
0 807.264 22 4.4 34.3
0 807.418 7 4.4 34.3
0 807.441 42 4.4 34.3
0 807.603 6 4.4 34.3
0 807.646 23 4.4 34.3
0 807.752 9 4.4 34.3
0 807.85 10 4.4 34.3
0 807.96 9 4.4 34.3
0 808.084 8 4.4 34.3
0 808.152 15 4.4 34.3
0 808.272 8 4.4 34.3
0 808.345 14 4.4 34.3
0 808.524 6 4.4 34.3
0 808.549 40 4.4 34.3
0 808.714 6 4.4 34.3
0 808.767 19 4.4 34.3
0 808.847 13 4.4 34.3
0 808.976 8 4.4 34.3
0 809.083 9 4.4 34.3
0 809.178 11 4.4 34.3
0 809.392 5 4.4 34.3
0 809.403 91 4.4 34.3
0 809.533 8 4.4 34.3
0 809.639 9 4.4 34.3
0 809.721 12 4.4 34.3
0 809.887 6 4.4 34.3
0 809.905 56 4.4 34.3
0 810.049 7 4.4 34.3
0 810.139 11 4.4 34.3
0 810.226 12 4.4 34.3
0 810.321 11 4.4 34.3
0 810.424 10 4.4 34.3
0 810.534 9 4.4 34.3
0 810.617 12 4.4 34.3
0 810.778 6 4.4 34.3
0 810.828 20 4.4 34.3
0 810.936 9 4.4 34.3
0 811.032 10 4.4 34.3
0 811.137 10 4.4 34.3
0 811.214 13 4.4 34.3
0 811.456 4 4.4 34.3
0 811.467 89 4.4 34.3
0 811.692 4 4.4 34.3
0 811.749 17 4.4 34.3
0 811.82 14 4.4 34.3
0 811.934 9 4.4 34.3
0 812.088 6 4.4 34.3
0 812.104 62 4.4 34.3
0 812.216 9 4.4 34.3
0 812.34 8 4.4 34.3
0 812.475 7 4.4 34.3
0 812.519 23 4.4 34.3
0 812.68 6 4.4 34.3
0 812.716 28 4.4 34.3
0 812.839 8 4.4 34.3
0 812.937 10 4.4 34.3
0 813.036 10 4.4 34.3
0 813.186 7 4.4 34.3
0 813.211 40 4.4 34.3
0 813.338 8 4.4 34.3
0 813.66 3 4.4 34.3
0 813.716 18 4.4 34.3
0 813.805 11 4.4 34.3
0 813.883 13 4.4 34.3
0 814.005 8 4.4 34.3
0 814.104 10 4.4 34.3
0 814.205 10 4.4 34.3
0 814.355 7 4.4 34.3
0 814.366 88 4.4 34.3
0 814.482 9 4.4 34.3
0 814.579 10 4.4 34.3
0 814.681 10 4.4 34.3
0 814.781 10 4.4 34.3
0 814.95 6 4.4 34.3
0 814.97 50 4.4 34.3
0 815.14 6 4.4 34.3
0 815.179 26 4.4 34.3
0 815.281 10 4.4 34.3
0 815.379 10 4.4 34.3
0 815.674 3 4.4 34.3
0 815.687 73 4.4 34.3
0 815.86 6 4.4 34.3
0 815.885 39 4.4 34.3
0 815.995 9 4.4 34.3
0 816.098 10 4.4 34.3
0 816.206 9 4.4 34.3
0 816.297 11 4.4 34.3
0 816.392 11 4.4 34.3
0 816.497 9 4.4 34.3
0 816.707 5 4.4 34.3
0 816.758 19 4.4 34.3
0 816.829 14 4.1 34.3
0 816.93 10 4.1 34.3
0 817.095 6 4.1 34.3
0 817.118 43 4.1 34.3
0 817.218 10 4.1 34.3
0 817.34 8 4.1 34.3
0 817.485 7 4.1 34.3
0 817.804 3 4.1 34.3
0 817.82 63 4.1 34.3
0 817.932 9 4.1 34.3
0 818.026 11 4.1 34.3
0 818.193 6 4.1 34.3
0 818.21 60 4.1 34.3
0 818.322 9 4.1 34.3
0 818.41 11 4.1 34.3
0 818.535 8 4.1 34.3
0 818.69 6 4.1 34.3
0 818.755 15 4.1 34.3
0 818.831 13 4.1 34.3
0 818.924 11 4.1 34.3
0 819.031 9 4.1 34.3
0 819.133 10 4.1 34.3
0 819.219 12 4.1 34.3
0 819.396 6 4.1 34.3
0 819.414 55 4.1 34.3
0 819.532 8 4.1 34.3
0 819.841 3 4.1 34.3
0 819.86 51 4.1 34.3
0 820.025 6 4.1 34.3
0 820.055 33 4.1 34.3
0 820.225 6 4.1 34.3
0 820.256 33 4.1 34.3
0 820.372 9 4.1 34.3
0 820.463 11 4.1 34.3
0 820.547 12 4.1 34.3
0 820.667 8 4.1 34.3
0 820.768 10 4.1 34.3
0 820.925 6 4.1 34.3
0 820.955 33 4.1 34.3
0 821.062 9 4.1 34.3
0 821.168 9 4.1 34.3
0 821.266 10 4.1 34.3
0 821.367 10 4.1 34.3
0 821.472 10 4.1 34.3
0 821.567 11 4.1 34.3
0 822.027 2 4.1 34.3
0 822.078 20 4.1 34.3
0 822.149 14 4.1 34.3
0 822.248 10 4.1 34.3
0 822.351 10 4.1 34.3
0 822.508 6 4.1 34.3
0 822.551 24 4.1 34.3
0 822.708 6 4.1 34.3
0 822.764 18 4.1 34.3
0 822.874 9 4.1 34.3
0 822.973 10 4.1 34.3
0 823.081 9 4.1 34.3
0 823.232 7 4.1 34.3
0 823.243 88 4.1 34.3
0 823.376 8 4.1 34.3
0 823.474 10 4.1 34.3
0 823.583 9 4.1 34.3
0 823.74 6 4.1 34.3
0 823.987 4 4.1 34.3
0 824.015 35 4.1 34.3
0 824.142 8 4.1 34.3
0 824.216 13 4.1 34.3
0 824.331 9 4.1 34.3
0 824.488 6 4.1 34.3
0 824.5 83 4.1 34.3
0 824.631 8 4.1 34.3
0 824.718 11 4.1 34.3
0 824.803 12 4.1 34.3
0 824.93 8 4.1 34.3
0 825.09 6 4.1 34.3
0 825.102 84 4.1 34.3
0 825.277 6 4.1 34.3
0 825.317 25 4.1 34.3
0 825.431 9 4.1 34.3
0 825.53 10 4.1 34.3
0 825.631 10 4.1 34.3
0 825.723 11 4.1 34.3
0 826.103 3 4.1 34.3
0 826.114 91 4.1 34.3
0 826.226 9 4.1 34.3
0 826.34 9 4.1 34.3
0 826.446 9 4.1 34.3
0 826.545 10 4.1 34.3
0 826.649 10 4.1 34.3
0 826.72 14 4.1 34.3
0 826.849 8 3.7 34.4
0 827.091 4 3.7 34.4
0 827.148 17 3.7 34.4
0 827.223 13 3.7 34.4
0 827.335 9 3.7 34.4
0 827.438 10 3.7 34.4
0 827.577 7 3.7 34.4
0 827.625 21 3.7 34.4
0 827.773 7 3.7 34.4
0 828.056 4 3.7 34.4
0 828.074 53 3.7 34.4
0 828.25 6 3.7 34.4
0 828.268 56 3.7 34.4
0 828.389 8 3.7 34.4
0 828.488 10 3.7 34.4
0 828.597 9 3.7 34.4
0 828.668 14 3.7 34.4
0 828.877 5 3.7 34.4
0 828.89 79 3.7 34.4
0 829.018 8 3.7 34.4
0 829.113 10 3.7 34.4
0 829.213 10 3.7 34.4
0 829.318 9 3.7 34.4
0 829.419 10 3.7 34.4
0 829.574 6 3.7 34.4
0 829.589 68 3.7 34.4
0 829.714 8 3.7 34.4
0 829.819 10 3.7 34.4
0 829.923 10 3.7 34.4
0 830.168 4 3.7 34.4
0 830.178 95 3.7 34.4
0 830.365 5 3.7 34.4
0 830.379 71 3.7 34.4
0 830.512 7 3.7 34.4
0 830.606 11 3.7 34.4
0 830.71 10 3.7 34.4
0 830.809 10 3.7 34.4
0 830.909 10 3.7 34.4
0 831.006 10 3.7 34.4
0 831.183 6 3.7 34.4
0 831.187 234 3.7 34.4
0 831.303 9 3.7 34.4
0 831.404 10 3.7 34.4
0 831.504 10 3.7 34.4
0 831.603 10 3.7 34.4
0 831.707 10 3.7 34.4
0 831.803 10 3.7 34.4
0 831.903 10 3.7 34.4
0 832.305 2 3.7 34.4
0 832.311 178 3.7 34.4
0 832.463 7 3.7 34.4
0 832.581 8 3.7 34.4
0 832.615 29 3.7 34.4
0 832.794 6 3.7 34.4
0 832.822 36 3.7 34.4
0 832.924 10 3.7 34.4
0 833.027 10 3.7 34.4
0 833.124 10 3.7 34.4
0 833.26 7 3.7 34.4
0 833.335 13 3.7 34.4
0 833.423 11 3.7 34.4
0 833.53 9 3.7 34.4
0 833.626 10 3.7 34.4
0 833.717 11 3.7 34.4
0 833.892 6 3.7 34.4
0 833.921 35 3.7 34.4
0 834.085 6 3.7 34.4
0 834.124 26 3.7 34.4
0 834.215 11 3.7 34.4
0 834.326 9 3.7 34.4
0 834.433 9 3.7 34.4
0 834.575 7 3.7 34.4
0 834.625 20 3.7 34.4
0 834.715 11 3.7 34.4
0 834.827 9 3.7 34.4
0 834.935 9 3.7 34.4
0 835.024 11 3.7 34.4
0 835.189 6 3.7 34.4
0 835.216 37 3.7 34.4
0 835.39 6 3.7 34.4
0 835.422 32 3.7 34.4
0 835.533 9 3.7 34.4
0 835.628 11 3.7 34.4
0 835.716 11 3.7 34.4
0 835.828 9 3.7 34.4
0 835.927 10 3.7 34.4
0 836.093 6 3.7 34.4
0 836.228 7 3.7 34.4
0 836.232 243 3.7 34.4
0 836.342 9 3.7 34.4
0 836.443 10 3.7 34.4
0 836.542 10 3.7 34.4
0 836.646 10 3.7 34.4
0 836.746 10 3.7 34.4
0 836.842 10 3.7 34.4
0 836.946 10 4.0 34.4
0 837.047 10 4.0 34.4
0 837.34 3 4.0 34.4
0 837.346 182 4.0 34.4
0 837.453 9 4.0 34.4
0 837.616 6 4.0 34.4
0 837.656 25 4.0 34.4
0 837.817 6 4.0 34.4
0 837.853 28 4.0 34.4
0 837.957 10 4.0 34.4
0 838.108 7 4.0 34.4
0 838.16 19 4.0 34.4
0 838.324 6 4.0 34.4
0 838.356 32 4.0 34.4
0 838.462 9 4.0 34.4
0 838.559 10 4.0 34.4
0 838.66 10 4.0 34.4
0 838.758 10 4.0 34.4
0 838.929 6 4.0 34.4
0 838.951 45 4.0 34.4
0 839.063 9 4.0 34.4
0 839.162 10 4.0 34.4
0 839.258 10 4.0 34.4
0 839.359 10 4.0 34.4
0 839.466 9 4.0 34.4
0 839.624 6 4.0 34.4
0 839.658 30 4.0 34.4
0 839.761 10 4.0 34.4
0 839.86 10 4.0 34.4
0 839.958 10 4.0 34.4
0 840.126 6 4.0 34.4
0 840.222 10 4.0 34.4
0 840.256 29 4.0 34.4
0 840.427 6 4.0 34.4
0 840.456 34 4.0 34.4
0 840.56 10 4.0 34.4
0 840.671 9 4.0 34.4
0 840.762 11 4.0 34.4
0 840.863 10 4.0 34.4
0 840.959 10 4.0 34.4
0 841.062 10 4.0 34.4
0 841.27 5 4.0 34.4
0 841.274 258 4.0 34.4
0 841.389 9 4.0 34.4
0 841.525 7 4.0 34.4
0 841.588 16 4.0 34.4
0 841.689 10 4.0 34.4
0 841.798 9 4.0 34.4
0 841.891 11 4.0 34.4
0 841.988 10 4.0 34.4
0 842.345 3 4.0 34.4
0 842.352 148 4.0 34.4
0 842.457 10 4.0 34.4
0 842.55 11 4.0 34.4
0 842.721 6 4.0 34.4
0 842.823 10 4.0 34.4
0 842.868 22 4.0 34.4
0 842.958 11 4.0 34.4
0 843.064 9 4.0 34.4
0 843.165 10 4.0 34.4
0 843.33 6 4.0 34.4
0 843.357 37 4.0 34.4
0 843.477 8 4.0 34.4
0 843.626 7 4.0 34.4
0 843.664 26 4.0 34.4
0 843.763 10 4.0 34.4
0 843.923 6 4.0 34.4
0 843.963 25 4.0 34.4
0 844.077 9 4.0 34.4
0 844.162 12 4.0 34.4
0 844.268 9 4.0 34.4
0 844.366 10 4.0 34.4
0 844.468 10 4.0 34.4
0 844.555 11 4.0 34.4
0 844.739 5 4.0 34.4
0 844.753 72 4.0 34.4
0 844.869 9 4.0 34.4
0 844.969 10 4.0 34.4
0 845.069 10 4.0 34.4
0 845.238 6 4.0 34.4
0 845.258 50 4.0 34.4
0 845.432 6 4.0 34.4
0 845.464 31 4.0 34.4
0 845.629 6 4.0 34.4
0 845.671 24 4.0 34.4
0 845.779 9 4.0 34.4
0 845.87 11 4.0 34.4
0 845.972 10 4.0 34.4
0 846.071 10 4.0 34.4
0 846.311 4 4.0 34.4
0 846.317 161 4.0 34.4
0 846.431 9 4.0 34.4
0 846.53 10 4.0 34.4
0 846.629 10 4.0 34.4
0 846.725 10 4.0 34.4
0 846.843 9 4.0 34.4
0 846.933 11 4.0 34.4
0 847.032 10 3.2 34.4
0 847.13 10 3.2 34.4
0 847.416 3 3.2 34.4
0 847.424 131 3.2 34.4
0 847.535 9 3.2 34.4
0 847.752 5 3.2 34.4
0 847.798 22 3.2 34.4
0 847.872 14 3.2 34.4
0 847.984 9 3.2 34.4
0 848.073 11 3.2 34.4
0 848.342 4 3.2 34.4
0 848.347 197 3.2 34.4
0 848.463 9 3.2 34.4
0 848.575 9 3.2 34.4
0 848.663 11 3.2 34.4
0 848.761 10 3.2 34.4
0 848.864 10 3.2 34.4
0 849.026 6 3.2 34.4
0 849.06 30 3.2 34.4
0 849.175 9 3.2 34.4
0 849.261 12 3.2 34.4
0 849.364 10 3.2 34.4
0 849.464 10 3.2 34.4
0 849.564 10 3.2 34.4
0 849.775 5 3.2 34.4
0 849.78 212 3.2 34.4
0 849.896 9 3.2 34.4
0 849.996 10 3.2 34.4
0 850.098 10 3.2 34.4
0 850.288 5 3.2 34.4
0 850.292 246 3.2 34.4
0 850.468 6 3.2 34.4
0 850.501 30 3.2 34.4
0 850.604 10 3.2 34.4
0 850.704 10 3.2 34.4
0 850.819 9 3.2 34.4
0 850.907 11 3.2 34.4
0 851.007 10 3.2 34.4
0 851.107 10 3.2 34.4
0 851.206 10 3.2 34.4
0 851.416 5 3.2 34.4
0 851.42 238 3.2 34.4
0 851.53 9 3.2 34.4
0 851.634 10 3.2 34.4
0 851.785 7 3.2 34.4
0 851.836 20 3.2 34.4
0 851.945 9 3.2 34.4
0 852.034 11 3.2 34.4
0 852.133 10 3.2 34.4
0 852.465 3 3.2 34.4
0 852.473 131 3.2 34.4
0 852.581 9 3.2 34.4
0 852.683 10 3.2 34.4
0 852.886 5 3.2 34.4
0 852.889 267 3.2 34.4
0 853.017 8 3.2 34.4
0 853.103 12 3.2 34.4
0 853.203 10 3.2 34.4
0 853.359 6 3.2 34.4
0 853.398 26 3.2 34.4
0 853.51 9 3.2 34.4
0 853.612 10 3.2 34.4
0 853.704 11 3.2 34.4
0 853.868 6 3.2 34.4
0 853.904 28 3.2 34.4
0 854.076 6 3.2 34.4
0 854.094 55 3.2 34.4
0 854.213 8 3.2 34.4
0 854.364 7 3.2 34.4
0 854.405 25 3.2 34.4
0 854.511 9 3.2 34.4
0 854.606 11 3.2 34.4
0 854.703 10 3.2 34.4
0 854.867 6 3.2 34.4
0 854.896 34 3.2 34.4
0 855.012 9 3.2 34.4
0 855.107 11 3.2 34.4
0 855.204 10 3.2 34.4
0 855.37 6 3.2 34.4
0 855.402 31 3.2 34.4
0 855.574 6 3.2 34.4
0 855.596 45 3.2 34.4
0 855.708 9 3.2 34.4
0 855.868 6 3.2 34.4
0 855.912 23 3.2 34.4
0 856.014 10 3.2 34.4
0 856.099 12 3.2 34.4
0 856.209 9 3.2 34.4
0 856.468 4 3.2 34.4
0 856.472 238 3.2 34.4
0 856.58 9 3.2 34.4
0 856.686 9 3.2 34.4
0 856.786 10 3.2 34.4
0 856.888 10 3.2 34.4
0 856.997 9 3.2 34.4
0 857.093 10 3.2 34.4
0 857.187 11 3.2 34.4
0 857.479 3 3.2 34.4
0 857.484 206 3.2 34.4
0 857.609 8 3.2 34.4
0 857.697 11 3.2 34.4
0 857.897 5 3.2 34.4
0 857.965 15 3.2 34.4
0 858.016 20 3.2 34.4
0 858.125 9 3.2 34.4
0 858.215 11 3.2 34.4
0 858.437 4 3.2 34.4
0 858.441 257 3.2 34.4
0 858.556 9 3.2 34.4
0 858.667 9 3.2 34.4
0 858.755 11 3.2 34.4
0 858.852 10 3.2 34.4
0 858.953 10 3.2 34.4
0 859.117 6 3.2 34.4
0 859.151 29 3.2 34.4
0 859.265 9 3.2 34.4
0 859.356 11 3.2 34.4
0 859.455 10 3.2 34.4
0 859.558 10 3.2 34.4
0 859.654 10 3.2 34.4
0 859.754 10 3.2 34.4
0 859.929 6 3.2 34.4
0 860.02 11 3.2 34.4
0 860.06 25 3.2 34.4
0 860.159 10 3.2 34.4
0 860.252 11 3.2 34.4
0 860.487 4 3.2 34.4
0 860.492 226 3.2 34.4
0 860.671 6 3.2 34.4
0 860.701 33 3.2 34.4
0 860.808 9 3.2 34.4
0 860.908 10 3.2 34.4
0 861.015 9 3.2 34.4
0 861.11 11 3.2 34.4
0 861.207 10 3.2 34.4
0 861.307 10 3.2 34.4
0 861.511 5 3.2 34.4
0 861.518 161 3.2 34.4
0 861.634 9 3.2 34.4
0 861.726 11 3.2 34.4
0 861.831 10 3.2 34.4
0 861.932 10 3.2 34.4
0 862.154 5 3.2 34.4
0 862.166 83 3.2 34.4
0 862.259 11 3.2 34.4
0 862.625 3 3.2 34.4
0 862.63 188 3.2 34.4
0 862.754 8 3.2 34.4
0 862.927 6 3.2 34.4
0 862.932 204 3.2 34.4
0 863.044 9 3.2 34.4
0 863.149 10 3.2 34.4
0 863.233 12 3.2 34.4
0 863.336 10 3.2 34.4
0 863.507 6 3.2 34.4
0 863.543 28 3.2 34.4
0 863.648 9 3.2 34.4
0 863.733 12 3.2 34.4
0 863.84 9 3.2 34.4
0 863.935 10 3.2 34.4
0 864.238 3 3.2 34.4
0 864.242 228 3.2 34.4
0 864.365 8 3.2 34.4
0 864.518 7 3.2 34.4
0 864.543 39 3.2 34.4
0 864.659 9 3.2 34.4
0 864.758 10 3.2 34.4
0 864.844 12 3.2 34.4
0 865.031 5 3.2 34.4
0 865.043 85 3.2 34.4
0 865.159 9 3.2 34.4
0 865.256 10 3.2 34.4
0 865.344 11 3.2 34.4
0 865.523 6 3.2 34.4
0 865.552 34 3.2 34.4
0 865.725 6 3.2 34.4
0 865.75 40 3.2 34.4
0 865.844 11 3.2 34.4
0 865.958 9 3.2 34.4
0 866.18 4 3.2 34.4
0 866.193 76 3.2 34.4
0 866.298 10 3.2 34.4
0 866.39 11 3.2 34.4
0 866.657 4 3.2 34.4
0 866.662 194 3.2 34.4
0 866.786 8 3.2 34.4
0 866.875 11 3.2 34.4
0 866.977 10 3.2 34.4
0 867.075 10 3.2 34.4
0 867.18 10 3.5 34.4
0 867.275 11 3.5 34.4
0 867.385 9 3.5 34.4
0 867.674 3 3.5 34.4
0 867.679 182 3.5 34.4
0 867.794 9 3.5 34.4
0 867.997 5 3.5 34.4
0 868.001 238 3.5 34.4
0 868.223 5 3.5 34.4
0 868.228 206 3.5 34.4
0 868.339 9 3.5 34.4
0 868.44 10 3.5 34.4
0 868.67 4 3.5 34.4
0 868.675 215 3.5 34.4
0 868.793 8 3.5 34.4
0 868.887 11 3.5 34.4
0 868.99 10 3.5 34.4
0 869.091 10 3.5 34.4
0 869.249 6 3.5 34.4
0 869.288 25 3.5 34.4
0 869.39 10 3.5 34.4
0 869.488 10 3.5 34.4
0 869.59 10 3.5 34.4
0 869.698 9 3.5 34.4
0 869.795 10 3.5 34.4
0 869.893 10 3.5 34.4
0 870.055 6 3.5 34.4
0 870.085 34 3.5 34.4
0 870.3 5 3.5 34.4
0 870.319 54 3.5 34.4
0 870.421 10 3.5 34.4
0 870.581 6 3.5 34.4
0 870.62 26 3.5 34.4
0 870.77 7 3.5 34.4
0 870.83 17 3.5 34.4
0 870.923 11 3.5 34.4
0 871.017 11 3.5 34.4
0 871.119 10 3.5 34.4
0 871.221 10 3.5 34.4
0 871.333 9 3.5 34.4
0 871.423 11 3.5 34.4
0 871.521 10 3.5 34.4
0 871.732 5 3.5 34.4
0 871.736 222 3.5 34.4
0 871.86 8 3.5 34.4
0 871.954 11 3.5 34.4
0 872.052 10 3.5 34.4
0 872.152 10 3.5 34.4
0 872.366 5 3.5 34.4
0 872.393 37 3.5 34.4
0 872.689 3 3.5 34.4
0 872.766 13 3.5 34.4
0 872.831 15 3.5 34.4
0 873.021 5 3.5 34.4
0 873.032 85 3.5 34.4
0 873.164 8 3.5 34.4
0 873.248 12 3.5 34.4
0 873.343 11 3.5 34.4
0 873.462 8 3.5 34.4
0 873.574 9 3.5 34.4
0 873.713 7 3.5 34.4
0 873.734 49 3.5 34.4
0 873.867 8 3.5 34.4
0 873.953 12 3.5 34.4
0 874.064 9 3.5 34.4
0 874.157 11 3.5 34.4
0 874.237 13 3.5 34.4
0 874.419 5 3.5 34.4
0 874.454 28 3.5 34.4
0 874.564 9 3.5 34.4
0 874.662 10 3.5 34.4
0 874.854 5 3.5 34.4
0 874.866 85 3.5 34.4
0 874.988 8 3.5 34.4
0 875.136 7 3.5 34.4
0 875.188 19 3.5 34.4
0 875.296 9 3.5 34.4
0 875.375 13 3.5 34.4
0 875.496 8 3.5 34.4
0 875.637 7 3.5 34.4
0 875.701 16 3.5 34.4
0 875.846 7 3.5 34.4
0 875.881 29 3.5 34.4
0 875.996 9 3.5 34.4
0 876.099 10 3.5 34.4
0 876.21 9 3.5 34.4
0 876.269 17 3.5 34.4
0 876.456 5 3.5 34.4
0 876.485 34 3.5 34.4
0 876.598 9 3.5 34.4
0 876.792 5 3.5 34.4
0 876.908 9 3.5 34.4
0 876.925 59 3.5 34.4
0 877.042 9 3.5 34.4
0 877.171 8 3.5 34.4
0 877.252 12 4.0 34.4
0 877.375 8 4.0 34.4
0 877.463 11 4.0 34.4
0 877.743 4 4.0 34.4
0 877.762 52 4.0 34.4
0 877.889 8 4.0 34.4
0 878.076 5 4.0 34.4
0 878.094 56 4.0 34.4
0 878.217 8 4.0 34.4
0 878.326 9 4.0 34.4
0 878.486 6 4.0 34.4
0 878.542 18 4.0 34.4
0 878.648 9 4.0 34.4
0 878.781 8 4.0 34.4
0 878.805 41 4.0 34.4
0 879.059 4 4.0 34.4
0 879.112 19 4.0 34.4
0 879.22 9 4.0 34.4
0 879.304 12 4.0 34.4
0 879.392 11 4.0 34.4
0 879.518 8 4.0 34.4
0 879.629 9 4.0 34.4
0 879.725 10 4.0 34.4
0 879.821 10 4.0 34.4
0 879.922 10 4.0 34.4
0 880.022 10 4.0 34.4
0 880.184 6 4.0 34.4
0 880.202 55 4.0 34.4
0 880.346 7 4.0 34.4
0 880.5 7 4.0 34.4
0 880.55 20 4.0 34.4
0 880.692 7 4.0 34.4
0 880.719 38 4.0 34.4
0 880.898 6 4.0 34.4
0 881.019 8 4.0 34.4
0 881.04 46 4.0 34.4
0 881.147 9 4.0 34.4
0 881.248 10 4.0 34.4
0 881.36 9 4.0 34.4
0 881.459 10 4.0 34.4
0 881.56 10 4.0 34.4
0 881.668 9 4.0 34.4
0 881.795 8 4.0 34.4
0 881.877 12 4.0 34.4
0 881.956 13 4.0 34.4
0 882.084 8 4.0 34.4
0 882.188 10 4.0 34.4
0 882.251 16 4.0 34.4
0 882.385 7 4.0 34.4
0 882.746 3 4.0 34.4
0 882.765 53 4.0 34.4
0 882.92 6 4.0 34.4
0 883.197 4 4.0 34.4
0 883.208 89 4.0 34.4
0 883.346 7 4.0 34.4
0 883.445 10 4.0 34.4
0 883.54 10 4.0 34.4
0 883.643 10 4.0 34.4
0 883.771 8 4.0 34.4
0 883.839 15 4.0 34.4
0 883.952 9 4.0 34.4
0 884.044 11 4.0 34.4
0 884.145 10 4.0 34.4
0 884.231 12 4.0 34.4
0 884.341 9 4.0 34.4
0 884.419 13 4.0 34.4
0 884.659 4 4.0 34.4
0 884.692 30 4.0 34.4
0 884.806 9 4.0 34.4
0 884.907 10 4.0 34.4
0 884.992 12 4.0 34.4
0 885.273 4 4.0 34.4
0 885.285 85 4.0 34.4
0 885.419 7 4.0 34.4
0 885.512 11 4.0 34.4
0 885.616 10 4.0 34.4
0 885.769 6 4.0 34.4
0 885.785 63 4.0 34.4
0 885.965 6 4.0 34.4
0 885.986 48 4.0 34.4
0 886.117 8 4.0 34.4
0 886.195 13 4.0 34.4
0 886.303 9 4.0 34.4
0 886.396 11 4.0 34.4
0 886.515 8 4.0 34.4
0 886.722 5 4.0 34.4
0 886.781 17 4.0 34.4
0 886.881 10 4.0 34.4
0 886.967 12 4.0 34.4
0 887.069 10 4.0 34.4
0 887.267 5 4.8 34.4
0 887.3 30 4.8 34.4
0 887.419 8 4.8 34.4
0 887.511 11 4.8 34.4
0 887.786 4 4.8 34.4
0 887.798 83 4.8 34.4
0 887.998 5 4.8 34.4
0 888.055 18 4.8 34.4
0 888.135 13 4.8 34.4
0 888.28 7 4.8 34.4
0 888.34 17 4.8 34.4
0 888.442 10 4.8 34.4
0 888.552 9 4.8 34.4
0 888.783 4 4.8 34.4
0 888.795 89 4.8 34.4
0 888.928 8 4.8 34.4
0 889.035 9 4.8 34.4
0 889.126 11 4.8 34.4
0 889.343 5 4.8 34.4
0 889.374 32 4.8 34.4
0 889.457 12 4.8 34.4
0 889.591 7 4.8 34.4
0 889.687 10 4.8 34.4
0 889.782 11 4.8 34.4
0 889.886 10 4.8 34.4
0 889.984 10 4.8 34.4
0 890.091 9 4.8 34.4
0 890.184 11 4.8 34.4
0 890.328 7 4.8 34.4
0 890.376 21 4.8 34.4
0 890.479 10 4.8 34.4
0 890.581 10 4.8 34.4
0 890.846 4 4.8 34.4
0 890.856 99 4.8 34.4
0 891.023 6 4.8 34.4
0 891.077 19 4.8 34.4
0 891.188 9 4.8 34.4
0 891.277 11 4.8 34.4
0 891.387 9 4.8 34.4
0 891.488 10 4.8 34.4
0 891.588 10 4.8 34.4
0 891.688 10 4.8 34.4
0 891.833 7 4.8 34.4
0 891.881 21 4.8 34.4
0 892.001 8 4.8 34.4
0 892.089 11 4.8 34.4
0 892.188 10 4.8 34.4
0 892.287 10 4.8 34.4
0 892.389 10 4.8 34.4
0 892.489 10 4.8 34.4
0 892.6 9 4.8 34.4
0 893.015 2 4.8 34.4
0 893.114 10 4.8 34.4
0 893.128 75 4.8 34.4
0 893.29 6 4.8 34.4
0 893.353 16 4.8 34.4
0 893.449 10 4.8 34.4
0 893.557 9 4.8 34.4
0 893.668 9 4.8 34.4
0 893.818 7 4.8 34.4
0 893.822 241 4.8 34.4
0 893.924 10 4.8 34.4
0 894.039 9 4.8 34.4
0 894.144 9 4.8 34.4
0 894.234 11 4.8 34.4
0 894.336 10 4.8 34.4
0 894.436 10 4.8 34.4
0 894.537 10 4.8 34.4
0 894.634 10 4.8 34.4
0 894.858 4 4.8 34.4
0 894.868 100 4.8 34.4
0 894.977 9 4.8 34.4
0 895.078 10 4.8 34.4
0 895.177 10 4.8 34.4
0 895.333 6 4.8 34.4
0 895.387 19 4.8 34.4
0 895.477 11 4.8 34.4
0 895.577 10 4.8 34.4
0 895.678 10 4.8 34.4
0 895.777 10 4.8 34.4
0 895.941 6 4.8 34.4
0 896.038 10 4.8 34.4
0 896.076 26 4.8 34.4
0 896.179 10 4.8 34.4
0 896.278 10 4.8 34.4
0 896.384 9 4.8 34.4
0 896.484 10 4.8 34.4
0 896.579 11 4.8 34.4
0 896.679 10 4.8 34.4
0 896.966 3 4.8 34.4
0 896.97 256 4.8 34.4
0 897.093 8 4.8 34.4
0 897.184 11 4.8 34.4
0 897.285 10 4.0 34.4
0 897.385 10 4.0 34.4
0 897.486 10 4.0 34.4
0 897.595 9 4.0 34.4
0 897.686 11 4.0 34.4
0 897.785 10 4.0 34.4
0 898.081 3 4.0 34.4
0 898.175 11 4.0 34.4
0 898.186 96 4.0 34.4
0 898.359 6 4.0 34.4
0 898.398 26 4.0 34.4
0 898.5 10 4.0 34.4
0 898.6 10 4.0 34.4
0 898.712 9 4.0 34.4
0 899.033 3 4.0 34.4
0 899.036 297 4.0 34.4
0 899.149 9 4.0 34.4
0 899.246 10 4.0 34.4
0 899.347 10 4.0 34.4
0 899.447 10 4.0 34.4
0 899.546 10 4.0 34.4
0 899.65 10 4.0 34.4
0 899.738 11 4.0 34.4
0 899.862 8 4.0 34.4
0 899.948 12 4.0 34.4
0 900.048 10 4.0 34.4
0 900.151 10 4.0 34.4
0 900.239 11 4.0 34.4
0 900.419 6 4.0 34.4
0 900.443 42 4.0 34.4
0 900.548 10 4.0 34.4
0 900.651 10 4.0 34.4
0 900.744 11 4.0 34.4
0 900.851 9 4.0 34.4
0 901.048 5 4.0 34.4
0 901.051 303 4.0 34.4
0 901.164 9 4.0 34.4
0 901.26 10 4.0 34.4
0 901.365 10 4.0 34.4
0 901.463 10 4.0 34.4
0 901.57 9 4.0 34.4
0 901.665 11 4.0 34.4
0 901.763 10 4.0 34.4
0 901.866 10 4.0 34.4
0 902.023 6 4.0 34.4
0 902.115 11 4.0 34.4
0 902.166 20 4.0 34.4
0 902.263 10 4.0 34.4
0 902.368 10 4.0 34.4
0 902.454 12 4.0 34.4
0 902.564 9 4.0 34.4
0 902.675 9 4.0 34.4
0 902.764 11 4.0 34.4
0 902.868 10 4.0 34.4
0 903.158 3 4.0 34.4
0 903.253 11 4.0 34.4
0 903.261 118 4.0 34.4
0 903.435 6 4.0 34.4
0 903.47 29 4.0 34.4
0 903.572 10 4.0 34.4
0 903.674 10 4.0 34.4
0 903.782 9 4.0 34.4
0 903.875 11 4.0 34.4
0 904.07 5 4.0 34.4
0 904.074 258 4.0 34.4
0 904.183 9 4.0 34.4
0 904.295 9 4.0 34.4
0 904.387 11 4.0 34.4
0 904.486 10 4.0 34.4
0 904.585 10 4.0 34.4
0 904.688 10 4.0 34.4
0 904.796 9 4.0 34.4
0 904.887 11 4.0 34.4
0 904.987 10 4.0 34.4
0 905.086 10 4.0 34.4
0 905.189 10 4.0 34.4
0 905.297 9 4.0 34.4
0 905.453 6 4.0 34.4
0 905.482 35 4.0 34.4
0 905.587 9 4.0 34.4
0 905.69 10 4.0 34.4
0 905.798 9 4.0 34.4
0 905.89 11 4.0 34.4
0 906.097 5 4.0 34.4
0 906.1 275 4.0 34.4
0 906.214 9 4.0 34.4
0 906.304 11 4.0 34.4
0 906.411 9 4.0 34.4
0 906.512 10 4.0 34.4
0 906.614 10 4.0 34.4
0 906.713 10 4.0 34.4
0 906.822 9 4.0 34.4
0 906.915 11 4.0 34.4
0 907.067 7 4.0 34.4
0 907.113 22 4.0 34.4
0 907.212 10 4.0 34.4
0 907.31 10 3.1 34.4
0 907.424 9 3.1 34.4
0 907.513 11 3.1 34.4
0 907.614 10 3.1 34.4
0 907.703 11 3.1 34.4
0 907.815 9 3.1 34.4
0 907.925 9 3.1 34.4
0 908.209 4 3.1 34.4
0 908.302 11 3.1 34.4
0 908.314 84 3.1 34.4
0 908.49 6 3.1 34.4
0 908.52 33 3.1 34.4
0 908.624 10 3.1 34.4
0 908.725 10 3.1 34.4
0 908.829 10 3.1 34.4
0 908.928 10 3.1 34.4
0 909.136 5 3.1 34.4
0 909.139 292 3.1 34.4
0 909.241 10 3.1 34.4
0 909.348 9 3.1 34.4
0 909.453 10 3.1 34.4
0 909.556 10 3.1 34.4
0 909.651 11 3.1 34.4
0 909.741 11 3.1 34.4
0 909.856 9 3.1 34.4
0 909.954 10 3.1 34.4
0 910.057 10 3.1 34.4
0 910.159 10 3.1 34.4
0 910.242 12 3.1 34.4
0 910.356 9 3.1 34.4
0 910.517 6 3.1 34.4
0 910.549 31 3.1 34.4
0 910.661 9 3.1 34.4
0 910.752 11 3.1 34.4
0 910.856 10 3.1 34.4
0 910.955 10 3.1 34.4
0 911.167 5 3.1 34.4
0 911.172 237 3.1 34.4
0 911.282 9 3.1 34.4
0 911.386 10 3.1 34.4
0 911.482 10 3.1 34.4
0 911.581 10 3.1 34.4
0 911.693 9 3.1 34.4
0 911.783 11 3.1 34.4
0 911.877 11 3.1 34.4
0 911.986 9 3.1 34.4
0 912.147 6 3.1 34.4
0 912.18 30 3.1 34.4
0 912.292 9 3.1 34.4
0 912.387 11 3.1 34.4
0 912.485 10 3.1 34.4
0 912.583 10 3.1 34.4
0 912.684 10 3.1 34.4
0 912.794 9 3.1 34.4
0 912.887 11 3.1 34.4
0 912.988 10 3.1 34.4
0 913.286 3 3.1 34.4
0 913.379 11 3.1 34.4
0 913.392 78 3.1 34.4
0 913.553 6 3.1 34.4
0 913.595 24 3.1 34.4
0 913.698 10 3.1 34.4
0 913.801 10 3.1 34.4
0 913.912 9 3.1 34.4
0 914.004 11 3.1 34.4
0 914.207 5 3.1 34.4
0 914.211 288 3.1 34.4
0 914.317 9 3.1 34.4
0 914.432 9 3.1 34.4
0 914.522 11 3.1 34.4
0 914.622 10 3.1 34.4
0 914.745 8 3.1 34.4
0 914.835 11 3.1 34.4
0 914.954 8 3.1 34.4
0 915.047 11 3.1 34.4
0 915.148 10 3.1 34.4
0 915.244 10 3.1 34.4
0 915.342 10 3.1 34.4
0 915.445 10 3.1 34.4
0 915.62 6 3.1 34.4
0 915.63 92 3.1 34.4
0 915.751 8 3.1 34.4
0 915.859 9 3.1 34.4
0 915.959 10 3.1 34.4
0 916.067 9 3.1 34.4
0 916.245 6 3.1 34.4
0 916.255 108 3.1 34.4
0 916.385 8 3.1 34.4
0 916.483 10 3.1 34.4
0 916.592 9 3.1 34.4
0 916.676 12 3.1 34.4
0 916.776 10 3.1 34.4
0 916.884 9 3.1 34.4
0 916.968 12 3.1 34.4
0 917.097 8 3.1 34.4
0 917.231 7 3.1 34.4
0 917.277 22 3.1 34.4
0 917.386 9 3.5 34.4
0 917.486 10 3.5 34.4
0 917.583 10 3.5 34.4
0 917.698 9 3.5 34.4
0 917.785 11 3.5 34.4
0 917.866 12 3.5 34.4
0 917.973 9 3.5 34.4
0 918.085 9 3.5 34.4
0 918.311 4 3.5 34.4
0 918.416 10 3.5 34.4
0 918.426 99 3.5 34.4
0 918.593 6 3.5 34.4
0 918.651 17 3.5 34.4
0 918.746 11 3.5 34.4
0 918.86 9 3.5 34.4
0 918.941 12 3.5 34.4
0 919.056 9 3.5 34.4
0 919.248 5 3.5 34.4
0 919.26 84 3.5 34.4
0 919.391 8 3.5 34.4
0 919.487 10 3.5 34.4
0 919.581 11 3.5 34.4
0 919.688 9 3.5 34.4
0 919.777 11 3.5 34.4
0 919.89 9 3.5 34.4
0 919.99 10 3.5 34.4
0 920.088 10 3.5 34.4
0 920.191 10 3.5 34.4
0 920.293 10 3.5 34.4
0 920.39 10 3.5 34.4
0 920.49 10 3.5 34.4
0 920.642 7 3.5 34.4
0 920.672 34 3.5 34.4
0 920.797 8 3.5 34.4
0 920.884 11 3.5 34.4
0 920.991 9 3.5 34.4
0 921.072 12 3.5 34.4
0 921.28 5 3.5 34.4
0 921.291 90 3.5 34.4
0 921.398 9 3.5 34.4
0 921.522 8 3.5 34.4
0 921.612 11 3.5 34.4
0 921.721 9 3.5 34.4
0 921.828 9 3.5 34.4
0 921.922 11 3.5 34.4
0 922.023 10 3.5 34.4
0 922.121 10 3.5 34.4
0 922.262 7 3.5 34.4
0 922.315 19 3.5 34.4
0 922.429 9 3.5 34.4
0 922.521 11 3.5 34.4
0 922.619 10 3.5 34.4
0 922.723 10 3.5 34.4
0 922.823 10 3.5 34.4
0 922.928 10 3.5 34.4
0 923.022 11 3.5 34.4
0 923.121 10 3.5 34.4
0 923.356 4 3.5 34.4
0 923.456 10 3.5 34.4
0 923.466 108 3.5 34.4
0 923.638 6 3.5 34.4
0 923.69 19 3.5 34.4
0 923.794 10 3.5 34.4
0 923.893 10 3.5 34.4
0 924.003 9 3.5 34.4
0 924.087 12 3.5 34.4
0 924.288 5 3.5 34.4
0 924.298 98 3.5 34.4
0 924.404 9 3.5 34.4
0 924.526 8 3.5 34.4
0 924.617 11 3.5 34.4
0 924.718 10 3.5 34.4
0 924.821 10 3.5 34.4
0 924.901 13 3.5 34.4
0 925.02 8 3.5 34.4
0 925.128 9 3.5 34.4
0 925.222 11 3.5 34.4
0 925.328 9 3.5 34.4
0 925.449 8 3.5 34.4
0 925.535 12 3.5 34.4
0 925.702 6 3.5 34.4
0 925.72 56 3.5 34.4
0 925.853 8 3.5 34.4
0 925.952 10 3.5 34.4
0 926.054 10 3.5 34.4
0 926.161 9 3.5 34.4
0 926.297 7 3.5 34.4
0 926.33 30 3.5 34.4
0 926.454 8 3.5 34.4
0 926.552 10 3.5 34.4
0 926.663 9 3.5 34.4
0 926.748 12 3.5 34.4
0 926.873 8 3.5 34.4
0 926.947 14 3.5 34.4
0 927.056 9 3.5 34.4
0 927.164 9 3.5 34.4
0 927.289 8 3.5 34.4
0 927.334 22 3.5 34.4
0 927.455 8 4.3 34.5
0 927.548 11 4.3 34.5
0 927.656 9 4.3 34.5
0 927.751 11 4.3 34.5
0 927.855 10 4.3 34.5
0 927.954 10 4.3 34.5
0 928.054 10 4.3 34.5
0 928.156 10 4.3 34.5
0 928.385 4 4.3 34.5
0 928.492 9 4.3 34.5
0 928.509 59 4.3 34.5
0 928.69 6 4.3 34.5
0 928.709 52 4.3 34.5
0 928.853 7 4.3 34.5
0 929.032 6 4.3 34.5
0 929.043 91 4.3 34.5
0 929.183 7 4.3 34.5
0 929.313 8 4.3 34.5
0 929.395 12 4.3 34.5
0 929.512 9 4.3 34.5
0 929.569 17 4.3 34.5
0 929.684 9 4.3 34.5
0 929.762 13 4.3 34.5
0 929.877 9 4.3 34.5
0 929.973 10 4.3 34.5
0 930.074 10 4.3 34.5
0 930.181 9 4.3 34.5
0 930.261 13 4.3 34.5
0 930.378 9 4.3 34.5
0 930.474 10 4.3 34.5
0 930.557 12 4.3 34.5
0 930.762 5 4.3 34.5
0 930.78 55 4.3 34.5
0 930.906 8 4.3 34.5
0 931.051 7 4.3 34.5
0 931.088 26 4.3 34.5
0 931.225 7 4.3 34.5
0 931.342 9 4.3 34.5
0 931.413 14 4.3 34.5
0 931.518 9 4.3 34.5
0 931.677 6 4.3 34.5
0 931.709 31 4.3 34.5
0 931.814 10 4.3 34.5
0 931.943 8 4.3 34.5
0 932.047 10 4.3 34.5
0 932.14 11 4.3 34.5
0 932.225 12 4.3 34.5
0 932.365 7 4.3 34.5
0 932.422 17 4.3 34.5
0 932.541 8 4.3 34.5
0 932.646 10 4.3 34.5
0 932.736 11 4.3 34.5
0 932.842 9 4.3 34.5
0 932.927 12 4.3 34.5
0 933.104 6 4.3 34.5
0 933.16 18 4.3 34.5
0 933.252 11 4.3 34.5
0 933.477 4 4.3 34.5
0 933.581 10 4.3 34.5
0 933.604 43 4.3 34.5
0 933.774 6 4.3 34.5
0 933.819 23 4.3 34.5
0 933.948 8 4.3 34.5
0 934.068 8 4.3 34.5
0 934.135 15 4.3 34.5
0 934.241 9 4.3 34.5
0 934.378 7 4.3 34.5
0 934.405 37 4.3 34.5
0 934.502 10 4.3 34.5
0 934.648 7 4.3 34.5
0 934.744 10 4.3 34.5
0 934.817 14 4.3 34.5
0 934.947 8 4.3 34.5
0 935.02 14 4.3 34.5
0 935.147 8 4.3 34.5
0 935.247 10 4.3 34.5
0 935.348 10 4.3 34.5
0 935.419 14 4.3 34.5
0 935.55 8 4.3 34.5
0 935.761 5 4.3 34.5
0 935.781 52 4.3 34.5
0 935.915 7 4.3 34.5
0 936.015 10 4.3 34.5
0 936.126 9 4.3 34.5
0 936.226 10 4.3 34.5
0 936.359 8 4.3 34.5
0 936.379 50 4.3 34.5
0 936.521 7 4.3 34.5
0 936.655 7 4.3 34.5
0 936.676 49 4.3 34.5
0 936.808 8 4.3 34.5
0 936.895 11 4.3 34.5
0 937.001 9 4.3 34.5
0 937.166 6 4.3 34.5
0 937.2 29 4.3 34.5
0 937.311 9 4.3 34.5
0 937.443 8 4.3 34.5
0 937.506 16 4.9 34.5
0 937.61 10 4.9 34.5
0 937.757 7 4.9 34.5
0 937.802 23 4.9 34.5
0 937.912 9 4.9 34.5
0 938.057 7 4.9 34.5
0 938.076 52 4.9 34.5
0 938.186 9 4.9 34.5
0 938.292 9 4.9 34.5
0 938.531 4 4.9 34.5
0 938.629 10 4.9 34.5
0 938.636 135 4.9 34.5
0 938.806 6 4.9 34.5
0 938.85 23 4.9 34.5
0 938.951 10 4.9 34.5
0 939.117 6 4.9 34.5
0 939.209 11 4.9 34.5
0 939.25 24 4.9 34.5
0 939.421 6 4.9 34.5
0 939.44 51 4.9 34.5
0 939.553 9 4.9 34.5
0 939.644 11 4.9 34.5
0 939.809 6 4.9 34.5
0 939.852 23 4.9 34.5
0 939.954 10 4.9 34.5
0 940.054 10 4.9 34.5
0 940.156 10 4.9 34.5
0 940.246 11 4.9 34.5
0 940.359 9 4.9 34.5
0 940.458 10 4.9 34.5
0 940.549 11 4.9 34.5
0 940.657 9 4.9 34.5
0 940.813 6 4.9 34.5
0 940.851 26 4.9 34.5
0 940.964 9 4.9 34.5
0 941.052 11 4.9 34.5
0 941.219 6 4.9 34.5
0 941.252 31 4.9 34.5
0 941.392 7 4.9 34.5
0 941.453 16 4.9 34.5
0 941.564 9 4.9 34.5
0 941.716 7 4.9 34.5
0 941.86 7 4.9 34.5
0 941.874 69 4.9 34.5
0 941.97 10 4.9 34.5
0 942.092 8 4.9 34.5
0 942.181 11 4.9 34.5
0 942.279 10 4.9 34.5
0 942.383 10 4.9 34.5
0 942.52 7 4.9 34.5
0 942.579 17 4.9 34.5
0 942.677 10 4.9 34.5
0 942.78 10 4.9 34.5
0 942.884 10 4.9 34.5
0 942.973 11 4.9 34.5
0 943.146 6 4.9 34.5
0 943.186 25 4.9 34.5
0 943.281 10 4.9 34.5
0 943.385 10 4.9 34.5
0 943.634 4 4.9 34.5
0 943.731 10 4.9 34.5
0 943.738 138 4.9 34.5
0 944.025 3 4.9 34.5
0 944.029 219 4.9 34.5
0 944.199 6 4.9 34.5
0 944.233 30 4.9 34.5
0 944.344 9 4.9 34.5
0 944.51 6 4.9 34.5
0 944.539 35 4.9 34.5
0 944.644 10 4.9 34.5
0 944.749 9 4.9 34.5
0 944.845 10 4.9 34.5
0 944.946 10 4.9 34.5
0 945.049 10 4.9 34.5
0 945.146 10 4.9 34.5
0 945.309 6 4.9 34.5
0 945.343 29 4.9 34.5
0 945.447 10 4.9 34.5
0 945.55 10 4.9 34.5
0 945.646 10 4.9 34.5
0 945.746 10 4.9 34.5
0 945.92 6 4.9 34.5
0 946.044 8 4.9 34.5
0 946.062 53 4.9 34.5
0 946.165 10 4.9 34.5
0 946.257 11 4.9 34.5
0 946.405 7 4.9 34.5
0 946.464 17 4.9 34.5
0 946.568 10 4.9 34.5
0 946.651 12 4.9 34.5
0 946.812 6 4.9 34.5
0 946.866 18 4.9 34.5
0 946.97 10 4.9 34.5
0 947.069 10 4.9 34.5
0 947.151 12 4.9 34.5
0 947.319 6 4.9 34.5
0 947.362 23 4.9 34.5
0 947.486 8 4.9 34.5
0 947.628 7 3.5 34.5
0 947.661 30 3.5 34.5
0 947.763 10 3.5 34.5
0 947.885 8 3.5 34.5
0 948.087 5 3.5 34.5
0 948.183 10 3.5 34.5
0 948.198 65 3.5 34.5
0 948.329 8 3.5 34.5
0 948.423 11 3.5 34.5
0 948.674 4 3.5 34.5
0 948.78 9 3.5 34.5
0 948.791 93 3.5 34.5
0 948.923 8 3.5 34.5
0 949.067 7 3.5 34.5
0 949.109 24 3.5 34.5
0 949.271 6 3.5 34.5
0 949.376 10 3.5 34.5
0 949.41 29 3.5 34.5
0 949.571 6 3.5 34.5
0 949.612 24 3.5 34.5
0 949.724 9 3.5 34.5
0 949.826 10 3.5 34.5
0 949.93 10 3.5 34.5
0 950.136 5 3.5 34.5
0 950.158 46 3.5 34.5
0 950.264 9 3.5 34.5
0 950.381 9 3.5 34.5
0 950.484 10 3.5 34.5
0 950.573 11 3.5 34.5
0 950.657 12 3.5 34.5
0 950.759 10 3.5 34.5
0 950.937 6 3.5 34.5
0 950.948 88 3.5 34.5
0 951.084 7 3.5 34.5
0 951.182 10 3.5 34.5
0 951.266 12 3.5 34.5
0 951.49 4 3.5 34.5
0 951.501 88 3.5 34.5
0 951.62 8 3.5 34.5
0 951.722 10 3.5 34.5
0 951.822 10 3.5 34.5
0 951.925 10 3.5 34.5
0 952.144 5 3.5 34.5
0 952.171 37 3.5 34.5
0 952.266 11 3.5 34.5
0 952.385 8 3.5 34.5
0 952.484 10 3.5 34.5
0 952.583 10 3.5 34.5
0 952.727 7 3.5 34.5
0 952.757 34 3.5 34.5
0 952.877 8 3.5 34.5
0 952.981 10 3.5 34.5
0 953.085 10 3.5 34.5
0 953.234 7 3.5 34.5
0 953.259 40 3.5 34.5
0 953.442 5 3.5 34.5
0 953.475 31 3.5 34.5
0 953.722 4 3.5 34.5
0 953.838 9 3.5 34.5
0 953.848 99 3.5 34.5
0 953.964 9 3.5 34.5
0 954.119 6 3.5 34.5
0 954.171 19 3.5 34.5
0 954.31 7 3.5 34.5
0 954.371 16 3.5 34.5
0 954.479 9 3.5 34.5
0 954.627 7 3.5 34.5
0 954.651 43 3.5 34.5
0 954.758 9 3.5 34.5
0 954.926 6 3.5 34.5
0 954.96 30 3.5 34.5
0 955.083 8 3.5 34.5
0 955.181 10 3.5 34.5
0 955.258 13 3.5 34.5
0 955.379 8 3.5 34.5
0 955.542 6 3.5 34.5
0 955.566 41 3.5 34.5
0 955.687 8 3.5 34.5
0 955.759 14 3.5 34.5
0 955.945 5 3.5 34.5
0 955.956 93 3.5 34.5
0 956.097 7 3.5 34.5
0 956.233 7 3.5 34.5
0 956.252 53 3.5 34.5
0 956.362 9 3.5 34.5
0 956.528 6 3.5 34.5
0 956.55 44 3.5 34.5
0 956.676 8 3.5 34.5
0 956.754 13 3.5 34.5
0 956.865 9 3.5 34.5
0 956.963 10 3.5 34.5
0 957.063 10 3.5 34.5
0 957.177 9 3.5 34.5
0 957.254 13 3.5 34.5
0 957.367 9 3.5 34.5
0 957.571 5 3.5 34.5
0 957.585 72 3.5 34.5
0 957.758 6 4.3 34.5
0 957.786 37 4.3 34.5
0 957.891 9 4.3 34.5
0 957.981 11 4.3 34.5
0 958.089 9 4.3 34.5
0 958.261 6 4.3 34.5
0 958.282 47 4.3 34.5
0 958.392 9 4.3 34.5
0 958.488 10 4.3 34.5
0 958.733 4 4.3 34.5
0 958.844 9 4.3 34.5
0 958.848 253 4.3 34.5
0 958.957 9 4.3 34.5
0 959.126 6 4.3 34.5
0 959.156 33 4.3 34.5
0 959.299 7 4.3 34.5
0 959.367 15 4.3 34.5
0 959.463 10 4.3 34.5
0 959.729 4 4.3 34.5
0 959.732 263 4.3 34.5
0 959.849 9 4.3 34.5
0 959.987 7 4.3 34.5
0 960.048 16 4.3 34.5
0 960.146 10 4.3 34.5
0 960.246 10 4.3 34.5
0 960.347 10 4.3 34.5
0 960.448 10 4.3 34.5
0 960.554 9 4.3 34.5
0 960.646 11 4.3 34.5
0 960.747 10 4.3 34.5
0 960.849 10 4.3 34.5
0 961.003 6 4.3 34.5
0 961.041 26 4.3 34.5
0 961.157 9 4.3 34.5
0 961.298 7 4.3 34.5
0 961.337 26 4.3 34.5
0 961.449 9 4.3 34.5
0 961.618 6 4.3 34.5
0 961.755 7 4.3 34.5
0 961.759 244 4.3 34.5
0 961.873 9 4.3 34.5
0 961.973 10 4.3 34.5
0 962.073 10 4.3 34.5
0 962.174 10 4.3 34.5
0 962.266 11 4.3 34.5
0 962.375 9 4.3 34.5
0 962.475 10 4.3 34.5
0 962.57 11 4.3 34.5
0 962.672 10 4.3 34.5
0 962.82 7 4.3 34.5
0 962.878 17 4.3 34.5
0 962.977 10 4.3 34.5
0 963.068 11 4.3 34.5
0 963.174 9 4.3 34.5
0 963.352 6 4.3 34.5
0 963.366 70 4.3 34.5
0 963.481 9 4.3 34.5
0 963.575 11 4.3 34.5
0 963.939 3 4.3 34.5
0 963.993 19 4.3 34.5
0 964.056 16 4.3 34.5
0 964.213 6 4.3 34.5
0 964.253 25 4.3 34.5
0 964.415 6 4.3 34.5
0 964.454 26 4.3 34.5
0 964.567 9 4.3 34.5
0 964.655 11 4.3 34.5
0 964.807 7 4.3 34.5
0 964.854 21 4.3 34.5
0 965.02 6 4.3 34.5
0 965.057 27 4.3 34.5
0 965.166 9 4.3 34.5
0 965.253 11 4.3 34.5
0 965.356 10 4.3 34.5
0 965.456 10 4.3 34.5
0 965.562 9 4.3 34.5
0 965.658 10 4.3 34.5
0 965.822 6 4.3 34.5
0 965.855 31 4.3 34.5
0 966.025 6 4.3 34.5
0 966.052 37 4.3 34.5
0 966.163 9 4.3 34.5
0 966.317 7 4.3 34.5
0 966.362 22 4.3 34.5
0 966.457 11 4.3 34.5
0 966.622 6 4.3 34.5
0 966.652 33 4.3 34.5
0 966.756 10 4.3 34.5
0 966.867 9 4.3 34.5
0 966.959 11 4.3 34.5
0 967.06 10 4.3 34.5
0 967.159 10 4.3 34.5
0 967.266 9 4.3 34.5
0 967.357 11 4.3 34.5
0 967.466 9 4.3 34.5
0 967.56 11 4.3 34.5
0 967.648 11 4.3 34.5
0 967.856 5 3.3 34.5
0 967.859 294 3.3 34.5
0 967.98 8 3.3 34.5
0 968.074 11 3.3 34.5
0 968.172 10 3.3 34.5
0 968.261 11 3.3 34.5
0 968.441 6 3.3 34.5
0 968.468 37 3.3 34.5
0 968.582 9 3.3 34.5
0 968.672 11 3.3 34.5
0 968.972 3 3.3 34.5
0 969.024 20 3.3 34.5
0 969.097 14 3.3 34.5
0 969.254 6 3.3 34.5
0 969.285 33 3.3 34.5
0 969.454 6 3.3 34.5
0 969.486 31 3.3 34.5
0 969.579 11 3.3 34.5
0 969.7 8 3.3 34.5
0 969.89 5 3.3 34.5
0 969.894 270 3.3 34.5
0 970.068 6 3.3 34.5
0 970.104 27 3.3 34.5
0 970.216 9 3.3 34.5
0 970.305 11 3.3 34.5
0 970.395 11 3.3 34.5
0 970.508 9 3.3 34.5
0 970.613 10 3.3 34.5
0 970.706 11 3.3 34.5
0 970.816 9 3.3 34.5
0 970.907 11 3.3 34.5
0 971.042 7 3.3 34.5
0 971.113 14 3.3 34.5
0 971.208 11 3.3 34.5
0 971.382 6 3.3 34.5
0 971.397 65 3.3 34.5
0 971.5 10 3.3 34.5
0 971.678 6 3.3 34.5
0 971.701 45 3.3 34.5
0 971.88 6 3.3 34.5
0 971.907 37 3.3 34.5
0 972.009 10 3.3 34.5
0 972.114 10 3.3 34.5
0 972.213 10 3.3 34.5
0 972.311 10 3.3 34.5
0 972.401 11 3.3 34.5
0 972.512 9 3.3 34.5
0 972.614 10 3.3 34.5
0 972.716 10 3.3 34.5
0 972.812 10 3.3 34.5
0 972.947 7 3.3 34.5
0 973.012 15 3.3 34.5
0 973.116 10 3.3 34.5
0 973.216 10 3.3 34.5
0 973.313 10 3.3 34.5
0 973.479 6 3.3 34.5
0 973.51 32 3.3 34.5
0 973.613 10 3.3 34.5
0 973.718 10 3.3 34.5
0 974.125 2 3.3 34.5
0 974.176 20 3.3 34.5
0 974.304 8 3.3 34.5
0 974.34 28 3.3 34.5
0 974.514 6 3.3 34.5
0 974.534 51 3.3 34.5
0 974.642 9 3.3 34.5
0 974.751 9 3.3 34.5
0 974.849 10 3.3 34.5
0 975.01 6 3.3 34.5
0 975.099 11 3.3 34.5
0 975.142 23 3.3 34.5
0 975.252 9 3.3 34.5
0 975.346 11 3.3 34.5
0 975.449 10 3.3 34.5
0 975.545 10 3.3 34.5
0 975.648 10 3.3 34.5
0 975.753 9 3.3 34.5
0 975.956 5 3.3 34.5
0 975.968 85 3.3 34.5
0 976.143 6 3.3 34.5
0 976.167 42 3.3 34.5
0 976.266 10 3.3 34.5
0 976.418 7 3.3 34.5
0 976.477 17 3.3 34.5
0 976.562 12 3.3 34.5
0 976.748 5 3.3 34.5
0 976.762 70 3.3 34.5
0 976.885 8 3.3 34.5
0 976.98 11 3.3 34.5
0 977.076 10 3.3 34.5
0 977.178 10 3.3 34.5
0 977.268 11 3.3 34.5
0 977.385 9 3.3 34.5
0 977.48 11 3.3 34.5
0 977.576 10 3.3 34.5
0 977.677 10 3.3 34.5
0 977.767 11 3.3 34.5
0 978.048 4 3.5 34.5
0 978.052 261 3.5 34.5
0 978.166 9 3.5 34.5
0 978.259 11 3.5 34.5
0 978.368 9 3.5 34.5
0 978.53 6 3.5 34.5
0 978.571 25 3.5 34.5
0 978.668 10 3.5 34.5
0 978.757 11 3.5 34.5
0 978.87 9 3.5 34.5
0 979.168 3 3.5 34.5
0 979.22 19 3.5 34.5
0 979.345 8 3.5 34.5
0 979.384 26 3.5 34.5
0 979.556 6 3.5 34.5
0 979.572 60 3.5 34.5
0 979.691 8 3.5 34.5
0 979.781 11 3.5 34.5
0 980.042 4 3.5 34.5
0 980.092 20 3.5 34.5
0 980.16 15 3.5 34.5
0 980.262 10 3.5 34.5
0 980.368 9 3.5 34.5
0 980.46 11 3.5 34.5
0 980.562 10 3.5 34.5
0 980.66 10 3.5 34.5
0 980.761 10 3.5 34.5
0 980.86 10 3.5 34.5
0 980.966 9 3.5 34.5
0 981.064 10 3.5 34.5
0 981.23 6 3.5 34.5
0 981.251 49 3.5 34.5
0 981.366 9 3.5 34.5
0 981.53 6 3.5 34.5
0 981.549 52 3.5 34.5
0 981.664 9 3.5 34.5
0 981.801 7 3.5 34.5
0 981.866 15 3.5 34.5
0 982.077 5 3.5 34.5
0 982.087 95 3.5 34.5
0 982.2 9 3.5 34.5
0 982.295 11 3.5 34.5
0 982.392 10 3.5 34.5
0 982.483 11 3.5 34.5
0 982.604 8 3.5 34.5
0 982.697 11 3.5 34.5
0 982.796 10 3.5 34.5
0 982.896 10 3.5 34.5
0 983.056 6 3.5 34.5
0 983.093 27 3.5 34.5
0 983.206 9 3.5 34.5
0 983.297 11 3.5 34.5
0 983.403 9 3.5 34.5
0 983.565 6 3.5 34.5
0 983.591 38 3.5 34.5
0 983.699 9 3.5 34.5
0 983.805 9 3.5 34.5
0 983.902 10 3.5 34.5
0 984.301 3 3.5 34.5
0 984.403 10 3.5 34.5
0 984.407 242 3.5 34.5
0 984.588 6 3.5 34.5
0 984.634 22 3.5 34.5
0 984.744 9 3.5 34.5
0 984.847 10 3.5 34.5
0 984.955 9 3.5 34.5
0 985.093 7 3.5 34.5
0 985.18 11 3.5 34.5
0 985.237 17 3.5 34.5
0 985.347 9 3.5 34.5
0 985.457 9 3.5 34.5
0 985.546 11 3.5 34.5
0 985.646 10 3.5 34.5
0 985.749 10 3.5 34.5
0 985.845 10 3.5 34.5
0 985.95 10 3.5 34.5
0 986.152 5 3.5 34.5
0 986.244 11 3.5 34.5
0 986.264 50 3.5 34.5
0 986.375 9 3.5 34.5
0 986.503 8 3.5 34.5
0 986.594 11 3.5 34.5
0 986.695 10 3.5 34.5
0 986.825 8 3.5 34.5
0 986.889 16 3.5 34.5
0 987.003 9 3.5 34.5
0 987.093 11 3.5 34.5
0 987.195 10 3.5 34.5
0 987.277 12 3.5 34.5
0 987.395 8 3.5 34.5
0 987.465 14 3.5 34.5
0 987.607 7 3.5 34.5
0 987.696 11 3.5 34.5
0 987.782 12 3.5 34.5
0 987.897 9 3.5 34.5
0 987.995 10 3.5 34.5
0 988.257 4 3.8 34.5
0 988.267 100 3.8 34.5
0 988.375 9 3.8 34.5
0 988.494 8 3.8 34.5
0 988.642 7 3.8 34.5
0 988.676 29 3.8 34.5
0 988.777 10 3.8 34.5
0 988.891 9 3.8 34.5
0 988.995 10 3.8 34.5
0 989.093 10 3.8 34.5
0 989.376 4 3.8 34.5
0 989.481 10 3.8 34.5
0 989.489 113 3.8 34.5
0 989.666 6 3.8 34.5
0 989.708 24 3.8 34.5
0 989.818 9 3.8 34.5
0 989.921 10 3.8 34.5
0 990.025 10 3.8 34.5
0 990.17 7 3.8 34.5
0 990.251 12 3.8 34.5
0 990.292 25 3.8 34.5
0 990.399 9 3.8 34.5
0 990.523 8 3.8 34.5
0 990.625 10 3.8 34.5
0 990.717 11 3.8 34.5
0 990.818 10 3.8 34.5
0 990.901 12 3.8 34.5
0 991.024 8 3.8 34.5
0 991.126 10 3.8 34.5
0 991.286 6 3.8 34.5
0 991.296 100 3.8 34.5
0 991.41 9 3.8 34.5
0 991.528 8 3.8 34.5
0 991.63 10 3.8 34.5
0 991.724 11 3.8 34.5
0 991.873 7 3.8 34.5
0 991.914 24 3.8 34.5
0 992.031 9 3.8 34.5
0 992.129 10 3.8 34.5
0 992.225 10 3.8 34.5
0 992.324 10 3.8 34.5
0 992.425 10 3.8 34.5
0 992.524 10 3.8 34.5
0 992.635 9 3.8 34.5
0 992.77 7 3.8 34.5
0 992.818 21 3.8 34.5
0 992.928 9 3.8 34.5
0 993.014 12 3.8 34.5
0 993.138 8 3.8 34.5
0 993.275 7 3.8 34.5
0 993.317 24 3.8 34.5
0 993.428 9 3.8 34.5
0 993.519 11 3.8 34.5
0 993.682 6 3.8 34.5
0 993.71 36 3.8 34.5
0 993.825 9 3.8 34.5
0 993.93 10 3.8 34.5
0 994.02 11 3.8 34.5
0 994.134 9 3.8 34.5
0 994.416 4 3.8 34.5
0 994.522 9 3.8 34.5
0 994.531 109 3.8 34.5
0 994.714 5 3.8 34.5
0 994.745 33 3.8 34.5
0 994.864 8 3.8 34.5
0 994.952 11 3.8 34.5
0 995.06 9 3.8 34.5
0 995.218 6 3.8 34.5
0 995.287 15 3.8 34.5
0 995.361 13 3.8 34.5
0 995.465 10 3.8 34.5
0 995.555 11 3.8 34.5
0 995.665 9 3.8 34.5
0 995.765 10 3.8 34.5
0 995.855 11 3.8 34.5
0 995.967 9 3.8 34.5
0 996.057 11 3.8 34.5
0 996.167 9 3.8 34.5
0 996.28 9 3.8 34.5
0 996.365 12 3.8 34.5
0 996.436 14 3.8 34.5
0 996.566 8 3.8 34.5
0 996.664 10 3.8 34.5
0 996.766 10 3.8 34.5
0 996.912 7 3.8 34.5
0 996.954 23 3.8 34.5
0 997.068 9 3.8 34.5
0 997.162 11 3.8 34.5
0 997.266 10 3.8 34.5
0 997.358 11 3.8 34.5
0 997.465 9 3.8 34.5
0 997.606 7 3.8 34.5
0 997.64 30 3.8 34.5
0 997.746 9 3.8 34.5
0 997.843 10 3.8 34.5
0 997.944 10 3.8 34.5
0 998.042 10 3.8 34.5
0 998.145 10 3.8 34.5
0 998.305 6 4.3 34.5
0 998.339 29 4.3 34.5
0 998.445 9 4.3 34.5
0 998.543 10 4.3 34.5
0 998.709 6 4.3 34.5
0 998.738 35 4.3 34.5
0 998.847 9 4.3 34.5
0 998.948 10 4.3 34.5
0 999.043 11 4.3 34.5
0 999.142 10 4.3 34.5
0 999.444 3 4.3 34.5
0 999.545 10 4.3 34.5
0 999.548 272 4.3 34.5
0 999.722 6 4.3 34.5
0 999.755 30 4.3 34.5
0 999.86 10 4.3 34.5
0 999.963 10 4.3 34.5
0 1000.069 9 4.3 34.5
0 1000.218 7 4.3 34.5
0 1000.31 11 4.3 34.5
0 1000.36 20 4.3 34.5
0 1000.464 10 4.3 34.5
0 1000.558 11 4.3 34.5
0 1000.669 9 4.3 34.5
0 1000.76 11 4.3 34.5
0 1000.861 10 4.3 34.5
0 1000.958 10 4.3 34.5
0 1001.064 10 4.3 34.5
0 1001.163 10 4.3 34.5
0 1001.318 6 4.3 34.5
0 1001.361 23 4.3 34.5
0 1001.461 10 4.3 34.5
0 1001.554 11 4.3 34.5
0 1001.668 9 4.3 34.5
0 1001.765 10 4.3 34.5
0 1001.925 6 4.3 34.5
0 1001.961 28 4.3 34.5
0 1002.063 10 4.3 34.5
0 1002.169 9 4.3 34.5
0 1002.265 10 4.3 34.5
0 1002.362 10 4.3 34.5
0 1002.464 10 4.3 34.5
0 1002.632 6 4.3 34.5
0 1002.656 42 4.3 34.5
0 1002.768 9 4.3 34.5
0 1002.864 10 4.3 34.5
0 1002.96 10 4.3 34.5
0 1003.066 9 4.3 34.5
0 1003.163 10 4.3 34.5
0 1003.313 7 4.3 34.5
0 1003.363 20 4.3 34.5
0 1003.464 10 4.3 34.5
0 1003.566 10 4.3 34.5
0 1003.731 6 4.3 34.5
0 1003.76 35 4.3 34.5
0 1003.879 8 4.3 34.5
0 1003.965 12 4.3 34.5
0 1004.067 10 4.3 34.5
0 1004.164 10 4.3 34.5
0 1004.452 3 4.3 34.5
0 1004.55 10 4.3 34.5
0 1004.556 153 4.3 34.5
0 1004.719 6 4.3 34.5
0 1004.763 22 4.3 34.5
0 1004.866 10 4.3 34.5
0 1004.971 10 4.3 34.5
0 1005.078 9 4.3 34.5
0 1005.222 7 4.3 34.5
0 1005.313 11 4.3 34.5
0 1005.365 19 4.3 34.5
0 1005.472 9 4.3 34.5
0 1005.579 9 4.3 34.5
0 1005.668 11 4.3 34.5
0 1005.766 10 4.3 34.5
0 1005.868 10 4.3 34.5
0 1005.973 10 4.3 34.5
0 1006.079 9 4.3 34.5
0 1006.168 11 4.3 34.5
0 1006.324 6 4.3 34.5
0 1006.368 23 4.3 34.5
0 1006.473 9 4.3 34.5
0 1006.566 11 4.3 34.5
0 1006.678 9 4.3 34.5
0 1006.777 10 4.3 34.5
0 1006.937 6 4.3 34.5
0 1006.966 34 4.3 34.5
0 1007.078 9 4.3 34.5
0 1007.178 10 4.3 34.5
0 1007.267 11 4.3 34.5
0 1007.371 10 4.3 34.5
0 1007.469 10 4.3 34.5
0 1007.643 6 4.3 34.5
0 1007.662 51 4.3 34.5
0 1007.778 9 4.3 34.5
0 1007.871 11 4.3 34.5
0 1007.97 10 4.3 34.5
0 1008.078 9 4.3 34.5
0 1008.172 11 4.3 34.5
0 1008.317 7 3.2 34.5
0 1008.372 18 3.2 34.5
0 1008.469 10 3.2 34.5
0 1008.577 9 3.2 34.5
0 1008.737 6 3.2 34.5
0 1008.761 41 3.2 34.5
0 1008.881 8 3.2 34.5
0 1008.971 11 3.2 34.5
0 1009.077 9 3.2 34.5
0 1009.171 11 3.2 34.5
0 1009.308 7 3.2 34.5
0 1009.529 5 3.2 34.5
0 1009.626 10 3.2 34.5
0 1009.632 161 3.2 34.5
0 1009.809 6 3.2 34.5
0 1009.834 40 3.2 34.5
0 1009.948 9 3.2 34.5
0 1010.043 11 3.2 34.5
0 1010.155 9 3.2 34.5
0 1010.307 7 3.2 34.5
0 1010.407 10 3.2 34.5
0 1010.44 30 3.2 34.5
0 1010.548 9 3.2 34.5
0 1010.646 10 3.2 34.5
0 1010.753 9 3.2 34.5
0 1010.845 11 3.2 34.5
0 1010.947 10 3.2 34.5
0 1011.049 10 3.2 34.5
0 1011.147 10 3.2 34.5
0 1011.254 9 3.2 34.5
0 1011.413 6 3.2 34.5
0 1011.436 44 3.2 34.5
0 1011.541 10 3.2 34.5
0 1011.652 9 3.2 34.5
0 1011.747 11 3.2 34.5
0 1011.853 9 3.2 34.5
0 1012.012 6 3.2 34.5
0 1012.045 31 3.2 34.5
0 1012.153 9 3.2 34.5
0 1012.248 11 3.2 34.5
0 1012.353 9 3.2 34.5
0 1012.444 11 3.2 34.5
0 1012.548 10 3.2 34.5
0 1012.71 6 3.2 34.5
0 1012.764 18 3.2 34.5
0 1012.874 9 3.2 34.5
0 1012.969 11 3.2 34.5
0 1013.065 10 3.2 34.5
0 1013.175 9 3.2 34.5
0 1013.316 7 3.2 34.5
0 1013.363 21 3.2 34.5
0 1013.474 9 3.2 34.5
0 1013.57 10 3.2 34.5
0 1013.736 6 3.2 34.5
0 1013.747 92 3.2 34.5
0 1013.874 8 3.2 34.5
0 1013.974 10 3.2 34.5
0 1014.074 10 3.2 34.5
0 1014.171 10 3.2 34.5
0 1014.316 7 3.2 34.5
0 1014.36 22 3.2 34.5
0 1014.628 4 3.2 34.5
0 1014.683 18 3.2 34.5
0 1014.819 7 3.2 34.5
0 1014.839 51 3.2 34.5
0 1014.946 9 3.2 34.5
0 1015.069 8 3.2 34.5
0 1015.165 10 3.2 34.5
0 1015.317 7 3.2 34.5
0 1015.34 44 3.2 34.5
0 1015.517 6 3.2 34.5
0 1015.552 29 3.2 34.5
0 1015.672 8 3.2 34.5
0 1015.767 11 3.2 34.5
0 1015.868 10 3.2 34.5
0 1015.965 10 3.2 34.5
0 1016.067 10 3.2 34.5
0 1016.166 10 3.2 34.5
0 1016.27 10 3.2 34.5
0 1016.427 6 3.2 34.5
0 1016.44 76 3.2 34.5
0 1016.566 8 3.2 34.5
0 1016.667 10 3.2 34.5
0 1016.77 10 3.2 34.5
0 1016.874 10 3.2 34.5
0 1017.014 7 3.2 34.5
0 1017.06 22 3.2 34.5
0 1017.168 9 3.2 34.5
0 1017.27 10 3.2 34.5
0 1017.367 10 3.2 34.5
0 1017.46 11 3.2 34.5
0 1017.567 9 3.2 34.5
0 1017.641 13 3.2 34.5
0 1017.816 6 3.2 34.5
0 1017.85 30 3.2 34.5
0 1017.975 8 3.2 34.5
0 1018.069 11 3.2 34.5
0 1018.147 13 3.2 34.5
0 1018.316 6 3.2 34.5
0 1018.361 22 3.8 34.5
0 1018.467 9 3.8 34.5
0 1018.573 10 3.8 34.5
0 1018.657 12 3.8 34.5
0 1018.82 6 3.8 34.5
0 1018.854 30 3.8 34.5
0 1018.97 9 3.8 34.5
0 1019.069 10 3.8 34.5
0 1019.169 10 3.8 34.5
0 1019.269 10 3.8 34.5
0 1019.429 6 3.8 34.5
0 1019.443 74 3.8 34.5
0 1019.703 4 3.8 34.5
0 1019.76 18 3.8 34.5
0 1019.897 7 3.8 34.5
0 1019.914 57 3.8 34.5
0 1020.045 8 3.8 34.5
0 1020.143 10 3.8 34.5
0 1020.225 12 3.8 34.5
0 1020.402 6 3.8 34.5
0 1020.437 29 3.8 34.5
0 1020.589 7 3.8 34.5
0 1020.634 22 3.8 34.5
0 1020.747 9 3.8 34.5
0 1020.846 10 3.8 34.5
0 1020.943 10 3.8 34.5
0 1021.042 10 3.8 34.5
0 1021.148 9 3.8 34.5
0 1021.221 14 3.8 34.5
0 1021.352 8 3.8 34.5
0 1021.491 7 3.8 34.5
0 1021.532 25 3.8 34.5
0 1021.649 8 3.8 34.5
0 1021.739 11 3.8 34.5
0 1021.853 9 3.8 34.5
0 1021.945 11 3.8 34.5
0 1022.09 7 3.8 34.5
0 1022.128 26 3.8 34.5
0 1022.249 8 3.8 34.5
0 1022.349 10 3.8 34.5
0 1022.448 10 3.8 34.5
0 1022.607 6 3.8 34.5
0 1022.636 35 3.8 34.5
0 1022.744 9 3.8 34.5
0 1022.904 6 3.8 34.5
0 1022.926 45 3.8 34.5
0 1023.066 7 3.8 34.5
0 1023.279 5 3.8 34.5
0 1023.33 20 3.8 34.5
0 1023.445 9 3.8 34.5
0 1023.518 14 3.8 34.5
0 1023.606 11 3.8 34.5
0 1023.739 8 3.8 34.5
0 1023.901 6 3.8 34.5
0 1023.919 54 3.8 34.5
0 1024.066 7 3.8 34.5
0 1024.162 10 3.8 34.5
0 1024.26 10 3.8 34.5
0 1024.361 10 3.8 34.5
0 1024.522 6 3.8 34.5
0 1024.793 4 3.8 34.5
0 1024.904 9 3.8 34.5
0 1024.922 57 3.8 34.5
0 1025.066 7 3.8 34.5
0 1025.169 10 3.8 34.5
0 1025.26 11 3.8 34.5
0 1025.419 6 3.8 34.5
0 1025.437 57 3.8 34.5
0 1025.591 7 3.8 34.5
0 1025.674 12 3.8 34.5
0 1025.778 10 3.8 34.5
0 1025.876 10 3.8 34.5
0 1025.982 9 3.8 34.5
0 1026.05 15 3.8 34.5
0 1026.187 7 3.8 34.5
0 1026.251 16 3.8 34.5
0 1026.38 8 3.8 34.5
0 1026.506 8 3.8 34.5
0 1026.552 22 3.8 34.5
0 1026.745 5 3.8 34.5
0 1026.782 27 3.8 34.5
0 1026.905 8 3.8 34.5
0 1027.005 10 3.8 34.5
0 1027.167 6 3.8 34.5
0 1027.183 59 3.8 34.5
0 1027.308 8 3.8 34.5
0 1027.425 9 3.8 34.5
0 1027.526 10 3.8 34.5
0 1027.624 10 3.8 34.5
0 1027.703 13 3.8 34.5
0 1027.797 11 3.8 34.5
0 1027.994 5 3.8 34.5
0 1028.011 57 3.8 34.5
0 1028.152 7 3.8 34.5
0 1028.255 10 3.8 34.5
0 1028.341 12 3.8 34.5
0 1028.462 8 4.7 34.5
0 1028.549 11 4.7 34.5
0 1028.652 10 4.7 34.5
0 1028.795 7 4.7 34.5
0 1028.918 8 4.7 34.5
0 1028.929 91 4.7 34.5
0 1029.063 7 4.7 34.5
0 1029.155 11 4.7 34.5
0 1029.256 10 4.7 34.5
0 1029.357 10 4.7 34.5
0 1029.458 10 4.7 34.5
0 1029.612 6 4.7 34.5
0 1029.63 53 4.7 34.5
0 1029.909 4 4.7 34.5
0 1030.012 10 4.7 34.5
0 1030.022 98 4.7 34.5
0 1030.152 8 4.7 34.5
0 1030.25 10 4.7 34.5
0 1030.349 10 4.7 34.5
0 1030.512 6 4.7 34.5
0 1030.524 86 4.7 34.5
0 1030.701 6 4.7 34.5
0 1030.786 12 4.7 34.5
0 1030.85 16 4.7 34.5
0 1030.949 10 4.7 34.5
0 1031.052 10 4.7 34.5
0 1031.152 10 4.7 34.5
0 1031.259 9 4.7 34.5
0 1031.351 11 4.7 34.5
0 1031.451 10 4.7 34.5
0 1031.609 6 4.7 34.5
0 1031.624 68 4.7 34.5
0 1031.754 8 4.7 34.5
0 1031.855 10 4.7 34.5
0 1031.95 10 4.7 34.5
0 1032.05 10 4.7 34.5
0 1032.221 6 4.7 34.5
0 1032.231 97 4.7 34.5
0 1032.36 8 4.7 34.5
0 1032.458 10 4.7 34.5
0 1032.556 10 4.7 34.5
0 1032.642 12 4.7 34.5
0 1032.814 6 4.7 34.5
0 1032.853 25 4.7 34.5
0 1033.037 5 4.7 34.5
0 1033.047 96 4.7 34.5
0 1033.177 8 4.7 34.5
0 1033.273 10 4.7 34.5
0 1033.378 10 4.7 34.5
0 1033.482 10 4.7 34.5
0 1033.576 11 4.7 34.5
0 1033.68 10 4.7 34.5
0 1033.777 10 4.7 34.5
0 1033.975 5 4.7 34.5
0 1033.988 81 4.7 34.5
0 1034.114 8 4.7 34.5
0 1034.218 10 4.7 34.5
0 1034.289 14 4.7 34.5
0 1034.415 8 4.7 34.5
0 1034.604 5 4.7 34.5
0 1034.608 291 4.7 34.5
0 1034.724 9 4.7 34.5
0 1035.041 3 4.7 34.5
0 1035.138 10 4.7 34.5
0 1035.145 140 4.7 34.5
0 1035.259 9 4.7 34.5
0 1035.357 10 4.7 34.5
0 1035.523 6 4.7 34.5
0 1035.546 44 4.7 34.5
0 1035.721 6 4.7 34.5
0 1035.754 31 4.7 34.5
0 1035.86 9 4.7 34.5
0 1035.957 10 4.7 34.5
0 1036.059 10 4.7 34.5
0 1036.158 10 4.7 34.5
0 1036.25 11 4.7 34.5
0 1036.355 10 4.7 34.5
0 1036.452 10 4.7 34.5
0 1036.554 10 4.7 34.5
0 1036.736 5 4.7 34.5
0 1036.747 96 4.7 34.5
0 1036.935 5 4.7 34.5
0 1036.955 51 4.7 34.5
0 1037.06 9 4.7 34.5
0 1037.159 10 4.7 34.5
0 1037.323 6 4.7 34.5
0 1037.355 31 4.7 34.5
0 1037.472 9 4.7 34.5
0 1037.56 11 4.7 34.5
0 1037.659 10 4.7 34.5
0 1037.759 10 4.7 34.5
0 1037.859 10 4.7 34.5
0 1038.039 6 4.7 34.5
0 1038.048 110 4.7 34.5
0 1038.16 9 4.7 34.5
0 1038.255 11 4.7 34.5
0 1038.36 10 4.7 34.5
0 1038.462 10 3.8 34.5
0 1038.573 9 3.8 34.5
0 1038.661 11 3.8 34.5
0 1038.754 11 3.8 34.5
0 1039.037 4 3.8 34.5
0 1039.041 241 3.8 34.5
0 1039.163 8 3.8 34.5
0 1039.254 11 3.8 34.5
0 1039.352 10 3.8 34.5
0 1039.453 10 3.8 34.5
0 1039.664 5 3.8 34.5
0 1039.668 223 3.8 34.5
0 1039.777 9 3.8 34.5
0 1039.936 6 3.8 34.5
0 1040.081 7 3.8 34.5
0 1040.179 10 3.8 34.5
0 1040.186 151 3.8 34.5
0 1040.285 10 3.8 34.5
0 1040.394 9 3.8 34.5
0 1040.563 6 3.8 34.5
0 1040.594 32 3.8 34.5
0 1040.76 6 3.8 34.5
0 1040.791 32 3.8 34.5
0 1040.96 6 3.8 34.5
0 1040.994 29 3.8 34.5
0 1041.098 10 3.8 34.5
0 1041.197 10 3.8 34.5
0 1041.291 11 3.8 34.5
0 1041.393 10 3.8 34.5
0 1041.497 10 3.8 34.5
0 1041.596 10 3.8 34.5
0 1041.77 6 3.8 34.5
0 1041.797 37 3.8 34.5
0 1041.892 11 3.8 34.5
0 1041.998 9 3.8 34.5
0 1042.091 11 3.8 34.5
0 1042.189 10 3.8 34.5
0 1042.347 6 3.8 34.5
0 1042.398 19 3.8 34.5
0 1042.499 10 3.8 34.5
0 1042.602 10 3.8 34.5
0 1042.699 10 3.8 34.5
0 1042.798 10 3.8 34.5
0 1042.968 6 3.8 34.5
0 1043.061 11 3.8 34.5
0 1043.095 29 3.8 34.5
0 1043.2 10 3.8 34.5
0 1043.306 9 3.8 34.5
0 1043.4 11 3.8 34.5
0 1043.509 9 3.8 34.5
0 1043.602 11 3.8 34.5
0 1043.701 10 3.8 34.5
0 1043.79 11 3.8 34.5
0 1043.908 8 3.8 34.5
0 1044.103 5 3.8 34.5
0 1044.107 267 3.8 34.5
0 1044.219 9 3.8 34.5
0 1044.317 10 3.8 34.5
0 1044.424 9 3.8 34.5
0 1044.507 12 3.8 34.5
0 1044.717 5 3.8 34.5
0 1044.721 288 3.8 34.5
0 1044.83 9 3.8 34.5
0 1045.134 3 3.8 34.5
0 1045.229 11 3.8 34.5
0 1045.238 106 3.8 34.5
0 1045.344 9 3.8 34.5
0 1045.45 9 3.8 34.5
0 1045.588 7 3.8 34.5
0 1045.65 16 3.8 34.5
0 1045.818 6 3.8 34.5
0 1045.847 34 3.8 34.5
0 1045.939 11 3.8 34.5
0 1046.058 8 3.8 34.5
0 1046.152 11 3.8 34.5
0 1046.251 10 3.8 34.5
0 1046.359 9 3.8 34.5
0 1046.44 12 3.8 34.5
0 1046.558 8 3.8 34.5
0 1046.652 11 3.8 34.5
0 1046.819 6 3.8 34.5
0 1046.842 42 3.8 34.5
0 1047.019 6 3.8 34.5
0 1047.054 29 3.8 34.5
0 1047.15 10 3.8 34.5
0 1047.25 10 3.8 34.5
0 1047.39 7 3.8 34.5
0 1047.452 16 3.8 34.5
0 1047.564 9 3.8 34.5
0 1047.655 11 3.8 34.5
0 1047.753 10 3.8 34.5
0 1047.845 11 3.8 34.5
0 1047.954 9 3.8 34.5
0 1048.133 6 3.8 34.5
0 1048.142 116 3.8 34.5
0 1048.258 9 3.8 34.5
0 1048.348 11 3.8 34.5
0 1048.453 10 3.8 34.5
0 1048.555 10 3.2 34.5
0 1048.664 9 3.2 34.5
0 1048.758 11 3.2 34.5
0 1048.854 10 3.2 34.5
0 1049.117 4 3.2 34.5
0 1049.121 263 3.2 34.5
0 1049.243 8 3.2 34.5
0 1049.335 11 3.2 34.5
0 1049.432 10 3.2 34.5
0 1049.534 10 3.2 34.5
0 1049.752 5 3.2 34.5
0 1049.756 248 3.2 34.5
0 1049.87 9 3.2 34.5
0 1049.967 10 3.2 34.5
0 1050.238 4 3.2 34.5
0 1050.337 10 3.2 34.5
0 1050.341 222 3.2 34.5
0 1050.457 9 3.2 34.5
0 1050.619 6 3.2 34.5
0 1050.65 32 3.2 34.5
0 1050.812 6 3.2 34.5
0 1050.86 21 3.2 34.5
0 1051.017 6 3.2 34.5
0 1051.054 27 3.2 34.5
0 1051.155 10 3.2 34.5
0 1051.275 8 3.2 34.5
0 1051.384 9 3.2 34.5
0 1051.475 11 3.2 34.5
0 1051.578 10 3.2 34.5
0 1051.674 10 3.2 34.5
0 1051.827 7 3.2 34.5
0 1051.859 32 3.2 34.5
0 1051.988 8 3.2 34.5
0 1052.081 11 3.2 34.5
0 1052.179 10 3.2 34.5
0 1052.277 10 3.2 34.5
0 1052.435 6 3.2 34.5
0 1052.451 64 3.2 34.5
0 1052.589 7 3.2 34.5
0 1052.678 11 3.2 34.5
0 1052.76 12 3.2 34.5
0 1052.878 8 3.2 34.5
0 1053.044 6 3.2 34.5
0 1053.135 11 3.2 34.5
0 1053.157 46 3.2 34.5
0 1053.268 9 3.2 34.5
0 1053.381 9 3.2 34.5
0 1053.504 8 3.2 34.5
0 1053.606 10 3.2 34.5
0 1053.704 10 3.2 34.5
0 1053.79 12 3.2 34.5
0 1053.904 9 3.2 34.5
0 1054.0 10 3.2 34.5
0 1054.189 5 3.2 34.5
0 1054.208 54 3.2 34.5
0 1054.331 8 3.2 34.5
0 1054.438 9 3.2 34.5
0 1054.539 10 3.2 34.5
0 1054.639 10 3.2 34.5
0 1054.8 6 3.2 34.5
0 1054.816 62 3.2 34.5
0 1054.946 8 3.2 34.5
0 1055.17 4 3.2 34.5
0 1055.187 57 3.2 34.5
0 1055.44 4 3.2 34.5
0 1055.457 60 3.2 34.5
0 1055.611 6 3.2 34.5
0 1055.713 10 3.2 34.5
0 1055.829 9 3.2 34.5
0 1055.906 13 3.2 34.5
0 1056.019 9 3.2 34.5
0 1056.07 20 3.2 34.5
0 1056.22 7 3.2 34.5
0 1056.294 13 3.2 34.5
0 1056.424 8 3.2 34.5
0 1056.488 16 3.2 34.5
0 1056.622 7 3.2 34.5
0 1056.711 11 3.2 34.5
0 1056.842 8 3.2 34.5
0 1056.865 43 3.2 34.5
0 1057.027 6 3.2 34.5
0 1057.176 7 3.2 34.5
0 1057.206 33 3.2 34.5
0 1057.31 10 3.2 34.5
0 1057.4 11 3.2 34.5
0 1057.566 6 3.2 34.5
0 1057.635 14 3.2 34.5
0 1057.702 15 3.2 34.5
0 1057.805 10 3.2 34.5
0 1057.957 7 3.2 34.5
0 1058.053 10 3.2 34.5
0 1058.218 6 3.2 34.5
0 1058.243 40 3.2 34.5
0 1058.368 8 3.2 34.5
0 1058.469 10 3.2 34.5
0 1058.594 8 4.5 34.5
0 1058.699 10 4.5 34.5
0 1058.788 11 4.5 34.5
0 1058.893 10 4.5 34.5
0 1058.989 10 4.5 34.5
0 1059.096 9 4.5 34.5
0 1059.319 4 4.5 34.5
0 1059.342 43 4.5 34.5
0 1059.502 6 4.5 34.5
0 1059.595 11 4.5 34.5
0 1059.696 10 4.5 34.5
0 1059.835 7 4.5 34.5
0 1059.859 43 4.5 34.5
0 1060.013 6 4.5 34.5
0 1060.169 6 4.5 34.5
0 1060.193 43 4.5 34.5
0 1060.332 7 4.5 34.5
0 1060.556 4 4.5 34.5
0 1060.632 13 4.5 34.5
0 1060.728 10 4.5 34.5
0 1060.852 8 4.5 34.5
0 1060.88 36 4.5 34.5
0 1061.008 8 4.5 34.5
0 1061.125 9 4.5 34.5
0 1061.271 7 4.5 34.5
0 1061.383 9 4.5 34.5
0 1061.393 97 4.5 34.5
0 1061.494 10 4.5 34.5
0 1061.635 7 4.5 34.5
0 1061.721 12 4.5 34.5
0 1061.796 13 4.5 34.5
0 1061.975 6 4.5 34.5
0 1061.997 45 4.5 34.5
0 1062.123 8 4.5 34.5
0 1062.236 9 4.5 34.5
0 1062.298 16 4.5 34.5
0 1062.42 8 4.5 34.5
0 1062.525 10 4.5 34.5
0 1062.624 10 4.5 34.5
0 1062.721 10 4.5 34.5
0 1062.813 11 4.5 34.5
0 1062.924 9 4.5 34.5
0 1063.023 10 4.5 34.5
0 1063.125 10 4.5 34.5
0 1063.336 5 4.5 34.5
0 1063.35 70 4.5 34.5
0 1063.471 8 4.5 34.5
0 1063.567 10 4.5 34.5
0 1063.676 9 4.5 34.5
0 1063.774 10 4.5 34.5
0 1063.888 9 4.5 34.5
0 1063.972 12 4.5 34.5
0 1064.071 10 4.5 34.5
0 1064.176 10 4.5 34.5
0 1064.371 5 4.5 34.5
0 1064.385 73 4.5 34.5
0 1064.511 8 4.5 34.5
0 1064.609 10 4.5 34.5
0 1064.709 10 4.5 34.5
0 1064.849 7 4.5 34.5
0 1064.918 14 4.5 34.5
0 1065.011 11 4.5 34.5
0 1065.175 6 4.5 34.5
0 1065.185 98 4.5 34.5
0 1065.369 5 4.5 34.5
0 1065.508 7 4.5 34.5
0 1065.566 17 4.5 34.5
0 1065.723 6 4.5 34.5
0 1065.733 96 4.5 34.5
0 1065.946 5 4.5 34.5
0 1065.95 253 4.5 34.5
0 1066.074 8 4.5 34.5
0 1066.162 11 4.5 34.5
0 1066.262 10 4.5 34.5
0 1066.472 5 4.5 34.5
0 1066.476 252 4.5 34.5
0 1066.594 9 4.5 34.5
0 1066.687 11 4.5 34.5
0 1066.786 10 4.5 34.5
0 1066.888 10 4.5 34.5
0 1067.057 6 4.5 34.5
0 1067.095 26 4.5 34.5
0 1067.188 11 4.5 34.5
0 1067.286 10 4.5 34.5
0 1067.433 7 4.5 34.5
0 1067.479 21 4.5 34.5
0 1067.6 8 4.5 34.5
0 1067.689 11 4.5 34.5
0 1067.786 10 4.5 34.5
0 1067.888 10 4.5 34.5
0 1067.989 10 4.5 34.5
0 1068.101 9 4.5 34.5
0 1068.19 11 4.5 34.5
0 1068.336 7 4.5 34.5
0 1068.389 19 4.5 34.5
0 1068.49 10 4.5 34.5
0 1068.585 11 4.5 34.5
0 1068.702 9 4.4 34.5
0 1068.786 12 4.4 34.5
0 1068.89 10 4.4 34.5
0 1068.985 11 4.4 34.5
0 1069.083 10 4.4 34.5
0 1069.193 9 4.4 34.5
0 1069.386 5 4.4 34.5
0 1069.401 69 4.4 34.5
0 1069.525 8 4.4 34.5
0 1069.609 12 4.4 34.5
0 1069.731 8 4.4 34.5
0 1069.871 7 4.4 34.5
0 1069.922 20 4.4 34.5
0 1070.027 9 4.4 34.5
0 1070.126 10 4.4 34.5
0 1070.228 10 4.4 34.5
0 1070.316 11 4.4 34.5
0 1070.568 4 4.4 34.5
0 1070.579 89 4.4 34.5
0 1070.757 6 4.4 34.5
0 1070.787 34 4.4 34.5
0 1071.001 5 4.4 34.5
0 1071.012 99 4.4 34.5
0 1071.148 7 4.4 34.5
0 1071.227 13 4.4 34.5
0 1071.341 9 4.4 34.5
0 1071.588 4 4.4 34.5
0 1071.597 102 4.4 34.5
0 1071.73 8 4.4 34.5
0 1071.799 14 4.4 34.5
0 1071.925 8 4.4 34.5
0 1072.091 6 4.4 34.5
0 1072.102 92 4.4 34.5
0 1072.235 8 4.4 34.5
0 1072.307 14 4.4 34.5
0 1072.424 9 4.4 34.5
0 1072.531 9 4.4 34.5
0 1072.612 12 4.4 34.5
0 1072.731 8 4.4 34.5
0 1072.805 14 4.4 34.5
0 1072.932 8 4.4 34.5
0 1073.03 10 4.4 34.5
0 1073.115 12 4.4 34.5
0 1073.234 8 4.4 34.5
0 1073.397 6 4.4 34.5
0 1073.407 93 4.4 34.5
0 1073.604 5 4.4 34.5
0 1073.635 32 4.4 34.5
0 1073.748 9 4.4 34.5
0 1073.846 10 4.4 34.5
0 1073.946 10 4.4 34.5
0 1074.047 10 4.4 34.5
0 1074.149 10 4.4 34.5
0 1074.249 10 4.4 34.5
0 1074.44 5 4.4 34.5
0 1074.453 78 4.4 34.5
0 1074.581 8 4.4 34.5
0 1074.688 9 4.4 34.5
0 1074.786 10 4.4 34.5
0 1074.942 6 4.4 34.5
0 1074.952 96 4.4 34.5
0 1075.085 8 4.4 34.5
0 1075.187 10 4.4 34.5
0 1075.284 10 4.4 34.5
0 1075.38 10 4.4 34.5
0 1075.626 4 4.4 34.5
0 1075.819 5 4.4 34.5
0 1075.829 93 4.4 34.5
0 1076.052 4 4.4 34.5
0 1076.064 88 4.4 34.5
0 1076.165 10 4.4 34.5
0 1076.282 9 4.4 34.5
0 1076.398 9 4.4 34.5
0 1076.471 14 4.4 34.5
0 1076.655 5 4.4 34.5
0 1076.667 84 4.4 34.5
0 1076.786 8 4.4 34.5
0 1076.9 9 4.4 34.5
0 1076.998 10 4.4 34.5
0 1077.117 8 4.4 34.5
0 1077.199 12 4.4 34.5
0 1077.294 11 4.4 34.5
0 1077.391 10 4.4 34.5
0 1077.499 9 4.4 34.5
0 1077.598 10 4.4 34.5
0 1077.768 6 4.4 34.5
0 1077.795 36 4.4 34.5
0 1077.912 9 4.4 34.5
0 1078.008 10 4.4 34.5
0 1078.109 10 4.4 34.5
0 1078.208 10 4.4 34.5
0 1078.297 11 4.4 34.5
0 1078.462 6 4.4 34.5
0 1078.479 56 4.4 34.5
0 1078.612 8 4.4 34.5
0 1078.711 10 4.3 34.5
0 1078.798 12 4.3 34.5
0 1078.912 9 4.3 34.5
0 1078.996 12 4.3 34.5
0 1079.114 8 4.3 34.5
0 1079.213 10 4.3 34.5
0 1079.3 12 4.3 34.5
0 1079.541 4 4.3 34.5
0 1079.545 245 4.3 34.5
0 1079.662 9 4.3 34.5
0 1079.939 4 4.3 34.5
0 1079.943 252 4.3 34.5
0 1080.051 9 4.3 34.5
0 1080.158 9 4.3 34.5
0 1080.26 10 4.3 34.5
0 1080.357 10 4.3 34.5
0 1080.468 9 4.3 34.5
0 1080.69 5 4.3 34.5
0 1080.694 240 4.3 34.5
0 1080.847 7 4.3 34.5
0 1080.908 16 4.3 34.5
0 1081.117 5 4.3 34.5
0 1081.121 259 4.3 34.5
0 1081.235 9 4.3 34.5
0 1081.337 10 4.3 34.5
0 1081.436 10 4.3 34.5
0 1081.527 11 4.3 34.5
0 1081.748 5 4.3 34.5
0 1081.857 9 4.3 34.5
0 1081.869 89 4.3 34.5
0 1081.977 9 4.3 34.5
0 1082.135 6 4.3 34.5
0 1082.175 25 4.3 34.5
0 1082.28 9 4.3 34.5
0 1082.379 10 4.3 34.5
0 1082.478 10 4.3 34.5
0 1082.576 10 4.3 34.5
0 1082.68 10 4.3 34.5
0 1082.78 10 4.3 34.5
0 1082.884 10 4.3 34.5
0 1082.98 10 4.3 34.5
0 1083.077 10 4.3 34.5
0 1083.182 10 4.3 34.5
0 1083.281 10 4.3 34.5
0 1083.38 10 4.3 34.5
0 1083.553 6 4.3 34.5
0 1083.565 86 4.3 34.5
0 1083.677 9 4.3 34.5
0 1083.897 5 4.3 34.5
0 1083.906 106 4.3 34.5
0 1084.018 9 4.3 34.5
0 1084.115 10 4.3 34.5
0 1084.213 10 4.3 34.5
0 1084.302 11 4.3 34.5
0 1084.57 4 4.3 34.5
0 1084.575 227 4.3 34.5
0 1084.691 9 4.3 34.5
0 1084.775 12 4.3 34.5
0 1084.948 6 4.3 34.5
0 1084.994 22 4.3 34.5
0 1085.094 10 4.3 34.5
0 1085.192 10 4.3 34.5
0 1085.289 10 4.3 34.5
0 1085.387 10 4.3 34.5
0 1085.498 9 4.3 34.5
0 1085.733 4 4.3 34.5
0 1085.737 235 4.3 34.5
0 1085.972 4 4.3 34.5
0 1085.976 251 4.3 34.5
0 1086.202 4 4.3 34.5
0 1086.206 259 4.3 34.5
0 1086.308 10 4.3 34.5
0 1086.421 9 4.3 34.5
0 1086.509 11 4.3 34.5
0 1086.623 9 4.3 34.5
0 1086.841 5 4.3 34.5
0 1086.845 231 4.3 34.5
0 1086.959 9 4.3 34.5
0 1087.058 10 4.3 34.5
0 1087.226 6 4.3 34.5
0 1087.253 37 4.3 34.5
0 1087.369 9 4.3 34.5
0 1087.459 11 4.3 34.5
0 1087.559 10 4.3 34.5
0 1087.663 10 4.3 34.5
0 1087.762 10 4.3 34.5
0 1087.97 5 4.3 34.5
0 1087.981 87 4.3 34.5
0 1088.087 9 4.3 34.5
0 1088.188 10 4.3 34.5
0 1088.291 10 4.3 34.5
0 1088.388 10 4.3 34.5
0 1088.564 6 4.3 34.5
0 1088.575 89 4.3 34.5
0 1088.691 9 4.3 34.5
0 1088.791 10 3.5 34.5
0 1088.885 11 3.5 34.5
0 1088.986 10 3.5 34.5
0 1089.098 9 3.5 34.5
0 1089.191 11 3.5 34.5
0 1089.292 10 3.5 34.5
0 1089.39 10 3.5 34.5
0 1089.646 4 3.5 34.5
0 1089.651 201 3.5 34.5
0 1089.767 9 3.5 34.5
0 1090.031 4 3.5 34.5
0 1090.035 249 3.5 34.5
0 1090.154 8 3.5 34.5
0 1090.254 10 3.5 34.5
0 1090.351 10 3.5 34.5
0 1090.449 10 3.5 34.5
0 1090.552 10 3.5 34.5
0 1090.807 4 3.5 34.5
0 1090.811 205 3.5 34.5
0 1090.992 6 3.5 34.5
0 1091.014 46 3.5 34.5
0 1091.24 4 3.5 34.5
0 1091.243 258 3.5 34.5
0 1091.367 8 3.5 34.5
0 1091.46 11 3.5 34.5
0 1091.558 10 3.5 34.5
0 1091.658 10 3.5 34.5
0 1091.862 5 3.5 34.5
0 1091.987 8 3.5 34.5
0 1091.998 90 3.5 34.5
0 1092.104 9 3.5 34.5
0 1092.27 6 3.5 34.5
0 1092.295 40 3.5 34.5
0 1092.405 9 3.5 34.5
0 1092.516 9 3.5 34.5
0 1092.606 11 3.5 34.5
0 1092.707 10 3.5 34.5
0 1092.797 11 3.5 34.5
0 1092.906 9 3.5 34.5
0 1093.017 9 3.5 34.5
0 1093.105 11 3.5 34.5
0 1093.208 10 3.5 34.5
0 1093.297 11 3.5 34.5
0 1093.406 9 3.5 34.5
0 1093.584 6 3.5 34.5
0 1093.594 107 3.5 34.5
0 1093.708 9 3.5 34.5
0 1093.798 11 3.5 34.5
0 1094.0 5 3.5 34.5
0 1094.011 86 3.5 34.5
0 1094.122 9 3.5 34.5
0 1094.219 10 3.5 34.5
0 1094.32 10 3.5 34.5
0 1094.408 11 3.5 34.5
0 1094.676 4 3.5 34.5
0 1094.68 243 3.5 34.5
0 1094.795 9 3.5 34.5
0 1094.896 10 3.5 34.5
0 1095.059 6 3.5 34.5
0 1095.098 26 3.5 34.5
0 1095.201 10 3.5 34.5
0 1095.294 11 3.5 34.5
0 1095.39 10 3.5 34.5
0 1095.495 10 3.5 34.5
0 1095.602 9 3.5 34.5
0 1095.846 4 3.5 34.5
0 1095.85 226 3.5 34.5
0 1096.139 3 3.5 34.5
0 1096.191 19 3.5 34.5
0 1096.323 8 3.5 34.5
0 1096.353 34 3.5 34.5
0 1096.457 10 3.5 34.5
0 1096.556 10 3.5 34.5
0 1096.661 10 3.5 34.5
0 1096.762 10 3.5 34.5
0 1096.962 5 3.5 34.5
0 1096.967 227 3.5 34.5
0 1097.08 9 3.5 34.5
0 1097.186 9 3.5 34.5
0 1097.339 7 3.5 34.5
0 1097.375 28 3.5 34.5
0 1097.481 9 3.5 34.5
0 1097.58 10 3.5 34.5
0 1097.686 9 3.5 34.5
0 1097.786 10 3.5 34.5
0 1097.882 11 3.5 34.5
0 1098.095 5 3.5 34.5
0 1098.108 80 3.5 34.5
0 1098.219 9 3.5 34.5
0 1098.302 12 3.5 34.5
0 1098.414 9 3.5 34.5
0 1098.508 11 3.5 34.5
0 1098.689 6 3.5 34.5
0 1098.701 83 3.5 34.5
0 1098.823 8 3.3 34.5
0 1098.915 11 3.3 34.5
0 1099.016 10 3.3 34.5
0 1099.103 11 3.3 34.5
0 1099.222 8 3.3 34.5
0 1099.306 12 3.3 34.5
0 1099.41 10 3.3 34.5
0 1099.502 11 3.3 34.5
0 1099.743 4 3.3 34.5
0 1099.748 202 3.3 34.5
0 1099.848 10 3.3 34.5
0 1099.95 10 3.3 34.5
0 1100.203 4 3.3 34.5
0 1100.207 226 3.3 34.5
0 1100.315 9 3.3 34.5
0 1100.421 9 3.3 34.5
0 1100.53 9 3.3 34.5
0 1100.621 11 3.3 34.5
0 1100.881 4 3.3 34.5
0 1100.885 238 3.3 34.5
0 1100.986 10 3.3 34.5
0 1101.172 5 3.3 34.5
0 1101.248 13 3.3 34.5
0 1101.35 10 3.3 34.5
0 1101.391 24 3.3 34.5
0 1101.487 10 3.3 34.5
0 1101.609 8 3.3 34.5
0 1101.698 11 3.3 34.5
0 1101.797 10 3.3 34.5
0 1102.002 5 3.3 34.5
0 1102.006 260 3.3 34.5
0 1102.238 4 3.3 34.5
0 1102.249 92 3.3 34.5
0 1102.424 6 3.3 34.5
0 1102.446 46 3.3 34.5
0 1102.56 9 3.3 34.5
0 1102.644 12 3.3 34.5
0 1102.765 8 3.3 34.5
0 1102.857 11 3.3 34.5
0 1102.956 10 3.3 34.5
0 1103.063 9 3.3 34.5
0 1103.156 11 3.3 34.5
0 1103.266 9 3.3 34.5
0 1103.358 11 3.3 34.5
0 1103.457 10 3.3 34.5
0 1103.547 11 3.3 34.5
0 1103.761 5 3.3 34.5
0 1103.767 159 3.3 34.5
0 1103.88 9 3.3 34.5
0 1103.975 11 3.3 34.5
0 1104.08 10 3.3 34.5
0 1104.304 4 3.3 34.5
0 1104.307 322 3.3 34.5
0 1104.414 9 3.3 34.5
0 1104.518 10 3.3 34.5
0 1104.787 4 3.3 34.5
0 1104.792 180 3.3 34.5
0 1104.91 9 3.3 34.5
0 1105.002 11 3.3 34.5
0 1105.101 10 3.3 34.5
0 1105.267 6 3.3 34.5
0 1105.299 32 3.3 34.5
0 1105.41 9 3.3 34.5
0 1105.503 11 3.3 34.5
0 1105.601 10 3.3 34.5
0 1105.701 10 3.3 34.5
0 1105.947 4 3.3 34.5
0 1105.952 196 3.3 34.5
0 1106.061 9 3.3 34.5
0 1106.227 6 3.3 34.5
0 1106.415 5 3.3 34.5
0 1106.418 286 3.3 34.5
0 1106.533 9 3.3 34.5
0 1106.631 10 3.3 34.5
0 1106.729 10 3.3 34.5
0 1106.831 10 3.3 34.5
0 1107.041 5 3.3 34.5
0 1107.046 203 3.3 34.5
0 1107.157 9 3.3 34.5
0 1107.255 10 3.3 34.5
0 1107.356 10 3.3 34.5
0 1107.525 6 3.3 34.5
0 1107.559 30 3.3 34.5
0 1107.656 10 3.3 34.5
0 1107.756 10 3.3 34.5
0 1107.859 10 3.3 34.5
0 1107.961 10 3.3 34.5
0 1108.066 10 3.3 34.5
0 1108.158 11 3.3 34.5
0 1108.255 10 3.3 34.5
0 1108.358 10 3.3 34.5
0 1108.461 10 3.3 34.5
0 1108.567 9 3.3 34.5
0 1108.659 11 3.3 34.5
0 1108.826 6 3.8 34.5
0 1108.852 38 3.8 34.5
0 1108.962 9 3.8 34.5
0 1109.067 9 3.8 34.5
0 1109.16 11 3.8 34.5
0 1109.257 10 3.8 34.5
0 1109.358 10 3.8 34.5
0 1109.463 10 3.8 34.5
0 1109.569 9 3.8 34.5
0 1109.818 4 3.8 34.5
0 1109.822 295 3.8 34.5
0 1109.932 9 3.8 34.5
0 1110.037 10 3.8 34.5
0 1110.144 9 3.8 34.5
0 1110.298 7 3.8 34.5
0 1110.33 31 3.8 34.5
0 1110.433 10 3.8 34.5
0 1110.537 10 3.8 34.5
0 1110.644 9 3.8 34.5
0 1110.735 11 3.8 34.5
0 1111.0 4 3.8 34.5
0 1111.004 288 3.8 34.5
0 1111.119 9 3.8 34.5
0 1111.298 6 3.8 34.5
0 1111.304 160 3.8 34.5
0 1111.532 4 3.8 34.5
0 1111.543 92 3.8 34.5
0 1111.671 8 3.8 34.5
0 1111.763 11 3.8 34.5
0 1111.872 9 3.8 34.5
0 1112.075 5 3.8 34.5
0 1112.085 100 3.8 34.5
0 1112.214 8 3.8 34.5
0 1112.316 10 3.8 34.5
0 1112.415 10 3.8 34.5
0 1112.565 7 3.8 34.5
0 1112.587 45 3.8 34.5
0 1112.715 8 3.8 34.5
0 1112.812 10 3.8 34.5
0 1112.922 9 3.8 34.5
0 1113.004 12 3.8 34.5
0 1113.114 9 3.8 34.5
0 1113.214 10 3.8 34.5
0 1113.305 11 3.8 34.5
0 1113.397 11 3.8 34.5
0 1113.512 9 3.8 34.5
0 1113.613 10 3.8 34.5
0 1113.719 9 3.8 34.5
0 1113.873 6 3.8 34.5
0 1113.888 64 3.8 34.5
0 1114.011 8 3.8 34.5
0 1114.127 9 3.8 34.5
0 1114.217 11 3.8 34.5
0 1114.31 11 3.8 34.5
0 1114.415 10 3.8 34.5
0 1114.508 11 3.8 34.5
0 1114.613 9 3.8 34.5
0 1114.724 9 3.8 34.5
0 1114.889 6 3.8 34.5
0 1114.9 97 3.8 34.5
0 1115.027 8 3.8 34.5
0 1115.126 10 3.8 34.5
0 1115.294 6 3.8 34.5
0 1115.305 93 3.8 34.5
0 1115.425 8 3.8 34.5
0 1115.533 9 3.8 34.5
0 1115.629 10 3.8 34.5
0 1115.734 10 3.8 34.5
0 1115.809 13 3.8 34.5
0 1116.074 4 3.8 34.5
0 1116.085 96 3.8 34.5
0 1116.213 8 3.8 34.5
0 1116.345 8 3.8 34.5
0 1116.412 15 3.8 34.5
0 1116.603 5 3.8 34.5
0 1116.613 94 3.8 34.5
0 1116.739 8 3.8 34.5
0 1116.842 10 3.8 34.5
0 1116.948 9 3.8 34.5
0 1117.145 5 3.8 34.5
0 1117.156 94 3.8 34.5
0 1117.282 8 3.8 34.5
0 1117.38 10 3.8 34.5
0 1117.49 9 3.8 34.5
0 1117.648 6 3.8 34.5
0 1117.705 18 3.8 34.5
0 1117.786 12 3.8 34.5
0 1117.889 10 3.8 34.5
0 1117.993 10 3.8 34.5
0 1118.09 10 3.8 34.5
0 1118.188 10 3.8 34.5
0 1118.285 10 3.8 34.5
0 1118.391 9 3.8 34.5
0 1118.474 12 3.8 34.5
0 1118.59 9 3.8 34.5
0 1118.691 10 3.8 34.5
0 1118.787 10 3.8 34.5
0 1118.905 9 3.9 34.5
0 1118.984 13 3.9 34.5
0 1119.093 9 3.9 34.5
0 1119.192 10 3.9 34.5
0 1119.286 11 3.9 34.5
0 1119.363 13 3.9 34.5
0 1119.479 9 3.9 34.5
0 1119.586 9 3.9 34.5
0 1119.697 9 3.9 34.5
0 1119.786 11 3.9 34.5
0 1119.913 8 3.9 34.5
0 1119.98 15 3.9 34.5
0 1120.09 9 3.9 34.5
0 1120.198 9 3.9 34.5
0 1120.33 8 3.9 34.5
0 1120.387 18 3.9 34.5
0 1120.493 9 3.9 34.5
0 1120.588 11 3.9 34.5
0 1120.69 10 3.9 34.5
0 1120.797 9 3.9 34.5
0 1120.89 11 3.9 34.5
0 1121.133 4 3.9 34.5
0 1121.143 97 3.9 34.5
0 1121.269 8 3.9 34.5
0 1121.428 6 3.9 34.5
0 1121.444 62 3.9 34.5
0 1121.645 5 3.9 34.5
0 1121.655 103 3.9 34.5
0 1121.784 8 3.9 34.5
0 1121.887 10 3.9 34.5
0 1121.989 10 3.9 34.5
0 1122.178 5 3.9 34.5
0 1122.189 97 3.9 34.5
0 1122.307 8 3.9 34.5
0 1122.421 9 3.9 34.5
0 1122.523 10 3.9 34.5
0 1122.682 6 3.9 34.5
0 1122.739 17 3.9 34.5
0 1122.807 15 3.9 34.5
0 1122.925 9 3.9 34.5
0 1123.027 10 3.9 34.5
0 1123.15 8 3.9 34.5
0 1123.218 15 3.9 34.5
0 1123.309 11 3.9 34.5
0 1123.426 9 3.9 34.5
0 1123.529 10 3.9 34.5
0 1123.624 11 3.9 34.5
0 1123.726 10 3.9 34.5
0 1123.842 9 3.9 34.5
0 1123.956 9 3.9 34.5
0 1123.999 23 3.9 34.5
0 1124.107 9 3.9 34.5
0 1124.204 10 3.9 34.5
0 1124.295 11 3.9 34.5
0 1124.407 9 3.9 34.5
0 1124.5 11 3.9 34.5
0 1124.601 10 3.9 34.5
0 1124.693 11 3.9 34.5
0 1124.791 10 3.9 34.5
0 1124.971 6 3.9 34.5
0 1124.993 44 3.9 34.5
0 1125.103 9 3.9 34.5
0 1125.25 7 3.9 34.5
0 1125.352 10 3.9 34.5
0 1125.402 20 3.9 34.5
0 1125.506 10 3.9 34.5
0 1125.603 10 3.9 34.5
0 1125.698 11 3.9 34.5
0 1125.805 9 3.9 34.5
0 1125.903 10 3.9 34.5
0 1126.155 4 3.9 34.5
0 1126.16 238 3.9 34.5
0 1126.272 9 3.9 34.5
0 1126.432 6 3.9 34.5
0 1126.47 27 3.9 34.5
0 1126.654 5 3.9 34.5
0 1126.66 185 3.9 34.5
0 1126.768 9 3.9 34.5
0 1126.876 9 3.9 34.5
0 1126.979 10 3.9 34.5
0 1127.188 5 3.9 34.5
0 1127.26 14 3.9 34.5
0 1127.303 23 3.9 34.5
0 1127.407 10 3.9 34.5
0 1127.51 10 3.9 34.5
0 1127.605 11 3.9 34.5
0 1127.818 5 3.9 34.5
0 1127.823 244 3.9 34.5
0 1127.938 9 3.9 34.5
0 1128.042 10 3.9 34.5
0 1128.135 11 3.9 34.5
0 1128.235 10 3.9 34.5
0 1128.341 9 3.9 34.5
0 1128.439 10 3.9 34.5
0 1128.542 10 3.9 34.5
0 1128.636 11 3.9 34.5
0 1128.736 10 3.9 34.5
0 1128.953 5 3.7 34.5
0 1128.957 215 3.7 34.5
0 1129.076 8 3.7 34.5
0 1129.169 11 3.7 34.5
0 1129.324 6 3.7 34.5
0 1129.375 20 3.7 34.5
0 1129.472 10 3.7 34.5
0 1129.576 10 3.7 34.5
0 1129.669 11 3.7 34.5
0 1129.77 10 3.7 34.5
0 1129.876 9 3.7 34.5
0 1130.038 6 3.7 34.5
0 1130.067 34 3.7 34.5
0 1130.174 9 3.7 34.5
0 1130.27 10 3.7 34.5
0 1130.434 6 3.7 34.5
0 1130.469 28 3.7 34.5
0 1130.574 10 3.7 34.5
0 1130.676 10 3.7 34.5
0 1130.772 10 3.7 34.5
0 1130.871 10 3.7 34.5
0 1130.977 9 3.7 34.5
0 1131.232 4 3.7 34.5
0 1131.236 262 3.7 34.5
0 1131.468 4 3.7 34.5
0 1131.474 180 3.7 34.5
0 1131.667 5 3.7 34.5
0 1131.673 162 3.7 34.5
0 1131.791 8 3.7 34.5
0 1131.887 10 3.7 34.5
0 1131.994 9 3.7 34.5
0 1132.197 5 3.7 34.5
0 1132.201 213 3.7 34.5
0 1132.309 9 3.7 34.5
0 1132.415 9 3.7 34.5
0 1132.519 10 3.7 34.5
0 1132.617 10 3.7 34.5
0 1132.822 5 3.7 34.5
0 1132.828 176 3.7 34.5
0 1132.942 9 3.7 34.5
0 1133.047 10 3.7 34.5
0 1133.144 10 3.7 34.5
0 1133.244 10 3.7 34.5
0 1133.347 10 3.7 34.5
0 1133.555 5 3.7 34.5
0 1133.564 104 3.7 34.5
0 1133.674 9 3.7 34.5
0 1133.775 10 3.7 34.5
0 1133.984 5 3.7 34.5
0 1133.988 245 3.7 34.5
0 1134.109 8 3.7 34.5
0 1134.204 10 3.7 34.5
0 1134.305 10 3.7 34.5
0 1134.404 10 3.7 34.5
0 1134.508 10 3.7 34.5
0 1134.61 10 3.7 34.5
0 1134.704 11 3.7 34.5
0 1134.804 10 3.7 34.5
0 1134.904 10 3.7 34.5
0 1135.072 6 3.7 34.5
0 1135.098 38 3.7 34.5
0 1135.212 9 3.7 34.5
0 1135.307 11 3.7 34.5
0 1135.468 6 3.7 34.5
0 1135.605 7 3.7 34.5
0 1135.614 111 3.7 34.5
0 1135.73 9 3.7 34.5
0 1135.811 12 3.7 34.5
0 1135.925 9 3.7 34.5
0 1136.025 10 3.7 34.5
0 1136.286 4 3.7 34.5
0 1136.292 167 3.7 34.5
0 1136.402 9 3.7 34.5
0 1136.569 6 3.7 34.5
0 1136.703 7 3.7 34.5
0 1136.707 234 3.7 34.5
0 1136.815 9 3.7 34.5
0 1136.923 9 3.7 34.5
0 1137.022 10 3.7 34.5
0 1137.228 5 3.7 34.5
0 1137.232 254 3.7 34.5
0 1137.337 10 3.7 34.5
0 1137.447 9 3.7 34.5
0 1137.655 5 3.7 34.5
0 1137.666 92 3.7 34.5
0 1137.889 4 3.7 34.5
0 1137.894 204 3.7 34.5
0 1138.009 9 3.7 34.5
0 1138.107 10 3.7 34.5
0 1138.198 11 3.7 34.5
0 1138.307 9 3.7 34.5
0 1138.398 11 3.7 34.5
0 1138.507 9 3.7 34.5
0 1138.608 10 3.7 34.5
0 1138.694 12 3.7 34.5
0 1138.808 9 3.7 34.5
0 1138.999 5 3.2 34.5
0 1139.003 241 3.2 34.5
0 1139.12 9 3.2 34.5
0 1139.209 11 3.2 34.5
0 1139.308 10 3.2 34.5
0 1139.408 10 3.2 34.5
0 1139.52 9 3.2 34.5
0 1139.725 5 3.2 34.5
0 1139.738 75 3.2 34.5
0 1139.842 10 3.2 34.5
0 1139.933 11 3.2 34.5
0 1140.11 6 3.2 34.5
0 1140.137 38 3.2 34.5
0 1140.244 9 3.2 34.5
0 1140.343 10 3.2 34.5
0 1140.508 6 3.2 34.5
0 1140.538 33 3.2 34.5
0 1140.649 9 3.2 34.5
0 1140.742 11 3.2 34.5
0 1140.846 10 3.2 34.5
0 1140.941 11 3.2 34.5
0 1141.054 9 3.2 34.5
0 1141.303 4 3.2 34.5
0 1141.307 214 3.2 34.5
0 1141.417 9 3.2 34.5
0 1141.592 6 3.2 34.5
0 1141.829 4 3.2 34.5
0 1141.833 246 3.2 34.5
0 1141.948 9 3.2 34.5
0 1142.049 10 3.2 34.5
0 1142.258 5 3.2 34.5
0 1142.262 238 3.2 34.5
0 1142.385 8 3.2 34.5
0 1142.463 13 3.2 34.5
0 1142.576 9 3.2 34.5
0 1142.676 10 3.2 34.5
0 1142.839 6 3.2 34.5
0 1142.93 11 3.2 34.5
0 1142.969 26 3.2 34.5
0 1143.076 9 3.2 34.5
0 1143.176 10 3.2 34.5
0 1143.278 10 3.2 34.5
0 1143.379 10 3.2 34.5
0 1143.478 10 3.2 34.5
0 1143.577 10 3.2 34.5
0 1143.735 6 3.2 34.5
0 1143.776 25 3.2 34.5
0 1143.876 10 3.2 34.5
0 1144.098 5 3.2 34.5
0 1144.102 267 3.2 34.5
0 1144.214 9 3.2 34.5
0 1144.31 10 3.2 34.5
0 1144.415 10 3.2 34.5
0 1144.524 9 3.2 34.5
0 1144.618 11 3.2 34.5
0 1144.715 10 3.2 34.5
0 1144.81 11 3.2 34.5
0 1144.915 9 3.2 34.5
0 1145.026 9 3.2 34.5
0 1145.182 6 3.2 34.5
0 1145.209 36 3.2 34.5
0 1145.316 9 3.2 34.5
0 1145.417 10 3.2 34.5
0 1145.58 6 3.2 34.5
0 1145.609 35 3.2 34.5
0 1145.78 6 3.2 34.5
0 1145.811 32 3.2 34.5
0 1145.919 9 3.2 34.5
0 1146.023 10 3.2 34.5
0 1146.125 10 3.2 34.5
0 1146.347 4 3.2 34.5
0 1146.352 232 3.2 34.5
0 1146.459 9 3.2 34.5
0 1146.613 7 3.2 34.5
0 1146.668 18 3.2 34.5
0 1146.879 5 3.2 34.5
0 1146.884 231 3.2 34.5
0 1146.998 9 3.2 34.5
0 1147.102 10 3.2 34.5
0 1147.308 5 3.2 34.5
0 1147.313 243 3.2 34.5
0 1147.431 8 3.2 34.5
0 1147.528 10 3.2 34.5
0 1147.633 10 3.2 34.5
0 1147.925 3 3.2 34.5
0 1147.931 179 3.2 34.5
0 1148.044 9 3.2 34.5
0 1148.149 10 3.2 34.5
0 1148.242 11 3.2 34.5
0 1148.342 10 3.2 34.5
0 1148.437 11 3.2 34.5
0 1148.545 9 3.2 34.5
0 1148.649 10 3.2 34.5
0 1148.742 11 3.2 34.5
0 1148.843 10 3.2 34.5
0 1148.955 9 3.2 34.5
0 1149.16 5 3.5 34.6
0 1149.165 187 3.5 34.6
0 1149.277 9 3.5 34.6
0 1149.378 10 3.5 34.6
0 1149.487 9 3.5 34.6
0 1149.58 11 3.5 34.6
0 1149.684 10 3.5 34.6
0 1149.867 5 3.5 34.6
0 1149.879 80 3.5 34.6
0 1150.011 8 3.5 34.6
0 1150.111 10 3.5 34.6
0 1150.212 10 3.5 34.6
0 1150.308 10 3.5 34.6
0 1150.406 10 3.5 34.6
0 1150.515 9 3.5 34.6
0 1150.657 7 3.5 34.6
0 1150.698 25 3.5 34.6
0 1150.812 9 3.5 34.6
0 1150.909 10 3.5 34.6
0 1151.006 10 3.5 34.6
0 1151.118 9 3.5 34.6
0 1151.212 11 3.5 34.6
0 1151.459 4 3.5 34.6
0 1151.469 97 3.5 34.6
0 1151.629 6 3.5 34.6
0 1151.697 15 3.5 34.6
0 1151.831 7 3.5 34.6
0 1152.053 5 3.5 34.6
0 1152.063 101 3.5 34.6
0 1152.195 8 3.5 34.6
0 1152.372 6 3.5 34.6
0 1152.383 93 3.5 34.6
0 1152.513 8 3.5 34.6
0 1152.612 10 3.5 34.6
0 1152.715 10 3.5 34.6
0 1152.812 10 3.5 34.6
0 1152.999 5 3.5 34.6
0 1153.011 86 3.5 34.6
0 1153.142 8 3.5 34.6
0 1153.227 12 3.5 34.6
0 1153.335 9 3.5 34.6
0 1153.429 11 3.5 34.6
0 1153.548 8 3.5 34.6
0 1153.638 11 3.5 34.6
0 1153.744 9 3.5 34.6
0 1153.82 13 3.5 34.6
0 1154.17 3 3.5 34.6
0 1154.181 88 3.5 34.6
0 1154.313 8 3.5 34.6
0 1154.414 10 3.5 34.6
0 1154.511 10 3.5 34.6
0 1154.621 9 3.5 34.6
0 1154.712 11 3.5 34.6
0 1154.787 13 3.5 34.6
0 1154.914 8 3.5 34.6
0 1155.011 10 3.5 34.6
0 1155.12 9 3.5 34.6
0 1155.215 11 3.5 34.6
0 1155.311 10 3.5 34.6
0 1155.419 9 3.5 34.6
0 1155.504 12 3.5 34.6
0 1155.662 6 3.5 34.6
0 1155.698 27 3.5 34.6
0 1155.815 9 3.5 34.6
0 1155.913 10 3.5 34.6
0 1156.074 6 3.5 34.6
0 1156.1 39 3.5 34.6
0 1156.218 8 3.5 34.6
0 1156.453 4 3.5 34.6
0 1156.464 97 3.5 34.6
0 1156.63 6 3.5 34.6
0 1156.722 11 3.5 34.6
0 1156.774 19 3.5 34.6
0 1156.929 6 3.5 34.6
0 1156.961 31 3.5 34.6
0 1157.134 6 3.5 34.6
0 1157.165 32 3.5 34.6
0 1157.386 5 3.5 34.6
0 1157.39 244 3.5 34.6
0 1157.497 9 3.5 34.6
0 1157.601 10 3.5 34.6
0 1157.708 9 3.5 34.6
0 1157.806 10 3.5 34.6
0 1157.944 7 3.5 34.6
0 1158.132 5 3.5 34.6
0 1158.136 255 3.5 34.6
0 1158.252 9 3.5 34.6
0 1158.35 10 3.5 34.6
0 1158.452 10 3.5 34.6
0 1158.548 10 3.5 34.6
0 1158.65 10 3.5 34.6
0 1158.755 10 3.5 34.6
0 1158.853 10 3.5 34.6
0 1158.939 12 3.5 34.6
0 1159.053 9 3.5 34.6
0 1159.269 5 4.0 34.6
0 1159.273 208 4.0 34.6
0 1159.386 9 4.0 34.6
0 1159.484 10 4.0 34.6
0 1159.589 10 4.0 34.6
0 1159.686 10 4.0 34.6
0 1159.79 10 4.0 34.6
0 1159.889 10 4.0 34.6
0 1159.986 10 4.0 34.6
0 1160.15 6 4.0 34.6
0 1160.186 28 4.0 34.6
0 1160.29 10 4.0 34.6
0 1160.39 10 4.0 34.6
0 1160.482 11 4.0 34.6
0 1160.584 10 4.0 34.6
0 1160.754 6 4.0 34.6
0 1160.779 40 4.0 34.6
0 1160.895 9 4.0 34.6
0 1160.979 12 4.0 34.6
0 1161.086 9 4.0 34.6
0 1161.187 10 4.0 34.6
0 1161.292 9 4.0 34.6
0 1161.546 4 4.0 34.6
0 1161.55 257 4.0 34.6
0 1161.727 6 4.0 34.6
0 1161.81 12 4.0 34.6
0 1161.863 19 4.0 34.6
0 1162.027 6 4.0 34.6
0 1162.06 31 4.0 34.6
0 1162.284 4 4.0 34.6
0 1162.385 10 4.0 34.6
0 1162.39 200 4.0 34.6
0 1162.503 9 4.0 34.6
0 1162.609 9 4.0 34.6
0 1162.701 11 4.0 34.6
0 1162.802 10 4.0 34.6
0 1162.968 6 4.0 34.6
0 1162.994 38 4.0 34.6
0 1163.175 6 4.0 34.6
0 1163.191 61 4.0 34.6
0 1163.302 9 4.0 34.6
0 1163.392 11 4.0 34.6
0 1163.508 9 4.0 34.6
0 1163.613 10 4.0 34.6
0 1163.702 11 4.0 34.6
0 1163.817 9 4.0 34.6
0 1163.911 11 4.0 34.6
0 1164.02 9 4.0 34.6
0 1164.12 10 4.0 34.6
0 1164.374 4 4.0 34.6
0 1164.384 94 4.0 34.6
0 1164.513 8 4.0 34.6
0 1164.612 10 4.0 34.6
0 1164.717 10 4.0 34.6
0 1164.81 11 4.0 34.6
0 1164.911 10 4.0 34.6
0 1165.01 10 4.0 34.6
0 1165.117 9 4.0 34.6
0 1165.214 10 4.0 34.6
0 1165.317 10 4.0 34.6
0 1165.398 12 4.0 34.6
0 1165.512 9 4.0 34.6
0 1165.611 10 4.0 34.6
0 1165.719 9 4.0 34.6
0 1165.82 10 4.0 34.6
0 1165.913 11 4.0 34.6
0 1166.013 10 4.0 34.6
0 1166.112 10 4.0 34.6
0 1166.217 10 4.0 34.6
0 1166.373 6 4.0 34.6
0 1166.448 13 4.0 34.6
0 1166.619 6 4.0 34.6
0 1166.629 98 4.0 34.6
0 1166.856 4 4.0 34.6
0 1166.87 71 4.0 34.6
0 1167.045 6 4.0 34.6
0 1167.076 33 4.0 34.6
0 1167.196 8 4.0 34.6
0 1167.393 5 4.0 34.6
0 1167.451 17 4.0 34.6
0 1167.527 13 4.0 34.6
0 1167.632 10 4.0 34.6
0 1167.728 10 4.0 34.6
0 1167.825 10 4.0 34.6
0 1167.982 6 4.0 34.6
0 1168.021 26 4.0 34.6
0 1168.189 6 4.0 34.6
0 1168.204 64 4.0 34.6
0 1168.394 5 4.0 34.6
0 1168.42 39 4.0 34.6
0 1168.542 8 4.0 34.6
0 1168.635 11 4.0 34.6
0 1168.732 10 4.0 34.6
0 1168.823 11 4.0 34.6
0 1168.91 11 4.0 34.6
0 1169.031 8 4.0 34.6
0 1169.144 9 4.0 34.6
0 1169.234 11 4.0 34.6
0 1169.411 6 3.8 34.6
0 1169.422 90 3.8 34.6
0 1169.55 8 3.8 34.6
0 1169.658 9 3.8 34.6
0 1169.75 11 3.8 34.6
0 1169.832 12 3.8 34.6
0 1169.951 8 3.8 34.6
0 1170.05 10 3.8 34.6
0 1170.158 9 3.8 34.6
0 1170.223 16 3.8 34.6
0 1170.38 6 3.8 34.6
0 1170.451 14 3.8 34.6
0 1170.549 10 3.8 34.6
0 1170.659 9 3.8 34.6
0 1170.724 15 3.8 34.6
0 1170.832 9 3.8 34.6
0 1170.951 8 3.8 34.6
0 1171.051 10 3.8 34.6
0 1171.147 10 3.8 34.6
0 1171.23 12 3.8 34.6
0 1171.328 10 3.8 34.6
0 1171.497 6 3.8 34.6
0 1171.625 8 3.8 34.6
0 1171.638 81 3.8 34.6
0 1171.858 5 3.8 34.6
0 1171.869 91 3.8 34.6
0 1172.043 6 3.8 34.6
0 1172.09 21 3.8 34.6
0 1172.2 9 3.8 34.6
0 1172.279 13 3.8 34.6
0 1172.604 3 3.8 34.6
0 1172.615 92 3.8 34.6
0 1172.746 8 3.8 34.6
0 1172.841 11 3.8 34.6
0 1172.996 6 3.8 34.6
0 1173.029 30 3.8 34.6
0 1173.118 11 3.8 34.6
0 1173.307 5 3.8 34.6
0 1173.32 83 3.8 34.6
0 1173.446 8 3.8 34.6
0 1173.545 10 3.8 34.6
0 1173.652 9 3.8 34.6
0 1173.751 10 3.8 34.6
0 1173.843 11 3.8 34.6
0 1173.971 8 3.8 34.6
0 1174.047 13 3.8 34.6
0 1174.166 8 3.8 34.6
0 1174.274 9 3.8 34.6
0 1174.444 6 3.8 34.6
0 1174.554 9 3.8 34.6
0 1174.601 21 3.8 34.6
0 1174.719 8 3.8 34.6
0 1174.811 11 3.8 34.6
0 1174.899 11 3.8 34.6
0 1175.016 9 3.8 34.6
0 1175.116 10 3.8 34.6
0 1175.208 11 3.8 34.6
0 1175.322 9 3.8 34.6
0 1175.397 13 3.8 34.6
0 1175.516 8 3.8 34.6
0 1175.617 10 3.8 34.6
0 1175.717 10 3.8 34.6
0 1175.804 12 3.8 34.6
0 1175.903 10 3.8 34.6
0 1176.015 9 3.8 34.6
0 1176.11 11 3.8 34.6
0 1176.246 7 3.8 34.6
0 1176.275 34 3.8 34.6
0 1176.391 9 3.8 34.6
0 1176.696 3 3.8 34.6
0 1176.707 91 3.8 34.6
0 1176.875 6 3.8 34.6
0 1176.93 18 3.8 34.6
0 1177.083 7 3.8 34.6
0 1177.129 22 3.8 34.6
0 1177.242 9 3.8 34.6
0 1177.326 12 3.8 34.6
0 1177.44 9 3.8 34.6
0 1177.679 4 3.8 34.6
0 1177.69 91 3.8 34.6
0 1177.821 8 3.8 34.6
0 1177.923 10 3.8 34.6
0 1178.068 7 3.8 34.6
0 1178.106 26 3.8 34.6
0 1178.219 9 3.8 34.6
0 1178.368 7 3.8 34.6
0 1178.393 40 3.8 34.6
0 1178.637 4 3.8 34.6
0 1178.667 33 3.8 34.6
0 1178.778 9 3.8 34.6
0 1178.876 10 3.8 34.6
0 1178.979 10 3.8 34.6
0 1179.077 10 3.8 34.6
0 1179.183 9 3.8 34.6
0 1179.268 12 3.8 34.6
0 1179.484 5 4.5 34.6
0 1179.496 82 4.5 34.6
0 1179.616 8 4.5 34.6
0 1179.732 9 4.5 34.6
0 1179.824 11 4.5 34.6
0 1179.921 10 4.5 34.6
0 1180.029 9 4.5 34.6
0 1180.126 10 4.5 34.6
0 1180.235 9 4.5 34.6
0 1180.325 11 4.5 34.6
0 1180.423 10 4.5 34.6
0 1180.628 5 4.5 34.6
0 1180.655 37 4.5 34.6
0 1180.778 8 4.5 34.6
0 1180.868 11 4.5 34.6
0 1180.97 10 4.5 34.6
0 1181.06 11 4.5 34.6
0 1181.174 9 4.5 34.6
0 1181.325 7 4.5 34.6
0 1181.339 71 4.5 34.6
0 1181.47 8 4.5 34.6
0 1181.699 4 4.5 34.6
0 1181.711 88 4.5 34.6
0 1181.876 6 4.5 34.6
0 1181.93 19 4.5 34.6
0 1182.08 7 4.5 34.6
0 1182.131 20 4.5 34.6
0 1182.233 10 4.5 34.6
0 1182.337 10 4.5 34.6
0 1182.438 10 4.5 34.6
0 1182.778 3 4.5 34.6
0 1182.796 54 4.5 34.6
0 1182.909 9 4.5 34.6
0 1183.035 8 4.5 34.6
0 1183.138 10 4.5 34.6
0 1183.238 10 4.5 34.6
0 1183.382 7 4.5 34.6
0 1183.399 57 4.5 34.6
0 1183.536 7 4.5 34.6
0 1183.639 10 4.5 34.6
0 1183.745 9 4.5 34.6
0 1183.836 11 4.5 34.6
0 1183.91 13 4.5 34.6
0 1184.051 7 4.5 34.6
0 1184.14 11 4.5 34.6
0 1184.242 10 4.5 34.6
0 1184.331 11 4.5 34.6
0 1184.539 5 4.5 34.6
0 1184.679 7 4.5 34.6
0 1184.697 56 4.5 34.6
0 1184.872 6 4.5 34.6
0 1184.89 56 4.5 34.6
0 1185.021 8 4.5 34.6
0 1185.12 10 4.5 34.6
0 1185.226 9 4.5 34.6
0 1185.32 11 4.5 34.6
0 1185.421 10 4.5 34.6
0 1185.524 10 4.5 34.6
0 1185.618 11 4.5 34.6
0 1185.727 9 4.5 34.6
0 1185.82 11 4.5 34.6
0 1185.917 10 4.5 34.6
0 1186.016 10 4.5 34.6
0 1186.122 9 4.5 34.6
0 1186.225 10 4.5 34.6
0 1186.369 7 4.5 34.6
0 1186.392 45 4.5 34.6
0 1186.516 8 4.5 34.6
0 1186.871 3 4.5 34.6
0 1186.927 18 4.5 34.6
0 1186.988 16 4.5 34.6
0 1187.154 6 4.5 34.6
0 1187.194 25 4.5 34.6
0 1187.289 11 4.5 34.6
0 1187.417 8 4.5 34.6
0 1187.506 11 4.5 34.6
0 1187.609 10 4.5 34.6
0 1187.864 4 4.5 34.6
0 1187.876 81 4.5 34.6
0 1188.004 8 4.5 34.6
0 1188.101 10 4.5 34.6
0 1188.199 10 4.5 34.6
0 1188.302 10 4.5 34.6
0 1188.461 6 4.5 34.6
0 1188.475 68 4.5 34.6
0 1188.604 8 4.5 34.6
0 1188.785 6 4.5 34.6
0 1188.795 96 4.5 34.6
0 1188.926 8 4.5 34.6
0 1189.016 11 4.5 34.6
0 1189.11 11 4.5 34.6
0 1189.223 9 4.5 34.6
0 1189.322 10 4.5 34.6
0 1189.429 9 4.5 34.6
0 1189.626 5 4.5 34.6
0 1189.638 82 4.5 34.6
0 1189.76 8 4.5 34.6
0 1189.906 7 4.5 34.6
0 1189.987 12 4.5 34.6
0 1190.086 10 4.5 34.6
0 1190.182 10 4.5 34.6
0 1190.27 11 4.5 34.6
0 1190.365 10 4.5 34.6
0 1190.486 8 4.5 34.6
0 1190.585 10 4.5 34.6
0 1190.679 11 4.5 34.6
0 1190.834 6 4.5 34.6
0 1190.852 54 4.5 34.6
0 1190.976 8 4.5 34.6
0 1191.094 8 4.5 34.6
0 1191.186 11 4.5 34.6
0 1191.285 10 4.5 34.6
0 1191.43 7 4.5 34.6
0 1191.454 42 4.5 34.6
0 1191.603 7 4.5 34.6
0 1191.68 13 4.5 34.6
0 1191.919 4 4.5 34.6
0 1191.985 15 4.5 34.6
0 1192.067 12 4.5 34.6
0 1192.213 7 4.5 34.6
0 1192.246 31 4.5 34.6
0 1192.344 10 4.5 34.6
0 1192.443 10 4.5 34.6
0 1192.556 9 4.5 34.6
0 1192.672 9 4.5 34.6
0 1192.915 4 4.5 34.6
0 1193.009 11 4.5 34.6
0 1193.053 22 4.5 34.6
0 1193.175 8 4.5 34.6
0 1193.239 16 4.5 34.6
0 1193.341 10 4.5 34.6
0 1193.532 5 4.5 34.6
0 1193.549 59 4.5 34.6
0 1193.684 7 4.5 34.6
0 1193.778 11 4.5 34.6
0 1193.884 9 4.5 34.6
0 1193.981 10 4.5 34.6
0 1194.082 10 4.5 34.6
0 1194.178 10 4.5 34.6
0 1194.28 10 4.5 34.6
0 1194.373 11 4.5 34.6
0 1194.484 9 4.5 34.6
0 1194.653 6 4.5 34.6
0 1194.671 57 4.5 34.6
0 1194.817 7 4.5 34.6
0 1194.951 7 4.5 34.6
0 1195.022 14 4.5 34.6
0 1195.085 16 4.5 34.6
0 1195.196 9 4.5 34.6
0 1195.292 10 4.5 34.6
0 1195.397 10 4.5 34.6
0 1195.48 12 4.5 34.6
0 1195.598 8 4.5 34.6
0 1195.695 10 4.5 34.6
0 1195.793 10 4.5 34.6
0 1195.891 10 4.5 34.6
0 1195.986 11 4.5 34.6
0 1196.101 9 4.5 34.6
0 1196.197 10 4.5 34.6
0 1196.292 11 4.5 34.6
0 1196.392 10 4.5 34.6
0 1196.534 7 4.5 34.6
0 1196.589 18 4.5 34.6
0 1196.7 9 4.5 34.6
0 1196.939 4 4.5 34.6
0 1196.996 18 4.5 34.6
0 1197.138 7 4.5 34.6
0 1197.208 14 4.5 34.6
0 1197.274 15 4.5 34.6
0 1197.376 10 4.5 34.6
0 1197.478 10 4.5 34.6
0 1197.577 10 4.5 34.6
0 1197.682 10 4.5 34.6
0 1197.784 10 4.5 34.6
0 1198.02 4 4.5 34.6
0 1198.037 57 4.5 34.6
0 1198.161 8 4.5 34.6
0 1198.266 10 4.5 34.6
0 1198.372 9 4.5 34.6
0 1198.473 10 4.5 34.6
0 1198.644 6 4.5 34.6
0 1198.661 58 4.5 34.6
0 1198.803 7 4.5 34.6
0 1198.895 11 4.5 34.6
0 1198.997 10 4.5 34.6
0 1199.163 6 4.5 34.6
0 1199.207 23 4.5 34.6
0 1199.316 9 4.5 34.6
0 1199.428 9 4.5 34.6
0 1199.518 11 4.5 34.6
0 1199.677 6 4.9 34.6
0 1199.695 58 4.9 34.6
0 1199.833 7 4.9 34.6
0 1199.999 6 4.9 34.6
0 1200.062 16 4.9 34.6
0 1200.158 10 4.9 34.6
0 1200.26 10 4.9 34.6
0 1200.338 13 4.9 34.6
0 1200.458 8 4.9 34.6
0 1200.6 7 4.9 34.6
0 1200.611 92 4.9 34.6
0 1200.741 8 4.9 34.6
0 1200.833 11 4.9 34.6
0 1200.951 8 4.9 34.6
0 1201.031 13 4.9 34.6
0 1201.198 6 4.9 34.6
0 1201.224 39 4.9 34.6
0 1201.331 9 4.9 34.6
0 1201.431 10 4.9 34.6
0 1201.592 6 4.9 34.6
0 1201.616 42 4.9 34.6
0 1201.734 9 4.9 34.6
0 1201.88 7 4.9 34.6
0 1201.978 10 4.9 34.6
0 1202.081 10 4.9 34.6
0 1202.133 19 4.9 34.6
0 1202.288 6 4.9 34.6
0 1202.321 30 4.9 34.6
0 1202.425 10 4.9 34.6
0 1202.533 9 4.9 34.6
0 1202.64 9 4.9 34.6
0 1202.733 11 4.9 34.6
0 1202.831 10 4.9 34.6
0 1203.082 4 4.9 34.6
0 1203.093 93 4.9 34.6
0 1203.278 5 4.9 34.6
0 1203.295 59 4.9 34.6
0 1203.413 8 4.9 34.6
0 1203.513 10 4.9 34.6
0 1203.663 7 4.9 34.6
0 1203.707 22 4.9 34.6
0 1203.819 9 4.9 34.6
0 1203.913 11 4.9 34.6
0 1204.003 11 4.9 34.6
0 1204.115 9 4.9 34.6
0 1204.222 9 4.9 34.6
0 1204.331 9 4.9 34.6
0 1204.399 15 4.9 34.6
0 1204.503 10 4.9 34.6
0 1204.678 6 4.9 34.6
0 1204.695 58 4.9 34.6
0 1204.824 8 4.9 34.6
0 1204.901 13 4.9 34.6
0 1205.08 6 4.9 34.6
0 1205.141 16 4.9 34.6
0 1205.303 6 4.9 34.6
0 1205.338 29 4.9 34.6
0 1205.471 8 4.9 34.6
0 1205.623 7 4.9 34.6
0 1205.641 57 4.9 34.6
0 1205.782 7 4.9 34.6
0 1205.845 16 4.9 34.6
0 1205.992 7 4.9 34.6
0 1206.084 11 4.9 34.6
0 1206.188 10 4.9 34.6
0 1206.284 11 4.9 34.6
0 1206.379 10 4.9 34.6
0 1206.487 9 4.9 34.6
0 1206.629 7 4.9 34.6
0 1206.646 58 4.9 34.6
0 1206.788 7 4.9 34.6
0 1206.918 8 4.9 34.6
0 1207.038 8 4.9 34.6
0 1207.102 16 4.9 34.6
0 1207.198 10 4.9 34.6
0 1207.388 5 4.9 34.6
0 1207.404 60 4.9 34.6
0 1207.535 8 4.9 34.6
0 1207.65 9 4.9 34.6
0 1207.752 10 4.9 34.6
0 1207.811 17 4.9 34.6
0 1207.938 8 4.9 34.6
0 1208.176 4 4.9 34.6
0 1208.193 58 4.9 34.6
0 1208.335 7 4.9 34.6
0 1208.405 14 4.9 34.6
0 1208.538 8 4.9 34.6
0 1208.703 6 4.9 34.6
0 1208.72 58 4.9 34.6
0 1208.845 8 4.9 34.6
0 1208.963 9 4.9 34.6
0 1209.038 13 4.9 34.6
0 1209.17 8 4.9 34.6
0 1209.262 11 4.9 34.6
0 1209.457 5 4.9 34.6
0 1209.466 107 4.9 34.6
0 1209.598 8 4.9 34.6
0 1209.768 6 4.5 34.6
0 1209.778 94 4.5 34.6
0 1209.905 8 4.5 34.6
0 1210.01 10 4.5 34.6
0 1210.11 10 4.5 34.6
0 1210.255 7 4.5 34.6
0 1210.299 23 4.5 34.6
0 1210.396 10 4.5 34.6
0 1210.513 9 4.5 34.6
0 1210.672 6 4.5 34.6
0 1210.683 92 4.5 34.6
0 1210.815 8 4.5 34.6
0 1210.898 12 4.5 34.6
0 1211.01 9 4.5 34.6
0 1211.116 9 4.5 34.6
0 1211.215 10 4.5 34.6
0 1211.317 10 4.5 34.6
0 1211.47 7 4.5 34.6
0 1211.502 31 4.5 34.6
0 1211.66 6 4.5 34.6
0 1211.702 24 4.5 34.6
0 1211.821 8 4.5 34.6
0 1211.948 8 4.5 34.6
0 1212.071 8 4.5 34.6
0 1212.13 17 4.5 34.6
0 1212.211 12 4.5 34.6
0 1212.314 10 4.5 34.6
0 1212.449 7 4.5 34.6
0 1212.505 18 4.5 34.6
0 1212.613 9 4.5 34.6
0 1212.717 10 4.5 34.6
0 1212.814 10 4.5 34.6
0 1212.9 12 4.5 34.6
0 1213.126 4 4.5 34.6
0 1213.188 16 4.5 34.6
0 1213.284 10 4.5 34.6
0 1213.347 16 4.5 34.6
0 1213.537 5 4.5 34.6
0 1213.586 20 4.5 34.6
0 1213.751 6 4.5 34.6
0 1213.769 57 4.5 34.6
0 1213.912 7 4.5 34.6
0 1214.012 10 4.5 34.6
0 1214.113 10 4.5 34.6
0 1214.216 10 4.5 34.6
0 1214.309 11 4.5 34.6
0 1214.456 7 4.5 34.6
0 1214.472 62 4.5 34.6
0 1214.594 8 4.5 34.6
0 1214.694 10 4.5 34.6
0 1214.862 6 4.5 34.6
0 1214.873 92 4.5 34.6
0 1215.002 8 4.5 34.6
0 1215.1 10 4.5 34.6
0 1215.2 10 4.5 34.6
0 1215.351 7 4.5 34.6
0 1215.428 13 4.5 34.6
0 1215.544 9 4.5 34.6
0 1215.577 31 4.5 34.6
0 1215.747 6 4.5 34.6
0 1215.771 42 4.5 34.6
0 1215.886 9 4.5 34.6
0 1215.977 11 4.5 34.6
0 1216.085 9 4.5 34.6
0 1216.18 10 4.5 34.6
0 1216.279 10 4.5 34.6
0 1216.387 9 4.5 34.6
0 1216.478 11 4.5 34.6
0 1216.585 9 4.5 34.6
0 1216.74 6 4.5 34.6
0 1216.777 27 4.5 34.6
0 1216.89 9 4.5 34.6
0 1217.091 5 4.5 34.6
0 1217.142 20 4.5 34.6
0 1217.208 15 4.5 34.6
0 1217.306 10 4.5 34.6
0 1217.452 7 4.5 34.6
0 1217.568 9 4.5 34.6
0 1217.609 24 4.5 34.6
0 1217.709 10 4.5 34.6
0 1217.807 10 4.5 34.6
0 1217.908 10 4.5 34.6
0 1218.015 9 4.5 34.6
0 1218.268 4 4.5 34.6
0 1218.271 285 4.5 34.6
0 1218.379 9 4.5 34.6
0 1218.487 9 4.5 34.6
0 1218.589 10 4.5 34.6
0 1218.685 10 4.5 34.6
0 1218.855 6 4.5 34.6
0 1218.875 50 4.5 34.6
0 1218.989 9 4.5 34.6
0 1219.091 10 4.5 34.6
0 1219.186 11 4.5 34.6
0 1219.284 10 4.5 34.6
0 1219.386 10 4.5 34.6
0 1219.55 6 4.5 34.6
0 1219.658 9 4.5 34.6
0 1219.684 40 4.5 34.6
0 1219.789 9 4.1 34.6
0 1219.953 6 4.1 34.6
0 1219.978 40 4.1 34.6
0 1220.089 9 4.1 34.6
0 1220.198 9 4.1 34.6
0 1220.349 7 4.1 34.6
0 1220.437 11 4.1 34.6
0 1220.487 20 4.1 34.6
0 1220.588 10 4.1 34.6
0 1220.763 6 4.1 34.6
0 1220.775 82 4.1 34.6
0 1220.889 9 4.1 34.6
0 1220.99 10 4.1 34.6
0 1221.09 10 4.1 34.6
0 1221.2 9 4.1 34.6
0 1221.288 11 4.1 34.6
0 1221.387 10 4.1 34.6
0 1221.491 10 4.1 34.6
0 1221.635 7 4.1 34.6
0 1221.754 8 4.1 34.6
0 1221.787 30 4.1 34.6
0 1221.888 10 4.1 34.6
0 1222.1 5 4.1 34.6
0 1222.149 20 4.1 34.6
0 1222.215 15 4.1 34.6
0 1222.328 9 4.1 34.6
0 1222.477 7 4.1 34.6
0 1222.516 26 4.1 34.6
0 1222.624 9 4.1 34.6
0 1222.719 11 4.1 34.6
0 1222.83 9 4.1 34.6
0 1222.917 12 4.1 34.6
0 1223.02 10 4.1 34.6
0 1223.272 4 4.1 34.6
0 1223.276 258 4.1 34.6
0 1223.393 9 4.1 34.6
0 1223.49 10 4.1 34.6
0 1223.702 5 4.1 34.6
0 1223.717 67 4.1 34.6
0 1223.882 6 4.1 34.6
0 1223.921 25 4.1 34.6
0 1224.021 10 4.1 34.6
0 1224.121 10 4.1 34.6
0 1224.222 10 4.1 34.6
0 1224.321 10 4.1 34.6
0 1224.432 9 4.1 34.6
0 1224.598 6 4.1 34.6
0 1224.607 109 4.1 34.6
0 1224.724 9 4.1 34.6
0 1224.822 10 4.1 34.6
0 1224.957 7 4.1 34.6
0 1225.032 13 4.1 34.6
0 1225.122 11 4.1 34.6
0 1225.213 11 4.1 34.6
0 1225.375 6 4.1 34.6
0 1225.479 10 4.1 34.6
0 1225.519 25 4.1 34.6
0 1225.787 4 4.1 34.6
0 1225.791 217 4.1 34.6
0 1225.907 9 4.1 34.6
0 1226.006 10 4.1 34.6
0 1226.105 10 4.1 34.6
0 1226.206 10 4.1 34.6
0 1226.317 9 4.1 34.6
0 1226.404 11 4.1 34.6
0 1226.509 10 4.1 34.6
0 1226.606 10 4.1 34.6
0 1226.767 6 4.1 34.6
0 1226.799 32 4.1 34.6
0 1226.919 8 4.1 34.6
0 1227.121 5 4.1 34.6
0 1227.173 19 4.1 34.6
0 1227.238 16 4.1 34.6
0 1227.335 10 4.1 34.6
0 1227.501 6 4.1 34.6
0 1227.535 29 4.1 34.6
0 1227.748 5 4.1 34.6
0 1227.761 79 4.1 34.6
0 1227.864 10 4.1 34.6
0 1227.962 10 4.1 34.6
0 1228.076 9 4.1 34.6
0 1228.301 4 4.1 34.6
0 1228.306 224 4.1 34.6
0 1228.417 9 4.1 34.6
0 1228.523 10 4.1 34.6
0 1228.629 9 4.1 34.6
0 1228.72 11 4.1 34.6
0 1228.819 10 4.1 34.6
0 1228.997 6 4.1 34.6
0 1229.006 115 4.1 34.6
0 1229.134 8 4.1 34.6
0 1229.221 12 4.1 34.6
0 1229.32 10 4.1 34.6
0 1229.422 10 4.1 34.6
0 1229.52 10 4.1 34.6
0 1229.691 6 4.1 34.6
0 1229.822 8 3.4 34.6
0 1229.83 122 3.4 34.6
0 1230.01 6 3.4 34.6
0 1230.032 44 3.4 34.6
0 1230.141 9 3.4 34.6
0 1230.246 9 3.4 34.6
0 1230.387 7 3.4 34.6
0 1230.489 10 3.4 34.6
0 1230.537 21 3.4 34.6
0 1230.637 10 3.4 34.6
0 1230.812 6 3.4 34.6
0 1230.834 46 3.4 34.6
0 1230.945 9 3.4 34.6
0 1231.042 10 3.4 34.6
0 1231.138 10 3.4 34.6
0 1231.246 9 3.4 34.6
0 1231.339 11 3.4 34.6
0 1231.45 9 3.4 34.6
0 1231.543 11 3.4 34.6
0 1231.642 10 3.4 34.6
0 1231.888 4 3.4 34.6
0 1231.892 256 3.4 34.6
0 1232.071 6 3.4 34.6
0 1232.166 11 3.4 34.6
0 1232.27 10 3.4 34.6
0 1232.303 31 3.4 34.6
0 1232.395 11 3.4 34.6
0 1232.565 6 3.4 34.6
0 1232.603 27 3.4 34.6
0 1232.708 10 3.4 34.6
0 1232.807 10 3.4 34.6
0 1232.896 11 3.4 34.6
0 1233.008 9 3.4 34.6
0 1233.115 9 3.4 34.6
0 1233.361 4 3.4 34.6
0 1233.364 253 3.4 34.6
0 1233.481 9 3.4 34.6
0 1233.58 10 3.4 34.6
0 1233.687 9 3.4 34.6
0 1233.884 5 3.4 34.6
0 1233.89 173 3.4 34.6
0 1234.044 6 3.4 34.6
0 1234.102 17 3.4 34.6
0 1234.212 9 3.4 34.6
0 1234.303 11 3.4 34.6
0 1234.393 11 3.4 34.6
0 1234.508 9 3.4 34.6
0 1234.604 10 3.4 34.6
0 1234.761 6 3.4 34.6
0 1234.806 22 3.4 34.6
0 1234.895 11 3.4 34.6
0 1235.059 6 3.4 34.6
0 1235.104 22 3.4 34.6
0 1235.204 10 3.4 34.6
0 1235.312 9 3.4 34.6
0 1235.516 5 3.4 34.6
0 1235.52 262 3.4 34.6
0 1235.637 9 3.4 34.6
0 1235.75 9 3.4 34.6
0 1235.975 4 3.4 34.6
0 1235.984 102 3.4 34.6
0 1236.113 8 3.4 34.6
0 1236.205 11 3.4 34.6
0 1236.312 9 3.4 34.6
0 1236.395 12 3.4 34.6
0 1236.508 9 3.4 34.6
0 1236.631 8 3.4 34.6
0 1236.692 17 3.4 34.6
0 1236.838 7 3.4 34.6
0 1236.95 9 3.4 34.6
0 1237.037 11 3.4 34.6
0 1237.207 6 3.4 34.6
0 1237.269 16 3.4 34.6
0 1237.347 13 3.4 34.6
0 1237.466 8 3.4 34.6
0 1237.584 8 3.4 34.6
0 1237.664 12 3.4 34.6
0 1237.746 12 3.4 34.6
0 1237.854 9 3.4 34.6
0 1237.966 9 3.4 34.6
0 1238.065 10 3.4 34.6
0 1238.172 9 3.4 34.6
0 1238.388 5 3.4 34.6
0 1238.405 58 3.4 34.6
0 1238.546 7 3.4 34.6
0 1238.648 10 3.4 34.6
0 1238.747 10 3.4 34.6
0 1238.841 11 3.4 34.6
0 1238.918 13 3.4 34.6
0 1239.112 5 3.4 34.6
0 1239.129 60 3.4 34.6
0 1239.3 6 3.4 34.6
0 1239.346 21 3.4 34.6
0 1239.472 8 3.4 34.6
0 1239.568 10 3.4 34.6
0 1239.671 10 3.4 34.6
0 1239.803 8 3.4 34.6
0 1239.84 27 4.1 34.6
0 1239.943 10 4.1 34.6
0 1240.128 5 4.1 34.6
0 1240.144 60 4.1 34.6
0 1240.279 7 4.1 34.6
0 1240.373 11 4.1 34.6
0 1240.533 6 4.1 34.6
0 1240.549 62 4.1 34.6
0 1240.693 7 4.1 34.6
0 1240.772 13 4.1 34.6
0 1240.859 11 4.1 34.6
0 1240.998 7 4.1 34.6
0 1241.093 11 4.1 34.6
0 1241.197 10 4.1 34.6
0 1241.293 10 4.1 34.6
0 1241.351 17 4.1 34.6
0 1241.518 6 4.1 34.6
0 1241.608 11 4.1 34.6
0 1241.673 15 4.1 34.6
0 1241.781 9 4.1 34.6
0 1241.858 13 4.1 34.6
0 1242.037 6 4.1 34.6
0 1242.06 44 4.1 34.6
0 1242.283 4 4.1 34.6
0 1242.306 44 4.1 34.6
0 1242.428 8 4.1 34.6
0 1242.549 8 4.1 34.6
0 1242.681 8 4.1 34.6
0 1242.707 38 4.1 34.6
0 1242.843 7 4.1 34.6
0 1242.915 14 4.1 34.6
0 1243.047 8 4.1 34.6
0 1243.143 10 4.1 34.6
0 1243.243 10 4.1 34.6
0 1243.477 4 4.1 34.6
0 1243.5 44 4.1 34.6
0 1243.639 7 4.1 34.6
0 1243.756 9 4.1 34.6
0 1243.849 11 4.1 34.6
0 1243.934 12 4.1 34.6
0 1244.04 9 4.1 34.6
0 1244.192 7 4.1 34.6
0 1244.217 40 4.1 34.6
0 1244.342 8 4.1 34.6
0 1244.451 9 4.1 34.6
0 1244.552 10 4.1 34.6
0 1244.648 10 4.1 34.6
0 1244.745 10 4.1 34.6
0 1244.899 7 4.1 34.6
0 1244.922 43 4.1 34.6
0 1245.063 7 4.1 34.6
0 1245.238 6 4.1 34.6
0 1245.262 41 4.1 34.6
0 1245.364 10 4.1 34.6
0 1245.532 6 4.1 34.6
0 1245.564 31 4.1 34.6
0 1245.722 6 4.1 34.6
0 1245.814 11 4.1 34.6
0 1245.881 15 4.1 34.6
0 1246.018 7 4.1 34.6
0 1246.121 10 4.1 34.6
0 1246.237 9 4.1 34.6
0 1246.329 11 4.1 34.6
0 1246.389 17 4.1 34.6
0 1246.499 9 4.1 34.6
0 1246.61 9 4.1 34.6
0 1246.688 13 4.1 34.6
0 1246.814 8 4.1 34.6
0 1246.899 12 4.1 34.6
0 1247.044 7 4.1 34.6
0 1247.074 34 4.1 34.6
0 1247.295 5 4.1 34.6
0 1247.325 33 4.1 34.6
0 1247.491 6 4.1 34.6
0 1247.565 14 4.1 34.6
0 1247.705 7 4.1 34.6
0 1247.735 33 4.1 34.6
0 1247.894 6 4.1 34.6
0 1247.954 17 4.1 34.6
0 1248.106 7 4.1 34.6
0 1248.19 12 4.1 34.6
0 1248.297 9 4.1 34.6
0 1248.509 5 4.1 34.6
0 1248.54 33 4.1 34.6
0 1248.714 6 4.1 34.6
0 1248.756 23 4.1 34.6
0 1248.87 9 4.1 34.6
0 1248.95 12 4.1 34.6
0 1249.119 6 4.1 34.6
0 1249.207 11 4.1 34.6
0 1249.286 13 4.1 34.6
0 1249.362 13 4.1 34.6
0 1249.476 9 4.1 34.6
0 1249.605 8 4.1 34.6
0 1249.7 11 4.1 34.6
0 1249.793 11 4.1 34.6
0 1249.906 9 5.4 34.6
0 1249.984 13 5.4 34.6
0 1250.144 6 5.4 34.6
0 1250.161 58 5.4 34.6
0 1250.359 5 5.4 34.6
0 1250.377 56 5.4 34.6
0 1250.549 6 5.4 34.6
0 1250.579 34 5.4 34.6
0 1250.721 7 5.4 34.6
0 1250.814 11 5.4 34.6
0 1250.946 8 5.4 34.6
0 1250.978 32 5.4 34.6
0 1251.104 8 5.4 34.6
0 1251.202 10 5.4 34.6
0 1251.302 10 5.4 34.6
0 1251.399 10 5.4 34.6
0 1251.498 10 5.4 34.6
0 1251.578 12 5.4 34.6
0 1251.676 10 5.4 34.6
0 1251.773 10 5.4 34.6
0 1251.902 8 5.4 34.6
0 1252.045 7 5.4 34.6
0 1252.091 21 5.4 34.6
0 1252.286 5 5.4 34.6
0 1252.297 95 5.4 34.6
0 1252.427 8 5.4 34.6
0 1252.501 13 5.4 34.6
0 1252.615 9 5.4 34.6
0 1252.774 6 5.4 34.6
0 1252.811 26 5.4 34.6
0 1252.932 8 5.4 34.6
0 1253.023 11 5.4 34.6
0 1253.126 10 5.4 34.6
0 1253.228 10 5.4 34.6
0 1253.314 12 5.4 34.6
0 1253.567 4 5.4 34.6
0 1253.579 89 5.4 34.6
0 1253.706 8 5.4 34.6
0 1253.806 10 5.4 34.6
0 1253.911 9 5.4 34.6
0 1254.007 10 5.4 34.6
0 1254.11 10 5.4 34.6
0 1254.252 7 5.4 34.6
0 1254.298 22 5.4 34.6
0 1254.396 10 5.4 34.6
0 1254.511 9 5.4 34.6
0 1254.585 13 5.4 34.6
0 1254.709 8 5.4 34.6
0 1254.807 10 5.4 34.6
0 1254.962 6 5.4 34.6
0 1254.992 33 5.4 34.6
0 1255.133 7 5.4 34.6
0 1255.203 14 5.4 34.6
0 1255.373 6 5.4 34.6
0 1255.384 96 5.4 34.6
0 1255.558 6 5.4 34.6
0 1255.599 24 5.4 34.6
0 1255.71 9 5.4 34.6
0 1255.813 10 5.4 34.6
0 1255.967 7 5.4 34.6
0 1255.99 43 5.4 34.6
0 1256.139 7 5.4 34.6
0 1256.251 9 5.4 34.6
0 1256.347 10 5.4 34.6
0 1256.45 10 5.4 34.6
0 1256.553 10 5.4 34.6
0 1256.63 13 5.4 34.6
0 1256.7 14 5.4 34.6
0 1256.812 9 5.4 34.6
0 1256.91 10 5.4 34.6
0 1257.113 5 5.4 34.6
0 1257.131 57 5.4 34.6
0 1257.31 6 5.4 34.6
0 1257.332 45 5.4 34.6
0 1257.477 7 5.4 34.6
0 1257.566 11 5.4 34.6
0 1257.655 11 5.4 34.6
0 1257.796 7 5.4 34.6
0 1257.862 15 5.4 34.6
0 1257.967 10 5.4 34.6
0 1258.052 12 5.4 34.6
0 1258.151 10 5.4 34.6
0 1258.242 11 5.4 34.6
0 1258.358 9 5.4 34.6
0 1258.593 4 5.4 34.6
0 1258.61 58 5.4 34.6
0 1258.751 7 5.4 34.6
0 1258.831 12 5.4 34.6
0 1258.935 10 5.4 34.6
0 1259.031 10 5.4 34.6
0 1259.133 10 5.4 34.6
0 1259.232 10 5.4 34.6
0 1259.33 10 5.4 34.6
0 1259.479 7 5.4 34.6
0 1259.512 31 5.4 34.6
0 1259.636 8 5.4 34.6
0 1259.733 10 5.4 34.6
0 1259.826 11 5.4 34.6
0 1259.975 7 4.6 34.7
0 1260.025 20 4.6 34.7
0 1260.205 6 4.6 34.7
0 1260.215 97 4.6 34.7
0 1260.387 6 4.6 34.7
0 1260.439 20 4.6 34.7
0 1260.575 7 4.6 34.7
0 1260.645 14 4.6 34.7
0 1260.741 10 4.6 34.7
0 1260.83 11 4.6 34.7
0 1261.011 6 4.6 34.7
0 1261.023 87 4.6 34.7
0 1261.156 8 4.6 34.7
0 1261.241 12 4.6 34.7
0 1261.351 9 4.6 34.7
0 1261.455 10 4.6 34.7
0 1261.549 11 4.6 34.7
0 1261.648 10 4.6 34.7
0 1261.755 9 4.6 34.7
0 1261.835 13 4.6 34.7
0 1261.951 9 4.6 34.7
0 1262.123 6 4.6 34.7
0 1262.134 87 4.6 34.7
0 1262.308 6 4.6 34.7
0 1262.339 32 4.6 34.7
0 1262.46 8 4.6 34.7
0 1262.56 10 4.6 34.7
0 1262.666 9 4.6 34.7
0 1262.81 7 4.6 34.7
0 1262.841 32 4.6 34.7
0 1262.963 8 4.6 34.7
0 1263.063 10 4.6 34.7
0 1263.159 10 4.6 34.7
0 1263.267 9 4.6 34.7
0 1263.353 12 4.6 34.7
0 1263.614 4 4.6 34.7
0 1263.624 97 4.6 34.7
0 1263.752 8 4.6 34.7
0 1263.844 11 4.6 34.7
0 1263.959 9 4.6 34.7
0 1264.036 13 4.6 34.7
0 1264.147 9 4.6 34.7
0 1264.254 9 4.6 34.7
0 1264.349 11 4.6 34.7
0 1264.522 6 4.6 34.7
0 1264.532 93 4.6 34.7
0 1264.661 8 4.6 34.7
0 1264.761 10 4.6 34.7
0 1264.851 11 4.6 34.7
0 1265.011 6 4.6 34.7
0 1265.057 22 4.6 34.7
0 1265.222 6 4.6 34.7
0 1265.233 91 4.6 34.7
0 1265.397 6 4.6 34.7
0 1265.452 18 4.6 34.7
0 1265.604 7 4.6 34.7
0 1265.657 19 4.6 34.7
0 1265.762 10 4.6 34.7
0 1265.848 12 4.6 34.7
0 1266.024 6 4.6 34.7
0 1266.034 100 4.6 34.7
0 1266.172 7 4.6 34.7
0 1266.263 11 4.6 34.7
0 1266.351 11 4.6 34.7
0 1266.464 9 4.6 34.7
0 1266.561 10 4.6 34.7
0 1266.639 13 4.6 34.7
0 1266.772 8 4.6 34.7
0 1266.851 13 4.6 34.7
0 1266.965 9 4.6 34.7
0 1267.165 5 4.6 34.7
0 1267.175 96 4.6 34.7
0 1267.371 5 4.6 34.7
0 1267.38 107 4.6 34.7
0 1267.512 8 4.6 34.7
0 1267.607 10 4.6 34.7
0 1267.707 10 4.6 34.7
0 1267.857 7 4.6 34.7
0 1267.897 25 4.6 34.7
0 1268.011 9 4.6 34.7
0 1268.108 10 4.6 34.7
0 1268.209 10 4.6 34.7
0 1268.312 10 4.6 34.7
0 1268.398 12 4.6 34.7
0 1268.653 4 4.6 34.7
0 1268.663 96 4.6 34.7
0 1268.777 9 4.6 34.7
0 1268.891 9 4.6 34.7
0 1268.996 9 4.6 34.7
0 1269.092 10 4.6 34.7
0 1269.185 11 4.6 34.7
0 1269.294 9 4.6 34.7
0 1269.375 12 4.6 34.7
0 1269.542 6 4.6 34.7
0 1269.565 42 4.6 34.7
0 1269.694 8 4.6 34.7
0 1269.794 10 4.6 34.7
0 1269.93 7 4.6 34.7
0 1270.035 10 4.2 34.7
0 1270.072 27 4.2 34.7
0 1270.23 6 4.2 34.7
0 1270.262 31 4.2 34.7
0 1270.432 6 4.2 34.7
0 1270.467 29 4.2 34.7
0 1270.637 6 4.2 34.7
0 1270.665 36 4.2 34.7
0 1270.774 9 4.2 34.7
0 1270.904 8 4.2 34.7
0 1271.031 8 4.2 34.7
0 1271.065 29 4.2 34.7
0 1271.181 9 4.2 34.7
0 1271.277 10 4.2 34.7
0 1271.369 11 4.2 34.7
0 1271.473 10 4.2 34.7
0 1271.574 10 4.2 34.7
0 1271.679 10 4.2 34.7
0 1271.78 10 4.2 34.7
0 1271.871 11 4.2 34.7
0 1271.974 10 4.2 34.7
0 1272.191 5 4.2 34.7
0 1272.196 196 4.2 34.7
0 1272.367 6 4.2 34.7
0 1272.405 27 4.2 34.7
0 1272.508 10 4.2 34.7
0 1272.61 10 4.2 34.7
0 1272.713 10 4.2 34.7
0 1272.869 6 4.2 34.7
0 1272.906 27 4.2 34.7
0 1273.069 6 4.2 34.7
0 1273.11 25 4.2 34.7
0 1273.215 9 4.2 34.7
0 1273.31 11 4.2 34.7
0 1273.414 10 4.2 34.7
0 1273.66 4 4.2 34.7
0 1273.665 217 4.2 34.7
0 1273.784 8 4.2 34.7
0 1273.877 11 4.2 34.7
0 1273.983 9 4.2 34.7
0 1274.078 10 4.2 34.7
0 1274.181 10 4.2 34.7
0 1274.284 10 4.2 34.7
0 1274.366 12 4.2 34.7
0 1274.467 10 4.2 34.7
0 1274.643 6 4.2 34.7
0 1274.672 36 4.2 34.7
0 1274.787 9 4.2 34.7
0 1274.933 7 4.2 34.7
0 1275.043 9 4.2 34.7
0 1275.139 10 4.2 34.7
0 1275.238 10 4.2 34.7
0 1275.271 30 4.2 34.7
0 1275.439 6 4.2 34.7
0 1275.476 27 4.2 34.7
0 1275.644 6 4.2 34.7
0 1275.673 34 4.2 34.7
0 1275.782 9 4.2 34.7
0 1275.877 11 4.2 34.7
0 1276.045 6 4.2 34.7
0 1276.069 41 4.2 34.7
0 1276.184 9 4.2 34.7
0 1276.28 11 4.2 34.7
0 1276.382 10 4.2 34.7
0 1276.48 10 4.2 34.7
0 1276.587 9 4.2 34.7
0 1276.68 11 4.2 34.7
0 1276.785 10 4.2 34.7
0 1276.879 11 4.2 34.7
0 1276.983 10 4.2 34.7
0 1277.26 4 4.2 34.7
0 1277.264 271 4.2 34.7
0 1277.436 6 4.2 34.7
0 1277.474 26 4.2 34.7
0 1277.579 10 4.2 34.7
0 1277.681 10 4.2 34.7
0 1277.782 10 4.2 34.7
0 1277.941 6 4.2 34.7
0 1277.965 41 4.2 34.7
0 1278.079 9 4.2 34.7
0 1278.182 10 4.2 34.7
0 1278.277 11 4.2 34.7
0 1278.379 10 4.2 34.7
0 1278.475 10 4.2 34.7
0 1278.731 4 4.2 34.7
0 1278.735 203 4.2 34.7
0 1278.846 9 4.2 34.7
0 1278.948 10 4.2 34.7
0 1279.051 10 4.2 34.7
0 1279.203 7 4.2 34.7
0 1279.251 21 4.2 34.7
0 1279.347 10 4.2 34.7
0 1279.452 10 4.2 34.7
0 1279.551 10 4.2 34.7
0 1279.715 6 4.2 34.7
0 1279.744 35 4.2 34.7
0 1279.851 9 4.2 34.7
0 1280.017 6 4.2 34.7
0 1280.106 11 3.7 34.7
0 1280.15 23 3.7 34.7
0 1280.32 6 3.7 34.7
0 1280.337 57 3.7 34.7
0 1280.519 5 3.7 34.7
0 1280.541 45 3.7 34.7
0 1280.712 6 3.7 34.7
0 1280.744 31 3.7 34.7
0 1280.849 10 3.7 34.7
0 1280.955 9 3.7 34.7
0 1281.133 6 3.7 34.7
0 1281.2 15 3.7 34.7
0 1281.253 19 3.7 34.7
0 1281.352 10 3.7 34.7
0 1281.45 10 3.7 34.7
0 1281.558 9 3.7 34.7
0 1281.652 11 3.7 34.7
0 1281.755 10 3.7 34.7
0 1281.85 11 3.7 34.7
0 1281.952 10 3.7 34.7
0 1282.059 9 3.7 34.7
0 1282.207 7 3.7 34.7
0 1282.309 10 3.7 34.7
0 1282.346 27 3.7 34.7
0 1282.515 6 3.7 34.7
0 1282.548 30 3.7 34.7
0 1282.659 9 3.7 34.7
0 1282.754 10 3.7 34.7
0 1282.851 10 3.7 34.7
0 1283.011 6 3.7 34.7
0 1283.053 24 3.7 34.7
0 1283.221 6 3.7 34.7
0 1283.254 30 3.7 34.7
0 1283.352 10 3.7 34.7
0 1283.441 11 3.7 34.7
0 1283.555 9 3.7 34.7
0 1283.811 4 3.7 34.7
0 1283.815 207 3.7 34.7
0 1283.928 9 3.7 34.7
0 1284.026 10 3.7 34.7
0 1284.129 10 3.7 34.7
0 1284.227 10 3.7 34.7
0 1284.335 9 3.7 34.7
0 1284.428 11 3.7 34.7
0 1284.527 10 3.7 34.7
0 1284.63 10 3.7 34.7
0 1284.792 6 3.7 34.7
0 1284.824 31 3.7 34.7
0 1284.939 9 3.7 34.7
0 1285.096 6 3.7 34.7
0 1285.189 11 3.7 34.7
0 1285.357 6 3.7 34.7
0 1285.361 264 3.7 34.7
0 1285.543 5 3.7 34.7
0 1285.564 48 3.7 34.7
0 1285.732 6 3.7 34.7
0 1285.771 26 3.7 34.7
0 1285.874 10 3.7 34.7
0 1285.984 9 3.7 34.7
0 1286.141 6 3.7 34.7
0 1286.168 37 3.7 34.7
0 1286.275 9 3.7 34.7
0 1286.376 10 3.7 34.7
0 1286.485 9 3.7 34.7
0 1286.574 11 3.7 34.7
0 1286.675 10 3.7 34.7
0 1286.775 10 3.7 34.7
0 1286.877 10 3.7 34.7
0 1286.984 9 3.7 34.7
0 1287.078 11 3.7 34.7
0 1287.24 6 3.7 34.7
0 1287.396 6 3.7 34.7
0 1287.401 227 3.7 34.7
0 1287.58 6 3.7 34.7
0 1287.607 37 3.7 34.7
0 1287.712 10 3.7 34.7
0 1287.813 10 3.7 34.7
0 1287.903 11 3.7 34.7
0 1288.087 5 3.7 34.7
0 1288.101 71 3.7 34.7
0 1288.211 9 3.7 34.7
0 1288.315 10 3.7 34.7
0 1288.415 10 3.7 34.7
0 1288.502 12 3.7 34.7
0 1288.624 8 3.7 34.7
0 1288.869 4 3.7 34.7
0 1288.873 284 3.7 34.7
0 1288.987 9 3.7 34.7
0 1289.081 11 3.7 34.7
0 1289.196 9 3.7 34.7
0 1289.347 7 3.7 34.7
0 1289.381 29 3.7 34.7
0 1289.488 9 3.7 34.7
0 1289.586 10 3.7 34.7
0 1289.698 9 3.7 34.7
0 1289.853 6 3.7 34.7
0 1289.881 36 3.7 34.7
0 1289.99 9 3.7 34.7
0 1290.154 6 3.4 34.7
0 1290.247 11 3.4 34.7
0 1290.29 23 3.4 34.7
0 1290.445 6 3.4 34.7
0 1290.542 10 3.4 34.7
0 1290.589 21 3.4 34.7
0 1290.756 6 3.4 34.7
0 1290.781 41 3.4 34.7
0 1290.893 9 3.4 34.7
0 1290.987 11 3.4 34.7
0 1291.156 6 3.4 34.7
0 1291.181 41 3.4 34.7
0 1291.353 6 3.4 34.7
0 1291.386 31 3.4 34.7
0 1291.494 9 3.4 34.7
0 1291.592 10 3.4 34.7
0 1291.689 10 3.4 34.7
0 1291.778 11 3.4 34.7
0 1291.895 9 3.4 34.7
0 1291.995 10 3.4 34.7
0 1292.092 10 3.4 34.7
0 1292.254 6 3.4 34.7
0 1292.286 31 3.4 34.7
0 1292.452 6 3.4 34.7
0 1292.487 28 3.4 34.7
0 1292.655 6 3.4 34.7
0 1292.678 44 3.4 34.7
0 1292.791 9 3.4 34.7
0 1292.892 10 3.4 34.7
0 1292.996 10 3.4 34.7
0 1293.143 7 3.4 34.7
0 1293.195 19 3.4 34.7
0 1293.352 6 3.4 34.7
0 1293.39 27 3.4 34.7
0 1293.493 10 3.4 34.7
0 1293.595 10 3.4 34.7
0 1293.699 10 3.4 34.7
0 1293.934 4 3.4 34.7
0 1293.938 264 3.4 34.7
0 1294.056 9 3.4 34.7
0 1294.152 10 3.4 34.7
0 1294.257 10 3.4 34.7
0 1294.351 11 3.4 34.7
0 1294.451 10 3.4 34.7
0 1294.556 10 3.4 34.7
0 1294.653 10 3.4 34.7
0 1294.758 10 3.4 34.7
0 1294.911 7 3.4 34.7
0 1294.951 25 3.4 34.7
0 1295.056 10 3.4 34.7
0 1295.222 6 3.4 34.7
0 1295.301 13 3.4 34.7
0 1295.471 6 3.4 34.7
0 1295.476 234 3.4 34.7
0 1295.665 5 3.4 34.7
0 1295.676 88 3.4 34.7
0 1295.853 6 3.4 34.7
0 1295.884 32 3.4 34.7
0 1295.995 9 3.4 34.7
0 1296.162 6 3.4 34.7
0 1296.18 55 3.4 34.7
0 1296.288 9 3.4 34.7
0 1296.389 10 3.4 34.7
0 1296.485 10 3.4 34.7
0 1296.6 9 3.4 34.7
0 1296.69 11 3.4 34.7
0 1296.789 10 3.4 34.7
0 1296.89 10 3.4 34.7
0 1296.988 10 3.4 34.7
0 1297.102 9 3.4 34.7
0 1297.257 6 3.4 34.7
0 1297.283 38 3.4 34.7
0 1297.522 4 3.4 34.7
0 1297.526 260 3.4 34.7
0 1297.694 6 3.4 34.7
0 1297.738 23 3.4 34.7
0 1297.838 10 3.4 34.7
0 1297.939 10 3.4 34.7
0 1298.04 10 3.4 34.7
0 1298.21 6 3.4 34.7
0 1298.237 36 3.4 34.7
0 1298.338 10 3.4 34.7
0 1298.439 10 3.4 34.7
0 1298.54 10 3.4 34.7
0 1298.64 10 3.4 34.7
0 1298.753 9 3.4 34.7
0 1298.993 4 3.4 34.7
0 1298.997 277 3.4 34.7
0 1299.11 9 3.4 34.7
0 1299.209 10 3.4 34.7
0 1299.322 9 3.4 34.7
0 1299.47 7 3.4 34.7
0 1299.509 26 3.4 34.7
0 1299.611 10 3.4 34.7
0 1299.709 10 3.4 34.7
0 1299.803 11 3.4 34.7
0 1299.976 6 3.4 34.7
0 1300.003 38 3.4 34.7
0 1300.111 9 3.4 34.7
0 1300.265 6 3.2 34.7
0 1300.347 12 3.2 34.7
0 1300.414 15 3.2 34.7
0 1300.584 6 3.2 34.7
0 1300.66 13 3.2 34.7
0 1300.711 20 3.2 34.7
0 1300.867 6 3.2 34.7
0 1300.908 25 3.2 34.7
0 1301.023 9 3.2 34.7
0 1301.179 6 3.2 34.7
0 1301.204 41 3.2 34.7
0 1301.316 9 3.2 34.7
0 1301.47 7 3.2 34.7
0 1301.521 20 3.2 34.7
0 1301.613 11 3.2 34.7
0 1301.712 10 3.2 34.7
0 1301.814 10 3.2 34.7
0 1301.914 10 3.2 34.7
0 1302.026 9 3.2 34.7
0 1302.114 11 3.2 34.7
0 1302.27 6 3.2 34.7
0 1302.312 24 3.2 34.7
0 1302.412 10 3.2 34.7
0 1302.58 6 3.2 34.7
0 1302.615 29 3.2 34.7
0 1302.773 6 3.2 34.7
0 1302.812 26 3.2 34.7
0 1302.913 10 3.2 34.7
0 1303.023 9 3.2 34.7
0 1303.121 10 3.2 34.7
0 1303.273 7 3.2 34.7
0 1303.308 29 3.2 34.7
0 1303.471 6 3.2 34.7
0 1303.521 20 3.2 34.7
0 1303.621 10 3.2 34.7
0 1303.709 11 3.2 34.7
0 1303.815 9 3.2 34.7
0 1304.078 4 3.2 34.7
0 1304.083 183 3.2 34.7
0 1304.201 8 3.2 34.7
0 1304.293 11 3.2 34.7
0 1304.393 10 3.2 34.7
0 1304.493 10 3.2 34.7
0 1304.599 9 3.2 34.7
0 1304.703 10 3.2 34.7
0 1304.794 11 3.2 34.7
0 1304.893 10 3.2 34.7
0 1305.059 6 3.2 34.7
0 1305.089 33 3.2 34.7
0 1305.208 8 3.2 34.7
0 1305.366 6 3.2 34.7
0 1305.449 12 3.2 34.7
0 1305.616 6 3.2 34.7
0 1305.665 20 3.2 34.7
0 1305.744 13 3.2 34.7
0 1305.894 7 3.2 34.7
0 1305.927 30 3.2 34.7
0 1306.032 10 3.2 34.7
0 1306.203 6 3.2 34.7
0 1306.221 55 3.2 34.7
0 1306.347 8 3.2 34.7
0 1306.429 12 3.2 34.7
0 1306.532 10 3.2 34.7
0 1306.632 10 3.2 34.7
0 1306.724 11 3.2 34.7
0 1306.834 9 3.2 34.7
0 1306.946 9 3.2 34.7
0 1307.034 11 3.2 34.7
0 1307.133 10 3.2 34.7
0 1307.294 6 3.2 34.7
0 1307.331 27 3.2 34.7
0 1307.448 9 3.2 34.7
0 1307.659 5 3.2 34.7
0 1307.663 268 3.2 34.7
0 1307.863 5 3.2 34.7
0 1307.866 301 3.2 34.7
0 1307.991 8 3.2 34.7
0 1308.08 11 3.2 34.7
0 1308.179 10 3.2 34.7
0 1308.341 6 3.2 34.7
0 1308.367 39 3.2 34.7
0 1308.494 8 3.2 34.7
0 1308.58 12 3.2 34.7
0 1308.679 10 3.2 34.7
0 1308.78 10 3.2 34.7
0 1308.878 10 3.2 34.7
0 1309.154 4 3.2 34.7
0 1309.158 270 3.2 34.7
0 1309.271 9 3.2 34.7
0 1309.366 11 3.2 34.7
0 1309.47 10 3.2 34.7
0 1309.642 6 3.2 34.7
0 1309.671 34 3.2 34.7
0 1309.771 10 3.2 34.7
0 1309.863 11 3.2 34.7
0 1309.97 9 3.2 34.7
0 1310.129 6 3.2 34.7
0 1310.181 19 3.2 34.7
0 1310.27 11 3.6 34.7
0 1310.408 7 3.6 34.7
0 1310.535 8 3.6 34.7
0 1310.606 14 3.6 34.7
0 1310.748 7 3.6 34.7
0 1310.762 69 3.6 34.7
0 1310.909 7 3.6 34.7
0 1310.97 16 3.6 34.7
0 1311.073 10 3.6 34.7
0 1311.249 6 3.6 34.7
0 1311.26 91 3.6 34.7
0 1311.367 9 3.6 34.7
0 1311.472 10 3.6 34.7
0 1311.566 11 3.6 34.7
0 1311.671 10 3.6 34.7
0 1311.787 9 3.6 34.7
0 1311.864 13 3.6 34.7
0 1311.969 10 3.6 34.7
0 1312.066 10 3.6 34.7
0 1312.174 9 3.6 34.7
0 1312.328 6 3.6 34.7
0 1312.369 24 3.6 34.7
0 1312.474 10 3.6 34.7
0 1312.572 10 3.6 34.7
0 1312.732 6 3.6 34.7
0 1312.768 28 3.6 34.7
0 1312.923 6 3.6 34.7
0 1312.974 20 3.6 34.7
0 1313.075 10 3.6 34.7
0 1313.176 10 3.6 34.7
0 1313.275 10 3.6 34.7
0 1313.417 7 3.6 34.7
0 1313.485 15 3.6 34.7
0 1313.595 9 3.6 34.7
0 1313.674 13 3.6 34.7
0 1313.778 10 3.6 34.7
0 1313.866 11 3.6 34.7
0 1313.991 8 3.6 34.7
0 1314.237 4 3.6 34.7
0 1314.241 224 3.6 34.7
0 1314.355 9 3.6 34.7
0 1314.452 10 3.6 34.7
0 1314.57 8 3.6 34.7
0 1314.655 12 3.6 34.7
0 1314.756 10 3.6 34.7
0 1314.852 10 3.6 34.7
0 1314.956 10 3.6 34.7
0 1315.056 10 3.6 34.7
0 1315.226 6 3.6 34.7
0 1315.247 48 3.6 34.7
0 1315.356 9 3.6 34.7
0 1315.525 6 3.6 34.7
0 1315.661 7 3.6 34.7
0 1315.849 5 3.6 34.7
0 1315.853 232 3.6 34.7
0 1316.031 6 3.6 34.7
0 1316.062 32 3.6 34.7
0 1316.168 9 3.6 34.7
0 1316.337 6 3.6 34.7
0 1316.36 44 3.6 34.7
0 1316.47 9 3.6 34.7
0 1316.568 10 3.6 34.7
0 1316.668 10 3.6 34.7
0 1316.768 10 3.6 34.7
0 1316.868 10 3.6 34.7
0 1316.97 10 3.6 34.7
0 1317.069 10 3.6 34.7
0 1317.169 10 3.6 34.7
0 1317.268 10 3.6 34.7
0 1317.422 6 3.6 34.7
0 1317.467 23 3.6 34.7
0 1317.565 10 3.6 34.7
0 1317.669 10 3.6 34.7
0 1317.968 3 3.6 34.7
0 1317.973 175 3.6 34.7
0 1318.073 10 3.6 34.7
0 1318.186 9 3.6 34.7
0 1318.286 10 3.6 34.7
0 1318.428 7 3.6 34.7
0 1318.495 15 3.6 34.7
0 1318.587 11 3.6 34.7
0 1318.687 10 3.6 34.7
0 1318.786 10 3.6 34.7
0 1318.884 10 3.6 34.7
0 1319.0 9 3.6 34.7
0 1319.239 4 3.6 34.7
0 1319.243 243 3.6 34.7
0 1319.357 9 3.6 34.7
0 1319.455 10 3.6 34.7
0 1319.571 9 3.6 34.7
0 1319.658 11 3.6 34.7
0 1319.758 10 3.6 34.7
0 1319.965 5 3.6 34.7
0 1319.978 75 3.6 34.7
0 1320.096 8 3.6 34.7
0 1320.247 7 3.6 34.7
0 1320.277 33 3.5 34.7
0 1320.371 11 3.5 34.7
0 1320.551 6 3.5 34.7
0 1320.693 7 3.5 34.7
0 1320.699 154 3.5 34.7
0 1320.852 7 3.5 34.7
0 1320.909 18 3.5 34.7
0 1321.075 6 3.5 34.7
0 1321.106 31 3.5 34.7
0 1321.226 8 3.5 34.7
0 1321.357 8 3.5 34.7
0 1321.408 20 3.5 34.7
0 1321.512 10 3.5 34.7
0 1321.612 10 3.5 34.7
0 1321.722 9 3.5 34.7
0 1321.818 10 3.5 34.7
0 1322.02 5 3.5 34.7
0 1322.032 83 3.5 34.7
0 1322.139 9 3.5 34.7
0 1322.25 9 3.5 34.7
0 1322.344 11 3.5 34.7
0 1322.502 6 3.5 34.7
0 1322.534 31 3.5 34.7
0 1322.641 9 3.5 34.7
0 1322.742 10 3.5 34.7
0 1322.85 9 3.5 34.7
0 1323.051 5 3.5 34.7
0 1323.055 259 3.5 34.7
0 1323.169 9 3.5 34.7
0 1323.268 10 3.5 34.7
0 1323.376 9 3.5 34.7
0 1323.533 6 3.5 34.7
0 1323.566 30 3.5 34.7
0 1323.67 10 3.5 34.7
0 1323.77 10 3.5 34.7
0 1323.878 9 3.5 34.7
0 1324.03 7 3.5 34.7
0 1324.067 26 3.5 34.7
0 1324.319 4 3.5 34.7
0 1324.323 233 3.5 34.7
0 1324.446 8 3.5 34.7
0 1324.535 11 3.5 34.7
0 1324.637 10 3.5 34.7
0 1324.735 10 3.5 34.7
0 1324.838 10 3.5 34.7
0 1324.945 9 3.5 34.7
0 1325.035 11 3.5 34.7
0 1325.136 10 3.5 34.7
0 1325.314 6 3.5 34.7
0 1325.324 101 3.5 34.7
0 1325.448 8 3.5 34.7
0 1325.603 6 3.5 34.7
0 1325.745 7 3.5 34.7
0 1325.749 266 3.5 34.7
0 1325.917 6 3.5 34.7
0 1325.973 18 3.5 34.7
0 1326.188 5 3.5 34.7
0 1326.192 282 3.5 34.7
0 1326.373 6 3.5 34.7
0 1326.397 41 3.5 34.7
0 1326.52 8 3.5 34.7
0 1326.605 12 3.5 34.7
0 1326.705 10 3.5 34.7
0 1326.804 10 3.5 34.7
0 1326.904 10 3.5 34.7
0 1327.02 9 3.5 34.7
0 1327.105 12 3.5 34.7
0 1327.206 10 3.5 34.7
0 1327.306 10 3.5 34.7
0 1327.404 10 3.5 34.7
0 1327.579 6 3.5 34.7
0 1327.599 50 3.5 34.7
0 1327.706 9 3.5 34.7
0 1327.807 10 3.5 34.7
0 1327.906 10 3.5 34.7
0 1328.122 5 3.5 34.7
0 1328.198 13 3.5 34.7
0 1328.24 24 3.5 34.7
0 1328.341 10 3.5 34.7
0 1328.439 10 3.5 34.7
0 1328.605 6 3.5 34.7
0 1328.639 29 3.5 34.7
0 1328.746 9 3.5 34.7
0 1328.841 10 3.5 34.7
0 1328.937 10 3.5 34.7
0 1329.043 9 3.5 34.7
0 1329.149 9 3.5 34.7
0 1329.394 4 3.5 34.7
0 1329.397 251 3.5 34.7
0 1329.511 9 3.5 34.7
0 1329.613 10 3.5 34.7
0 1329.719 9 3.5 34.7
0 1329.814 11 3.5 34.7
0 1329.915 10 3.5 34.7
0 1330.011 10 3.5 34.7
0 1330.114 10 3.5 34.7
0 1330.373 4 3.4 34.7
0 1330.377 252 3.4 34.7
0 1330.494 9 3.4 34.7
0 1330.659 6 3.4 34.7
0 1330.782 8 3.4 34.7
0 1330.786 234 3.4 34.7
0 1330.962 6 3.4 34.7
0 1330.996 29 3.4 34.7
0 1331.101 10 3.4 34.7
0 1331.265 6 3.4 34.7
0 1331.294 34 3.4 34.7
0 1331.473 6 3.4 34.7
0 1331.488 69 3.4 34.7
0 1331.6 9 3.4 34.7
0 1331.702 10 3.4 34.7
0 1331.801 10 3.4 34.7
0 1331.906 10 3.4 34.7
0 1332.003 10 3.4 34.7
0 1332.106 10 3.4 34.7
0 1332.204 10 3.4 34.7
0 1332.412 5 3.4 34.7
0 1332.422 93 3.4 34.7
0 1332.611 5 3.4 34.7
0 1332.616 242 3.4 34.7
0 1332.73 9 3.4 34.7
0 1332.83 10 3.4 34.7
0 1332.937 9 3.4 34.7
0 1333.136 5 3.4 34.7
0 1333.141 196 3.4 34.7
0 1333.254 9 3.4 34.7
0 1333.353 10 3.4 34.7
0 1333.457 10 3.4 34.7
0 1333.609 7 3.4 34.7
0 1333.657 21 3.4 34.7
0 1333.755 10 3.4 34.7
0 1333.854 10 3.4 34.7
0 1333.959 10 3.4 34.7
0 1334.054 10 3.4 34.7
0 1334.161 9 3.4 34.7
0 1334.402 4 3.4 34.7
0 1334.412 109 3.4 34.7
0 1334.524 9 3.4 34.7
0 1334.621 10 3.4 34.7
0 1334.727 10 3.4 34.7
0 1334.823 10 3.4 34.7
0 1334.919 10 3.4 34.7
0 1335.023 10 3.4 34.7
0 1335.123 10 3.4 34.7
0 1335.226 10 3.4 34.7
0 1335.377 7 3.4 34.7
0 1335.417 25 3.4 34.7
0 1335.525 9 3.4 34.7
0 1335.685 6 3.4 34.7
0 1335.82 7 3.4 34.7
0 1335.824 201 3.4 34.7
0 1336.004 6 3.4 34.7
0 1336.038 30 3.4 34.7
0 1336.139 10 3.4 34.7
0 1336.307 6 3.4 34.7
0 1336.328 48 3.4 34.7
0 1336.615 3 3.4 34.7
0 1336.62 234 3.4 34.7
0 1336.733 9 3.4 34.7
0 1336.842 9 3.4 34.7
0 1336.935 11 3.4 34.7
0 1337.032 10 3.4 34.7
0 1337.141 9 3.4 34.7
0 1337.234 11 3.4 34.7
0 1337.343 9 3.4 34.7
0 1337.433 11 3.4 34.7
0 1337.589 6 3.4 34.7
0 1337.632 23 3.4 34.7
0 1337.74 9 3.4 34.7
0 1337.843 10 3.4 34.7
0 1337.935 11 3.4 34.7
0 1338.142 5 3.4 34.7
0 1338.146 241 3.4 34.7
0 1338.266 8 3.4 34.7
0 1338.368 10 3.4 34.7
0 1338.632 4 3.4 34.7
0 1338.637 246 3.4 34.7
0 1338.751 9 3.4 34.7
0 1338.851 10 3.4 34.7
0 1338.951 10 3.4 34.7
0 1339.052 10 3.4 34.7
0 1339.152 10 3.4 34.7
0 1339.251 10 3.4 34.7
0 1339.481 4 3.4 34.7
0 1339.488 153 3.4 34.7
0 1339.586 10 3.4 34.7
0 1339.7 9 3.4 34.7
0 1339.8 10 3.4 34.7
0 1339.9 10 3.4 34.7
0 1340.01 9 3.4 34.7
0 1340.1 11 3.4 34.7
0 1340.201 10 3.4 34.7
0 1340.3 10 3.4 34.7
0 1340.455 6 3.2 34.7
0 1340.56 9 3.2 34.7
0 1340.599 26 3.2 34.7
0 1340.76 6 3.2 34.7
0 1340.896 7 3.2 34.7
0 1340.901 209 3.2 34.7
0 1341.048 7 3.2 34.7
0 1341.125 13 3.2 34.7
0 1341.216 11 3.2 34.7
0 1341.371 6 3.2 34.7
0 1341.413 24 3.2 34.7
0 1341.501 11 3.2 34.7
0 1341.691 5 3.2 34.7
0 1341.702 91 3.2 34.7
0 1341.817 9 3.2 34.7
0 1341.916 10 3.2 34.7
0 1342.015 10 3.2 34.7
0 1342.127 9 3.2 34.7
0 1342.212 12 3.2 34.7
0 1342.317 10 3.2 34.7
0 1342.416 10 3.2 34.7
0 1342.695 4 3.2 34.7
0 1342.699 237 3.2 34.7
0 1342.813 9 3.2 34.7
0 1342.913 10 3.2 34.7
0 1343.016 10 3.2 34.7
0 1343.221 5 3.2 34.7
0 1343.227 184 3.2 34.7
0 1343.341 9 3.2 34.7
0 1343.439 10 3.2 34.7
0 1343.542 10 3.2 34.7
0 1343.705 6 3.2 34.7
0 1343.74 29 3.2 34.7
0 1343.838 10 3.2 34.7
0 1343.943 10 3.2 34.7
0 1344.043 10 3.2 34.7
0 1344.14 10 3.2 34.7
0 1344.25 9 3.2 34.7
0 1344.332 12 3.2 34.7
0 1344.596 4 3.2 34.7
0 1344.715 8 3.2 34.7
0 1344.731 63 3.2 34.7
0 1344.842 9 3.2 34.7
0 1344.934 11 3.2 34.7
0 1345.034 10 3.2 34.7
0 1345.136 10 3.2 34.7
0 1345.236 10 3.2 34.7
0 1345.343 9 3.2 34.7
0 1345.497 6 3.2 34.7
0 1345.526 35 3.2 34.7
0 1345.637 9 3.2 34.7
0 1345.805 6 3.2 34.7
0 1345.914 9 3.2 34.7
0 1345.922 127 3.2 34.7
0 1346.075 7 3.2 34.7
0 1346.134 17 3.2 34.7
0 1346.24 9 3.2 34.7
0 1346.392 7 3.2 34.7
0 1346.437 22 3.2 34.7
0 1346.535 10 3.2 34.7
0 1346.812 4 3.2 34.7
0 1346.816 239 3.2 34.7
0 1346.928 9 3.2 34.7
0 1347.035 9 3.2 34.7
0 1347.13 11 3.2 34.7
0 1347.231 10 3.2 34.7
0 1347.335 10 3.2 34.7
0 1347.428 11 3.2 34.7
0 1347.542 9 3.2 34.7
0 1347.695 7 3.2 34.7
0 1347.725 33 3.2 34.7
0 1347.836 9 3.2 34.7
0 1347.931 11 3.2 34.7
0 1348.043 9 3.2 34.7
0 1348.236 5 3.2 34.7
0 1348.24 254 3.2 34.7
0 1348.36 8 3.2 34.7
0 1348.453 11 3.2 34.7
0 1348.564 9 3.2 34.7
0 1348.828 4 3.2 34.7
0 1348.832 260 3.2 34.7
0 1348.951 8 3.2 34.7
0 1349.046 10 3.2 34.7
0 1349.158 9 3.2 34.7
0 1349.247 11 3.2 34.7
0 1349.336 11 3.2 34.7
0 1349.491 6 3.2 34.7
0 1349.645 6 3.2 34.7
0 1349.652 163 3.2 34.7
0 1349.766 9 3.2 34.7
0 1349.862 10 3.2 34.7
0 1349.963 10 3.2 34.7
0 1350.068 10 3.2 34.7
0 1350.173 10 3.2 34.7
0 1350.266 11 3.2 34.7
0 1350.363 10 3.2 34.7
0 1350.523 6 3.3 34.7
0 1350.575 19 3.3 34.7
0 1350.839 4 3.3 34.7
0 1350.948 9 3.3 34.7
0 1350.959 89 3.3 34.7
0 1351.116 6 3.3 34.7
0 1351.179 16 3.3 34.7
0 1351.281 10 3.3 34.7
0 1351.43 7 3.3 34.7
0 1351.471 25 3.3 34.7
0 1351.581 9 3.3 34.7
0 1351.682 10 3.3 34.7
0 1351.824 7 3.3 34.7
0 1351.875 20 3.3 34.7
0 1351.988 9 3.3 34.7
0 1352.082 11 3.3 34.7
0 1352.183 10 3.3 34.7
0 1352.282 10 3.3 34.7
0 1352.379 10 3.3 34.7
0 1352.486 9 3.3 34.7
0 1352.584 10 3.3 34.7
0 1352.854 4 3.3 34.7
0 1352.865 91 3.3 34.7
0 1352.992 8 3.3 34.7
0 1353.074 12 3.3 34.7
0 1353.294 5 3.3 34.7
0 1353.305 92 3.3 34.7
0 1353.426 8 3.3 34.7
0 1353.531 9 3.3 34.7
0 1353.627 10 3.3 34.7
0 1353.728 10 3.3 34.7
0 1353.89 6 3.3 34.7
0 1353.908 57 3.3 34.7
0 1354.032 8 3.3 34.7
0 1354.127 11 3.3 34.7
0 1354.228 10 3.3 34.7
0 1354.327 10 3.3 34.7
0 1354.429 10 3.3 34.7
0 1354.584 6 3.3 34.7
0 1354.653 14 3.3 34.7
0 1354.88 4 3.3 34.7
0 1354.884 253 3.3 34.7
0 1355.005 8 3.3 34.7
0 1355.096 11 3.3 34.7
0 1355.199 10 3.3 34.7
0 1355.298 10 3.3 34.7
0 1355.4 10 3.3 34.7
0 1355.567 6 3.3 34.7
0 1355.59 44 3.3 34.7
0 1355.707 9 3.3 34.7
0 1355.839 8 3.3 34.7
0 1355.998 6 3.3 34.7
0 1356.003 201 3.3 34.7
0 1356.182 6 3.3 34.7
0 1356.212 34 3.3 34.7
0 1356.316 10 3.3 34.7
0 1356.467 7 3.3 34.7
0 1356.517 20 3.3 34.7
0 1356.619 10 3.3 34.7
0 1356.893 4 3.3 34.7
0 1356.897 245 3.3 34.7
0 1357.01 9 3.3 34.7
0 1357.113 10 3.3 34.7
0 1357.216 10 3.3 34.7
0 1357.312 10 3.3 34.7
0 1357.417 10 3.3 34.7
0 1357.512 11 3.3 34.7
0 1357.61 10 3.3 34.7
0 1357.716 9 3.3 34.7
0 1357.881 6 3.3 34.7
0 1357.899 57 3.3 34.7
0 1358.022 8 3.3 34.7
0 1358.111 11 3.3 34.7
0 1358.312 5 3.3 34.7
0 1358.316 229 3.3 34.7
0 1358.429 9 3.3 34.7
0 1358.535 9 3.3 34.7
0 1358.629 11 3.3 34.7
0 1358.903 4 3.3 34.7
0 1358.907 227 3.3 34.7
0 1359.021 9 3.3 34.7
0 1359.127 9 3.3 34.7
0 1359.214 11 3.3 34.7
0 1359.321 9 3.3 34.7
0 1359.427 9 3.3 34.7
0 1359.58 7 3.3 34.7
0 1359.678 10 3.3 34.7
0 1359.723 22 3.3 34.7
0 1359.89 6 3.3 34.7
0 1359.915 41 3.3 34.7
0 1360.03 9 3.3 34.7
0 1360.122 11 3.3 34.7
0 1360.23 9 3.3 34.7
0 1360.322 11 3.3 34.7
0 1360.421 10 3.3 34.7
0 1360.594 6 3.5 34.7
0 1360.613 54 3.5 34.7
0 1360.727 9 3.5 34.7
0 1361.097 3 3.5 34.7
0 1361.104 156 3.5 34.7
0 1361.283 6 3.5 34.7
0 1361.31 38 3.5 34.7
0 1361.472 6 3.5 34.7
0 1361.513 24 3.5 34.7
0 1361.624 9 3.5 34.7
0 1361.715 11 3.5 34.7
0 1361.802 11 3.5 34.7
0 1361.984 6 3.5 34.7
0 1362.006 45 3.5 34.7
0 1362.127 8 3.5 34.7
0 1362.217 11 3.5 34.7
0 1362.316 10 3.5 34.7
0 1362.42 10 3.5 34.7
0 1362.516 10 3.5 34.7
0 1362.622 9 3.5 34.7
0 1362.721 10 3.5 34.7
0 1362.89 6 3.5 34.7
0 1362.972 12 3.5 34.7
0 1363.013 24 3.5 34.7
0 1363.116 10 3.5 34.7
0 1363.324 5 3.5 34.7
0 1363.327 306 3.5 34.7
0 1363.437 9 3.5 34.7
0 1363.544 9 3.5 34.7
0 1363.632 11 3.5 34.7
0 1363.74 9 3.5 34.7
0 1363.901 6 3.5 34.7
0 1363.932 32 3.5 34.7
0 1364.042 9 3.5 34.7
0 1364.143 10 3.5 34.7
0 1364.24 10 3.5 34.7
0 1364.339 10 3.5 34.7
0 1364.448 9 3.5 34.7
0 1364.602 6 3.5 34.7
0 1364.69 11 3.5 34.7
0 1364.743 19 3.5 34.7
0 1364.891 7 3.5 34.7
0 1364.936 22 3.5 34.7
0 1365.052 9 3.5 34.7
0 1365.14 11 3.5 34.7
0 1365.243 10 3.5 34.7
0 1365.341 10 3.5 34.7
0 1365.433 11 3.5 34.7
0 1365.615 6 3.5 34.7
0 1365.633 57 3.5 34.7
0 1365.746 9 3.5 34.7
0 1365.84 11 3.5 34.7
0 1366.103 4 3.5 34.7
0 1366.108 210 3.5 34.7
0 1366.289 6 3.5 34.7
0 1366.314 41 3.5 34.7
0 1366.48 6 3.5 34.7
0 1366.514 30 3.5 34.7
0 1366.622 9 3.5 34.7
0 1366.723 10 3.5 34.7
0 1366.82 10 3.5 34.7
0 1367.026 5 3.5 34.7
0 1367.029 312 3.5 34.7
0 1367.146 9 3.5 34.7
0 1367.246 10 3.5 34.7
0 1367.347 10 3.5 34.7
0 1367.44 11 3.5 34.7
0 1367.541 10 3.5 34.7
0 1367.646 10 3.5 34.7
0 1367.747 10 3.5 34.7
0 1367.912 6 3.5 34.7
0 1367.931 53 3.5 34.7
0 1368.037 9 3.5 34.7
0 1368.148 9 3.5 34.7
0 1368.378 4 3.5 34.7
0 1368.382 236 3.5 34.7
0 1368.494 9 3.5 34.7
0 1368.592 10 3.5 34.7
0 1368.697 9 3.5 34.7
0 1368.792 11 3.5 34.7
0 1368.933 7 3.5 34.7
0 1368.992 17 3.5 34.7
0 1369.094 10 3.5 34.7
0 1369.199 10 3.5 34.7
0 1369.294 11 3.5 34.7
0 1369.384 11 3.5 34.7
0 1369.501 9 3.5 34.7
0 1369.696 5 3.5 34.7
0 1369.701 212 3.5 34.7
0 1369.811 9 3.5 34.7
0 1369.977 6 3.5 34.7
0 1370.013 28 3.5 34.7
0 1370.106 11 3.5 34.7
0 1370.218 9 3.5 34.7
0 1370.311 11 3.5 34.7
0 1370.416 10 3.5 34.7
0 1370.52 10 3.5 34.7
0 1370.678 6 3.1 34.7
0 1370.71 31 3.1 34.7
0 1370.819 9 3.1 34.7
0 1370.914 11 3.1 34.7
0 1371.176 4 3.1 34.7
0 1371.179 290 3.1 34.7
0 1371.352 6 3.1 34.7
0 1371.383 33 3.1 34.7
0 1371.555 6 3.1 34.7
0 1371.589 30 3.1 34.7
0 1371.695 9 3.1 34.7
0 1371.792 10 3.1 34.7
0 1371.885 11 3.1 34.7
0 1372.061 6 3.1 34.7
0 1372.093 31 3.1 34.7
0 1372.19 10 3.1 34.7
0 1372.297 9 3.1 34.7
0 1372.385 11 3.1 34.7
0 1372.493 9 3.1 34.7
0 1372.595 10 3.1 34.7
0 1372.682 11 3.1 34.7
0 1372.792 9 3.1 34.7
0 1372.945 7 3.1 34.7
0 1372.993 21 3.1 34.7
0 1373.097 10 3.1 34.7
0 1373.19 11 3.1 34.7
0 1373.386 5 3.1 34.7
0 1373.39 248 3.1 34.7
0 1373.507 9 3.1 34.7
0 1373.606 10 3.1 34.7
0 1373.7 11 3.1 34.7
0 1373.802 10 3.1 34.7
0 1373.96 6 3.1 34.7
0 1374.005 22 3.1 34.7
0 1374.107 10 3.1 34.7
0 1374.201 11 3.1 34.7
0 1374.299 10 3.1 34.7
0 1374.403 10 3.1 34.7
0 1374.512 9 3.1 34.7
0 1374.715 5 3.1 34.7
0 1374.718 292 3.1 34.7
0 1374.83 9 3.1 34.7
0 1374.99 6 3.1 34.7
0 1375.034 23 3.1 34.7
0 1375.13 10 3.1 34.7
0 1375.234 10 3.1 34.7
0 1375.329 10 3.1 34.7
0 1375.43 10 3.1 34.7
0 1375.54 9 3.1 34.7
0 1375.696 6 3.1 34.7
0 1375.727 32 3.1 34.7
0 1375.835 9 3.1 34.7
0 1375.931 10 3.1 34.7
0 1376.198 4 3.1 34.7
0 1376.202 261 3.1 34.7
0 1376.374 6 3.1 34.7
0 1376.414 25 3.1 34.7
0 1376.577 6 3.1 34.7
0 1376.606 34 3.1 34.7
0 1376.718 9 3.1 34.7
0 1376.81 11 3.1 34.7
0 1376.918 9 3.1 34.7
0 1377.082 6 3.1 34.7
0 1377.114 32 3.1 34.7
0 1377.22 9 3.1 34.7
0 1377.313 11 3.1 34.7
0 1377.419 9 3.1 34.7
0 1377.516 10 3.1 34.7
0 1377.619 10 3.1 34.7
0 1377.707 11 3.1 34.7
0 1377.82 9 3.1 34.7
0 1377.973 7 3.1 34.7
0 1378.015 24 3.1 34.7
0 1378.119 10 3.1 34.7
0 1378.216 10 3.1 34.7
0 1378.426 5 3.1 34.7
0 1378.43 268 3.1 34.7
0 1378.545 9 3.1 34.7
0 1378.644 10 3.1 34.7
0 1378.743 10 3.1 34.7
0 1378.841 10 3.1 34.7
0 1379.007 6 3.1 34.7
0 1379.038 32 3.1 34.7
0 1379.149 9 3.1 34.7
0 1379.242 11 3.1 34.7
0 1379.34 10 3.1 34.7
0 1379.441 10 3.1 34.7
0 1379.548 9 3.1 34.7
0 1379.755 5 3.1 34.7
0 1379.759 285 3.1 34.7
0 1379.869 9 3.1 34.7
0 1380.013 7 3.1 34.7
0 1380.071 17 3.1 34.7
0 1380.174 10 3.1 34.7
0 1380.276 10 3.1 34.7
0 1380.37 11 3.1 34.7
0 1380.47 10 3.1 34.7
0 1380.561 11 3.1 34.7
0 1380.745 5 3.2 34.8
0 1380.76 66 3.2 34.8
0 1380.876 9 3.2 34.8
0 1380.97 11 3.2 34.8
0 1381.2 4 3.2 34.8
0 1381.206 191 3.2 34.8
0 1381.391 5 3.2 34.8
0 1381.405 68 3.2 34.8
0 1381.576 6 3.2 34.8
0 1381.611 28 3.2 34.8
0 1381.722 9 3.2 34.8
0 1381.818 10 3.2 34.8
0 1381.921 10 3.2 34.8
0 1382.075 7 3.2 34.8
0 1382.112 27 3.2 34.8
0 1382.21 10 3.2 34.8
0 1382.327 9 3.2 34.8
0 1382.422 10 3.2 34.8
0 1382.516 11 3.2 34.8
0 1382.616 10 3.2 34.8
0 1382.714 10 3.2 34.8
0 1382.824 9 3.2 34.8
0 1382.983 6 3.2 34.8
0 1383.013 33 3.2 34.8
0 1383.117 10 3.2 34.8
0 1383.217 10 3.2 34.8
0 1383.427 5 3.2 34.8
0 1383.431 291 3.2 34.8
0 1383.548 9 3.2 34.8
0 1383.642 11 3.2 34.8
0 1383.741 10 3.2 34.8
0 1383.838 10 3.2 34.8
0 1384.008 6 3.2 34.8
0 1384.038 34 3.2 34.8
0 1384.149 9 3.2 34.8
0 1384.243 11 3.2 34.8
0 1384.344 10 3.2 34.8
0 1384.443 10 3.2 34.8
0 1384.549 9 3.2 34.8
0 1384.65 10 3.2 34.8
0 1384.853 5 3.2 34.8
0 1384.857 275 3.2 34.8
0 1385.035 6 3.2 34.8
0 1385.07 28 3.2 34.8
0 1385.174 10 3.2 34.8
0 1385.268 11 3.2 34.8
0 1385.369 10 3.2 34.8
0 1385.47 10 3.2 34.8
0 1385.575 10 3.2 34.8
0 1385.675 10 3.2 34.8
0 1385.835 6 3.2 34.8
0 1385.865 33 3.2 34.8
0 1385.971 9 3.2 34.8
0 1386.237 4 3.2 34.8
0 1386.241 223 3.2 34.8
0 1386.417 6 3.2 34.8
0 1386.446 35 3.2 34.8
0 1386.614 6 3.2 34.8
0 1386.65 29 3.2 34.8
0 1386.76 9 3.2 34.8
0 1386.852 11 3.2 34.8
0 1386.953 10 3.2 34.8
0 1387.123 6 3.2 34.8
0 1387.15 37 3.2 34.8
0 1387.261 9 3.2 34.8
0 1387.352 11 3.2 34.8
0 1387.452 10 3.2 34.8
0 1387.553 10 3.2 34.8
0 1387.658 10 3.2 34.8
0 1387.749 11 3.2 34.8
0 1387.861 9 3.2 34.8
0 1388.015 6 3.2 34.8
0 1388.049 30 3.2 34.8
0 1388.16 9 3.2 34.8
0 1388.254 11 3.2 34.8
0 1388.467 5 3.2 34.8
0 1388.493 39 3.2 34.8
0 1388.582 11 3.2 34.8
0 1388.689 9 3.2 34.8
0 1388.784 10 3.2 34.8
0 1388.885 10 3.2 34.8
0 1389.049 6 3.2 34.8
0 1389.08 33 3.2 34.8
0 1389.191 9 3.2 34.8
0 1389.286 11 3.2 34.8
0 1389.385 10 3.2 34.8
0 1389.483 10 3.2 34.8
0 1389.591 9 3.2 34.8
0 1389.692 10 3.2 34.8
0 1389.884 5 3.2 34.8
0 1389.888 265 3.2 34.8
0 1390.036 7 3.2 34.8
0 1390.107 14 3.2 34.8
0 1390.206 10 3.2 34.8
0 1390.301 11 3.2 34.8
0 1390.391 11 3.2 34.8
0 1390.562 6 3.2 34.8
0 1390.607 22 3.2 34.8
0 1390.707 10 3.2 34.8
0 1390.868 6 3.1 34.8
0 1390.891 44 3.1 34.8
0 1391.002 9 3.1 34.8
0 1391.267 4 3.1 34.8
0 1391.273 176 3.1 34.8
0 1391.437 6 3.1 34.8
0 1391.483 22 3.1 34.8
0 1391.647 6 3.1 34.8
0 1391.68 30 3.1 34.8
0 1391.795 9 3.1 34.8
0 1391.884 11 3.1 34.8
0 1391.986 10 3.1 34.8
0 1392.146 6 3.1 34.8
0 1392.184 27 3.1 34.8
0 1392.282 10 3.1 34.8
0 1392.393 9 3.1 34.8
0 1392.487 11 3.1 34.8
0 1392.648 6 3.1 34.8
0 1392.687 25 3.1 34.8
0 1392.786 10 3.1 34.8
0 1392.89 10 3.1 34.8
0 1393.055 6 3.1 34.8
0 1393.078 44 3.1 34.8
0 1393.189 9 3.1 34.8
0 1393.286 10 3.1 34.8
0 1393.481 5 3.1 34.8
0 1393.485 268 3.1 34.8
0 1393.604 8 3.1 34.8
0 1393.701 10 3.1 34.8
0 1393.798 10 3.1 34.8
0 1393.892 11 3.1 34.8
0 1394.066 6 3.1 34.8
0 1394.092 39 3.1 34.8
0 1394.208 9 3.1 34.8
0 1394.299 11 3.1 34.8
0 1394.391 11 3.1 34.8
0 1394.5 9 3.1 34.8
0 1394.664 6 3.1 34.8
0 1394.698 29 3.1 34.8
0 1394.896 5 3.1 34.8
0 1394.9 246 3.1 34.8
0 1395.084 5 3.1 34.8
0 1395.101 58 3.1 34.8
0 1395.206 10 3.1 34.8
0 1395.312 9 3.1 34.8
0 1395.419 9 3.1 34.8
0 1395.513 11 3.1 34.8
0 1395.613 10 3.1 34.8
0 1395.721 9 3.1 34.8
0 1395.877 6 3.1 34.8
0 1395.91 31 3.1 34.8
0 1396.022 9 3.1 34.8
0 1396.278 4 3.1 34.8
0 1396.283 178 3.1 34.8
0 1396.435 7 3.1 34.8
0 1396.493 17 3.1 34.8
0 1396.657 6 3.1 34.8
0 1396.751 11 3.1 34.8
0 1396.799 21 3.1 34.8
0 1396.89 11 3.1 34.8
0 1396.994 10 3.1 34.8
0 1397.161 6 3.1 34.8
0 1397.191 34 3.1 34.8
0 1397.284 11 3.1 34.8
0 1397.398 9 3.1 34.8
0 1397.493 10 3.1 34.8
0 1397.597 10 3.1 34.8
0 1397.7 10 3.1 34.8
0 1397.797 10 3.1 34.8
0 1397.892 11 3.1 34.8
0 1398.055 6 3.1 34.8
0 1398.093 27 3.1 34.8
0 1398.201 9 3.1 34.8
0 1398.298 10 3.1 34.8
0 1398.483 5 3.1 34.8
0 1398.487 273 3.1 34.8
0 1398.604 8 3.1 34.8
0 1398.767 6 3.1 34.8
0 1398.799 31 3.1 34.8
0 1398.893 11 3.1 34.8
0 1399.059 6 3.1 34.8
0 1399.097 26 3.1 34.8
0 1399.204 9 3.1 34.8
0 1399.309 10 3.1 34.8
0 1399.392 12 3.1 34.8
0 1399.501 9 3.1 34.8
0 1399.603 10 3.1 34.8
0 1399.705 10 3.1 34.8
0 1399.85 7 3.1 34.8
0 1399.956 9 3.1 34.8
0 1399.999 23 3.1 34.8
0 1400.172 6 3.1 34.8
0 1400.194 45 3.1 34.8
0 1400.305 9 3.1 34.8
0 1400.398 11 3.1 34.8
0 1400.501 10 3.1 34.8
0 1400.592 11 3.1 34.8
0 1400.764 6 3.1 34.8
0 1400.798 29 3.1 34.8
0 1400.953 6 3.2 34.8
0 1401.0 21 3.2 34.8
0 1401.09 11 3.2 34.8
0 1401.362 4 3.2 34.8
0 1401.366 227 3.2 34.8
0 1401.559 5 3.2 34.8
0 1401.566 136 3.2 34.8
0 1401.744 6 3.2 34.8
0 1401.772 36 3.2 34.8
0 1401.879 9 3.2 34.8
0 1401.987 9 3.2 34.8
0 1402.082 11 3.2 34.8
0 1402.238 6 3.2 34.8
0 1402.271 30 3.2 34.8
0 1402.381 9 3.2 34.8
0 1402.489 9 3.2 34.8
0 1402.582 11 3.2 34.8
0 1402.679 10 3.2 34.8
0 1402.832 7 3.2 34.8
0 1402.881 20 3.2 34.8
0 1402.989 9 3.2 34.8
0 1403.136 7 3.2 34.8
0 1403.178 24 3.2 34.8
0 1403.279 10 3.2 34.8
0 1403.382 10 3.2 34.8
0 1403.591 5 3.2 34.8
0 1403.595 211 3.2 34.8
0 1403.702 9 3.2 34.8
0 1403.806 10 3.2 34.8
0 1403.897 11 3.2 34.8
0 1404.067 6 3.2 34.8
0 1404.1 30 3.2 34.8
0 1404.203 10 3.2 34.8
0 1404.308 9 3.2 34.8
0 1404.397 11 3.2 34.8
0 1404.509 9 3.2 34.8
0 1404.618 9 3.2 34.8
0 1404.709 11 3.2 34.8
0 1404.977 4 3.2 34.8
0 1404.981 247 3.2 34.8
0 1405.094 9 3.2 34.8
0 1405.255 6 3.2 34.8
0 1405.291 28 3.2 34.8
0 1405.392 10 3.2 34.8
0 1405.494 10 3.2 34.8
0 1405.589 11 3.2 34.8
0 1405.7 9 3.2 34.8
0 1405.803 10 3.2 34.8
0 1405.892 11 3.2 34.8
0 1406.057 6 3.2 34.8
0 1406.091 29 3.2 34.8
0 1406.201 9 3.2 34.8
0 1406.464 4 3.2 34.8
0 1406.468 266 3.2 34.8
0 1406.645 6 3.2 34.8
0 1406.673 36 3.2 34.8
0 1406.846 6 3.2 34.8
0 1406.942 10 3.2 34.8
0 1406.98 26 3.2 34.8
0 1407.082 10 3.2 34.8
0 1407.25 6 3.2 34.8
0 1407.275 40 3.2 34.8
0 1407.388 9 3.2 34.8
0 1407.487 10 3.2 34.8
0 1407.582 11 3.2 34.8
0 1407.681 10 3.2 34.8
0 1407.781 10 3.2 34.8
0 1407.889 9 3.2 34.8
0 1407.99 10 3.2 34.8
0 1408.155 6 3.2 34.8
0 1408.173 56 3.2 34.8
0 1408.281 9 3.2 34.8
0 1408.389 9 3.2 34.8
0 1408.593 5 3.2 34.8
0 1408.597 249 3.2 34.8
0 1408.708 9 3.2 34.8
0 1408.808 10 3.2 34.8
0 1408.906 10 3.2 34.8
0 1409.075 6 3.2 34.8
0 1409.109 29 3.2 34.8
0 1409.209 10 3.2 34.8
0 1409.313 10 3.2 34.8
0 1409.409 10 3.2 34.8
0 1409.513 10 3.2 34.8
0 1409.627 9 3.2 34.8
0 1409.735 9 3.2 34.8
0 1409.815 12 3.2 34.8
0 1409.951 7 3.2 34.8
0 1410.038 11 3.2 34.8
0 1410.116 13 3.2 34.8
0 1410.283 6 3.2 34.8
0 1410.325 24 3.2 34.8
0 1410.407 12 3.2 34.8
0 1410.54 8 3.2 34.8
0 1410.633 11 3.2 34.8
0 1410.721 11 3.2 34.8
0 1410.827 9 3.2 34.8
0 1410.992 6 3.5 34.8
0 1411.089 10 3.5 34.8
0 1411.12 32 3.5 34.8
0 1411.209 11 3.5 34.8
0 1411.371 6 3.5 34.8
0 1411.531 6 3.5 34.8
0 1411.549 55 3.5 34.8
0 1411.744 5 3.5 34.8
0 1411.761 58 3.5 34.8
0 1411.914 7 3.5 34.8
0 1412.001 11 3.5 34.8
0 1412.11 9 3.5 34.8
0 1412.271 6 3.5 34.8
0 1412.288 59 3.5 34.8
0 1412.403 9 3.5 34.8
0 1412.513 9 3.5 34.8
0 1412.615 10 3.5 34.8
0 1412.713 10 3.5 34.8
0 1412.811 10 3.5 34.8
0 1412.901 11 3.5 34.8
0 1413.182 4 3.5 34.8
0 1413.199 57 3.5 34.8
0 1413.322 8 3.5 34.8
0 1413.41 11 3.5 34.8
0 1413.621 5 3.5 34.8
0 1413.64 53 3.5 34.8
0 1413.764 8 3.5 34.8
0 1413.861 10 3.5 34.8
0 1413.96 10 3.5 34.8
0 1414.108 7 3.5 34.8
0 1414.17 16 3.5 34.8
0 1414.275 10 3.5 34.8
0 1414.362 11 3.5 34.8
0 1414.461 10 3.5 34.8
0 1414.561 10 3.5 34.8
0 1414.672 9 3.5 34.8
0 1414.792 8 3.5 34.8
0 1414.884 11 3.5 34.8
0 1415.019 7 3.5 34.8
0 1415.192 6 3.5 34.8
0 1415.246 19 3.5 34.8
0 1415.364 8 3.5 34.8
0 1415.411 22 3.5 34.8
0 1415.556 7 3.5 34.8
0 1415.656 10 3.5 34.8
0 1415.761 9 3.5 34.8
0 1415.855 11 3.5 34.8
0 1415.932 13 3.5 34.8
0 1416.084 7 3.5 34.8
0 1416.139 18 3.5 34.8
0 1416.262 8 3.5 34.8
0 1416.387 8 3.5 34.8
0 1416.458 14 3.5 34.8
0 1416.605 7 3.5 34.8
0 1416.622 58 3.5 34.8
0 1416.839 5 3.5 34.8
0 1416.858 55 3.5 34.8
0 1417.032 6 3.5 34.8
0 1417.274 4 3.5 34.8
0 1417.294 52 3.5 34.8
0 1417.409 9 3.5 34.8
0 1417.535 8 3.5 34.8
0 1417.643 9 3.5 34.8
0 1417.726 12 3.5 34.8
0 1417.81 12 3.5 34.8
0 1417.91 10 3.5 34.8
0 1418.042 8 3.5 34.8
0 1418.14 10 3.5 34.8
0 1418.276 7 3.5 34.8
0 1418.295 53 3.5 34.8
0 1418.415 8 3.5 34.8
0 1418.538 8 3.5 34.8
0 1418.723 5 3.5 34.8
0 1418.741 56 3.5 34.8
0 1418.898 6 3.5 34.8
0 1418.983 12 3.5 34.8
0 1419.129 7 3.5 34.8
0 1419.243 9 3.5 34.8
0 1419.26 58 3.5 34.8
0 1419.401 7 3.5 34.8
0 1419.506 10 3.5 34.8
0 1419.604 10 3.5 34.8
0 1419.704 10 3.5 34.8
0 1419.837 7 3.5 34.8
0 1419.857 50 3.5 34.8
0 1420.032 6 3.5 34.8
0 1420.06 36 3.5 34.8
0 1420.175 9 3.5 34.8
0 1420.276 10 3.5 34.8
0 1420.376 10 3.5 34.8
0 1420.478 10 3.5 34.8
0 1420.632 7 3.5 34.8
0 1420.652 49 3.5 34.8
0 1420.763 9 3.5 34.8
0 1420.863 10 3.5 34.8
0 1420.963 10 3.5 34.8
0 1421.127 6 4.7 34.8
0 1421.214 12 4.7 34.8
0 1421.262 21 4.7 34.8
0 1421.457 5 4.7 34.8
0 1421.462 215 4.7 34.8
0 1421.631 6 4.7 34.8
0 1421.672 24 4.7 34.8
0 1421.773 10 4.7 34.8
0 1421.911 7 4.7 34.8
0 1422.038 8 4.7 34.8
0 1422.07 31 4.7 34.8
0 1422.182 9 4.7 34.8
0 1422.342 6 4.7 34.8
0 1422.366 41 4.7 34.8
0 1422.472 9 4.7 34.8
0 1422.576 10 4.7 34.8
0 1422.684 9 4.7 34.8
0 1422.776 11 4.7 34.8
0 1422.876 10 4.7 34.8
0 1422.976 10 4.7 34.8
0 1423.08 10 4.7 34.8
0 1423.313 4 4.7 34.8
0 1423.317 241 4.7 34.8
0 1423.425 9 4.7 34.8
0 1423.532 9 4.7 34.8
0 1423.744 5 4.7 34.8
0 1423.75 184 4.7 34.8
0 1423.851 10 4.7 34.8
0 1423.963 9 4.7 34.8
0 1424.124 6 4.7 34.8
0 1424.16 28 4.7 34.8
0 1424.273 9 4.7 34.8
0 1424.367 11 4.7 34.8
0 1424.465 10 4.7 34.8
0 1424.565 10 4.7 34.8
0 1424.664 10 4.7 34.8
0 1424.838 6 4.7 34.8
0 1424.853 67 4.7 34.8
0 1424.968 9 4.7 34.8
0 1425.126 6 4.7 34.8
0 1425.159 30 4.7 34.8
0 1425.382 5 4.7 34.8
0 1425.39 113 4.7 34.8
0 1425.504 9 4.7 34.8
0 1425.659 6 4.7 34.8
0 1425.698 26 4.7 34.8
0 1425.799 10 4.7 34.8
0 1425.895 10 4.7 34.8
0 1425.998 10 4.7 34.8
0 1426.175 6 4.7 34.8
0 1426.187 86 4.7 34.8
0 1426.301 9 4.7 34.8
0 1426.495 5 4.7 34.8
0 1426.499 221 4.7 34.8
0 1426.68 6 4.7 34.8
0 1426.703 43 4.7 34.8
0 1426.812 9 4.7 34.8
0 1426.947 7 4.7 34.8
0 1427.077 8 4.7 34.8
0 1427.132 18 4.7 34.8
0 1427.238 9 4.7 34.8
0 1427.464 4 4.7 34.8
0 1427.474 95 4.7 34.8
0 1427.611 7 4.7 34.8
0 1427.682 14 4.7 34.8
0 1427.798 9 4.7 34.8
0 1427.897 10 4.7 34.8
0 1427.999 10 4.7 34.8
0 1428.099 10 4.7 34.8
0 1428.199 10 4.7 34.8
0 1428.358 6 4.7 34.8
0 1428.377 53 4.7 34.8
0 1428.503 8 4.7 34.8
0 1428.61 9 4.7 34.8
0 1428.795 5 4.7 34.8
0 1428.8 236 4.7 34.8
0 1428.903 10 4.7 34.8
0 1429.013 9 4.7 34.8
0 1429.182 6 4.7 34.8
0 1429.209 38 4.7 34.8
0 1429.412 5 4.7 34.8
0 1429.415 255 4.7 34.8
0 1429.519 10 4.7 34.8
0 1429.623 10 4.7 34.8
0 1429.731 9 4.7 34.8
0 1429.892 6 4.7 34.8
0 1429.922 33 4.7 34.8
0 1430.029 9 4.7 34.8
0 1430.194 6 4.7 34.8
0 1430.227 31 4.7 34.8
0 1430.335 9 4.7 34.8
0 1430.439 10 4.7 34.8
0 1430.531 11 4.7 34.8
0 1430.698 6 4.7 34.8
0 1430.724 39 4.7 34.8
0 1430.836 9 4.7 34.8
0 1430.918 12 4.7 34.8
0 1431.038 8 4.7 34.8
0 1431.188 7 3.7 34.8
0 1431.228 25 3.7 34.8
0 1431.551 3 3.7 34.8
0 1431.563 84 3.7 34.8
0 1431.738 6 3.7 34.8
0 1431.78 24 3.7 34.8
0 1431.876 10 3.7 34.8
0 1432.06 5 3.7 34.8
0 1432.116 18 3.7 34.8
0 1432.201 12 3.7 34.8
0 1432.298 10 3.7 34.8
0 1432.397 10 3.7 34.8
0 1432.55 7 3.7 34.8
0 1432.572 46 3.7 34.8
0 1432.705 7 3.7 34.8
0 1432.797 11 3.7 34.8
0 1432.896 10 3.7 34.8
0 1432.987 11 3.7 34.8
0 1433.094 9 3.7 34.8
0 1433.205 9 3.7 34.8
0 1433.341 7 3.7 34.8
0 1433.433 11 3.7 34.8
0 1433.476 23 3.7 34.8
0 1433.603 8 3.7 34.8
0 1433.709 9 3.7 34.8
0 1433.865 6 3.7 34.8
0 1433.876 93 3.7 34.8
0 1434.001 8 3.7 34.8
0 1434.106 10 3.7 34.8
0 1434.258 7 3.7 34.8
0 1434.276 56 3.7 34.8
0 1434.401 8 3.7 34.8
0 1434.501 10 3.7 34.8
0 1434.607 9 3.7 34.8
0 1434.702 11 3.7 34.8
0 1434.801 10 3.7 34.8
0 1434.952 7 3.7 34.8
0 1434.992 25 3.7 34.8
0 1435.11 8 3.7 34.8
0 1435.268 6 3.7 34.8
0 1435.279 96 3.7 34.8
0 1435.52 4 3.7 34.8
0 1435.54 50 3.7 34.8
0 1435.709 6 3.7 34.8
0 1435.742 30 3.7 34.8
0 1435.853 9 3.7 34.8
0 1435.934 12 3.7 34.8
0 1436.063 8 3.7 34.8
0 1436.229 6 3.7 34.8
0 1436.24 92 3.7 34.8
0 1436.372 8 3.7 34.8
0 1436.575 5 3.7 34.8
0 1436.587 82 3.7 34.8
0 1436.775 5 3.7 34.8
0 1436.786 92 3.7 34.8
0 1436.887 10 3.7 34.8
0 1437.08 5 3.7 34.8
0 1437.14 17 3.7 34.8
0 1437.214 13 3.7 34.8
0 1437.323 9 3.7 34.8
0 1437.582 4 3.7 34.8
0 1437.594 86 3.7 34.8
0 1437.729 7 3.7 34.8
0 1437.825 10 3.7 34.8
0 1437.916 11 3.7 34.8
0 1438.02 10 3.7 34.8
0 1438.122 10 3.7 34.8
0 1438.229 9 3.7 34.8
0 1438.387 6 3.7 34.8
0 1438.399 84 3.7 34.8
0 1438.521 8 3.7 34.8
0 1438.628 9 3.7 34.8
0 1438.735 9 3.7 34.8
0 1438.892 6 3.7 34.8
0 1438.944 19 3.7 34.8
0 1439.008 16 3.7 34.8
0 1439.112 10 3.7 34.8
0 1439.272 6 3.7 34.8
0 1439.307 28 3.7 34.8
0 1439.461 6 3.7 34.8
0 1439.506 23 3.7 34.8
0 1439.609 10 3.7 34.8
0 1439.709 10 3.7 34.8
0 1439.816 9 3.7 34.8
0 1439.897 12 3.7 34.8
0 1440.078 6 3.7 34.8
0 1440.102 43 3.7 34.8
0 1440.211 9 3.7 34.8
0 1440.369 6 3.7 34.8
0 1440.403 29 3.7 34.8
0 1440.513 9 3.7 34.8
0 1440.609 10 3.7 34.8
0 1440.777 6 3.7 34.8
0 1440.804 36 3.7 34.8
0 1440.911 9 3.7 34.8
0 1441.013 10 3.7 34.8
0 1441.11 10 3.7 34.8
0 1441.275 6 4.0 34.7
0 1441.307 31 4.0 34.7
0 1441.4 11 4.0 34.7
0 1441.642 4 4.0 34.7
0 1441.645 312 4.0 34.7
0 1441.819 6 4.0 34.7
0 1441.854 29 4.0 34.7
0 1441.954 10 4.0 34.7
0 1442.116 6 4.0 34.7
0 1442.22 10 4.0 34.7
0 1442.256 28 4.0 34.7
0 1442.359 10 4.0 34.7
0 1442.455 10 4.0 34.7
0 1442.608 7 4.0 34.7
0 1442.656 21 4.0 34.7
0 1442.765 9 4.0 34.7
0 1442.859 11 4.0 34.7
0 1442.957 10 4.0 34.7
0 1443.064 9 4.0 34.7
0 1443.155 11 4.0 34.7
0 1443.266 9 4.0 34.7
0 1443.421 6 4.0 34.7
0 1443.454 30 4.0 34.7
0 1443.56 9 4.0 34.7
0 1443.662 10 4.0 34.7
0 1443.768 9 4.0 34.7
0 1443.928 6 4.0 34.7
0 1444.053 8 4.0 34.7
0 1444.056 299 4.0 34.7
0 1444.17 9 4.0 34.7
0 1444.331 6 4.0 34.7
0 1444.365 29 4.0 34.7
0 1444.459 11 4.0 34.7
0 1444.57 9 4.0 34.7
0 1444.673 10 4.0 34.7
0 1444.769 10 4.0 34.7
0 1444.877 9 4.0 34.7
0 1444.961 12 4.0 34.7
0 1445.135 6 4.0 34.7
0 1445.162 36 4.0 34.7
0 1445.272 9 4.0 34.7
0 1445.432 6 4.0 34.7
0 1445.467 28 4.0 34.7
0 1445.571 10 4.0 34.7
0 1445.668 10 4.0 34.7
0 1445.838 6 4.0 34.7
0 1445.862 42 4.0 34.7
0 1445.975 9 4.0 34.7
0 1446.059 12 4.0 34.7
0 1446.174 9 4.0 34.7
0 1446.335 6 4.0 34.7
0 1446.37 29 4.0 34.7
0 1446.466 10 4.0 34.7
0 1446.655 5 4.0 34.7
0 1446.659 302 4.0 34.7
0 1446.842 5 4.0 34.7
0 1446.862 50 4.0 34.7
0 1446.974 9 4.0 34.7
0 1447.135 6 4.0 34.7
0 1447.225 11 4.0 34.7
0 1447.274 20 4.0 34.7
0 1447.37 10 4.0 34.7
0 1447.468 10 4.0 34.7
0 1447.637 6 4.0 34.7
0 1447.684 21 4.0 34.7
0 1447.805 8 4.0 34.7
0 1447.895 11 4.0 34.7
0 1447.996 10 4.0 34.7
0 1448.1 10 4.0 34.7
0 1448.197 10 4.0 34.7
0 1448.307 9 4.0 34.7
0 1448.441 7 4.0 34.7
0 1448.488 21 4.0 34.7
0 1448.602 9 4.0 34.7
0 1448.698 10 4.0 34.7
0 1448.799 10 4.0 34.7
0 1448.946 7 4.0 34.7
0 1448.972 38 4.0 34.7
0 1449.134 6 4.0 34.7
0 1449.192 17 4.0 34.7
0 1449.344 7 4.0 34.7
0 1449.39 21 4.0 34.7
0 1449.503 9 4.0 34.7
0 1449.59 11 4.0 34.7
0 1449.701 9 4.0 34.7
0 1449.78 13 4.0 34.7
0 1449.899 8 4.0 34.7
0 1450.006 9 4.0 34.7
0 1450.145 7 4.0 34.7
0 1450.189 23 4.0 34.7
0 1450.301 9 4.0 34.7
0 1450.45 7 4.0 34.7
0 1450.487 27 4.0 34.7
0 1450.606 8 4.0 34.7
0 1450.699 11 4.0 34.7
0 1450.855 6 4.0 34.7
0 1450.873 55 4.0 34.7
0 1451.001 8 4.0 34.7
0 1451.109 9 4.0 34.7
0 1451.201 11 4.0 34.7
0 1451.357 6 3.7 34.7
0 1451.372 67 3.7 34.7
0 1451.491 8 3.7 34.7
0 1451.683 5 3.7 34.7
0 1451.693 96 3.7 34.7
0 1451.88 5 3.7 34.7
0 1451.893 75 3.7 34.7
0 1452.024 8 3.7 34.7
0 1452.124 10 3.7 34.7
0 1452.247 8 3.7 34.7
0 1452.319 14 3.7 34.7
0 1452.412 11 3.7 34.7
0 1452.514 10 3.7 34.7
0 1452.662 7 3.7 34.7
0 1452.719 17 3.7 34.7
0 1452.825 9 3.7 34.7
0 1452.919 11 3.7 34.7
0 1453.027 9 3.7 34.7
0 1453.125 10 3.7 34.7
0 1453.225 10 3.7 34.7
0 1453.33 9 3.7 34.7
0 1453.459 8 3.7 34.7
0 1453.51 20 3.7 34.7
0 1453.611 10 3.7 34.7
0 1453.696 12 3.7 34.7
0 1453.832 7 3.7 34.7
0 1453.976 7 3.7 34.7
0 1454.0 42 3.7 34.7
0 1454.167 6 3.7 34.7
0 1454.199 31 3.7 34.7
0 1454.376 6 3.7 34.7
0 1454.409 30 3.7 34.7
0 1454.53 8 3.7 34.7
0 1454.627 10 3.7 34.7
0 1454.728 10 3.7 34.7
0 1454.827 10 3.7 34.7
0 1454.919 11 3.7 34.7
0 1455.03 9 3.7 34.7
0 1455.163 7 3.7 34.7
0 1455.206 23 3.7 34.7
0 1455.326 8 3.7 34.7
0 1455.466 7 3.7 34.7
0 1455.526 17 3.7 34.7
0 1455.618 11 3.7 34.7
0 1455.73 9 3.7 34.7
0 1455.877 7 3.7 34.7
0 1455.901 40 3.7 34.7
0 1456.033 8 3.7 34.7
0 1456.129 10 3.7 34.7
0 1456.231 10 3.7 34.7
0 1456.369 7 3.7 34.7
0 1456.401 32 3.7 34.7
0 1456.535 7 3.7 34.7
0 1456.712 6 3.7 34.7
0 1456.723 88 3.7 34.7
0 1456.915 5 3.7 34.7
0 1456.925 103 3.7 34.7
0 1457.082 6 3.7 34.7
0 1457.133 19 3.7 34.7
0 1457.303 6 3.7 34.7
0 1457.337 29 3.7 34.7
0 1457.444 9 3.7 34.7
0 1457.555 9 3.7 34.7
0 1457.718 6 3.7 34.7
0 1457.736 57 3.7 34.7
0 1457.865 8 3.7 34.7
0 1457.98 9 3.7 34.7
0 1458.078 10 3.7 34.7
0 1458.171 11 3.7 34.7
0 1458.287 9 3.7 34.7
0 1458.377 11 3.7 34.7
0 1458.484 9 3.7 34.7
0 1458.574 11 3.7 34.7
0 1458.682 9 3.7 34.7
0 1458.787 10 3.7 34.7
0 1458.871 12 3.7 34.7
0 1459.016 7 3.7 34.7
0 1459.037 46 3.7 34.7
0 1459.239 5 3.7 34.7
0 1459.258 53 3.7 34.7
0 1459.478 5 3.7 34.7
0 1459.489 90 3.7 34.7
0 1459.617 8 3.7 34.7
0 1459.716 10 3.7 34.7
0 1459.819 10 3.7 34.7
0 1459.898 13 3.7 34.7
0 1460.025 8 3.7 34.7
0 1460.17 7 3.7 34.7
0 1460.191 47 3.7 34.7
0 1460.322 8 3.7 34.7
0 1460.457 7 3.7 34.7
0 1460.504 21 3.7 34.7
0 1460.623 8 3.7 34.7
0 1460.719 10 3.7 34.7
0 1460.884 6 3.7 34.7
0 1460.894 97 3.7 34.7
0 1461.012 8 3.7 34.7
0 1461.127 9 3.7 34.7
0 1461.282 6 3.7 34.7
0 1461.373 11 4.4 34.7
0 1461.408 29 4.4 34.7
0 1461.521 9 4.4 34.7
0 1461.73 5 4.4 34.7
0 1461.74 99 4.4 34.7
0 1461.923 5 4.4 34.7
0 1461.947 42 4.4 34.7
0 1462.075 8 4.4 34.7
0 1462.197 8 4.4 34.7
0 1462.338 7 4.4 34.7
0 1462.355 58 4.4 34.7
0 1462.495 7 4.4 34.7
0 1462.574 13 4.4 34.7
0 1462.761 5 4.4 34.7
0 1462.778 58 4.4 34.7
0 1462.915 7 4.4 34.7
0 1463.012 10 4.4 34.7
0 1463.112 10 4.4 34.7
0 1463.223 9 4.4 34.7
0 1463.386 6 4.4 34.7
0 1463.417 32 4.4 34.7
0 1463.597 6 4.4 34.7
0 1463.614 58 4.4 34.7
0 1463.76 7 4.4 34.7
0 1463.858 10 4.4 34.7
0 1463.957 10 4.4 34.7
0 1464.037 13 4.4 34.7
0 1464.135 10 4.4 34.7
0 1464.237 10 4.4 34.7
0 1464.341 10 4.4 34.7
0 1464.52 6 4.4 34.7
0 1464.53 97 4.4 34.7
0 1464.659 8 4.4 34.7
0 1464.756 10 4.4 34.7
0 1464.865 9 4.4 34.7
0 1464.959 11 4.4 34.7
0 1465.062 10 4.4 34.7
0 1465.212 7 4.4 34.7
0 1465.23 54 4.4 34.7
0 1465.412 5 4.4 34.7
0 1465.503 11 4.4 34.7
0 1465.552 20 4.4 34.7
0 1465.666 9 4.4 34.7
0 1465.761 11 4.4 34.7
0 1465.924 6 4.4 34.7
0 1465.936 83 4.4 34.7
0 1466.062 8 4.4 34.7
0 1466.167 10 4.4 34.7
0 1466.266 10 4.4 34.7
0 1466.416 7 4.4 34.7
0 1466.453 27 4.4 34.7
0 1466.563 9 4.4 34.7
0 1466.764 5 4.4 34.7
0 1466.814 20 4.4 34.7
0 1466.942 8 4.4 34.7
0 1466.978 27 4.4 34.7
0 1467.08 10 4.4 34.7
0 1467.181 10 4.4 34.7
0 1467.347 6 4.4 34.7
0 1467.421 13 4.4 34.7
0 1467.485 16 4.4 34.7
0 1467.581 10 4.4 34.7
0 1467.675 11 4.4 34.7
0 1467.842 6 4.4 34.7
0 1467.884 24 4.4 34.7
0 1467.987 10 4.4 34.7
0 1468.07 12 4.4 34.7
0 1468.184 9 4.4 34.7
0 1468.282 10 4.4 34.7
0 1468.39 9 4.4 34.7
0 1468.48 11 4.4 34.7
0 1468.638 6 4.4 34.7
0 1468.679 24 4.4 34.7
0 1468.783 10 4.4 34.7
0 1468.891 9 4.4 34.7
0 1469.044 7 4.4 34.7
0 1469.083 26 4.4 34.7
0 1469.185 10 4.4 34.7
0 1469.283 10 4.4 34.7
0 1469.563 4 4.4 34.7
0 1469.567 252 4.4 34.7
0 1469.683 9 4.4 34.7
0 1469.78 10 4.4 34.7
0 1469.882 10 4.4 34.7
0 1469.979 10 4.4 34.7
0 1470.087 9 4.4 34.7
0 1470.246 6 4.4 34.7
0 1470.274 36 4.4 34.7
0 1470.384 9 4.4 34.7
0 1470.546 6 4.4 34.7
0 1470.577 32 4.4 34.7
0 1470.691 9 4.4 34.7
0 1470.78 11 4.4 34.7
0 1470.946 6 4.4 34.7
0 1470.978 31 4.4 34.7
0 1471.081 10 4.4 34.7
0 1471.193 9 4.4 34.7
0 1471.281 11 4.4 34.7
0 1471.441 6 4.1 34.7
0 1471.542 10 4.1 34.7
0 1471.58 27 4.1 34.7
0 1471.839 4 4.1 34.7
0 1471.842 283 4.1 34.7
0 1472.021 6 4.1 34.7
0 1472.048 36 4.1 34.7
0 1472.156 9 4.1 34.7
0 1472.262 9 4.1 34.7
0 1472.428 6 4.1 34.7
0 1472.466 26 4.1 34.7
0 1472.582 9 4.1 34.7
0 1472.678 10 4.1 34.7
0 1472.784 9 4.1 34.7
0 1472.931 7 4.1 34.7
0 1472.955 43 4.1 34.7
0 1473.084 8 4.1 34.7
0 1473.181 10 4.1 34.7
0 1473.284 10 4.1 34.7
0 1473.381 10 4.1 34.7
0 1473.478 10 4.1 34.7
0 1473.689 5 4.1 34.7
0 1473.699 101 4.1 34.7
0 1473.834 7 4.1 34.7
0 1473.912 13 4.1 34.7
0 1474.078 6 4.1 34.7
0 1474.106 36 4.1 34.7
0 1474.232 8 4.1 34.7
0 1474.335 10 4.1 34.7
0 1474.418 12 4.1 34.7
0 1474.588 6 4.1 34.7
0 1474.6 79 4.1 34.7
0 1474.715 9 4.1 34.7
0 1474.836 8 4.1 34.7
0 1474.918 12 4.1 34.7
0 1475.031 9 4.1 34.7
0 1475.135 10 4.1 34.7
0 1475.25 9 4.1 34.7
0 1475.329 13 4.1 34.7
0 1475.431 10 4.1 34.7
0 1475.585 6 4.1 34.7
0 1475.687 10 4.1 34.7
0 1475.721 30 4.1 34.7
0 1475.835 9 4.1 34.7
0 1475.965 8 4.1 34.7
0 1476.032 15 4.1 34.7
0 1476.133 10 4.1 34.7
0 1476.236 10 4.1 34.7
0 1476.333 10 4.1 34.7
0 1476.456 8 4.1 34.7
0 1476.537 12 4.1 34.7
0 1476.613 13 4.1 34.7
0 1476.871 4 4.1 34.7
0 1476.881 97 4.1 34.7
0 1477.078 5 4.1 34.7
0 1477.091 82 4.1 34.7
0 1477.219 8 4.1 34.7
0 1477.319 10 4.1 34.7
0 1477.465 7 4.1 34.7
0 1477.502 27 4.1 34.7
0 1477.623 8 4.1 34.7
0 1477.779 6 4.1 34.7
0 1477.801 47 4.1 34.7
0 1477.967 6 4.1 34.7
0 1477.997 33 4.1 34.7
0 1478.126 8 4.1 34.7
0 1478.22 11 4.1 34.7
0 1478.307 11 4.1 34.7
0 1478.416 9 4.1 34.7
0 1478.525 9 4.1 34.7
0 1478.624 10 4.1 34.7
0 1478.771 7 4.1 34.7
0 1478.8 34 4.1 34.7
0 1478.92 8 4.1 34.7
0 1479.026 9 4.1 34.7
0 1479.168 7 4.1 34.7
0 1479.206 26 4.1 34.7
0 1479.324 8 4.1 34.7
0 1479.417 11 4.1 34.7
0 1479.52 10 4.1 34.7
0 1479.685 6 4.1 34.7
0 1479.775 11 4.1 34.7
0 1479.823 21 4.1 34.7
0 1479.923 10 4.1 34.7
0 1480.027 10 4.1 34.7
0 1480.127 10 4.1 34.7
0 1480.277 7 4.1 34.7
0 1480.316 26 4.1 34.7
0 1480.424 9 4.1 34.7
0 1480.528 10 4.1 34.7
0 1480.671 7 4.1 34.7
0 1480.717 22 4.1 34.7
0 1480.833 9 4.1 34.7
0 1480.968 7 4.1 34.7
0 1481.021 19 4.1 34.7
0 1481.125 10 4.1 34.7
0 1481.226 10 4.1 34.7
0 1481.336 9 4.1 34.7
0 1481.418 12 4.1 34.7
0 1481.577 6 4.2 34.7
0 1481.608 32 4.2 34.7
0 1481.931 3 4.2 34.7
0 1481.949 54 4.2 34.7
0 1482.158 5 4.2 34.7
0 1482.174 60 4.2 34.7
0 1482.318 7 4.2 34.7
0 1482.417 10 4.2 34.7
0 1482.552 7 4.2 34.7
0 1482.576 43 4.2 34.7
0 1482.771 5 4.2 34.7
0 1482.781 97 4.2 34.7
0 1482.959 6 4.2 34.7
0 1482.987 36 4.2 34.7
0 1483.106 8 4.2 34.7
0 1483.203 10 4.2 34.7
0 1483.302 10 4.2 34.7
0 1483.403 10 4.2 34.7
0 1483.503 10 4.2 34.7
0 1483.608 9 4.2 34.7
0 1483.704 10 4.2 34.7
0 1483.919 5 4.2 34.7
0 1483.929 98 4.2 34.7
0 1484.052 8 4.2 34.7
0 1484.202 7 4.2 34.7
0 1484.24 26 4.2 34.7
0 1484.35 9 4.2 34.7
0 1484.439 11 4.2 34.7
0 1484.552 9 4.2 34.7
0 1484.708 6 4.2 34.7
0 1484.736 36 4.2 34.7
0 1484.852 9 4.2 34.7
0 1484.951 10 4.2 34.7
0 1485.061 9 4.2 34.7
0 1485.14 13 4.2 34.7
0 1485.268 8 4.2 34.7
0 1485.362 11 4.2 34.7
0 1485.459 10 4.2 34.7
0 1485.564 10 4.2 34.7
0 1485.697 8 4.2 34.7
0 1485.753 18 4.2 34.7
0 1485.964 5 4.2 34.7
0 1485.975 97 4.2 34.7
0 1486.105 8 4.2 34.7
0 1486.206 10 4.2 34.7
0 1486.303 10 4.2 34.7
0 1486.405 10 4.2 34.7
0 1486.57 6 4.2 34.7
0 1486.582 88 4.2 34.7
0 1486.711 8 4.2 34.7
0 1486.961 4 4.2 34.7
0 1486.971 95 4.2 34.7
0 1487.17 5 4.2 34.7
0 1487.182 87 4.2 34.7
0 1487.31 8 4.2 34.7
0 1487.41 10 4.2 34.7
0 1487.555 7 4.2 34.7
0 1487.607 19 4.2 34.7
0 1487.769 6 4.2 34.7
0 1487.781 81 4.2 34.7
0 1488.042 4 4.2 34.7
0 1488.053 93 4.2 34.7
0 1488.176 8 4.2 34.7
0 1488.265 11 4.2 34.7
0 1488.381 9 4.2 34.7
0 1488.464 12 4.2 34.7
0 1488.582 9 4.2 34.7
0 1488.685 10 4.2 34.7
0 1488.764 13 4.2 34.7
0 1488.929 6 4.2 34.7
0 1488.971 24 4.2 34.7
0 1489.082 9 4.2 34.7
0 1489.229 7 4.2 34.7
0 1489.263 29 4.2 34.7
0 1489.361 10 4.2 34.7
0 1489.481 8 4.2 34.7
0 1489.581 10 4.2 34.7
0 1489.719 7 4.2 34.7
0 1489.783 16 4.2 34.7
0 1489.884 10 4.2 34.7
0 1490.033 7 4.2 34.7
0 1490.062 34 4.2 34.7
0 1490.185 8 4.2 34.7
0 1490.287 10 4.2 34.7
0 1490.379 11 4.2 34.7
0 1490.476 10 4.2 34.7
0 1490.576 10 4.2 34.7
0 1490.716 7 4.2 34.7
0 1490.774 18 4.2 34.7
0 1490.879 9 4.2 34.7
0 1491.026 7 4.2 34.7
0 1491.077 20 4.2 34.7
0 1491.185 9 4.2 34.7
0 1491.289 10 4.2 34.7
0 1491.385 10 4.2 34.7
0 1491.485 10 4.2 34.7
0 1491.644 6 4.1 34.7
0 1491.656 81 4.1 34.7
0 1491.788 8 4.1 34.7
0 1492.028 4 4.1 34.7
0 1492.183 6 4.1 34.7
0 1492.194 96 4.1 34.7
0 1492.309 9 4.1 34.7
0 1492.421 9 4.1 34.7
0 1492.568 7 4.1 34.7
0 1492.618 20 4.1 34.7
0 1492.776 6 4.1 34.7
0 1492.795 54 4.1 34.7
0 1492.922 8 4.1 34.7
0 1493.057 7 4.1 34.7
0 1493.166 9 4.1 34.7
0 1493.197 33 4.1 34.7
0 1493.299 10 4.1 34.7
0 1493.406 9 4.1 34.7
0 1493.502 10 4.1 34.7
0 1493.604 10 4.1 34.7
0 1493.708 10 4.1 34.7
0 1493.801 11 4.1 34.7
0 1493.96 6 4.1 34.7
0 1493.999 26 4.1 34.7
0 1494.159 6 4.1 34.7
0 1494.269 9 4.1 34.7
0 1494.297 36 4.1 34.7
0 1494.406 9 4.1 34.7
0 1494.496 11 4.1 34.7
0 1494.602 9 4.1 34.7
0 1494.77 6 4.1 34.7
0 1494.796 38 4.1 34.7
0 1494.903 9 4.1 34.7
0 1494.995 11 4.1 34.7
0 1495.101 9 4.1 34.7
0 1495.204 10 4.1 34.7
0 1495.311 9 4.1 34.7
0 1495.404 11 4.1 34.7
0 1495.507 10 4.1 34.7
0 1495.604 10 4.1 34.7
0 1495.766 6 4.1 34.7
0 1495.802 28 4.1 34.7
0 1495.914 9 4.1 34.7
0 1496.071 6 4.1 34.7
0 1496.186 9 4.1 34.7
0 1496.22 29 4.1 34.7
0 1496.31 11 4.1 34.7
0 1496.428 8 4.1 34.7
0 1496.535 9 4.1 34.7
0 1496.679 7 4.1 34.7
0 1496.719 25 4.1 34.7
0 1496.83 9 4.1 34.7
0 1497.015 5 4.1 34.7
0 1497.027 81 4.1 34.7
0 1497.212 5 4.1 34.7
0 1497.226 74 4.1 34.7
0 1497.353 8 4.1 34.7
0 1497.433 13 4.1 34.7
0 1497.604 6 4.1 34.7
0 1497.636 32 4.1 34.7
0 1497.819 5 4.1 34.7
0 1497.83 90 4.1 34.7
0 1497.936 10 4.1 34.7
0 1498.129 5 4.1 34.7
0 1498.27 7 4.1 34.7
0 1498.281 91 4.1 34.7
0 1498.408 8 4.1 34.7
0 1498.507 10 4.1 34.7
0 1498.612 10 4.1 34.7
0 1498.711 10 4.1 34.7
0 1498.816 10 4.1 34.7
0 1498.904 11 4.1 34.7
0 1499.06 6 4.1 34.7
0 1499.086 38 4.1 34.7
0 1499.213 8 4.1 34.7
0 1499.358 7 4.1 34.7
0 1499.399 24 4.1 34.7
0 1499.514 9 4.1 34.7
0 1499.606 11 4.1 34.7
0 1499.714 9 4.1 34.7
0 1499.858 7 4.1 34.7
0 1499.882 41 4.1 34.7
0 1500.014 8 4.1 34.7
0 1500.103 11 4.1 34.7
0 1500.263 6 4.1 34.7
0 1500.289 38 4.1 34.7
0 1500.408 8 4.1 34.7
0 1500.505 10 4.1 34.7
0 1500.604 10 4.1 34.7
0 1500.714 9 4.1 34.7
0 1500.861 7 4.1 34.7
0 1500.892 32 4.1 34.7
0 1501.079 5 4.1 34.7
0 1501.089 98 4.1 34.7
0 1501.219 8 4.1 34.7
0 1501.321 10 4.1 34.7
0 1501.418 10 4.1 34.7
0 1501.526 9 4.1 34.7
0 1501.62 11 4.1 34.7
0 1501.769 7 3.9 34.7
0 1501.8 32 3.9 34.7
0 1501.912 9 3.9 34.7
0 1502.126 5 3.9 34.7
0 1502.135 104 3.9 34.7
0 1502.363 4 3.9 34.7
0 1502.374 92 3.9 34.7
0 1502.514 7 3.9 34.7
0 1502.666 7 3.9 34.7
0 1502.683 59 3.9 34.7
0 1502.877 5 3.9 34.7
0 1502.895 57 3.9 34.7
0 1503.04 7 3.9 34.7
0 1503.203 6 3.9 34.7
0 1503.222 51 3.9 34.7
0 1503.346 8 3.9 34.7
0 1503.439 11 3.9 34.7
0 1503.542 10 3.9 34.7
0 1503.664 8 3.9 34.7
0 1503.771 9 3.9 34.7
0 1503.857 12 3.9 34.7
0 1503.934 13 3.9 34.7
0 1504.096 6 3.9 34.7
0 1504.135 26 3.9 34.7
0 1504.273 7 3.9 34.7
0 1504.46 5 3.9 34.7
0 1504.477 58 3.9 34.7
0 1504.594 9 3.9 34.7
0 1504.699 9 3.9 34.7
0 1504.829 8 3.9 34.7
0 1504.948 8 3.9 34.7
0 1505.007 17 3.9 34.7
0 1505.122 9 3.9 34.7
0 1505.2 13 3.9 34.7
0 1505.326 8 3.9 34.7
0 1505.42 11 3.9 34.7
0 1505.521 10 3.9 34.7
0 1505.619 10 3.9 34.7
0 1505.725 9 3.9 34.7
0 1505.82 10 3.9 34.7
0 1505.951 8 3.9 34.7
0 1506.008 18 3.9 34.7
0 1506.181 6 3.9 34.7
0 1506.239 17 3.9 34.7
0 1506.321 12 3.9 34.7
0 1506.477 6 3.9 34.7
0 1506.514 27 3.9 34.7
0 1506.673 6 3.9 34.7
0 1506.69 59 3.9 34.7
0 1506.873 5 3.9 34.7
0 1506.888 66 3.9 34.7
0 1507.126 4 3.9 34.7
0 1507.13 277 3.9 34.7
0 1507.244 9 3.9 34.7
0 1507.399 6 3.9 34.7
0 1507.431 31 3.9 34.7
0 1507.548 9 3.9 34.7
0 1507.698 7 3.9 34.7
0 1507.742 23 3.9 34.7
0 1507.908 6 3.9 34.7
0 1507.936 35 3.9 34.7
0 1508.042 9 3.9 34.7
0 1508.211 6 3.9 34.7
0 1508.238 37 3.9 34.7
0 1508.346 9 3.9 34.7
0 1508.505 6 3.9 34.7
0 1508.541 28 3.9 34.7
0 1508.647 9 3.9 34.7
0 1508.75 10 3.9 34.7
0 1508.846 10 3.9 34.7
0 1508.941 11 3.9 34.7
0 1509.109 6 3.9 34.7
0 1509.139 33 3.9 34.7
0 1509.255 9 3.9 34.7
0 1509.346 11 3.9 34.7
0 1509.505 6 3.9 34.7
0 1509.535 34 3.9 34.7
0 1509.642 9 3.9 34.7
0 1509.755 9 3.9 34.7
0 1509.869 9 3.9 34.7
0 1510.007 7 3.9 34.7
0 1510.064 18 3.9 34.7
0 1510.169 10 3.9 34.7
0 1510.277 9 3.9 34.7
0 1510.37 11 3.9 34.7
0 1510.525 6 3.9 34.7
0 1510.561 28 3.9 34.7
0 1510.669 9 3.9 34.7
0 1510.778 9 3.9 34.7
0 1510.87 11 3.9 34.7
0 1511.008 7 3.9 34.7
0 1511.045 27 3.9 34.7
0 1511.235 5 3.9 34.7
0 1511.294 17 3.9 34.7
0 1511.376 12 3.9 34.7
0 1511.469 11 3.9 34.7
0 1511.547 13 3.9 34.7
0 1511.723 6 3.9 34.7
0 1511.764 24 3.9 34.7
0 1511.932 6 4.3 34.7
0 1511.947 69 4.3 34.7
0 1512.078 8 4.3 34.7
0 1512.228 7 4.3 34.7
0 1512.247 52 4.3 34.7
0 1512.428 6 4.3 34.7
0 1512.533 9 4.3 34.7
0 1512.568 29 4.3 34.7
0 1512.729 6 4.3 34.7
0 1512.751 44 4.3 34.7
0 1512.937 5 4.3 34.7
0 1512.948 93 4.3 34.7
0 1513.082 7 4.3 34.7
0 1513.247 6 4.3 34.7
0 1513.257 96 4.3 34.7
0 1513.392 7 4.3 34.7
0 1513.481 11 4.3 34.7
0 1513.59 9 4.3 34.7
0 1513.687 10 4.3 34.7
0 1513.786 10 4.3 34.7
0 1513.891 10 4.3 34.7
0 1513.988 10 4.3 34.7
0 1514.132 7 4.3 34.7
0 1514.169 27 4.3 34.7
0 1514.287 8 4.3 34.7
0 1514.388 10 4.3 34.7
0 1514.593 5 4.3 34.7
0 1514.603 105 4.3 34.7
0 1514.736 7 4.3 34.7
0 1514.83 11 4.3 34.7
0 1514.905 13 4.3 34.7
0 1515.077 6 4.3 34.7
0 1515.126 20 4.3 34.7
0 1515.237 9 4.3 34.7
0 1515.333 10 4.3 34.7
0 1515.431 10 4.3 34.7
0 1515.526 11 4.3 34.7
0 1515.637 9 4.3 34.7
0 1515.739 10 4.3 34.7
0 1515.832 11 4.3 34.7
0 1515.922 11 4.3 34.7
0 1516.075 7 4.3 34.7
0 1516.127 19 4.3 34.7
0 1516.305 6 4.3 34.7
0 1516.361 18 4.3 34.7
0 1516.436 13 4.3 34.7
0 1516.61 6 4.3 34.7
0 1516.64 34 4.3 34.7
0 1516.806 6 4.3 34.7
0 1516.823 59 4.3 34.7
0 1516.985 6 4.3 34.7
0 1517.046 17 4.3 34.7
0 1517.14 11 4.3 34.7
0 1517.315 6 4.3 34.7
0 1517.326 87 4.3 34.7
0 1517.475 7 4.3 34.7
0 1517.552 13 4.3 34.7
0 1517.65 10 4.3 34.7
0 1517.795 7 4.3 34.7
0 1517.842 21 4.3 34.7
0 1517.984 7 4.3 34.7
0 1518.049 15 4.3 34.7
0 1518.152 10 4.3 34.7
0 1518.323 6 4.3 34.7
0 1518.335 84 4.3 34.7
0 1518.443 9 4.3 34.7
0 1518.623 6 4.3 34.7
0 1518.649 39 4.3 34.7
0 1518.763 9 4.3 34.7
0 1518.866 10 4.3 34.7
0 1518.934 15 4.3 34.7
0 1519.069 7 4.3 34.7
0 1519.211 7 4.3 34.7
0 1519.254 23 4.3 34.7
0 1519.353 10 4.3 34.7
0 1519.435 12 4.3 34.7
0 1519.609 6 4.3 34.7
0 1519.644 29 4.3 34.7
0 1519.763 8 4.3 34.7
0 1519.869 9 4.3 34.7
0 1519.936 15 4.3 34.7
0 1520.117 6 4.3 34.7
0 1520.137 50 4.3 34.7
0 1520.265 8 4.3 34.7
0 1520.367 10 4.3 34.7
0 1520.439 14 4.3 34.7
0 1520.633 5 4.3 34.7
0 1520.663 33 4.3 34.7
0 1520.774 9 4.3 34.7
0 1520.869 10 4.3 34.7
0 1520.945 13 4.3 34.7
0 1521.122 6 4.3 34.7
0 1521.163 25 4.3 34.7
0 1521.344 6 4.3 34.7
0 1521.402 17 4.3 34.7
0 1521.473 14 4.3 34.7
0 1521.585 9 4.3 34.7
0 1521.689 10 4.3 34.7
0 1521.834 7 4.3 34.7
0 1521.875 24 4.3 34.7
0 1522.021 7 4.3 34.8
0 1522.082 17 4.3 34.8
0 1522.192 9 4.3 34.8
0 1522.355 6 4.3 34.8
0 1522.367 83 4.3 34.8
0 1522.559 5 4.3 34.8
0 1522.701 7 4.3 34.8
0 1522.731 33 4.3 34.8
0 1522.884 7 4.3 34.8
0 1522.932 21 4.3 34.8
0 1523.102 6 4.3 34.8
0 1523.113 91 4.3 34.8
0 1523.25 7 4.3 34.8
0 1523.41 6 4.3 34.8
0 1523.422 82 4.3 34.8
0 1523.55 8 4.3 34.8
0 1523.65 10 4.3 34.8
0 1523.76 9 4.3 34.8
0 1523.854 11 4.3 34.8
0 1523.937 12 4.3 34.8
0 1524.053 9 4.3 34.8
0 1524.138 12 4.3 34.8
0 1524.298 6 4.3 34.8
0 1524.331 30 4.3 34.8
0 1524.435 10 4.3 34.8
0 1524.549 9 4.3 34.8
0 1524.803 4 4.3 34.8
0 1524.814 94 4.3 34.8
0 1524.934 8 4.3 34.8
0 1525.049 9 4.3 34.8
0 1525.185 7 4.3 34.8
0 1525.24 18 4.3 34.8
0 1525.352 9 4.3 34.8
0 1525.433 12 4.3 34.8
0 1525.55 9 4.3 34.8
0 1525.64 11 4.3 34.8
0 1525.745 10 4.3 34.8
0 1525.853 9 4.3 34.8
0 1525.978 8 4.3 34.8
0 1526.023 22 4.3 34.8
0 1526.182 6 4.3 34.8
0 1526.214 31 4.3 34.8
0 1526.384 6 4.3 34.8
0 1526.477 11 4.3 34.8
0 1526.524 21 4.3 34.8
0 1526.623 10 4.3 34.8
0 1526.901 4 4.3 34.8
0 1526.906 231 4.3 34.8
0 1527.102 5 4.3 34.8
0 1527.106 206 4.3 34.8
0 1527.219 9 4.3 34.8
0 1527.386 6 4.3 34.8
0 1527.417 32 4.3 34.8
0 1527.588 6 4.3 34.8
0 1527.614 38 4.3 34.8
0 1527.719 10 4.3 34.8
0 1527.82 10 4.3 34.8
0 1527.989 6 4.3 34.8
0 1528.012 43 4.3 34.8
0 1528.185 6 4.3 34.8
0 1528.212 37 4.3 34.8
0 1528.316 10 4.3 34.8
0 1528.484 6 4.3 34.8
0 1528.52 27 4.3 34.8
0 1528.627 9 4.3 34.8
0 1528.721 11 4.3 34.8
0 1528.927 5 4.3 34.8
0 1528.932 200 4.3 34.8
0 1529.051 8 4.3 34.8
0 1529.153 10 4.3 34.8
0 1529.305 7 4.3 34.8
0 1529.336 32 4.3 34.8
0 1529.441 10 4.3 34.8
0 1529.553 9 4.3 34.8
0 1529.646 11 4.3 34.8
0 1529.814 6 4.3 34.8
0 1529.84 38 4.3 34.8
0 1529.946 9 4.3 34.8
0 1530.047 10 4.3 34.8
0 1530.212 6 4.3 34.8
0 1530.24 36 4.3 34.8
0 1530.355 9 4.3 34.8
0 1530.447 11 4.3 34.8
0 1530.546 10 4.3 34.8
0 1530.648 10 4.3 34.8
0 1530.755 9 4.3 34.8
0 1531.011 4 4.3 34.8
0 1531.015 222 4.3 34.8
0 1531.188 6 4.3 34.8
0 1531.22 32 4.3 34.8
0 1531.399 6 4.3 34.8
0 1531.419 51 4.3 34.8
0 1531.599 6 4.3 34.8
0 1531.617 55 4.3 34.8
0 1531.725 9 4.3 34.8
0 1531.833 9 4.3 34.8
0 1531.985 7 4.3 34.8
0 1532.096 9 3.7 34.8
0 1532.133 27 3.7 34.8
0 1532.255 8 3.7 34.8
0 1532.418 6 3.7 34.8
0 1532.428 95 3.7 34.8
0 1532.628 5 3.7 34.8
0 1532.639 88 3.7 34.8
0 1532.762 8 3.7 34.8
0 1532.871 9 3.7 34.8
0 1533.113 4 3.7 34.8
0 1533.181 15 3.7 34.8
0 1533.247 15 3.7 34.8
0 1533.355 9 3.7 34.8
0 1533.494 7 3.7 34.8
0 1533.552 17 3.7 34.8
0 1533.661 9 3.7 34.8
0 1533.754 11 3.7 34.8
0 1533.856 10 3.7 34.8
0 1533.943 11 3.7 34.8
0 1534.058 9 3.7 34.8
0 1534.145 12 3.7 34.8
0 1534.259 9 3.7 34.8
0 1534.409 7 3.7 34.8
0 1534.434 40 3.7 34.8
0 1534.553 8 3.7 34.8
0 1534.659 9 3.7 34.8
0 1534.758 10 3.7 34.8
0 1534.896 7 3.7 34.8
0 1534.945 20 3.7 34.8
0 1535.167 5 3.7 34.8
0 1535.247 13 3.7 34.8
0 1535.306 17 3.7 34.8
0 1535.409 10 3.7 34.8
0 1535.512 10 3.7 34.8
0 1535.609 10 3.7 34.8
0 1535.715 9 3.7 34.8
0 1535.812 10 3.7 34.8
0 1535.911 10 3.7 34.8
0 1536.065 6 3.7 34.8
0 1536.079 73 3.7 34.8
0 1536.261 5 3.7 34.8
0 1536.294 31 3.7 34.8
0 1536.474 6 3.7 34.8
0 1536.484 97 3.7 34.8
0 1536.619 7 3.7 34.8
0 1536.718 10 3.7 34.8
0 1536.819 10 3.7 34.8
0 1536.915 10 3.7 34.8
0 1537.112 5 3.7 34.8
0 1537.248 7 3.7 34.8
0 1537.273 40 3.7 34.8
0 1537.439 6 3.7 34.8
0 1537.473 29 3.7 34.8
0 1537.655 5 3.7 34.8
0 1537.667 85 3.7 34.8
0 1537.801 7 3.7 34.8
0 1537.9 10 3.7 34.8
0 1537.996 10 3.7 34.8
0 1538.192 5 3.7 34.8
0 1538.205 79 3.7 34.8
0 1538.328 8 3.7 34.8
0 1538.407 13 3.7 34.8
0 1538.569 6 3.7 34.8
0 1538.63 16 3.7 34.8
0 1538.711 12 3.7 34.8
0 1538.839 8 3.7 34.8
0 1538.905 15 3.7 34.8
0 1539.034 8 3.7 34.8
0 1539.137 10 3.7 34.8
0 1539.351 5 3.7 34.8
0 1539.423 14 3.7 34.8
0 1539.487 16 3.7 34.8
0 1539.593 9 3.7 34.8
0 1539.687 11 3.7 34.8
0 1539.791 10 3.7 34.8
0 1539.941 7 3.7 34.8
0 1539.98 26 3.7 34.8
0 1540.095 9 3.7 34.8
0 1540.194 10 3.7 34.8
0 1540.337 7 3.7 34.8
0 1540.378 24 3.7 34.8
0 1540.488 9 3.7 34.8
0 1540.58 11 3.7 34.8
0 1540.687 9 3.7 34.8
0 1540.785 10 3.7 34.8
0 1540.894 9 3.7 34.8
0 1541.001 9 3.7 34.8
0 1541.144 7 3.7 34.8
0 1541.181 27 3.7 34.8
0 1541.5 3 3.7 34.8
0 1541.513 79 3.7 34.8
0 1541.643 8 3.7 34.8
0 1541.725 12 3.7 34.8
0 1541.84 9 3.7 34.8
0 1541.935 11 3.7 34.8
0 1542.14 5 4.2 34.8
0 1542.15 99 4.2 34.8
0 1542.282 8 4.2 34.8
0 1542.383 10 4.2 34.8
0 1542.515 8 4.2 34.8
0 1542.572 18 4.2 34.8
0 1542.758 5 4.2 34.8
0 1542.769 92 4.2 34.8
0 1542.9 8 4.2 34.8
0 1542.998 10 4.2 34.8
0 1543.145 7 4.2 34.8
0 1543.261 9 4.2 34.8
0 1543.399 7 4.2 34.8
0 1543.427 36 4.2 34.8
0 1543.601 6 4.2 34.8
0 1543.613 81 4.2 34.8
0 1543.77 6 4.2 34.8
0 1543.866 10 4.2 34.8
0 1543.938 14 4.2 34.8
0 1544.061 8 4.2 34.8
0 1544.152 11 4.2 34.8
0 1544.254 10 4.2 34.8
0 1544.359 10 4.2 34.8
0 1544.479 8 4.2 34.8
0 1544.581 10 4.2 34.8
0 1544.635 18 4.2 34.8
0 1544.745 9 4.2 34.8
0 1544.814 15 4.2 34.8
0 1544.99 6 4.2 34.8
0 1545.034 23 4.2 34.8
0 1545.143 9 4.2 34.8
0 1545.245 10 4.2 34.8
0 1545.441 5 4.2 34.8
0 1545.451 104 4.2 34.8
0 1545.578 8 4.2 34.8
0 1545.68 10 4.2 34.8
0 1545.782 10 4.2 34.8
0 1545.878 10 4.2 34.8
0 1545.978 10 4.2 34.8
0 1546.087 9 4.2 34.8
0 1546.222 7 4.2 34.8
0 1546.274 19 4.2 34.8
0 1546.382 9 4.2 34.8
0 1546.572 5 4.2 34.8
0 1546.585 81 4.2 34.8
0 1546.715 8 4.2 34.8
0 1546.808 11 4.2 34.8
0 1546.913 9 4.2 34.8
0 1547.011 10 4.2 34.8
0 1547.213 5 4.2 34.8
0 1547.223 104 4.2 34.8
0 1547.35 8 4.2 34.8
0 1547.444 11 4.2 34.8
0 1547.599 6 4.2 34.8
0 1547.644 22 4.2 34.8
0 1547.763 8 4.2 34.8
0 1547.853 11 4.2 34.8
0 1547.988 7 4.2 34.8
0 1548.048 17 4.2 34.8
0 1548.199 7 4.2 34.8
0 1548.288 11 4.2 34.8
0 1548.346 17 4.2 34.8
0 1548.438 11 4.2 34.8
0 1548.544 9 4.2 34.8
0 1548.702 6 4.2 34.8
0 1548.734 32 4.2 34.8
0 1548.851 9 4.2 34.8
0 1548.929 13 4.2 34.8
0 1549.046 9 4.2 34.8
0 1549.144 10 4.2 34.8
0 1549.291 7 4.2 34.8
0 1549.323 31 4.2 34.8
0 1549.482 6 4.2 34.8
0 1549.6 8 4.2 34.8
0 1549.624 42 4.2 34.8
0 1549.735 9 4.2 34.8
0 1549.831 10 4.2 34.8
0 1549.979 7 4.2 34.8
0 1550.041 16 4.2 34.8
0 1550.131 11 4.2 34.8
0 1550.235 10 4.2 34.8
0 1550.322 12 4.2 34.8
0 1550.474 7 4.2 34.8
0 1550.541 15 4.2 34.8
0 1550.633 11 4.2 34.8
0 1550.733 10 4.2 34.8
0 1550.832 10 4.2 34.8
0 1550.929 10 4.2 34.8
0 1551.042 9 4.2 34.8
0 1551.136 11 4.2 34.8
0 1551.29 6 4.2 34.8
0 1551.327 27 4.2 34.8
0 1551.433 9 4.2 34.8
0 1551.647 5 4.2 34.8
0 1551.65 284 4.2 34.8
0 1551.766 9 4.2 34.8
0 1551.861 11 4.2 34.8
0 1551.961 10 4.2 34.8
0 1552.066 10 4.2 34.8
0 1552.273 5 4.3 34.8
0 1552.277 240 4.3 34.8
0 1552.387 9 4.3 34.8
0 1552.487 10 4.3 34.8
0 1552.656 6 4.3 34.8
0 1552.685 35 4.3 34.8
0 1552.8 9 4.3 34.8
0 1552.888 11 4.3 34.8
0 1552.988 10 4.3 34.8
0 1553.093 10 4.3 34.8
0 1553.301 5 4.3 34.8
0 1553.307 161 4.3 34.8
0 1553.415 9 4.3 34.8
0 1553.515 10 4.3 34.8
0 1553.619 10 4.3 34.8
0 1553.781 6 4.3 34.8
0 1553.82 26 4.3 34.8
0 1553.915 11 4.3 34.8
0 1554.016 10 4.3 34.8
0 1554.119 10 4.3 34.8
0 1554.218 10 4.3 34.8
0 1554.391 6 4.3 34.8
0 1554.405 70 4.3 34.8
0 1554.617 5 4.3 34.8
0 1554.622 225 4.3 34.8
0 1554.733 9 4.3 34.8
0 1554.843 9 4.3 34.8
0 1554.991 7 4.3 34.8
0 1555.03 26 4.3 34.8
0 1555.136 9 4.3 34.8
0 1555.234 10 4.3 34.8
0 1555.333 10 4.3 34.8
0 1555.437 10 4.3 34.8
0 1555.594 6 4.3 34.8
0 1555.632 26 4.3 34.8
0 1555.737 10 4.3 34.8
0 1555.833 10 4.3 34.8
0 1555.938 10 4.3 34.8
0 1556.033 10 4.3 34.8
0 1556.135 10 4.3 34.8
0 1556.296 6 4.3 34.8
0 1556.326 33 4.3 34.8
0 1556.437 9 4.3 34.8
0 1556.536 10 4.3 34.8
0 1556.743 5 4.3 34.8
0 1556.748 234 4.3 34.8
0 1556.858 9 4.3 34.8
0 1556.967 9 4.3 34.8
0 1557.061 11 4.3 34.8
0 1557.159 10 4.3 34.8
0 1557.372 5 4.3 34.8
0 1557.376 302 4.3 34.8
0 1557.495 8 4.3 34.8
0 1557.589 11 4.3 34.8
0 1557.748 6 4.3 34.8
0 1557.788 25 4.3 34.8
0 1557.877 11 4.3 34.8
0 1557.998 8 4.3 34.8
0 1558.089 11 4.3 34.8
0 1558.19 10 4.3 34.8
0 1558.38 5 4.3 34.8
0 1558.383 293 4.3 34.8
0 1558.502 8 4.3 34.8
0 1558.595 11 4.3 34.8
0 1558.695 10 4.3 34.8
0 1558.88 5 4.3 34.8
0 1558.884 289 4.3 34.8
0 1559.004 8 4.3 34.8
0 1559.097 11 4.3 34.8
0 1559.196 10 4.3 34.8
0 1559.298 10 4.3 34.8
0 1559.45 7 4.3 34.8
0 1559.497 21 4.3 34.8
0 1559.708 5 4.3 34.8
0 1559.712 278 4.3 34.8
0 1559.826 9 4.3 34.8
0 1559.92 11 4.3 34.8
0 1560.088 6 4.3 34.8
0 1560.12 31 4.3 34.8
0 1560.233 9 4.3 34.8
0 1560.326 11 4.3 34.8
0 1560.423 10 4.3 34.8
0 1560.523 10 4.3 34.8
0 1560.688 6 4.3 34.8
0 1560.719 32 4.3 34.8
0 1560.836 9 4.3 34.8
0 1560.922 12 4.3 34.8
0 1561.023 10 4.3 34.8
0 1561.124 10 4.3 34.8
0 1561.228 10 4.3 34.8
0 1561.39 6 4.3 34.8
0 1561.421 32 4.3 34.8
0 1561.524 10 4.3 34.8
0 1561.624 10 4.3 34.8
0 1561.838 5 4.3 34.8
0 1561.843 202 4.3 34.8
0 1561.946 10 4.3 34.8
0 1562.054 9 4.3 34.8
0 1562.152 10 4.3 34.8
0 1562.254 10 4.3 34.8
0 1562.476 5 3.4 34.8
0 1562.48 289 3.4 34.8
0 1562.59 9 3.4 34.8
0 1562.755 6 3.4 34.8
0 1562.789 30 3.4 34.8
0 1562.895 9 3.4 34.8
0 1562.998 10 3.4 34.8
0 1563.091 11 3.4 34.8
0 1563.19 10 3.4 34.8
0 1563.406 5 3.4 34.8
0 1563.411 194 3.4 34.8
0 1563.524 9 3.4 34.8
0 1563.62 10 3.4 34.8
0 1563.72 10 3.4 34.8
0 1563.888 6 3.4 34.8
0 1563.92 31 3.4 34.8
0 1564.031 9 3.4 34.8
0 1564.12 11 3.4 34.8
0 1564.219 10 3.4 34.8
0 1564.321 10 3.4 34.8
0 1564.474 7 3.4 34.8
0 1564.531 17 3.4 34.8
0 1564.736 5 3.4 34.8
0 1564.74 308 3.4 34.8
0 1564.851 9 3.4 34.8
0 1564.94 11 3.4 34.8
0 1565.099 6 3.4 34.8
0 1565.141 24 3.4 34.8
0 1565.249 9 3.4 34.8
0 1565.351 10 3.4 34.8
0 1565.444 11 3.4 34.8
0 1565.548 10 3.4 34.8
0 1565.718 6 3.4 34.8
0 1565.748 33 3.4 34.8
0 1565.851 10 3.4 34.8
0 1565.943 11 3.4 34.8
0 1566.051 9 3.4 34.8
0 1566.153 10 3.4 34.8
0 1566.264 9 3.4 34.8
0 1566.419 6 3.4 34.8
0 1566.442 43 3.4 34.8
0 1566.553 9 3.4 34.8
0 1566.653 10 3.4 34.8
0 1566.866 5 3.4 34.8
0 1566.87 295 3.4 34.8
0 1566.978 9 3.4 34.8
0 1567.083 10 3.4 34.8
0 1567.182 10 3.4 34.8
0 1567.282 10 3.4 34.8
0 1567.491 5 3.4 34.8
0 1567.494 322 3.4 34.8
0 1567.606 9 3.4 34.8
0 1567.775 6 3.4 34.8
0 1567.8 41 3.4 34.8
0 1567.907 9 3.4 34.8
0 1568.014 9 3.4 34.8
0 1568.107 11 3.4 34.8
0 1568.207 10 3.4 34.8
0 1568.413 5 3.4 34.8
0 1568.416 260 3.4 34.8
0 1568.535 8 3.4 34.8
0 1568.628 11 3.4 34.8
0 1568.728 10 3.4 34.8
0 1568.897 6 3.4 34.8
0 1568.925 36 3.4 34.8
0 1569.035 9 3.4 34.8
0 1569.13 11 3.4 34.8
0 1569.229 10 3.4 34.8
0 1569.329 10 3.4 34.8
0 1569.487 6 3.4 34.8
0 1569.526 25 3.4 34.8
0 1569.756 4 3.4 34.8
0 1569.759 284 3.4 34.8
0 1569.871 9 3.4 34.8
0 1569.972 10 3.4 34.8
0 1570.132 6 3.4 34.8
0 1570.17 27 3.4 34.8
0 1570.267 10 3.4 34.8
0 1570.372 10 3.4 34.8
0 1570.474 10 3.4 34.8
0 1570.57 10 3.4 34.8
0 1570.735 6 3.4 34.8
0 1570.776 24 3.4 34.8
0 1570.872 10 3.4 34.8
0 1570.975 10 3.4 34.8
0 1571.071 10 3.4 34.8
0 1571.174 10 3.4 34.8
0 1571.282 9 3.4 34.8
0 1571.432 7 3.4 34.8
0 1571.47 27 3.4 34.8
0 1571.576 9 3.4 34.8
0 1571.674 10 3.4 34.8
0 1571.877 5 3.4 34.8
0 1571.903 39 3.4 34.8
0 1571.991 11 3.4 34.8
0 1572.098 9 3.4 34.8
0 1572.195 10 3.4 34.8
0 1572.295 10 3.4 34.8
0 1572.513 5 3.2 34.8
0 1572.517 254 3.2 34.8
0 1572.633 9 3.2 34.8
0 1572.795 6 3.2 34.8
0 1572.827 30 3.2 34.8
0 1572.927 10 3.2 34.8
0 1573.037 9 3.2 34.8
0 1573.134 10 3.2 34.8
0 1573.231 10 3.2 34.8
0 1573.445 5 3.2 34.8
0 1573.448 255 3.2 34.8
0 1573.553 10 3.2 34.8
0 1573.664 9 3.2 34.8
0 1573.763 10 3.2 34.8
0 1573.929 6 3.2 34.8
0 1574.012 12 3.2 34.8
0 1574.07 17 3.2 34.8
0 1574.166 10 3.2 34.8
0 1574.264 10 3.2 34.8
0 1574.362 10 3.2 34.8
0 1574.522 6 3.2 34.8
0 1574.554 31 3.2 34.8
0 1574.776 5 3.2 34.8
0 1574.78 234 3.2 34.8
0 1574.885 10 3.2 34.8
0 1574.992 9 3.2 34.8
0 1575.158 6 3.2 34.8
0 1575.188 33 3.2 34.8
0 1575.285 10 3.2 34.8
0 1575.392 9 3.2 34.8
0 1575.493 10 3.2 34.8
0 1575.59 10 3.2 34.8
0 1575.729 7 3.2 34.8
0 1575.793 16 3.2 34.8
0 1575.893 10 3.2 34.8
0 1576.002 9 3.2 34.8
0 1576.092 11 3.2 34.8
0 1576.192 10 3.2 34.8
0 1576.295 10 3.2 34.8
0 1576.456 6 3.2 34.8
0 1576.488 32 3.2 34.8
0 1576.595 9 3.2 34.8
0 1576.693 10 3.2 34.8
0 1576.911 5 3.2 34.8
0 1576.915 267 3.2 34.8
0 1577.015 10 3.2 34.8
0 1577.129 9 3.2 34.8
0 1577.227 10 3.2 34.8
0 1577.331 10 3.2 34.8
0 1577.532 5 3.2 34.8
0 1577.535 263 3.2 34.8
0 1577.649 9 3.2 34.8
0 1577.797 7 3.2 34.8
0 1577.851 18 3.2 34.8
0 1577.944 11 3.2 34.8
0 1578.114 6 3.2 34.8
0 1578.148 29 3.2 34.8
0 1578.237 11 3.2 34.8
0 1578.459 4 3.2 34.8
0 1578.464 212 3.2 34.8
0 1578.567 10 3.2 34.8
0 1578.685 8 3.2 34.8
0 1578.769 12 3.2 34.8
0 1578.937 6 3.2 34.8
0 1578.965 36 3.2 34.8
0 1579.071 9 3.2 34.8
0 1579.185 9 3.2 34.8
0 1579.27 12 3.2 34.8
0 1579.376 9 3.2 34.8
0 1579.521 7 3.2 34.8
0 1579.574 19 3.2 34.8
0 1579.792 5 3.2 34.8
0 1579.795 278 3.2 34.8
0 1579.908 9 3.2 34.8
0 1580.012 10 3.2 34.8
0 1580.229 5 3.2 34.8
0 1580.233 293 3.2 34.8
0 1580.352 8 3.2 34.8
0 1580.445 11 3.2 34.8
0 1580.55 10 3.2 34.8
0 1580.645 11 3.2 34.8
0 1580.813 6 3.2 34.8
0 1580.84 36 3.2 34.8
0 1580.947 9 3.2 34.8
0 1581.051 10 3.2 34.8
0 1581.146 11 3.2 34.8
0 1581.246 10 3.2 34.8
0 1581.345 10 3.2 34.8
0 1581.494 7 3.2 34.8
0 1581.546 19 3.2 34.8
0 1581.65 10 3.2 34.8
0 1581.747 10 3.2 34.8
0 1581.958 5 3.2 34.8
0 1581.962 240 3.2 34.8
0 1582.084 8 3.2 34.8
0 1582.237 7 3.2 34.8
0 1582.275 26 3.2 34.8
0 1582.374 10 3.2 34.8
0 1582.574 5 3.3 34.8
0 1582.579 195 3.3 34.8
0 1582.692 9 3.3 34.8
0 1582.86 6 3.3 34.8
0 1582.883 43 3.3 34.8
0 1582.991 9 3.3 34.8
0 1583.098 9 3.3 34.8
0 1583.193 11 3.3 34.8
0 1583.288 10 3.3 34.8
0 1583.509 5 3.3 34.8
0 1583.513 257 3.3 34.8
0 1583.632 8 3.3 34.8
0 1583.727 11 3.3 34.8
0 1583.825 10 3.3 34.8
0 1583.989 6 3.3 34.8
0 1584.026 27 3.3 34.8
0 1584.131 10 3.3 34.8
0 1584.273 7 3.3 34.8
0 1584.324 19 3.3 34.8
0 1584.428 10 3.3 34.8
0 1584.586 6 3.3 34.8
0 1584.619 30 3.3 34.8
0 1584.841 5 3.3 34.8
0 1584.85 105 3.3 34.8
0 1584.954 10 3.3 34.8
0 1585.082 8 3.3 34.8
0 1585.18 10 3.3 34.8
0 1585.342 6 3.3 34.8
0 1585.351 102 3.3 34.8
0 1585.463 9 3.3 34.8
0 1585.586 8 3.3 34.8
0 1585.68 11 3.3 34.8
0 1585.831 7 3.3 34.8
0 1585.856 40 3.3 34.8
0 1585.963 9 3.3 34.8
0 1586.085 8 3.3 34.8
0 1586.182 10 3.3 34.8
0 1586.344 6 3.3 34.8
0 1586.36 63 3.3 34.8
0 1586.527 6 3.3 34.8
0 1586.571 23 3.3 34.8
0 1586.688 9 3.3 34.8
0 1586.78 11 3.3 34.8
0 1586.969 5 3.3 34.8
0 1586.98 94 3.3 34.8
0 1587.112 8 3.3 34.8
0 1587.211 10 3.3 34.8
0 1587.306 11 3.3 34.8
0 1587.41 10 3.3 34.8
0 1587.607 5 3.3 34.8
0 1587.617 100 3.3 34.8
0 1587.742 8 3.3 34.8
0 1587.899 6 3.3 34.8
0 1587.931 31 3.3 34.8
0 1588.018 11 3.3 34.8
0 1588.155 7 3.3 34.8
0 1588.25 11 3.3 34.8
0 1588.394 7 3.3 34.8
0 1588.535 7 3.3 34.8
0 1588.545 93 3.3 34.8
0 1588.683 7 3.3 34.8
0 1588.777 11 3.3 34.8
0 1588.889 9 3.3 34.8
0 1589.038 7 3.3 34.8
0 1589.055 59 3.3 34.8
0 1589.201 7 3.3 34.8
0 1589.3 10 3.3 34.8
0 1589.394 11 3.3 34.8
0 1589.473 13 3.3 34.8
0 1589.666 5 3.3 34.8
0 1589.684 55 3.3 34.8
0 1589.85 6 3.3 34.8
0 1589.917 15 3.3 34.8
0 1590.024 9 3.3 34.8
0 1590.129 10 3.3 34.8
0 1590.226 10 3.3 34.8
0 1590.358 8 3.3 34.8
0 1590.473 9 3.3 34.8
0 1590.493 49 3.3 34.8
0 1590.637 7 3.3 34.8
0 1590.709 14 3.3 34.8
0 1590.87 6 3.3 34.8
0 1590.89 50 3.3 34.8
0 1591.029 7 3.3 34.8
0 1591.136 9 3.3 34.8
0 1591.212 13 3.3 34.8
0 1591.311 10 3.3 34.8
0 1591.441 8 3.3 34.8
0 1591.52 13 3.3 34.8
0 1591.637 9 3.3 34.8
0 1591.733 10 3.3 34.8
0 1591.83 10 3.3 34.8
0 1592.009 6 3.3 34.8
0 1592.027 57 3.3 34.8
0 1592.17 7 3.3 34.8
0 1592.27 10 3.3 34.8
0 1592.368 10 3.3 34.8
0 1592.527 6 3.3 34.8
0 1592.666 7 4.4 34.8
0 1592.684 56 4.4 34.8
0 1592.827 7 4.4 34.8
0 1592.954 8 4.4 34.8
0 1593.0 22 4.4 34.8
0 1593.137 7 4.4 34.8
0 1593.204 15 4.4 34.8
0 1593.306 10 4.4 34.8
0 1593.4 11 4.4 34.8
0 1593.642 4 4.4 34.8
0 1593.655 76 4.4 34.8
0 1593.784 8 4.4 34.8
0 1593.883 10 4.4 34.8
0 1593.957 14 4.4 34.8
0 1594.149 5 4.4 34.8
0 1594.163 69 4.4 34.8
0 1594.291 8 4.4 34.8
0 1594.388 10 4.4 34.8
0 1594.54 7 4.4 34.8
0 1594.586 22 4.4 34.8
0 1594.744 6 4.4 34.8
0 1594.76 62 4.4 34.8
0 1594.933 6 4.4 34.8
0 1594.967 29 4.4 34.8
0 1595.085 8 4.4 34.8
0 1595.205 8 4.4 34.8
0 1595.307 10 4.4 34.8
0 1595.442 7 4.4 34.8
0 1595.471 34 4.4 34.8
0 1595.608 7 4.4 34.8
0 1595.712 10 4.4 34.8
0 1595.819 9 4.4 34.8
0 1595.94 8 4.4 34.8
0 1595.969 35 4.4 34.8
0 1596.112 7 4.4 34.8
0 1596.217 10 4.4 34.8
0 1596.309 11 4.4 34.8
0 1596.419 9 4.4 34.8
0 1596.551 8 4.4 34.8
0 1596.598 21 4.4 34.8
0 1596.717 8 4.4 34.8
0 1596.792 13 4.4 34.8
0 1596.893 10 4.4 34.8
0 1597.087 5 4.4 34.8
0 1597.097 91 4.4 34.8
0 1597.23 8 4.4 34.8
0 1597.328 10 4.4 34.8
0 1597.423 11 4.4 34.8
0 1597.517 11 4.4 34.8
0 1597.719 5 4.4 34.8
0 1597.73 92 4.4 34.8
0 1597.862 8 4.4 34.8
0 1597.999 7 4.4 34.8
0 1598.054 18 4.4 34.8
0 1598.162 9 4.4 34.8
0 1598.265 10 4.4 34.8
0 1598.36 11 4.4 34.8
0 1598.449 11 4.4 34.8
0 1598.756 3 4.4 34.8
0 1598.769 77 4.4 34.8
0 1598.891 8 4.4 34.8
0 1598.992 10 4.4 34.8
0 1599.133 7 4.4 34.8
0 1599.189 18 4.4 34.8
0 1599.306 9 4.4 34.8
0 1599.395 11 4.4 34.8
0 1599.481 12 4.4 34.8
0 1599.597 9 4.4 34.8
0 1599.764 6 4.4 34.8
0 1599.776 86 4.4 34.8
0 1599.952 6 4.4 34.8
0 1599.989 27 4.4 34.8
0 1600.104 9 4.4 34.8
0 1600.208 10 4.4 34.8
0 1600.305 10 4.4 34.8
0 1600.453 7 4.4 34.8
0 1600.495 24 4.4 34.8
0 1600.668 6 4.4 34.8
0 1600.695 38 4.4 34.8
0 1600.808 9 4.4 34.8
0 1600.954 7 4.4 34.8
0 1601.0 22 4.4 34.8
0 1601.11 9 4.4 34.8
0 1601.212 10 4.4 34.8
0 1601.314 10 4.4 34.8
0 1601.406 11 4.4 34.8
0 1601.512 9 4.4 34.8
0 1601.61 10 4.4 34.8
0 1601.711 10 4.4 34.8
0 1601.813 10 4.4 34.8
0 1601.882 15 4.4 34.8
0 1602.102 5 4.4 34.8
0 1602.112 95 4.4 34.8
0 1602.242 8 4.4 34.8
0 1602.346 10 4.4 34.8
0 1602.442 11 4.4 34.8
0 1602.541 10 4.4 34.8
0 1602.781 4 4.4 34.8
0 1602.791 100 4.4 34.8
0 1602.927 7 4.4 34.8
0 1603.072 7 4.4 34.8
0 1603.108 27 4.4 34.8
0 1603.201 11 4.4 34.8
0 1603.329 8 4.4 34.8
0 1603.427 10 4.4 34.8
0 1603.52 11 4.4 34.8
0 1603.767 4 4.4 34.8
0 1603.778 90 4.4 34.8
0 1603.915 7 4.4 34.8
0 1604.007 11 4.4 34.8
0 1604.175 6 4.4 34.8
0 1604.193 54 4.4 34.8
0 1604.339 7 4.4 34.8
0 1604.404 16 4.4 34.8
0 1604.543 7 4.4 34.8
0 1604.638 11 4.4 34.8
0 1604.901 4 4.4 34.8
0 1604.966 15 4.4 34.8
0 1605.065 10 4.4 34.8
0 1605.162 10 4.4 34.8
0 1605.267 10 4.4 34.8
0 1605.364 10 4.4 34.8
0 1605.496 8 4.4 34.8
0 1605.551 18 4.4 34.8
0 1605.673 8 4.4 34.8
0 1605.759 12 4.4 34.8
0 1605.867 9 4.4 34.8
0 1606.002 7 4.4 34.8
0 1606.019 57 4.4 34.8
0 1606.171 7 4.4 34.8
0 1606.266 10 4.4 34.8
0 1606.366 10 4.4 34.8
0 1606.437 14 4.4 34.8
0 1606.57 8 4.4 34.8
0 1606.666 10 4.4 34.8
0 1606.882 5 4.4 34.8
0 1606.93 21 4.4 34.8
0 1607.117 5 4.4 34.8
0 1607.134 58 4.4 34.8
0 1607.28 7 4.4 34.8
0 1607.384 10 4.4 34.8
0 1607.462 13 4.4 34.8
0 1607.582 8 4.4 34.8
0 1607.677 11 4.4 34.8
0 1607.859 6 4.4 34.8
0 1607.878 52 4.4 34.8
0 1608.002 8 4.4 34.8
0 1608.173 6 4.4 34.8
0 1608.191 55 4.4 34.8
0 1608.336 7 4.4 34.8
0 1608.405 15 4.4 34.8
0 1608.536 8 4.4 34.8
0 1608.634 10 4.4 34.8
0 1608.815 6 4.4 34.8
0 1608.962 7 4.4 34.8
0 1609.01 21 4.4 34.8
0 1609.179 6 4.4 34.8
0 1609.197 56 4.4 34.8
0 1609.345 7 4.4 34.8
0 1609.44 11 4.4 34.8
0 1609.543 10 4.4 34.8
0 1609.642 10 4.4 34.8
0 1609.742 10 4.4 34.8
0 1609.845 10 4.4 34.8
0 1609.991 7 4.4 34.8
0 1610.055 16 4.4 34.8
0 1610.148 11 4.4 34.8
0 1610.236 11 4.4 34.8
0 1610.357 8 4.4 34.8
0 1610.409 19 4.4 34.8
0 1610.588 6 4.4 34.8
0 1610.64 19 4.4 34.8
0 1610.754 9 4.4 34.8
0 1610.858 10 4.4 34.8
0 1611.02 6 4.4 34.8
0 1611.037 58 4.4 34.8
0 1611.188 7 4.4 34.8
0 1611.284 10 4.4 34.8
0 1611.384 10 4.4 34.8
0 1611.467 12 4.4 34.8
0 1611.584 9 4.4 34.8
0 1611.687 10 4.4 34.8
0 1611.786 10 4.4 34.8
0 1611.888 10 4.4 34.8
0 1611.962 13 4.4 34.8
0 1612.131 6 4.4 34.8
0 1612.149 56 4.4 34.8
0 1612.296 7 4.4 34.8
0 1612.394 10 4.4 34.8
0 1612.48 12 4.4 34.8
0 1612.595 9 4.4 34.8
0 1612.7 10 4.4 34.8
0 1612.869 6 5.1 34.8
0 1612.887 55 5.1 34.8
0 1613.188 3 5.1 34.8
0 1613.207 51 5.1 34.8
0 1613.351 7 5.1 34.8
0 1613.443 11 5.1 34.8
0 1613.547 10 5.1 34.8
0 1613.649 10 5.1 34.8
0 1613.829 6 5.1 34.8
0 1613.846 57 5.1 34.8
0 1614.008 6 5.1 34.8
0 1614.068 17 5.1 34.8
0 1614.213 7 5.1 34.8
0 1614.299 12 5.1 34.8
0 1614.349 20 5.1 34.8
0 1614.45 10 5.1 34.8
0 1614.553 10 5.1 34.8
0 1614.649 10 5.1 34.8
0 1614.752 10 5.1 34.8
0 1614.854 10 5.1 34.8
0 1614.998 7 5.1 34.8
0 1615.216 5 5.1 34.8
0 1615.22 269 5.1 34.8
0 1615.338 8 5.1 34.8
0 1615.438 10 5.1 34.8
0 1615.598 6 5.1 34.8
0 1615.631 30 5.1 34.8
0 1615.741 9 5.1 34.8
0 1615.84 10 5.1 34.8
0 1615.94 10 5.1 34.8
0 1616.1 6 5.1 34.8
0 1616.129 35 5.1 34.8
0 1616.242 9 5.1 34.8
0 1616.34 10 5.1 34.8
0 1616.44 10 5.1 34.8
0 1616.535 11 5.1 34.8
0 1616.639 10 5.1 34.8
0 1616.74 10 5.1 34.8
0 1616.842 10 5.1 34.8
0 1616.941 10 5.1 34.8
0 1617.144 5 5.1 34.8
0 1617.267 8 5.1 34.8
0 1617.278 88 5.1 34.8
0 1617.389 9 5.1 34.8
0 1617.486 10 5.1 34.8
0 1617.586 10 5.1 34.8
0 1617.687 10 5.1 34.8
0 1617.893 5 5.1 34.8
0 1617.897 215 5.1 34.8
0 1618.013 9 5.1 34.8
0 1618.111 10 5.1 34.8
0 1618.281 6 5.1 34.8
0 1618.298 58 5.1 34.8
0 1618.421 8 5.1 34.8
0 1618.516 11 5.1 34.8
0 1618.611 10 5.1 34.8
0 1618.774 6 5.1 34.8
0 1618.87 10 5.1 34.8
0 1618.903 31 5.1 34.8
0 1619.086 5 5.1 34.8
0 1619.101 67 5.1 34.8
0 1619.434 3 5.1 34.8
0 1619.438 233 5.1 34.8
0 1619.558 8 5.1 34.8
0 1619.658 10 5.1 34.8
0 1619.751 11 5.1 34.8
0 1619.855 10 5.1 34.8
0 1619.948 11 5.1 34.8
0 1620.12 6 5.1 34.8
0 1620.145 41 5.1 34.8
0 1620.316 6 5.1 34.8
0 1620.347 33 5.1 34.8
0 1620.455 9 5.1 34.8
0 1620.59 7 5.1 34.8
0 1620.65 17 5.1 34.8
0 1620.754 10 5.1 34.8
0 1620.86 9 5.1 34.8
0 1620.958 10 5.1 34.8
0 1621.115 6 5.1 34.8
0 1621.154 26 5.1 34.8
0 1621.313 6 5.1 34.8
0 1621.351 26 5.1 34.8
0 1621.46 9 5.1 34.8
0 1621.552 11 5.1 34.8
0 1621.659 9 5.1 34.8
0 1621.752 11 5.1 34.8
0 1621.853 10 5.1 34.8
0 1621.955 10 5.1 34.8
0 1622.092 7 5.1 34.8
0 1622.211 8 5.1 34.8
0 1622.253 24 5.1 34.8
0 1622.354 10 5.1 34.8
0 1622.452 10 5.1 34.8
0 1622.551 10 5.1 34.8
0 1622.662 9 5.1 34.8
0 1622.757 11 5.1 34.8
0 1622.966 5 3.5 34.8
0 1622.97 280 3.5 34.8
0 1623.087 9 3.5 34.8
0 1623.19 10 3.5 34.8
0 1623.411 5 3.5 34.8
0 1623.415 281 3.5 34.8
0 1623.527 9 3.5 34.8
0 1623.633 9 3.5 34.8
0 1623.783 7 3.5 34.8
0 1623.882 10 3.5 34.8
0 1623.925 23 3.5 34.8
0 1624.094 6 3.5 34.8
0 1624.124 33 3.5 34.8
0 1624.238 9 3.5 34.8
0 1624.44 5 3.5 34.8
0 1624.445 221 3.5 34.8
0 1624.554 9 3.5 34.8
0 1624.657 10 3.5 34.8
0 1624.747 11 3.5 34.8
0 1624.858 9 3.5 34.8
0 1624.958 10 3.5 34.8
0 1625.126 6 3.5 34.8
0 1625.15 42 3.5 34.8
0 1625.309 6 3.5 34.8
0 1625.426 9 3.5 34.8
0 1625.451 41 3.5 34.8
0 1625.62 6 3.5 34.8
0 1625.657 27 3.5 34.8
0 1625.751 11 3.5 34.8
0 1625.865 9 3.5 34.8
0 1625.96 11 3.5 34.8
0 1626.125 6 3.5 34.8
0 1626.157 32 3.5 34.8
0 1626.264 9 3.5 34.8
0 1626.362 10 3.5 34.8
0 1626.463 10 3.5 34.8
0 1626.558 10 3.5 34.8
0 1626.667 9 3.5 34.8
0 1626.765 10 3.5 34.8
0 1626.863 10 3.5 34.8
0 1626.958 11 3.5 34.8
0 1627.102 7 3.5 34.8
0 1627.223 8 3.5 34.8
0 1627.259 27 3.5 34.8
0 1627.413 6 3.5 34.8
0 1627.457 23 3.5 34.8
0 1627.56 10 3.5 34.8
0 1627.662 10 3.5 34.8
0 1627.767 10 3.5 34.8
0 1627.969 5 3.5 34.8
0 1627.974 226 3.5 34.8
0 1628.086 9 3.5 34.8
0 1628.188 10 3.5 34.8
0 1628.291 10 3.5 34.8
0 1628.453 6 3.5 34.8
0 1628.484 33 3.5 34.8
0 1628.585 10 3.5 34.8
0 1628.689 10 3.5 34.8
0 1628.904 5 3.5 34.8
0 1628.908 264 3.5 34.8
0 1629.025 9 3.5 34.8
0 1629.191 6 3.5 34.8
0 1629.212 47 3.5 34.8
0 1629.321 9 3.5 34.8
0 1629.585 4 3.5 34.8
0 1629.59 191 3.5 34.8
0 1629.689 10 3.5 34.8
0 1629.802 9 3.5 34.8
0 1629.901 10 3.5 34.8
0 1630.001 10 3.5 34.8
0 1630.165 6 3.5 34.8
0 1630.19 40 3.5 34.8
0 1630.358 6 3.5 34.8
0 1630.4 23 3.5 34.8
0 1630.503 10 3.5 34.8
0 1630.666 6 3.5 34.8
0 1630.699 31 3.5 34.8
0 1630.792 11 3.5 34.8
0 1630.906 9 3.5 34.8
0 1631.002 10 3.5 34.8
0 1631.164 6 3.5 34.8
0 1631.206 24 3.5 34.8
0 1631.302 10 3.5 34.8
0 1631.403 10 3.5 34.8
0 1631.514 9 3.5 34.8
0 1631.602 11 3.5 34.8
0 1631.706 10 3.5 34.8
0 1631.803 10 3.5 34.8
0 1631.904 10 3.5 34.8
0 1632.003 10 3.5 34.8
0 1632.214 5 3.5 34.8
0 1632.22 166 3.5 34.8
0 1632.329 9 3.5 34.8
0 1632.431 10 3.5 34.8
0 1632.53 10 3.5 34.8
0 1632.632 10 3.5 34.8
0 1632.742 9 3.5 34.8
0 1632.829 11 3.5 34.8
0 1633.043 5 3.5 34.8
0 1633.047 281 3.5 34.8
0 1633.161 9 3.5 34.8
0 1633.271 9 3.5 34.8
0 1633.359 11 3.5 34.8
0 1633.507 7 3.5 34.8
0 1633.617 9 3.5 34.8
0 1633.662 22 3.5 34.8
0 1633.748 12 3.5 34.8
0 1633.973 4 3.5 34.8
0 1633.977 247 3.5 34.8
0 1634.088 9 3.5 34.8
0 1634.254 6 3.5 34.8
0 1634.285 32 3.5 34.8
0 1634.389 10 3.5 34.8
0 1634.606 5 3.5 34.8
0 1634.609 268 3.5 34.8
0 1634.725 9 3.5 34.8
0 1634.821 10 3.5 34.8
0 1634.924 10 3.5 34.8
0 1635.03 9 3.5 34.8
0 1635.182 7 3.5 34.8
0 1635.215 30 3.5 34.8
0 1635.384 6 3.5 34.8
0 1635.419 28 3.5 34.8
0 1635.532 9 3.5 34.8
0 1635.744 5 3.5 34.8
0 1635.748 286 3.5 34.8
0 1635.862 9 3.5 34.8
0 1635.959 10 3.5 34.8
0 1636.07 9 3.5 34.8
0 1636.222 7 3.5 34.8
0 1636.261 26 3.5 34.8
0 1636.362 10 3.5 34.8
0 1636.459 10 3.5 34.8
0 1636.57 9 3.5 34.8
0 1636.66 11 3.5 34.8
0 1636.765 10 3.5 34.8
0 1636.863 10 3.5 34.8
0 1636.96 10 3.5 34.8
0 1637.062 10 3.5 34.8
0 1637.27 5 3.5 34.8
0 1637.281 96 3.5 34.8
0 1637.403 8 3.5 34.8
0 1637.507 10 3.5 34.8
0 1637.602 11 3.5 34.8
0 1637.754 7 3.5 34.8
0 1637.808 19 3.5 34.8
0 1637.908 10 3.5 34.8
0 1638.104 5 3.5 34.8
0 1638.116 88 3.5 34.8
0 1638.249 8 3.5 34.8
0 1638.352 10 3.5 34.8
0 1638.424 14 3.5 34.8
0 1638.606 6 3.5 34.8
0 1638.618 86 3.5 34.8
0 1638.746 8 3.5 34.8
0 1638.846 10 3.5 34.8
0 1639.042 5 3.5 34.8
0 1639.053 93 3.5 34.8
0 1639.182 8 3.5 34.8
0 1639.316 7 3.5 34.8
0 1639.362 22 3.5 34.8
0 1639.471 9 3.5 34.8
0 1639.697 4 3.5 34.8
0 1639.79 11 3.5 34.8
0 1639.832 24 3.5 34.8
0 1639.923 11 3.5 34.8
0 1640.037 9 3.5 34.8
0 1640.206 6 3.5 34.8
0 1640.218 86 3.5 34.8
0 1640.347 8 3.5 34.8
0 1640.446 10 3.5 34.8
0 1640.543 10 3.5 34.8
0 1640.627 12 3.5 34.8
0 1640.793 6 3.5 34.8
0 1640.837 23 3.5 34.8
0 1640.943 9 3.5 34.8
0 1641.043 10 3.5 34.8
0 1641.143 10 3.5 34.8
0 1641.294 7 3.5 34.8
0 1641.338 23 3.5 34.8
0 1641.447 9 3.5 34.8
0 1641.541 11 3.5 34.8
0 1641.624 12 3.5 34.8
0 1641.807 5 3.5 34.8
0 1641.818 88 3.5 34.8
0 1641.941 8 3.5 34.8
0 1642.04 10 3.5 34.8
0 1642.139 10 3.5 34.8
0 1642.332 5 3.5 34.8
0 1642.343 86 3.5 34.8
0 1642.464 8 3.5 34.8
0 1642.565 10 3.5 34.8
0 1642.663 10 3.5 34.8
0 1642.769 9 3.5 34.8
0 1642.864 11 3.5 34.8
0 1642.966 10 3.5 34.8
0 1643.17 5 3.7 34.8
0 1643.226 18 3.7 34.8
0 1643.285 17 3.7 34.8
0 1643.389 10 3.7 34.8
0 1643.488 10 3.7 34.8
0 1643.644 6 3.7 34.8
0 1643.687 23 3.7 34.8
0 1643.85 6 3.7 34.8
0 1643.882 32 3.7 34.8
0 1644.084 5 3.7 34.8
0 1644.088 232 3.7 34.8
0 1644.201 9 3.7 34.8
0 1644.366 6 3.7 34.8
0 1644.389 43 3.7 34.8
0 1644.499 9 3.7 34.8
0 1644.722 4 3.7 34.8
0 1644.727 213 3.7 34.8
0 1644.839 9 3.7 34.8
0 1644.939 10 3.7 34.8
0 1645.038 10 3.7 34.8
0 1645.209 6 3.7 34.8
0 1645.234 40 3.7 34.8
0 1645.34 9 3.7 34.8
0 1645.438 10 3.7 34.8
0 1645.538 10 3.7 34.8
0 1645.637 10 3.7 34.8
0 1645.806 6 3.7 34.8
0 1645.9 11 3.7 34.8
0 1645.941 24 3.7 34.8
0 1646.042 10 3.7 34.8
0 1646.142 10 3.7 34.8
0 1646.308 6 3.7 34.8
0 1646.337 34 3.7 34.8
0 1646.443 9 3.7 34.8
0 1646.541 10 3.7 34.8
0 1646.642 10 3.7 34.8
0 1646.745 10 3.7 34.8
0 1646.855 9 3.7 34.8
0 1646.945 11 3.7 34.8
0 1647.042 10 3.7 34.8
0 1647.143 10 3.7 34.8
0 1647.349 5 3.7 34.8
0 1647.357 122 3.7 34.8
0 1647.465 9 3.7 34.8
0 1647.568 10 3.7 34.8
0 1647.655 11 3.7 34.8
0 1647.767 9 3.7 34.8
0 1647.917 7 3.7 34.8
0 1647.965 21 3.7 34.8
0 1648.068 10 3.7 34.8
0 1648.277 5 3.7 34.8
0 1648.325 21 3.7 34.8
0 1648.395 14 3.7 34.8
0 1648.502 9 3.7 34.8
0 1648.655 7 3.7 34.8
0 1648.689 30 3.7 34.8
0 1648.795 9 3.7 34.8
0 1648.896 10 3.7 34.8
0 1649.108 5 3.7 34.8
0 1649.112 235 3.7 34.8
0 1649.225 9 3.7 34.8
0 1649.389 6 3.7 34.8
0 1649.418 35 3.7 34.8
0 1649.53 9 3.7 34.8
0 1649.746 5 3.7 34.8
0 1649.75 247 3.7 34.8
0 1649.865 9 3.7 34.8
0 1650.023 6 3.7 34.8
0 1650.065 24 3.7 34.8
0 1650.235 6 3.7 34.8
0 1650.252 57 3.7 34.8
0 1650.363 9 3.7 34.8
0 1650.464 10 3.7 34.8
0 1650.567 10 3.7 34.8
0 1650.664 10 3.7 34.8
0 1650.828 6 3.7 34.8
0 1650.86 31 3.7 34.8
0 1650.964 10 3.7 34.8
0 1651.068 10 3.7 34.8
0 1651.166 10 3.7 34.8
0 1651.325 6 3.7 34.8
0 1651.37 22 3.7 34.8
0 1651.462 11 3.7 34.8
0 1651.568 9 3.7 34.8
0 1651.667 10 3.7 34.8
0 1651.764 10 3.7 34.8
0 1651.862 10 3.7 34.8
0 1652.031 6 3.7 34.8
0 1652.067 27 3.7 34.8
0 1652.167 10 3.7 34.8
0 1652.372 5 3.7 34.8
0 1652.375 272 3.7 34.8
0 1652.476 10 3.7 34.8
0 1652.6 8 3.7 34.8
0 1652.691 11 3.7 34.8
0 1652.787 10 3.7 34.8
0 1652.888 10 3.7 34.8
0 1652.982 11 3.7 34.8
0 1653.089 9 3.7 34.8
0 1653.308 5 3.4 34.8
0 1653.359 20 3.4 34.8
0 1653.421 16 3.4 34.8
0 1653.523 10 3.4 34.8
0 1653.693 6 3.4 34.8
0 1653.721 36 3.4 34.8
0 1653.831 9 3.4 34.8
0 1653.919 11 3.4 34.8
0 1654.196 4 3.4 34.8
0 1654.2 236 3.4 34.8
0 1654.32 8 3.4 34.8
0 1654.473 7 3.4 34.8
0 1654.505 32 3.4 34.8
0 1654.614 9 3.4 34.8
0 1654.812 5 3.4 34.8
0 1654.818 169 3.4 34.8
0 1654.931 9 3.4 34.8
0 1655.036 10 3.4 34.8
0 1655.13 11 3.4 34.8
0 1655.297 6 3.4 34.8
0 1655.325 36 3.4 34.8
0 1655.431 9 3.4 34.8
0 1655.538 9 3.4 34.8
0 1655.632 11 3.4 34.8
0 1655.73 10 3.4 34.8
0 1655.892 6 3.4 34.8
0 1655.921 35 3.4 34.8
0 1656.15 4 3.4 34.8
0 1656.159 108 3.4 34.8
0 1656.327 6 3.4 34.8
0 1656.365 26 3.4 34.8
0 1656.468 10 3.4 34.8
0 1656.567 10 3.4 34.8
0 1656.676 9 3.4 34.8
0 1656.769 11 3.4 34.8
0 1656.868 10 3.4 34.8
0 1656.968 10 3.4 34.8
0 1657.068 10 3.4 34.8
0 1657.178 9 3.4 34.8
0 1657.374 5 3.4 34.8
0 1657.378 224 3.4 34.8
0 1657.48 10 3.4 34.8
0 1657.592 9 3.4 34.8
0 1657.7 9 3.4 34.8
0 1657.792 11 3.4 34.8
0 1657.892 10 3.4 34.8
0 1657.981 11 3.4 34.8
0 1658.319 3 3.4 34.8
0 1658.369 20 3.4 34.8
0 1658.435 15 3.4 34.8
0 1658.542 9 3.4 34.8
0 1658.706 6 3.4 34.8
0 1658.729 44 3.4 34.8
0 1658.846 9 3.4 34.8
0 1658.938 11 3.4 34.8
0 1659.04 10 3.4 34.8
0 1659.254 5 3.4 34.8
0 1659.257 254 3.4 34.8
0 1659.378 8 3.4 34.8
0 1659.519 7 3.4 34.8
0 1659.559 25 3.4 34.8
0 1659.671 9 3.4 34.8
0 1659.872 5 3.4 34.8
0 1659.879 152 3.4 34.8
0 1659.978 10 3.4 34.8
0 1660.094 9 3.4 34.8
0 1660.312 5 3.4 34.8
0 1660.316 227 3.4 34.8
0 1660.437 8 3.4 34.8
0 1660.524 12 3.4 34.8
0 1660.631 9 3.4 34.8
0 1660.726 11 3.4 34.8
0 1660.818 11 3.4 34.8
0 1660.998 6 3.4 34.8
0 1661.022 43 3.4 34.8
0 1661.134 9 3.4 34.8
0 1661.253 8 3.4 34.8
0 1661.398 7 3.4 34.8
0 1661.425 37 3.4 34.8
0 1661.559 7 3.4 34.8
0 1661.658 10 3.4 34.8
0 1661.756 10 3.4 34.8
0 1661.854 10 3.4 34.8
0 1661.955 10 3.4 34.8
0 1662.06 9 3.4 34.8
0 1662.155 11 3.4 34.8
0 1662.401 4 3.4 34.8
0 1662.412 93 3.4 34.8
0 1662.543 8 3.4 34.8
0 1662.649 9 3.4 34.8
0 1662.745 10 3.4 34.8
0 1662.843 10 3.4 34.8
0 1662.942 10 3.4 34.8
0 1663.043 10 3.4 34.8
0 1663.144 10 3.4 34.8
0 1663.297 7 3.4 34.8
0 1663.314 62 3.7 34.8
0 1663.5 5 3.7 34.8
0 1663.513 79 3.7 34.8
0 1663.697 5 3.7 34.8
0 1663.717 50 3.7 34.8
0 1663.848 8 3.7 34.8
0 1663.942 11 3.7 34.8
0 1664.044 10 3.7 34.8
0 1664.148 10 3.7 34.8
0 1664.329 6 3.7 34.8
0 1664.474 7 3.7 34.8
0 1664.545 14 3.7 34.8
0 1664.612 15 3.7 34.8
0 1664.718 9 3.7 34.8
0 1664.939 5 3.7 34.8
0 1664.951 82 3.7 34.8
0 1665.084 8 3.7 34.8
0 1665.184 10 3.7 34.8
0 1665.344 6 3.7 34.8
0 1665.355 92 3.7 34.8
0 1665.476 8 3.7 34.8
0 1665.56 12 3.7 34.8
0 1665.693 8 3.7 34.8
0 1665.79 10 3.7 34.8
0 1665.875 12 3.7 34.8
0 1666.034 6 3.7 34.8
0 1666.081 21 3.7 34.8
0 1666.201 8 3.7 34.8
0 1666.301 10 3.7 34.8
0 1666.491 5 3.7 34.8
0 1666.511 51 3.7 34.8
0 1666.648 7 3.7 34.8
0 1666.745 10 3.7 34.8
0 1666.844 10 3.7 34.8
0 1666.947 10 3.7 34.8
0 1667.047 10 3.7 34.8
0 1667.117 14 3.7 34.8
0 1667.25 8 3.7 34.8
0 1667.452 5 3.7 34.8
0 1667.47 55 3.7 34.8
0 1667.609 7 3.7 34.8
0 1667.704 11 3.7 34.8
0 1667.809 10 3.7 34.8
0 1667.909 10 3.7 34.8
0 1667.993 12 3.7 34.8
0 1668.11 9 3.7 34.8
0 1668.209 10 3.7 34.8
0 1668.368 6 3.7 34.8
0 1668.548 6 3.7 34.8
0 1668.566 55 3.7 34.8
0 1668.746 6 3.7 34.8
0 1668.766 50 3.7 34.8
0 1668.89 8 3.7 34.8
0 1668.983 11 3.7 34.8
0 1669.09 9 3.7 34.8
0 1669.19 10 3.7 34.8
0 1669.397 5 3.7 34.8
0 1669.418 48 3.7 34.8
0 1669.573 6 3.7 34.8
0 1669.654 12 3.7 34.8
0 1669.744 11 3.7 34.8
0 1669.951 5 3.7 34.8
0 1669.972 48 3.7 34.8
0 1670.103 8 3.7 34.8
0 1670.205 10 3.7 34.8
0 1670.348 7 3.7 34.8
0 1670.372 42 3.7 34.8
0 1670.617 4 3.7 34.8
0 1670.636 52 3.7 34.8
0 1670.771 7 3.7 34.8
0 1670.86 11 3.7 34.8
0 1670.976 9 3.7 34.8
0 1671.107 8 3.7 34.8
0 1671.154 21 3.7 34.8
0 1671.25 10 3.7 34.8
0 1671.374 8 3.7 34.8
0 1671.468 11 3.7 34.8
0 1671.571 10 3.7 34.8
0 1671.646 13 3.7 34.8
0 1671.774 8 3.7 34.8
0 1671.869 11 3.7 34.8
0 1672.005 7 3.7 34.8
0 1672.034 34 3.7 34.8
0 1672.152 8 3.7 34.8
0 1672.255 10 3.7 34.8
0 1672.404 7 3.7 34.8
0 1672.489 12 3.7 34.8
0 1672.66 6 3.7 34.8
0 1672.683 44 3.7 34.8
0 1672.802 8 3.7 34.8
0 1672.899 10 3.7 34.8
0 1672.983 12 3.7 34.8
0 1673.074 11 3.7 34.8
0 1673.204 8 3.7 34.8
0 1673.3 10 3.7 34.8
0 1673.462 6 4.7 34.8
0 1673.473 92 4.7 34.8
0 1673.653 6 4.7 34.8
0 1673.744 11 4.7 34.8
0 1673.804 17 4.7 34.8
0 1673.905 10 4.7 34.8
0 1673.982 13 4.7 34.8
0 1674.105 8 4.7 34.8
0 1674.206 10 4.7 34.8
0 1674.309 10 4.7 34.8
0 1674.497 5 4.7 34.8
0 1674.508 93 4.7 34.8
0 1674.79 4 4.7 34.8
0 1674.802 80 4.7 34.8
0 1675.042 4 4.7 34.8
0 1675.053 91 4.7 34.8
0 1675.185 8 4.7 34.8
0 1675.346 6 4.7 34.8
0 1675.353 145 4.7 34.8
0 1675.465 9 4.7 34.8
0 1675.565 10 4.7 34.8
0 1675.665 10 4.7 34.8
0 1675.764 10 4.7 34.8
0 1675.877 9 4.7 34.8
0 1675.964 11 4.7 34.8
0 1676.13 6 4.7 34.8
0 1676.161 32 4.7 34.8
0 1676.265 10 4.7 34.8
0 1676.377 9 4.7 34.8
0 1676.465 11 4.7 34.8
0 1676.565 10 4.7 34.8
0 1676.714 7 4.7 34.8
0 1676.761 21 4.7 34.8
0 1676.853 11 4.7 34.8
0 1677.028 6 4.7 34.8
0 1677.059 32 4.7 34.8
0 1677.162 10 4.7 34.8
0 1677.264 10 4.7 34.8
0 1677.421 6 4.7 34.8
0 1677.512 11 4.7 34.8
0 1677.573 16 4.7 34.8
0 1677.662 11 4.7 34.8
0 1677.828 6 4.7 34.8
0 1677.86 31 4.7 34.8
0 1677.964 10 4.7 34.8
0 1678.076 9 4.7 34.8
0 1678.163 11 4.7 34.8
0 1678.263 10 4.7 34.8
0 1678.362 10 4.7 34.8
0 1678.524 6 4.7 34.8
0 1678.561 27 4.7 34.8
0 1678.784 4 4.7 34.8
0 1678.787 300 4.7 34.8
0 1678.894 9 4.7 34.8
0 1678.998 10 4.7 34.8
0 1679.093 10 4.7 34.8
0 1679.204 9 4.7 34.8
0 1679.308 10 4.7 34.8
0 1679.504 5 4.7 34.8
0 1679.508 254 4.7 34.8
0 1679.618 9 4.7 34.8
0 1679.723 9 4.7 34.8
0 1679.885 6 4.7 34.8
0 1679.915 33 4.7 34.8
0 1680.129 5 4.7 34.8
0 1680.132 301 4.7 34.8
0 1680.246 9 4.7 34.8
0 1680.452 5 4.7 34.8
0 1680.456 248 4.7 34.8
0 1680.565 9 4.7 34.8
0 1680.666 10 4.7 34.8
0 1680.769 10 4.7 34.8
0 1680.869 10 4.7 34.8
0 1680.974 9 4.7 34.8
0 1681.131 6 4.7 34.8
0 1681.165 29 4.7 34.8
0 1681.272 9 4.7 34.8
0 1681.367 10 4.7 34.8
0 1681.476 9 4.7 34.8
0 1681.567 11 4.7 34.8
0 1681.668 10 4.7 34.8
0 1681.773 10 4.7 34.8
0 1681.869 10 4.7 34.8
0 1682.044 6 4.7 34.8
0 1682.06 63 4.7 34.8
0 1682.169 9 4.7 34.8
0 1682.273 10 4.7 34.8
0 1682.43 6 4.7 34.8
0 1682.523 11 4.7 34.8
0 1682.575 19 4.7 34.8
0 1682.67 11 4.7 34.8
0 1682.769 10 4.7 34.8
0 1682.871 10 4.7 34.8
0 1682.971 10 4.7 34.8
0 1683.079 9 4.7 34.8
0 1683.171 11 4.7 34.8
0 1683.272 10 4.7 34.8
0 1683.372 10 4.7 34.8
0 1683.523 7 3.3 34.8
0 1683.575 19 3.3 34.8
0 1683.787 5 3.3 34.8
0 1683.791 260 3.3 34.8
0 1683.903 9 3.3 34.8
0 1684.033 8 3.3 34.8
0 1684.093 17 3.3 34.8
0 1684.205 9 3.3 34.8
0 1684.309 10 3.3 34.8
0 1684.457 7 3.3 34.8
0 1684.567 9 3.3 34.8
0 1684.594 37 3.3 34.8
0 1684.706 9 3.3 34.8
0 1684.811 9 3.3 34.8
0 1684.97 6 3.3 34.8
0 1684.996 38 3.3 34.8
0 1685.208 5 3.3 34.8
0 1685.212 241 3.3 34.8
0 1685.33 8 3.3 34.8
0 1685.53 5 3.3 34.8
0 1685.535 206 3.3 34.8
0 1685.643 9 3.3 34.8
0 1685.747 10 3.3 34.8
0 1685.852 10 3.3 34.8
0 1685.945 11 3.3 34.8
0 1686.178 4 3.3 34.8
0 1686.182 246 3.3 34.8
0 1686.296 9 3.3 34.8
0 1686.401 10 3.3 34.8
0 1686.483 12 3.3 34.8
0 1686.595 9 3.3 34.8
0 1686.707 9 3.3 34.8
0 1686.796 11 3.3 34.8
0 1686.902 9 3.3 34.8
0 1687.03 8 3.3 34.8
0 1687.096 15 3.3 34.8
0 1687.195 10 3.3 34.8
0 1687.306 9 3.3 34.8
0 1687.461 6 3.3 34.8
0 1687.546 12 3.3 34.8
0 1687.592 22 3.3 34.8
0 1687.696 10 3.3 34.8
0 1687.801 10 3.3 34.8
0 1687.903 10 3.3 34.8
0 1687.994 11 3.3 34.8
0 1688.156 6 3.3 34.8
0 1688.196 25 3.3 34.8
0 1688.301 9 3.3 34.8
0 1688.389 11 3.3 34.8
0 1688.554 6 3.3 34.8
0 1688.592 26 3.3 34.8
0 1688.809 5 3.3 34.8
0 1688.814 195 3.3 34.8
0 1688.923 9 3.3 34.8
0 1689.024 10 3.3 34.8
0 1689.136 9 3.3 34.8
0 1689.226 11 3.3 34.8
0 1689.331 9 3.3 34.8
0 1689.491 6 3.3 34.8
0 1689.585 11 3.3 34.8
0 1689.625 25 3.3 34.8
0 1689.734 9 3.3 34.8
0 1689.832 10 3.3 34.8
0 1689.993 6 3.3 34.8
0 1690.02 38 3.3 34.8
0 1690.246 4 3.3 34.8
0 1690.251 188 3.3 34.8
0 1690.367 9 3.3 34.8
0 1690.584 5 3.3 34.8
0 1690.588 256 3.3 34.8
0 1690.719 8 3.3 34.8
0 1690.829 9 3.3 34.8
0 1690.901 14 3.3 34.8
0 1691.013 9 3.3 34.8
0 1691.122 9 3.3 34.8
0 1691.27 7 3.3 34.8
0 1691.315 22 3.3 34.8
0 1691.43 9 3.3 34.8
0 1691.515 12 3.3 34.8
0 1691.62 10 3.3 34.8
0 1691.72 10 3.3 34.8
0 1691.825 10 3.3 34.8
0 1691.932 9 3.3 34.8
0 1692.082 7 3.3 34.8
0 1692.096 71 3.3 34.8
0 1692.277 6 3.3 34.8
0 1692.316 25 3.3 34.8
0 1692.448 8 3.3 34.8
0 1692.558 9 3.3 34.8
0 1692.614 18 3.3 34.8
0 1692.717 10 3.3 34.8
0 1692.817 10 3.3 34.8
0 1692.919 10 3.3 34.8
0 1693.019 10 3.3 34.8
0 1693.111 11 3.3 34.8
0 1693.218 9 3.3 34.8
0 1693.318 10 3.3 34.8
0 1693.418 10 3.3 34.8
0 1693.578 6 3.7 34.8
0 1693.604 38 3.7 34.8
0 1693.728 8 3.7 34.8
0 1693.893 6 3.7 34.8
0 1693.904 93 3.7 34.8
0 1694.031 8 3.7 34.8
0 1694.136 10 3.7 34.8
0 1694.289 7 3.7 34.8
0 1694.322 30 3.7 34.8
0 1694.434 9 3.7 34.8
0 1694.628 5 3.7 34.8
0 1694.641 79 3.7 34.8
0 1694.759 8 3.7 34.8
0 1694.862 10 3.7 34.8
0 1695.013 7 3.7 34.8
0 1695.049 27 3.7 34.8
0 1695.264 5 3.7 34.8
0 1695.275 92 3.7 34.8
0 1695.397 8 3.7 34.8
0 1695.584 5 3.7 34.8
0 1695.595 97 3.7 34.8
0 1695.731 7 3.7 34.8
0 1695.823 11 3.7 34.8
0 1695.898 13 3.7 34.8
0 1696.01 9 3.7 34.8
0 1696.096 12 3.7 34.8
0 1696.227 8 3.7 34.8
0 1696.385 6 3.7 34.8
0 1696.395 94 3.7 34.8
0 1696.523 8 3.7 34.8
0 1696.605 12 3.7 34.8
0 1696.728 8 3.7 34.8
0 1696.824 10 3.7 34.8
0 1696.931 9 3.7 34.8
0 1697.071 7 3.7 34.8
0 1697.107 28 3.7 34.8
0 1697.228 8 3.7 34.8
0 1697.326 10 3.7 34.8
0 1697.47 7 3.7 34.8
0 1697.511 25 3.7 34.8
0 1697.66 7 3.7 34.8
0 1697.723 16 3.7 34.8
0 1697.83 9 3.7 34.8
0 1697.926 10 3.7 34.8
0 1698.021 10 3.7 34.8
0 1698.116 11 3.7 34.8
0 1698.224 9 3.7 34.8
0 1698.392 6 3.7 34.8
0 1698.403 90 3.7 34.8
0 1698.524 8 3.7 34.8
0 1698.681 6 3.7 34.8
0 1698.708 38 3.7 34.8
0 1698.898 5 3.7 34.8
0 1698.911 81 3.7 34.8
0 1699.039 8 3.7 34.8
0 1699.139 10 3.7 34.8
0 1699.239 10 3.7 34.8
0 1699.341 10 3.7 34.8
0 1699.444 10 3.7 34.8
0 1699.634 5 3.7 34.8
0 1699.645 87 3.7 34.8
0 1699.774 8 3.7 34.8
0 1699.875 10 3.7 34.8
0 1699.955 13 3.7 34.8
0 1700.142 5 3.7 34.8
0 1700.154 87 3.7 34.8
0 1700.389 4 3.7 34.8
0 1700.625 4 3.7 34.8
0 1700.636 88 3.7 34.8
0 1700.771 7 3.7 34.8
0 1700.864 11 3.7 34.8
0 1700.963 10 3.7 34.8
0 1701.097 7 3.7 34.8
0 1701.141 23 3.7 34.8
0 1701.245 10 3.7 34.8
0 1701.411 6 3.7 34.8
0 1701.437 38 3.7 34.8
0 1701.546 9 3.7 34.8
0 1701.649 10 3.7 34.8
0 1701.746 10 3.7 34.8
0 1701.845 10 3.7 34.8
0 1701.951 9 3.7 34.8
0 1702.11 6 3.7 34.8
0 1702.131 49 3.7 34.8
0 1702.25 8 3.7 34.8
0 1702.343 11 3.7 34.8
0 1702.674 3 3.7 34.8
0 1702.678 221 3.7 34.8
0 1702.798 8 3.7 34.8
0 1702.891 11 3.7 34.8
0 1702.984 11 3.7 34.8
0 1703.079 10 3.7 34.8
0 1703.201 8 3.7 34.8
0 1703.294 11 3.7 34.8
0 1703.394 10 3.7 34.8
0 1703.486 11 3.7 34.8
0 1703.588 10 4.1 34.8
0 1703.76 6 4.1 34.8
0 1703.784 42 4.1 34.8
0 1703.957 6 4.1 34.8
0 1703.982 40 4.1 34.8
0 1704.093 9 4.1 34.8
0 1704.196 10 4.1 34.8
0 1704.3 10 4.1 34.8
0 1704.401 10 4.1 34.8
0 1704.706 3 4.1 34.8
0 1704.711 205 4.1 34.8
0 1704.83 8 4.1 34.8
0 1704.932 10 4.1 34.8
0 1705.024 11 4.1 34.8
0 1705.192 6 4.1 34.8
0 1705.218 40 4.1 34.8
0 1705.44 4 4.1 34.8
0 1705.446 162 4.1 34.8
0 1705.669 4 4.1 34.8
0 1705.673 245 4.1 34.8
0 1705.79 9 4.1 34.8
0 1705.889 10 4.1 34.8
0 1705.986 10 4.1 34.8
0 1706.153 6 4.1 34.8
0 1706.182 35 4.1 34.8
0 1706.291 9 4.1 34.8
0 1706.437 7 4.1 34.8
0 1706.49 19 4.1 34.8
0 1706.693 5 4.1 34.8
0 1706.706 79 4.1 34.8
0 1706.814 9 4.1 34.8
0 1706.911 10 4.1 34.8
0 1707.005 11 4.1 34.8
0 1707.164 6 4.1 34.8
0 1707.209 22 4.1 34.8
0 1707.314 10 4.1 34.8
0 1707.412 10 4.1 34.8
0 1707.522 9 4.1 34.8
0 1707.72 5 4.1 34.8
0 1707.724 248 4.1 34.8
0 1707.84 9 4.1 34.8
0 1707.938 10 4.1 34.8
0 1708.049 9 4.1 34.8
0 1708.138 11 4.1 34.8
0 1708.239 10 4.1 34.8
0 1708.341 10 4.1 34.8
0 1708.438 10 4.1 34.8
0 1708.55 9 4.1 34.8
0 1708.812 4 4.1 34.8
0 1708.816 264 4.1 34.8
0 1709.001 5 4.1 34.8
0 1709.018 58 4.1 34.8
0 1709.139 8 4.1 34.8
0 1709.232 11 4.1 34.8
0 1709.331 10 4.1 34.8
0 1709.435 10 4.1 34.8
0 1709.531 10 4.1 34.8
0 1709.741 5 4.1 34.8
0 1709.745 237 4.1 34.8
0 1709.859 9 4.1 34.8
0 1709.96 10 4.1 34.8
0 1710.058 10 4.1 34.8
0 1710.228 6 4.1 34.8
0 1710.253 39 4.1 34.8
0 1710.475 5 4.1 34.8
0 1710.48 214 4.1 34.8
0 1710.701 5 4.1 34.8
0 1710.828 8 4.1 34.8
0 1710.838 102 4.1 34.8
0 1710.946 9 4.1 34.8
0 1711.049 10 4.1 34.8
0 1711.207 6 4.1 34.8
0 1711.244 27 4.1 34.8
0 1711.359 9 4.1 34.8
0 1711.504 7 4.1 34.8
0 1711.542 26 4.1 34.8
0 1711.648 9 4.1 34.8
0 1711.748 10 4.1 34.8
0 1711.855 9 4.1 34.8
0 1711.952 10 4.1 34.8
0 1712.047 11 4.1 34.8
0 1712.205 6 4.1 34.8
0 1712.245 25 4.1 34.8
0 1712.346 10 4.1 34.8
0 1712.461 9 4.1 34.8
0 1712.548 12 4.1 34.8
0 1712.759 5 4.1 34.8
0 1712.823 15 4.1 34.8
0 1712.877 19 4.1 34.8
0 1712.991 9 4.1 34.8
0 1713.077 12 4.1 34.8
0 1713.177 10 4.1 34.8
0 1713.28 10 4.1 34.8
0 1713.379 10 4.1 34.8
0 1713.485 9 4.1 34.8
0 1713.583 10 4.1 34.8
0 1713.678 10 3.3 34.8
0 1713.84 6 3.3 34.8
0 1713.874 29 3.3 34.8
0 1714.037 6 3.3 34.8
0 1714.072 29 3.3 34.8
0 1714.184 9 3.3 34.8
0 1714.281 10 3.3 34.8
0 1714.379 10 3.3 34.8
0 1714.49 9 3.3 34.8
0 1714.579 11 3.3 34.8
0 1714.786 5 3.3 34.8
0 1714.901 9 3.3 34.8
0 1714.914 77 3.3 34.8
0 1715.025 9 3.3 34.8
0 1715.12 11 3.3 34.8
0 1715.286 6 3.3 34.8
0 1715.313 38 3.3 34.8
0 1715.536 4 3.3 34.8
0 1715.543 159 3.3 34.8
0 1715.757 5 3.3 34.8
0 1715.761 247 3.3 34.8
0 1715.878 9 3.3 34.8
0 1715.977 10 3.3 34.8
0 1716.084 9 3.3 34.8
0 1716.243 6 3.3 34.8
0 1716.268 40 3.3 34.8
0 1716.368 10 3.3 34.8
0 1716.521 7 3.3 34.8
0 1716.575 19 3.3 34.8
0 1716.683 9 3.3 34.8
0 1716.777 11 3.3 34.8
0 1716.977 5 3.3 34.8
0 1716.988 94 3.3 34.8
0 1717.102 9 3.3 34.8
0 1717.26 6 3.3 34.8
0 1717.289 35 3.3 34.8
0 1717.397 9 3.3 34.8
0 1717.489 11 3.3 34.8
0 1717.602 9 3.3 34.8
0 1717.807 5 3.3 34.8
0 1717.811 211 3.3 34.8
0 1717.926 9 3.3 34.8
0 1718.025 10 3.3 34.8
0 1718.131 9 3.3 34.8
0 1718.228 10 3.3 34.8
0 1718.332 10 3.3 34.8
0 1718.423 11 3.3 34.8
0 1718.525 10 3.3 34.8
0 1718.632 9 3.3 34.8
0 1718.724 11 3.3 34.8
0 1718.896 6 3.3 34.8
0 1719.09 5 3.3 34.8
0 1719.095 212 3.3 34.8
0 1719.213 8 3.3 34.8
0 1719.311 10 3.3 34.8
0 1719.413 10 3.3 34.8
0 1719.496 12 3.3 34.8
0 1719.608 9 3.3 34.8
0 1719.818 5 3.3 34.8
0 1719.823 201 3.3 34.8
0 1719.931 9 3.3 34.8
0 1720.036 10 3.3 34.8
0 1720.137 10 3.3 34.8
0 1720.303 6 3.3 34.8
0 1720.332 34 3.3 34.8
0 1720.479 7 3.3 34.8
0 1720.583 10 3.3 34.8
0 1720.623 25 3.3 34.8
0 1720.849 4 3.3 34.8
0 1720.854 192 3.3 34.8
0 1721.069 5 3.3 34.8
0 1721.073 250 3.3 34.8
0 1721.246 6 3.3 34.8
0 1721.285 26 3.3 34.8
0 1721.394 9 3.3 34.8
0 1721.536 7 3.3 34.8
0 1721.591 18 3.3 34.8
0 1721.688 10 3.3 34.8
0 1721.789 10 3.3 34.8
0 1721.897 9 3.3 34.8
0 1721.988 11 3.3 34.8
0 1722.095 9 3.3 34.8
0 1722.189 11 3.3 34.8
0 1722.353 6 3.3 34.8
0 1722.385 32 3.3 34.8
0 1722.495 9 3.3 34.8
0 1722.595 10 3.3 34.8
0 1722.689 11 3.3 34.8
0 1722.898 5 3.3 34.8
0 1722.902 237 3.3 34.8
0 1723.134 4 3.3 34.8
0 1723.144 97 3.3 34.8
0 1723.252 9 3.3 34.8
0 1723.353 10 3.3 34.8
0 1723.451 10 3.3 34.8
0 1723.553 10 3.3 34.8
0 1723.662 9 3.3 34.8
0 1723.754 11 3.3 34.8
0 1723.914 6 3.3 34.8
0 1723.948 29 3.3 34.8
0 1724.114 6 3.3 34.8
0 1724.14 39 3.3 34.8
0 1724.267 8 3.3 34.8
0 1724.354 12 3.3 34.8
0 1724.454 10 3.3 34.8
0 1724.554 10 3.3 34.8
0 1724.653 10 3.3 34.8
0 1724.865 5 3.3 34.8
0 1724.869 226 3.3 34.8
0 1724.984 9 3.3 34.8
0 1725.19 5 3.3 34.8
0 1725.203 73 3.3 34.8
0 1725.376 6 3.3 34.8
0 1725.397 48 3.3 34.8
0 1725.592 5 3.3 34.8
0 1725.596 240 3.3 34.8
0 1725.71 9 3.3 34.8
0 1725.922 5 3.3 34.8
0 1725.931 121 3.3 34.8
0 1726.04 9 3.3 34.8
0 1726.141 10 3.3 34.8
0 1726.274 7 3.3 34.8
0 1726.344 14 3.3 34.8
0 1726.44 10 3.3 34.8
0 1726.598 6 3.3 34.8
0 1726.639 24 3.3 34.8
0 1726.739 10 3.3 34.8
0 1726.846 9 3.3 34.8
0 1726.954 9 3.3 34.8
0 1727.04 12 3.3 34.8
0 1727.252 5 3.3 34.8
0 1727.265 74 3.3 34.8
0 1727.435 6 3.3 34.8
0 1727.474 26 3.3 34.8
0 1727.569 10 3.3 34.8
0 1727.671 10 3.3 34.8
0 1727.769 10 3.3 34.8
0 1727.986 5 3.3 34.8
0 1727.993 140 3.3 34.8
0 1728.103 9 3.3 34.8
0 1728.202 10 3.3 34.8
0 1728.305 10 3.3 34.8
0 1728.407 10 3.3 34.8
0 1728.498 11 3.3 34.8
0 1728.591 11 3.3 34.8
0 1728.704 9 3.3 34.8
0 1728.802 10 3.3 34.8
0 1728.97 6 3.3 34.8
0 1728.993 44 3.3 34.8
0 1729.14 7 3.3 34.8
0 1729.317 6 3.3 34.8
0 1729.325 118 3.3 34.8
0 1729.431 9 3.3 34.8
0 1729.53 10 3.3 34.8
0 1729.694 6 3.3 34.8
0 1729.729 28 3.3 34.8
0 1729.933 5 3.3 34.8
0 1729.937 260 3.3 34.8
0 1730.047 9 3.3 34.8
0 1730.148 10 3.3 34.8
0 1730.26 9 3.3 34.8
0 1730.406 7 3.3 34.8
0 1730.447 24 3.3 34.8
0 1730.632 5 3.3 34.8
0 1730.637 191 3.3 34.8
0 1730.763 8 3.3 34.8
0 1730.958 5 3.3 34.8
0 1730.962 246 3.3 34.8
0 1731.071 9 3.3 34.8
0 1731.172 10 3.3 34.8
0 1731.335 6 3.3 34.8
0 1731.365 34 3.3 34.8
0 1731.469 10 3.3 34.8
0 1731.635 6 3.3 34.8
0 1731.669 29 3.3 34.8
0 1731.776 9 3.3 34.8
0 1731.881 9 3.3 34.8
0 1731.972 11 3.3 34.8
0 1732.073 10 3.3 34.8
0 1732.17 10 3.3 34.8
0 1732.3 8 3.3 34.8
0 1732.453 7 3.3 34.8
0 1732.471 56 3.3 34.8
0 1732.599 8 3.3 34.8
0 1732.698 10 3.3 34.8
0 1732.785 12 3.3 34.8
0 1732.943 6 3.3 34.8
0 1733.042 10 3.3 34.8
0 1733.093 20 3.3 34.8
0 1733.201 9 3.3 34.8
0 1733.293 11 3.3 34.8
0 1733.384 11 3.3 34.8
0 1733.495 9 3.3 34.8
0 1733.593 10 3.3 34.8
0 1733.691 10 3.3 34.8
0 1733.79 10 3.5 34.8
0 1733.893 10 3.5 34.8
0 1734.039 7 3.5 34.8
0 1734.084 23 3.5 34.8
0 1734.25 6 3.5 34.8
0 1734.278 36 3.5 34.8
0 1734.392 9 3.5 34.8
0 1734.492 10 3.5 34.8
0 1734.595 10 3.5 34.8
0 1734.692 10 3.5 34.8
0 1734.8 9 3.5 34.8
0 1734.942 7 3.5 34.8
0 1734.995 19 3.5 34.8
0 1735.097 10 3.5 34.8
0 1735.193 10 3.5 34.8
0 1735.296 10 3.5 34.8
0 1735.453 6 3.5 34.8
0 1735.482 35 3.5 34.8
0 1735.701 5 3.5 34.8
0 1735.711 93 3.5 34.8
0 1735.832 8 3.5 34.8
0 1736.026 5 3.5 34.8
0 1736.036 99 3.5 34.8
0 1736.165 8 3.5 34.8
0 1736.257 11 3.5 34.8
0 1736.416 6 3.5 34.8
0 1736.441 39 3.5 34.8
0 1736.557 9 3.5 34.8
0 1736.711 6 3.5 34.8
0 1736.745 30 3.5 34.8
0 1736.858 9 3.5 34.8
0 1736.958 10 3.5 34.8
0 1737.057 10 3.5 34.8
0 1737.156 10 3.5 34.8
0 1737.253 10 3.5 34.8
0 1737.358 10 3.5 34.8
0 1737.518 6 3.5 34.8
0 1737.539 47 3.5 34.8
0 1737.656 9 3.5 34.8
0 1737.762 9 3.5 34.8
0 1737.86 10 3.5 34.8
0 1738.059 5 3.5 34.8
0 1738.069 96 3.5 34.8
0 1738.189 8 3.5 34.8
0 1738.293 10 3.5 34.8
0 1738.391 10 3.5 34.8
0 1738.488 10 3.5 34.8
0 1738.591 10 3.5 34.8
0 1738.69 10 3.5 34.8
0 1738.794 10 3.5 34.8
0 1738.892 10 3.5 34.8
0 1738.991 10 3.5 34.8
0 1739.133 7 3.5 34.8
0 1739.196 16 3.5 34.8
0 1739.346 7 3.5 34.8
0 1739.377 32 3.5 34.8
0 1739.497 8 3.5 34.8
0 1739.6 10 3.5 34.8
0 1739.699 10 3.5 34.8
0 1739.803 10 3.5 34.8
0 1739.877 14 3.5 34.8
0 1740.045 6 3.5 34.8
0 1740.094 20 3.5 34.8
0 1740.202 9 3.5 34.8
0 1740.304 10 3.5 34.8
0 1740.406 10 3.5 34.8
0 1740.542 7 3.5 34.8
0 1740.594 19 3.5 34.8
0 1740.81 5 3.5 34.8
0 1740.82 96 3.5 34.8
0 1741.039 5 3.5 34.8
0 1741.049 93 3.5 34.8
0 1741.176 8 3.5 34.8
0 1741.279 10 3.5 34.8
0 1741.43 7 3.5 34.8
0 1741.467 27 3.5 34.8
0 1741.581 9 3.5 34.8
0 1741.723 7 3.5 34.8
0 1741.77 21 3.5 34.8
0 1741.881 9 3.5 34.8
0 1741.984 10 3.5 34.8
0 1742.082 10 3.5 34.8
0 1742.165 12 3.5 34.8
0 1742.28 9 3.5 34.8
0 1742.379 10 3.5 34.8
0 1742.526 7 3.5 34.8
0 1742.564 27 3.5 34.8
0 1742.682 8 3.5 34.8
0 1742.78 10 3.5 34.8
0 1742.88 10 3.5 34.8
0 1743.067 5 3.5 34.8
0 1743.116 21 3.5 34.8
0 1743.184 15 3.5 34.8
0 1743.275 11 3.5 34.8
0 1743.384 9 3.5 34.8
0 1743.48 10 3.5 34.8
0 1743.59 9 3.5 34.8
0 1743.686 10 3.5 34.8
0 1743.776 11 3.5 34.8
0 1743.885 9 4.0 34.8
0 1743.982 10 4.0 34.8
0 1744.149 6 4.0 34.8
0 1744.179 33 4.0 34.8
0 1744.332 7 4.0 34.8
0 1744.38 21 4.0 34.8
0 1744.485 10 4.0 34.8
0 1744.587 10 4.0 34.8
0 1744.689 10 4.0 34.8
0 1744.787 10 4.0 34.8
0 1744.887 10 4.0 34.8
0 1745.037 7 4.0 34.8
0 1745.081 23 4.0 34.8
0 1745.192 9 4.0 34.8
0 1745.287 10 4.0 34.8
0 1745.387 10 4.0 34.8
0 1745.537 7 4.0 34.8
0 1745.584 21 4.0 34.8
0 1745.737 7 4.0 34.8
0 1745.838 10 4.0 34.8
0 1745.883 22 4.0 34.8
0 1746.085 5 4.0 34.8
0 1746.089 253 4.0 34.8
0 1746.191 10 4.0 34.8
0 1746.303 9 4.0 34.8
0 1746.467 6 4.0 34.8
0 1746.496 36 4.0 34.8
0 1746.603 9 4.0 34.8
0 1746.766 6 4.0 34.8
0 1746.797 33 4.0 34.8
0 1746.894 10 4.0 34.8
0 1746.997 10 4.0 34.8
0 1747.103 9 4.0 34.8
0 1747.194 11 4.0 34.8
0 1747.306 9 4.0 34.8
0 1747.398 11 4.0 34.8
0 1747.554 6 4.0 34.8
0 1747.597 23 4.0 34.8
0 1747.703 9 4.0 34.8
0 1747.805 10 4.0 34.8
0 1747.908 10 4.0 34.8
0 1748.14 4 4.0 34.8
0 1748.144 256 4.0 34.8
0 1748.246 10 4.0 34.8
0 1748.359 9 4.0 34.8
0 1748.463 10 4.0 34.8
0 1748.555 11 4.0 34.8
0 1748.658 10 4.0 34.8
0 1748.759 10 4.0 34.8
0 1748.86 10 4.0 34.8
0 1748.963 10 4.0 34.8
0 1749.055 11 4.0 34.8
0 1749.222 6 4.0 34.8
0 1749.255 30 4.0 34.8
0 1749.425 6 4.0 34.8
0 1749.452 37 4.0 34.8
0 1749.564 9 4.0 34.8
0 1749.657 11 4.0 34.8
0 1749.76 10 4.0 34.8
0 1749.861 10 4.0 34.8
0 1749.96 10 4.0 34.8
0 1750.123 6 4.0 34.8
0 1750.15 37 4.0 34.8
0 1750.256 9 4.0 34.8
0 1750.361 10 4.0 34.8
0 1750.463 10 4.0 34.8
0 1750.629 6 4.0 34.8
0 1750.651 45 4.0 34.8
0 1750.875 4 4.0 34.8
0 1750.885 99 4.0 34.8
0 1751.097 5 4.0 34.8
0 1751.107 95 4.0 34.8
0 1751.238 8 4.0 34.8
0 1751.337 10 4.0 34.8
0 1751.484 7 4.0 34.8
0 1751.514 33 4.0 34.8
0 1751.634 8 4.0 34.8
0 1751.769 7 4.0 34.8
0 1751.834 15 4.0 34.8
0 1751.935 10 4.0 34.8
0 1752.022 12 4.0 34.8
0 1752.142 8 4.0 34.8
0 1752.237 10 4.0 34.8
0 1752.338 10 4.0 34.8
0 1752.435 10 4.0 34.8
0 1752.558 8 4.0 34.8
0 1752.609 19 4.0 34.8
0 1752.734 8 4.0 34.8
0 1752.841 9 4.0 34.8
0 1752.935 11 4.0 34.8
0 1753.132 5 4.0 34.8
0 1753.141 102 4.0 34.8
0 1753.271 8 4.0 34.8
0 1753.374 10 4.0 34.8
0 1753.497 8 4.0 34.8
0 1753.571 13 4.0 34.8
0 1753.678 9 4.0 34.8
0 1753.768 11 4.0 34.8
0 1753.877 9 4.0 34.8
0 1753.976 10 3.4 34.8
0 1754.075 10 3.4 34.8
0 1754.179 10 3.4 34.8
0 1754.319 7 3.4 34.8
0 1754.408 11 3.4 34.8
0 1754.513 10 3.4 34.8
0 1754.546 30 3.4 34.8
0 1754.658 9 3.4 34.8
0 1754.753 10 3.4 34.8
0 1754.851 10 3.4 34.8
0 1754.951 10 3.4 34.8
0 1755.052 10 3.4 34.8
0 1755.217 6 3.4 34.8
0 1755.24 44 3.4 34.8
0 1755.351 9 3.4 34.8
0 1755.439 11 3.4 34.8
0 1755.672 4 3.4 34.8
0 1755.676 254 3.4 34.8
0 1755.904 4 3.4 34.8
0 1755.909 212 3.4 34.8
0 1756.1 5 3.4 34.8
0 1756.109 117 3.4 34.8
0 1756.227 8 3.4 34.8
0 1756.328 10 3.4 34.8
0 1756.486 6 3.4 34.8
0 1756.509 44 3.4 34.8
0 1756.619 9 3.4 34.8
0 1756.786 6 3.4 34.8
0 1756.818 31 3.4 34.8
0 1756.931 9 3.4 34.8
0 1757.011 12 3.4 34.8
0 1757.123 9 3.4 34.8
0 1757.223 10 3.4 34.8
0 1757.322 10 3.4 34.8
0 1757.432 9 3.4 34.8
0 1757.598 6 3.4 34.8
0 1757.621 42 3.4 34.8
0 1757.724 10 3.4 34.8
0 1757.827 10 3.4 34.8
0 1757.933 9 3.4 34.8
0 1758.126 5 3.4 34.8
0 1758.13 236 3.4 34.8
0 1758.245 9 3.4 34.8
0 1758.367 8 3.4 34.8
0 1758.45 12 3.4 34.8
0 1758.565 9 3.4 34.8
0 1758.667 10 3.4 34.8
0 1758.748 12 3.4 34.8
0 1758.863 9 3.4 34.8
0 1758.968 10 3.4 34.8
0 1759.071 10 3.4 34.8
0 1759.164 11 3.4 34.8
0 1759.267 10 3.4 34.8
0 1759.466 5 3.4 34.8
0 1759.524 17 3.4 34.8
0 1759.606 12 3.4 34.8
0 1759.765 6 3.4 34.8
0 1759.795 33 3.4 34.8
0 1759.904 9 3.4 34.8
0 1760.005 10 3.4 34.8
0 1760.114 9 3.4 34.8
0 1760.254 7 3.4 34.8
0 1760.299 22 3.4 34.8
0 1760.395 10 3.4 34.8
0 1760.504 9 3.4 34.8
0 1760.602 10 3.4 34.8
0 1760.762 6 3.4 34.8
0 1760.778 65 3.4 34.8
0 1760.988 5 3.4 34.8
0 1761.0 87 3.4 34.8
0 1761.183 5 3.4 34.8
0 1761.201 56 3.4 34.8
0 1761.323 8 3.4 34.8
0 1761.426 10 3.4 34.8
0 1761.553 8 3.4 34.8
0 1761.628 13 3.4 34.8
0 1761.833 5 3.4 34.8
0 1761.842 101 3.4 34.8
0 1761.961 8 3.4 34.8
0 1762.071 9 3.4 34.8
0 1762.174 10 3.4 34.8
0 1762.272 10 3.4 34.8
0 1762.383 9 3.4 34.8
0 1762.452 15 3.4 34.8
0 1762.617 6 3.4 34.8
0 1762.667 20 3.4 34.8
0 1762.773 9 3.4 34.8
0 1762.883 9 3.4 34.8
0 1762.971 11 3.4 34.8
0 1763.155 5 3.4 34.8
0 1763.166 96 3.4 34.8
0 1763.296 8 3.4 34.8
0 1763.396 10 3.4 34.8
0 1763.493 10 3.4 34.8
0 1763.585 11 3.4 34.8
0 1763.697 9 3.4 34.8
0 1763.857 6 3.4 34.8
0 1763.882 41 3.4 34.8
0 1764.003 8 4.0 34.8
0 1764.097 11 4.0 34.8
0 1764.198 10 4.0 34.8
0 1764.296 10 4.0 34.8
0 1764.483 5 4.0 34.8
0 1764.543 17 4.0 34.8
0 1764.633 11 4.0 34.8
0 1764.732 10 4.0 34.8
0 1764.83 10 4.0 34.8
0 1764.914 12 4.0 34.8
0 1765.01 10 4.0 34.8
0 1765.134 8 4.0 34.8
0 1765.276 7 4.0 34.8
0 1765.343 15 4.0 34.8
0 1765.463 8 4.0 34.8
0 1765.538 13 4.0 34.8
0 1765.625 12 4.0 34.8
0 1765.794 6 4.0 34.8
0 1765.95 6 4.0 34.8
0 1766.019 14 4.0 34.8
0 1766.129 9 4.0 34.8
0 1766.233 10 4.0 34.8
0 1766.33 10 4.0 34.8
0 1766.416 12 4.0 34.8
0 1766.503 12 4.0 34.8
0 1766.654 7 4.0 34.8
0 1766.677 42 4.0 34.8
0 1766.856 6 4.0 34.8
0 1766.88 42 4.0 34.8
0 1767.006 8 4.0 34.8
0 1767.155 7 4.0 34.8
0 1767.176 48 4.0 34.8
0 1767.313 7 4.0 34.8
0 1767.419 9 4.0 34.8
0 1767.509 11 4.0 34.8
0 1767.651 7 4.0 34.8
0 1767.703 19 4.0 34.8
0 1767.814 9 4.0 34.8
0 1767.974 6 4.0 34.8
0 1767.993 53 4.0 34.8
0 1768.213 5 4.0 34.8
0 1768.231 57 4.0 34.8
0 1768.364 7 4.0 34.8
0 1768.458 11 4.0 34.8
0 1768.568 9 4.0 34.8
0 1768.665 10 4.0 34.8
0 1768.769 10 4.0 34.8
0 1768.862 11 4.0 34.8
0 1768.962 10 4.0 34.8
0 1769.067 10 4.0 34.8
0 1769.166 10 4.0 34.8
0 1769.264 10 4.0 34.8
0 1769.333 14 4.0 34.8
0 1769.534 5 4.0 34.8
0 1769.551 60 4.0 34.8
0 1769.69 7 4.0 34.8
0 1769.785 11 4.0 34.8
0 1769.883 10 4.0 34.8
0 1770.04 6 4.0 34.8
0 1770.059 52 4.0 34.8
0 1770.198 7 4.0 34.8
0 1770.335 7 4.0 34.8
0 1770.358 45 4.0 34.8
0 1770.497 7 4.0 34.8
0 1770.591 11 4.0 34.8
0 1770.692 10 4.0 34.8
0 1770.839 7 4.0 34.8
0 1770.858 51 4.0 34.8
0 1771.087 4 4.0 34.8
0 1771.104 60 4.0 34.8
0 1771.239 7 4.0 34.8
0 1771.341 10 4.0 34.8
0 1771.412 14 4.0 34.8
0 1771.523 9 4.0 34.8
0 1771.681 6 4.0 34.8
0 1771.705 42 4.0 34.8
0 1771.881 6 4.0 34.8
0 1771.919 26 4.0 34.8
0 1772.196 4 4.0 34.8
0 1772.212 60 4.0 34.8
0 1772.349 7 4.0 34.8
0 1772.453 10 4.0 34.8
0 1772.519 15 4.0 34.8
0 1772.69 6 4.0 34.8
0 1772.715 41 4.0 34.8
0 1772.86 7 4.0 34.8
0 1772.955 11 4.0 34.8
0 1773.027 14 4.0 34.8
0 1773.233 5 4.0 34.8
0 1773.253 52 4.0 34.8
0 1773.395 7 4.0 34.8
0 1773.494 10 4.0 34.8
0 1773.598 10 4.0 34.8
0 1773.695 10 4.0 34.8
0 1773.791 10 4.0 34.8
0 1773.894 10 4.0 34.8
0 1773.991 10 4.0 34.8
0 1774.21 5 4.8 34.8
0 1774.239 34 4.8 34.8
0 1774.378 7 4.8 34.8
0 1774.551 6 4.8 34.8
0 1774.569 57 4.8 34.8
0 1774.719 7 4.8 34.8
0 1774.813 11 4.8 34.8
0 1774.903 11 4.8 34.8
0 1775.007 10 4.8 34.8
0 1775.116 9 4.8 34.8
0 1775.206 11 4.8 34.8
0 1775.347 7 4.8 34.8
0 1775.369 46 4.8 34.8
0 1775.503 7 4.8 34.8
0 1775.615 9 4.8 34.8
0 1775.753 7 4.8 34.8
0 1775.81 18 4.8 34.8
0 1775.895 12 4.8 34.8
0 1776.084 5 4.8 34.8
0 1776.225 7 4.8 34.8
0 1776.253 35 4.8 34.8
0 1776.367 9 4.8 34.8
0 1776.443 13 4.8 34.8
0 1776.571 8 4.8 34.8
0 1776.712 7 4.8 34.8
0 1776.758 21 4.8 34.8
0 1776.904 7 4.8 34.8
0 1776.966 16 4.8 34.8
0 1777.072 9 4.8 34.8
0 1777.216 7 4.8 34.8
0 1777.256 25 4.8 34.8
0 1777.366 9 4.8 34.8
0 1777.462 10 4.8 34.8
0 1777.569 9 4.8 34.8
0 1777.727 6 4.8 34.8
0 1777.737 104 4.8 34.8
0 1777.873 7 4.8 34.8
0 1777.972 10 4.8 34.8
0 1778.07 10 4.8 34.8
0 1778.37 3 4.8 34.8
0 1778.382 87 4.8 34.8
0 1778.548 6 4.8 34.8
0 1778.588 25 4.8 34.8
0 1778.689 10 4.8 34.8
0 1778.792 10 4.8 34.8
0 1778.893 10 4.8 34.8
0 1778.989 10 4.8 34.8
0 1779.087 10 4.8 34.8
0 1779.191 10 4.8 34.8
0 1779.292 10 4.8 34.8
0 1779.394 10 4.8 34.8
0 1779.598 5 4.8 34.8
0 1779.604 173 4.8 34.8
0 1779.715 9 4.8 34.8
0 1779.819 10 4.8 34.8
0 1779.923 10 4.8 34.8
0 1780.009 12 4.8 34.8
0 1780.123 9 4.8 34.8
0 1780.381 4 4.8 34.8
0 1780.385 262 4.8 34.8
0 1780.505 8 4.8 34.8
0 1780.596 11 4.8 34.8
0 1780.688 11 4.8 34.8
0 1780.911 4 4.8 34.8
0 1780.916 212 4.8 34.8
0 1781.141 4 4.8 34.8
0 1781.145 244 4.8 34.8
0 1781.265 8 4.8 34.8
0 1781.359 11 4.8 34.8
0 1781.461 10 4.8 34.8
0 1781.566 10 4.8 34.8
0 1781.721 6 4.8 34.8
0 1781.756 28 4.8 34.8
0 1781.926 6 4.8 34.8
0 1781.954 36 4.8 34.8
0 1782.067 9 4.8 34.8
0 1782.225 6 4.8 34.8
0 1782.361 7 4.8 34.8
0 1782.376 69 4.8 34.8
0 1782.483 9 4.8 34.8
0 1782.589 9 4.8 34.8
0 1782.745 6 4.8 34.8
0 1782.773 36 4.8 34.8
0 1782.881 9 4.8 34.8
0 1782.986 9 4.8 34.8
0 1783.089 10 4.8 34.8
0 1783.181 11 4.8 34.8
0 1783.384 5 4.8 34.8
0 1783.388 240 4.8 34.8
0 1783.556 6 4.8 34.8
0 1783.596 25 4.8 34.8
0 1783.703 9 4.8 34.8
0 1783.804 10 4.8 34.8
0 1783.903 10 4.8 34.8
0 1784.003 10 4.8 34.8
0 1784.099 10 4.8 34.8
0 1784.19 11 4.8 34.8
0 1784.412 4 3.9 34.8
0 1784.426 73 3.9 34.8
0 1784.611 5 3.9 34.8
0 1784.62 108 3.9 34.8
0 1784.731 9 3.9 34.8
0 1784.833 10 3.9 34.8
0 1784.929 10 3.9 34.8
0 1785.026 10 3.9 34.8
0 1785.146 8 3.9 34.8
0 1785.23 12 3.9 34.8
0 1785.391 6 3.9 34.8
0 1785.427 28 3.9 34.8
0 1785.53 10 3.9 34.8
0 1785.639 9 3.9 34.8
0 1785.741 10 3.9 34.8
0 1785.943 5 3.9 34.8
0 1785.947 246 3.9 34.8
0 1786.159 5 3.9 34.8
0 1786.165 169 3.9 34.8
0 1786.283 8 3.9 34.8
0 1786.486 5 3.9 34.8
0 1786.496 98 3.9 34.8
0 1786.595 10 3.9 34.8
0 1786.768 6 3.9 34.8
0 1786.802 30 3.9 34.8
0 1786.959 6 3.9 34.8
0 1786.999 25 3.9 34.8
0 1787.1 10 3.9 34.8
0 1787.25 7 3.9 34.8
0 1787.311 16 3.9 34.8
0 1787.401 11 3.9 34.8
0 1787.5 10 3.9 34.8
0 1787.6 10 3.9 34.8
0 1787.761 6 3.9 34.8
0 1787.796 28 3.9 34.8
0 1787.914 8 3.9 34.8
0 1788.002 11 3.9 34.8
0 1788.097 11 3.9 34.8
0 1788.192 11 3.9 34.8
0 1788.415 4 3.9 34.8
0 1788.421 163 3.9 34.8
0 1788.567 7 3.9 34.8
0 1788.629 16 3.9 34.8
0 1788.725 10 3.9 34.8
0 1788.898 6 3.9 34.8
0 1788.947 20 3.9 34.8
0 1789.026 13 3.9 34.8
0 1789.156 8 3.9 34.8
0 1789.252 10 3.9 34.8
0 1789.355 10 3.9 34.8
0 1789.465 9 3.9 34.8
0 1789.597 8 3.9 34.8
0 1789.65 19 3.9 34.8
0 1789.755 10 3.9 34.8
0 1789.853 10 3.9 34.8
0 1789.966 9 3.9 34.8
0 1790.055 11 3.9 34.8
0 1790.157 10 3.9 34.8
0 1790.258 10 3.9 34.8
0 1790.355 10 3.9 34.8
0 1790.493 7 3.9 34.8
0 1790.53 27 3.9 34.8
0 1790.657 8 3.9 34.8
0 1790.757 10 3.9 34.8
0 1790.858 10 3.9 34.8
0 1791.055 5 3.9 34.8
0 1791.115 17 3.9 34.8
0 1791.232 9 3.9 34.8
0 1791.289 18 3.9 34.8
0 1791.395 9 3.9 34.8
0 1791.491 10 3.9 34.8
0 1791.596 10 3.9 34.8
0 1791.692 10 3.9 34.8
0 1791.826 7 3.9 34.8
0 1791.873 21 3.9 34.8
0 1792.038 6 3.9 34.8
0 1792.072 30 3.9 34.8
0 1792.198 8 3.9 34.8
0 1792.357 6 3.9 34.8
0 1792.366 109 3.9 34.8
0 1792.495 8 3.9 34.8
0 1792.594 10 3.9 34.8
0 1792.7 9 3.9 34.8
0 1792.841 7 3.9 34.8
0 1792.879 26 3.9 34.8
0 1792.999 8 3.9 34.8
0 1793.095 10 3.9 34.8
0 1793.182 12 3.9 34.8
0 1793.307 8 3.9 34.8
0 1793.488 6 3.9 34.8
0 1793.498 96 3.9 34.8
0 1793.678 6 3.9 34.8
0 1793.712 29 3.9 34.8
0 1793.836 8 3.9 34.8
0 1793.921 12 3.9 34.8
0 1794.015 11 3.9 34.8
0 1794.128 9 3.9 34.8
0 1794.227 10 3.9 34.8
0 1794.336 9 3.9 34.8
0 1794.426 11 4.1 34.8
0 1794.516 11 4.1 34.8
0 1794.671 6 4.1 34.8
0 1794.711 25 4.1 34.8
0 1794.836 8 4.1 34.8
0 1794.929 11 4.1 34.8
0 1795.017 11 4.1 34.8
0 1795.131 9 4.1 34.8
0 1795.275 7 4.1 34.8
0 1795.297 45 4.1 34.8
0 1795.415 9 4.1 34.8
0 1795.564 7 4.1 34.8
0 1795.603 26 4.1 34.8
0 1795.708 10 4.1 34.8
0 1795.805 10 4.1 34.8
0 1795.916 9 4.1 34.8
0 1796.171 4 4.1 34.8
0 1796.218 21 4.1 34.8
0 1796.285 15 4.1 34.8
0 1796.386 10 4.1 34.8
0 1796.496 9 4.1 34.8
0 1796.586 11 4.1 34.8
0 1796.689 10 4.1 34.8
0 1796.844 6 4.1 34.8
0 1796.885 24 4.1 34.8
0 1797.052 6 4.1 34.8
0 1797.083 32 4.1 34.8
0 1797.189 9 4.1 34.8
0 1797.353 6 4.1 34.8
0 1797.381 35 4.1 34.8
0 1797.486 10 4.1 34.8
0 1797.597 9 4.1 34.8
0 1797.689 11 4.1 34.8
0 1797.848 6 4.1 34.8
0 1797.88 31 4.1 34.8
0 1797.986 9 4.1 34.8
0 1798.1 9 4.1 34.8
0 1798.191 11 4.1 34.8
0 1798.289 10 4.1 34.8
0 1798.497 5 4.1 34.8
0 1798.501 295 4.1 34.8
0 1798.676 6 4.1 34.8
0 1798.705 35 4.1 34.8
0 1798.813 9 4.1 34.8
0 1798.905 11 4.1 34.8
0 1799.007 10 4.1 34.8
0 1799.12 9 4.1 34.8
0 1799.232 9 4.1 34.8
0 1799.306 14 4.1 34.8
0 1799.406 10 4.1 34.8
0 1799.507 10 4.1 34.8
0 1799.676 6 4.1 34.8
0 1799.706 33 4.1 34.8
0 1799.81 10 4.1 34.8
0 1799.917 9 4.1 34.8
0 1800.015 10 4.1 34.8
0 1800.119 10 4.1 34.8
0 1800.283 6 4.1 34.8
0 1800.308 40 4.1 34.8
0 1800.425 9 4.1 34.8
0 1800.561 7 4.1 34.8
0 1800.613 19 4.1 34.8
0 1800.722 9 4.1 34.8
0 1800.814 11 4.1 34.8
0 1800.926 9 4.1 34.8
0 1801.063 7 4.1 34.8
0 1801.219 6 4.1 34.8
0 1801.276 18 4.1 34.8
0 1801.335 17 4.1 34.8
0 1801.428 11 4.1 34.8
0 1801.524 10 4.1 34.8
0 1801.635 9 4.1 34.8
0 1801.743 9 4.1 34.8
0 1801.917 6 4.1 34.8
0 1801.924 136 4.1 34.8
0 1802.097 6 4.1 34.8
0 1802.134 27 4.1 34.8
0 1802.236 10 4.1 34.8
0 1802.405 6 4.1 34.8
0 1802.437 32 4.1 34.8
0 1802.561 8 4.1 34.8
0 1802.665 10 4.1 34.8
0 1802.765 10 4.1 34.8
0 1802.904 7 4.1 34.8
0 1802.936 31 4.1 34.8
0 1803.06 8 4.1 34.8
0 1803.162 10 4.1 34.8
0 1803.334 6 4.1 34.8
0 1803.365 32 4.1 34.8
0 1803.583 5 4.1 34.8
0 1803.594 93 4.1 34.8
0 1803.787 5 4.1 34.8
0 1803.797 98 4.1 34.8
0 1803.933 7 4.1 34.8
0 1804.018 12 4.1 34.8
0 1804.13 9 4.1 34.8
0 1804.223 11 4.1 34.8
0 1804.323 10 4.1 34.8
0 1804.426 10 4.1 34.8
0 1804.519 11 3.6 34.8
0 1804.687 6 3.6 34.8
0 1804.698 89 3.6 34.8
0 1804.825 8 3.6 34.8
0 1804.927 10 3.6 34.8
0 1805.02 11 3.6 34.8
0 1805.127 9 3.6 34.8
0 1805.291 6 3.6 34.8
0 1805.306 64 3.6 34.8
0 1805.429 8 3.6 34.8
0 1805.516 11 3.6 34.8
0 1805.606 11 3.6 34.8
0 1805.702 10 3.6 34.8
0 1805.834 8 3.6 34.8
0 1805.925 11 3.6 34.8
0 1806.107 5 3.6 34.8
0 1806.163 18 3.6 34.8
0 1806.349 5 3.6 34.8
0 1806.361 83 3.6 34.8
0 1806.485 8 3.6 34.8
0 1806.561 13 3.6 34.8
0 1806.697 7 3.6 34.8
0 1806.791 11 3.6 34.8
0 1806.939 7 3.6 34.8
0 1806.965 38 3.6 34.8
0 1807.13 6 3.6 34.8
0 1807.161 32 3.6 34.8
0 1807.294 8 3.6 34.8
0 1807.441 7 3.6 34.8
0 1807.482 24 3.6 34.8
0 1807.591 9 3.6 34.8
0 1807.691 10 3.6 34.8
0 1807.798 9 3.6 34.8
0 1807.939 7 3.6 34.8
0 1807.984 22 3.6 34.8
0 1808.092 9 3.6 34.8
0 1808.192 10 3.6 34.8
0 1808.303 9 3.6 34.8
0 1808.392 11 3.6 34.8
0 1808.522 8 3.6 34.8
0 1808.654 8 3.6 34.8
0 1808.665 86 3.6 34.8
0 1808.844 6 3.6 34.8
0 1808.874 34 3.6 34.8
0 1808.995 8 3.6 34.8
0 1809.098 10 3.6 34.8
0 1809.194 10 3.6 34.8
0 1809.288 11 3.6 34.8
0 1809.505 5 3.6 34.8
0 1809.526 48 3.6 34.8
0 1809.66 7 3.6 34.8
0 1809.736 13 3.6 34.8
0 1809.845 9 3.6 34.8
0 1809.934 11 3.6 34.8
0 1810.023 11 3.6 34.8
0 1810.128 10 3.6 34.8
0 1810.228 10 3.6 34.8
0 1810.364 7 3.6 34.8
0 1810.43 15 3.6 34.8
0 1810.513 12 3.6 34.8
0 1810.638 8 3.6 34.8
0 1810.73 11 3.6 34.8
0 1810.829 10 3.6 34.8
0 1810.93 10 3.6 34.8
0 1811.016 12 3.6 34.8
0 1811.18 6 3.6 34.8
0 1811.232 19 3.6 34.8
0 1811.409 6 3.6 34.8
0 1811.519 9 3.6 34.8
0 1811.524 209 3.6 34.8
0 1811.632 9 3.6 34.8
0 1811.752 8 3.6 34.8
0 1811.843 11 3.6 34.8
0 1811.941 10 3.6 34.8
0 1812.032 11 3.6 34.8
0 1812.166 7 3.6 34.8
0 1812.238 14 3.6 34.8
0 1812.35 9 3.6 34.8
0 1812.474 8 3.6 34.8
0 1812.527 19 3.6 34.8
0 1812.642 9 3.6 34.8
0 1812.744 10 3.6 34.8
0 1812.85 9 3.6 34.8
0 1812.971 8 3.6 34.8
0 1813.026 18 3.6 34.8
0 1813.143 9 3.6 34.8
0 1813.245 10 3.6 34.8
0 1813.342 10 3.6 34.8
0 1813.532 5 3.6 34.8
0 1813.537 220 3.6 34.8
0 1813.719 5 3.6 34.8
0 1813.746 37 3.6 34.8
0 1813.879 8 3.6 34.8
0 1813.953 14 3.6 34.8
0 1814.122 6 3.6 34.8
0 1814.14 56 3.6 34.8
0 1814.256 9 3.6 34.8
0 1814.354 10 3.6 34.8
0 1814.452 10 3.6 34.8
0 1814.553 10 4.2 34.8
0 1814.686 7 4.2 34.8
0 1814.757 14 4.2 34.8
0 1814.855 10 4.2 34.8
0 1814.953 10 4.2 34.8
0 1815.053 10 4.2 34.8
0 1815.155 10 4.2 34.8
0 1815.262 9 4.2 34.8
0 1815.392 8 4.2 34.8
0 1815.553 6 4.2 34.8
0 1815.571 57 4.2 34.8
0 1815.674 10 4.2 34.8
0 1815.783 9 4.2 34.8
0 1815.877 11 4.2 34.8
0 1815.974 10 4.2 34.8
0 1816.184 5 4.2 34.8
0 1816.189 203 4.2 34.8
0 1816.313 8 4.2 34.8
0 1816.454 7 4.2 34.8
0 1816.501 21 4.2 34.8
0 1816.603 10 4.2 34.8
0 1816.705 10 4.2 34.8
0 1816.809 10 4.2 34.8
0 1816.912 10 4.2 34.8
0 1817.03 8 4.2 34.8
0 1817.104 14 4.2 34.8
0 1817.23 8 4.2 34.8
0 1817.31 13 4.2 34.8
0 1817.404 11 4.2 34.8
0 1817.631 4 4.2 34.8
0 1817.636 187 4.2 34.8
0 1817.751 9 4.2 34.8
0 1817.857 9 4.2 34.8
0 1817.971 9 4.2 34.8
0 1818.05 13 4.2 34.8
0 1818.217 6 4.2 34.8
0 1818.251 30 4.2 34.8
0 1818.358 9 4.2 34.8
0 1818.442 12 4.2 34.8
0 1818.58 7 4.2 34.8
0 1818.653 14 4.2 34.8
0 1818.791 7 4.2 34.8
0 1818.851 17 4.2 34.8
0 1818.964 9 4.2 34.8
0 1819.052 11 4.2 34.8
0 1819.154 10 4.2 34.8
0 1819.251 10 4.2 34.8
0 1819.36 9 4.2 34.8
0 1819.459 10 4.2 34.8
0 1819.696 4 4.2 34.8
0 1819.701 220 4.2 34.8
0 1819.815 9 4.2 34.8
0 1819.922 9 4.2 34.8
0 1820.023 10 4.2 34.8
0 1820.158 7 4.2 34.8
0 1820.28 8 4.2 34.8
0 1820.319 26 4.2 34.8
0 1820.46 7 4.2 34.8
0 1820.52 17 4.2 34.8
0 1820.619 10 4.2 34.8
0 1820.721 10 4.2 34.8
0 1820.82 10 4.2 34.8
0 1820.912 11 4.2 34.8
0 1821.021 9 4.2 34.8
0 1821.124 10 4.2 34.8
0 1821.269 7 4.2 34.8
0 1821.319 20 4.2 34.8
0 1821.466 7 4.2 34.8
0 1821.521 18 4.2 34.8
0 1821.731 5 4.2 34.8
0 1821.778 21 4.2 34.8
0 1821.856 13 4.2 34.8
0 1821.955 10 4.2 34.8
0 1822.07 9 4.2 34.8
0 1822.155 12 4.2 34.8
0 1822.39 4 4.2 34.8
0 1822.404 68 4.2 34.8
0 1822.513 9 4.2 34.8
0 1822.648 7 4.2 34.8
0 1822.714 15 4.2 34.8
0 1822.817 10 4.2 34.8
0 1822.917 10 4.2 34.8
0 1823.033 9 4.2 34.8
0 1823.118 12 4.2 34.8
0 1823.219 10 4.2 34.8
0 1823.318 10 4.2 34.8
0 1823.418 10 4.2 34.8
0 1823.515 10 4.2 34.8
0 1823.644 8 4.2 34.8
0 1823.92 4 4.2 34.8
0 1823.926 154 4.2 34.8
0 1824.028 10 4.2 34.8
0 1824.146 8 4.2 34.8
0 1824.247 10 4.2 34.8
0 1824.483 4 4.2 34.8
0 1824.5 60 4.2 34.8
0 1824.607 9 3.3 34.8
0 1824.712 10 3.3 34.8
0 1824.81 10 3.3 34.8
0 1824.911 10 3.3 34.8
0 1825.015 10 3.3 34.8
0 1825.108 11 3.3 34.8
0 1825.211 10 3.3 34.8
0 1825.307 10 3.3 34.8
0 1825.414 9 3.3 34.8
0 1825.535 8 3.3 34.8
0 1825.608 14 3.3 34.8
0 1825.711 10 3.3 34.8
0 1825.978 4 3.3 34.8
0 1825.998 51 3.3 34.8
0 1826.11 9 3.3 34.8
0 1826.203 11 3.3 34.8
0 1826.349 7 3.3 34.8
0 1826.557 5 3.3 34.8
0 1826.563 155 3.3 34.8
0 1826.687 8 3.3 34.8
0 1826.764 13 3.3 34.8
0 1826.872 9 3.3 34.8
0 1826.984 9 3.3 34.8
0 1827.123 7 3.3 34.8
0 1827.181 17 3.3 34.8
0 1827.28 10 3.3 34.8
0 1827.372 11 3.3 34.8
0 1827.484 9 3.3 34.8
0 1827.584 10 3.3 34.8
0 1827.713 8 3.3 34.8
0 1827.782 15 3.3 34.8
0 1828.001 5 3.3 34.8
0 1828.02 51 3.3 34.8
0 1828.127 9 3.3 34.8
0 1828.224 10 3.3 34.8
0 1828.326 10 3.3 34.8
0 1828.539 5 3.3 34.8
0 1828.558 53 3.3 34.8
0 1828.685 8 3.3 34.8
0 1828.764 13 3.3 34.8
0 1828.866 10 3.3 34.8
0 1828.99 8 3.3 34.8
0 1829.068 13 3.3 34.8
0 1829.166 10 3.3 34.8
0 1829.265 10 3.3 34.8
0 1829.367 10 3.3 34.8
0 1829.466 10 3.3 34.8
0 1829.57 10 3.3 34.8
0 1829.658 11 3.3 34.8
0 1829.766 9 3.3 34.8
0 1829.864 10 3.3 34.8
0 1830.145 4 3.3 34.8
0 1830.153 141 3.3 34.8
0 1830.267 9 3.3 34.8
0 1830.366 10 3.3 34.8
0 1830.624 4 3.3 34.8
0 1830.63 174 3.3 34.8
0 1830.751 8 3.3 34.8
0 1830.846 10 3.3 34.8
0 1830.945 10 3.3 34.8
0 1831.044 10 3.3 34.8
0 1831.151 9 3.3 34.8
0 1831.245 11 3.3 34.8
0 1831.394 7 3.3 34.8
0 1831.444 20 3.3 34.8
0 1831.575 8 3.3 34.8
0 1831.652 13 3.3 34.8
0 1831.746 11 3.3 34.8
0 1831.848 10 3.3 34.8
0 1831.954 9 3.3 34.8
0 1832.033 13 3.3 34.8
0 1832.239 5 3.3 34.8
0 1832.255 62 3.3 34.8
0 1832.384 8 3.3 34.8
0 1832.467 12 3.3 34.8
0 1832.681 5 3.3 34.8
0 1832.729 21 3.3 34.8
0 1832.802 14 3.3 34.8
0 1832.905 10 3.3 34.8
0 1833.007 10 3.3 34.8
0 1833.129 8 3.3 34.8
0 1833.206 13 3.3 34.8
0 1833.304 10 3.3 34.8
0 1833.404 10 3.3 34.8
0 1833.507 10 3.3 34.8
0 1833.605 10 3.3 34.8
0 1833.704 10 3.3 34.8
0 1833.806 10 3.3 34.8
0 1833.905 10 3.3 34.8
0 1834.037 8 3.3 34.8
0 1834.107 14 3.3 34.8
0 1834.263 6 3.3 34.8
0 1834.306 23 3.3 34.8
0 1834.407 10 3.3 34.8
0 1834.504 10 3.3 34.8
0 1834.722 5 3.2 34.8
0 1834.738 65 3.2 34.8
0 1834.875 7 3.2 34.8
0 1834.949 13 3.2 34.8
0 1835.03 12 3.2 34.8
0 1835.148 9 3.2 34.8
0 1835.251 10 3.2 34.8
0 1835.347 10 3.2 34.8
0 1835.455 9 3.2 34.8
0 1835.531 13 3.2 34.8
0 1835.678 7 3.2 34.8
0 1835.745 15 3.2 34.8
0 1835.849 10 3.2 34.8
0 1835.948 10 3.2 34.8
0 1836.034 12 3.2 34.8
0 1836.148 9 3.2 34.8
0 1836.305 6 3.2 34.8
0 1836.378 14 3.2 34.8
0 1836.477 10 3.2 34.8
0 1836.538 16 3.2 34.8
0 1836.845 3 3.2 34.8
0 1836.852 160 3.2 34.8
0 1836.974 8 3.2 34.8
0 1837.075 10 3.2 34.8
0 1837.203 8 3.2 34.8
0 1837.263 17 3.2 34.8
0 1837.396 8 3.2 34.8
0 1837.477 12 3.2 34.8
0 1837.577 10 3.2 34.8
0 1837.673 10 3.2 34.8
0 1837.794 8 3.2 34.8
0 1837.871 13 3.2 34.8
0 1837.979 9 3.2 34.8
0 1838.079 10 3.2 34.8
0 1838.198 8 3.2 34.8
0 1838.334 7 3.2 34.8
0 1838.372 27 3.2 34.8
0 1838.459 11 3.2 34.8
0 1838.583 8 3.2 34.8
0 1838.924 3 3.2 34.8
0 1838.945 47 3.2 34.8
0 1839.063 8 3.2 34.8
0 1839.142 13 3.2 34.8
0 1839.249 9 3.2 34.8
0 1839.35 10 3.2 34.8
0 1839.451 10 3.2 34.8
0 1839.533 12 3.2 34.8
0 1839.664 8 3.2 34.8
0 1839.753 11 3.2 34.8
0 1839.851 10 3.2 34.8
0 1839.932 12 3.2 34.8
0 1840.033 10 3.2 34.8
0 1840.153 8 3.2 34.8
0 1840.251 10 3.2 34.8
0 1840.373 8 3.2 34.8
0 1840.451 13 3.2 34.8
0 1840.534 12 3.2 34.8
0 1840.692 6 3.2 34.8
0 1840.973 4 3.2 34.8
0 1840.991 55 3.2 34.8
0 1841.091 10 3.2 34.8
0 1841.203 9 3.2 34.8
0 1841.3 10 3.2 34.8
0 1841.435 7 3.2 34.8
0 1841.54 10 3.2 34.8
0 1841.596 18 3.2 34.8
0 1841.703 9 3.2 34.8
0 1841.802 10 3.2 34.8
0 1841.907 10 3.2 34.8
0 1842.002 11 3.2 34.8
0 1842.108 9 3.2 34.8
0 1842.204 10 3.2 34.8
0 1842.282 13 3.2 34.8
0 1842.469 5 3.2 34.8
0 1842.5 31 3.2 34.8
0 1842.608 9 3.2 34.8
0 1842.705 10 3.2 34.8
0 1843.022 3 3.2 34.8
0 1843.033 88 3.2 34.8
0 1843.155 8 3.2 34.8
0 1843.249 11 3.2 34.8
0 1843.349 10 3.2 34.8
0 1843.45 10 3.2 34.8
0 1843.53 13 3.2 34.8
0 1843.659 8 3.2 34.8
0 1843.75 11 3.2 34.8
0 1843.846 10 3.2 34.8
0 1843.953 9 3.2 34.8
0 1844.03 13 3.2 34.8
0 1844.161 8 3.2 34.8
0 1844.251 11 3.2 34.8
0 1844.351 10 3.2 34.8
0 1844.516 6 3.2 34.8
0 1844.531 67 3.2 34.8
0 1844.652 8 3.2 34.8
0 1844.758 9 3.3 34.8
0 1845.073 3 3.3 34.8
0 1845.091 57 3.3 34.8
0 1845.203 9 3.3 34.8
0 1845.309 9 3.3 34.8
0 1845.399 11 3.3 34.8
0 1845.503 10 3.3 34.8
0 1845.6 10 3.3 34.8
0 1845.702 10 3.3 34.8
0 1845.813 9 3.3 34.8
0 1845.902 11 3.3 34.8
0 1846.004 10 3.3 34.8
0 1846.104 10 3.3 34.8
0 1846.203 10 3.3 34.8
0 1846.303 10 3.3 34.8
0 1846.395 11 3.3 34.8
0 1846.571 6 3.3 34.8
0 1846.599 35 3.3 34.8
0 1846.706 9 3.3 34.8
0 1846.798 11 3.3 34.8
0 1847.141 3 3.3 34.8
0 1847.152 92 3.3 34.8
0 1847.265 9 3.3 34.8
0 1847.367 10 3.3 34.8
0 1847.466 10 3.3 34.8
0 1847.555 11 3.3 34.8
0 1847.676 8 3.3 34.8
0 1847.758 12 3.3 34.8
0 1847.869 9 3.3 34.8
0 1847.971 10 3.3 34.8
0 1848.069 10 3.3 34.8
0 1848.168 10 3.3 34.8
0 1848.275 9 3.3 34.8
0 1848.368 11 3.3 34.8
0 1848.467 10 3.3 34.8
0 1848.634 6 3.3 34.8
0 1848.663 34 3.3 34.8
0 1848.767 10 3.3 34.8
0 1848.875 9 3.3 34.8
0 1848.967 11 3.3 34.8
0 1849.18 5 3.3 34.8
0 1849.194 73 3.3 34.8
0 1849.303 9 3.3 34.8
0 1849.414 9 3.3 34.8
0 1849.502 11 3.3 34.8
0 1849.609 9 3.3 34.8
0 1849.707 10 3.3 34.8
0 1849.792 12 3.3 34.8
0 1849.914 8 3.3 34.8
0 1850.007 11 3.3 34.8
0 1850.111 10 3.3 34.8
0 1850.208 10 3.3 34.8
0 1850.306 10 3.3 34.8
0 1850.42 9 3.3 34.8
0 1850.506 12 3.3 34.8
0 1850.712 5 3.3 34.8
0 1850.736 42 3.3 34.8
0 1850.838 10 3.3 34.8
0 1850.944 9 3.3 34.8
0 1851.037 11 3.3 34.8
0 1851.193 6 3.3 34.8
0 1851.241 21 3.3 34.8
0 1851.339 10 3.3 34.8
0 1851.444 10 3.3 34.8
0 1851.531 11 3.3 34.8
0 1851.639 9 3.3 34.8
0 1851.746 9 3.3 34.8
0 1851.839 11 3.3 34.8
0 1851.948 9 3.3 34.8
0 1852.032 12 3.3 34.8
0 1852.13 10 3.3 34.8
0 1852.248 8 3.3 34.8
0 1852.338 11 3.3 34.8
0 1852.44 10 3.3 34.8
0 1852.539 10 3.3 34.8
0 1852.749 5 3.3 34.8
0 1852.775 39 3.3 34.8
0 1852.875 10 3.3 34.8
0 1852.975 10 3.3 34.8
0 1853.083 9 3.3 34.8
0 1853.29 5 3.3 34.8
0 1853.308 57 3.3 34.8
0 1853.404 10 3.3 34.8
0 1853.512 9 3.3 34.8
0 1853.619 9 3.3 34.8
0 1853.712 11 3.3 34.8
0 1853.819 9 3.3 34.8
0 1853.914 11 3.3 34.8
0 1854.011 10 3.3 34.8
0 1854.112 10 3.3 34.8
0 1854.22 9 3.3 34.8
0 1854.32 10 3.3 34.8
0 1854.397 13 3.3 34.8
0 1854.513 9 3.3 34.8
0 1854.614 10 3.3 34.8
0 1854.824 5 3.2 34.8
0 1854.835 87 3.2 34.8
0 1854.946 9 3.2 34.8
0 1855.041 11 3.2 34.8
0 1855.175 8 3.2 34.8
0 1855.247 14 3.2 34.8
0 1855.342 11 3.2 34.8
0 1855.444 10 3.2 34.8
0 1855.534 11 3.2 34.8
0 1855.648 9 3.2 34.8
0 1855.75 10 3.2 34.8
0 1855.854 10 3.2 34.8
0 1855.941 12 3.2 34.8
0 1856.036 11 3.2 34.8
0 1856.147 9 3.2 34.8
0 1856.251 10 3.2 34.8
0 1856.339 11 3.2 34.8
0 1856.453 9 3.2 34.8
0 1856.544 11 3.2 34.8
0 1856.643 10 3.2 34.8
0 1856.859 5 3.2 34.8
0 1856.877 53 3.2 34.8
0 1856.988 9 3.2 34.8
0 1857.081 11 3.2 34.8
0 1857.182 10 3.2 34.8
0 1857.286 10 3.2 34.8
0 1857.383 10 3.2 34.8
0 1857.489 9 3.2 34.8
0 1857.58 11 3.2 34.8
0 1857.679 10 3.2 34.8
0 1857.776 10 3.2 34.8
0 1857.886 9 3.2 34.8
0 1857.988 10 3.2 34.8
0 1858.083 11 3.2 34.8
0 1858.183 10 3.2 34.8
0 1858.284 10 3.2 34.8
0 1858.375 11 3.2 34.8
0 1858.494 8 3.2 34.8
0 1858.585 11 3.2 34.8
0 1858.687 10 3.2 34.8
0 1858.891 5 3.2 34.8
0 1858.898 142 3.2 34.8
0 1859.024 8 3.2 34.8
0 1859.116 11 3.2 34.8
0 1859.215 10 3.2 34.8
0 1859.316 10 3.2 34.8
0 1859.41 11 3.2 34.8
0 1859.509 10 3.2 34.8
0 1859.624 9 3.2 34.8
0 1859.715 11 3.2 34.8
0 1859.815 10 3.2 34.8
0 1859.9 12 3.2 34.8
0 1860.019 8 3.2 34.8
0 1860.124 10 3.2 34.8
0 1860.216 11 3.2 34.8
0 1860.317 10 3.2 34.8
0 1860.399 12 3.2 34.8
0 1860.516 9 3.2 34.8
0 1860.626 9 3.2 34.8
0 1860.716 11 3.2 34.8
0 1860.925 5 3.2 34.8
0 1860.943 58 3.2 34.8
0 1861.038 10 3.2 34.8
0 1861.16 8 3.2 34.8
0 1861.248 11 3.2 34.8
0 1861.349 10 3.2 34.8
0 1861.449 10 3.2 34.8
0 1861.538 11 3.2 34.8
0 1861.656 9 3.2 34.8
0 1861.734 13 3.2 34.8
0 1861.849 9 3.2 34.8
0 1861.948 10 3.2 34.8
0 1862.039 11 3.2 34.8
0 1862.157 8 3.2 34.8
0 1862.255 10 3.2 34.8
0 1862.35 11 3.2 34.8
0 1862.45 10 3.2 34.8
0 1862.544 11 3.2 34.8
0 1862.678 7 3.2 34.8
0 1862.748 14 3.2 34.8
0 1862.966 5 3.2 34.8
0 1862.98 72 3.2 34.8
0 1863.089 9 3.2 34.8
0 1863.191 10 3.2 34.8
0 1863.287 10 3.2 34.8
0 1863.387 10 3.2 34.8
0 1863.49 10 3.2 34.8
0 1863.574 12 3.2 34.8
0 1863.697 8 3.2 34.8
0 1863.788 11 3.2 34.8
0 1863.888 10 3.2 34.8
0 1863.982 11 3.2 34.8
0 1864.091 9 3.2 34.8
0 1864.189 10 3.2 34.8
0 1864.296 9 3.2 34.8
0 1864.423 8 3.2 34.8
0 1864.487 16 3.2 34.8
0 1864.593 9 3.2 34.8
0 1864.751 6 3.2 34.8
0 1864.784 30 3.2 34.8
0 1864.898 9 3.1 34.8
0 1864.979 12 3.1 34.8
0 1865.087 9 3.1 34.8
0 1865.191 10 3.1 34.8
0 1865.292 10 3.1 34.8
0 1865.399 9 3.1 34.8
0 1865.488 11 3.1 34.8
0 1865.588 10 3.1 34.8
0 1865.692 10 3.1 34.8
0 1865.792 10 3.1 34.8
0 1865.89 10 3.1 34.8
0 1866.036 7 3.1 34.8
0 1866.091 18 3.1 34.8
0 1866.183 11 3.1 34.8
0 1866.298 9 3.1 34.8
0 1866.393 10 3.1 34.8
0 1866.494 10 3.1 34.8
0 1866.595 10 3.1 34.8
0 1866.789 5 3.1 34.8
0 1866.798 113 3.1 34.8
0 1866.914 9 3.1 34.8
0 1867.014 10 3.1 34.8
0 1867.11 10 3.1 34.8
0 1867.211 10 3.1 34.8
0 1867.312 10 3.1 34.8
0 1867.403 11 3.1 34.8
0 1867.504 10 3.1 34.8
0 1867.619 9 3.1 34.8
0 1867.713 11 3.1 34.8
0 1867.82 9 3.1 34.8
0 1867.915 11 3.1 34.8
0 1868.015 10 3.1 34.8
0 1868.179 6 3.1 34.8
0 1868.208 34 3.1 34.8
0 1868.356 7 3.1 34.8
0 1868.403 21 3.1 34.8
0 1868.517 9 3.1 34.8
0 1868.618 10 3.1 34.8
0 1868.782 6 3.1 34.8
0 1868.88 10 3.1 34.8
0 1868.902 46 3.1 34.8
0 1869.021 8 3.1 34.8
0 1869.119 10 3.1 34.8
0 1869.217 10 3.1 34.8
0 1869.321 10 3.1 34.8
0 1869.423 10 3.1 34.8
0 1869.521 10 3.1 34.8
0 1869.619 10 3.1 34.8
0 1869.716 10 3.1 34.8
0 1869.823 9 3.1 34.8
0 1869.924 10 3.1 34.8
0 1870.019 11 3.1 34.8
0 1870.217 5 3.1 34.8
0 1870.224 150 3.1 34.8
0 1870.347 8 3.1 34.8
0 1870.504 6 3.1 34.8
0 1870.537 31 3.1 34.8
0 1870.693 6 3.1 34.8
0 1870.851 6 3.1 34.8
0 1870.926 13 3.1 34.8
0 1870.962 27 3.1 34.8
0 1871.083 8 3.1 34.8
0 1871.183 10 3.1 34.8
0 1871.278 10 3.1 34.8
0 1871.378 10 3.1 34.8
0 1871.467 11 3.1 34.8
0 1871.58 9 3.1 34.8
0 1871.688 9 3.1 34.8
0 1871.779 11 3.1 34.8
0 1871.881 10 3.1 34.8
0 1871.97 11 3.1 34.8
0 1872.081 9 3.1 34.8
0 1872.31 4 3.1 34.8
0 1872.318 126 3.1 34.8
0 1872.436 8 3.1 34.8
0 1872.599 6 3.1 34.8
0 1872.631 31 3.1 34.8
0 1872.805 6 3.1 34.8
0 1873.022 5 3.1 34.8
0 1873.03 133 3.1 34.8
0 1873.155 8 3.1 34.8
0 1873.253 10 3.1 34.8
0 1873.352 10 3.1 34.8
0 1873.451 10 3.1 34.8
0 1873.541 11 3.1 34.8
0 1873.637 10 3.1 34.8
0 1873.759 8 3.1 34.8
0 1873.853 11 3.1 34.8
0 1873.951 10 3.1 34.8
0 1874.048 10 3.1 34.8
0 1874.15 10 3.1 34.8
0 1874.393 4 3.1 34.8
0 1874.403 99 3.1 34.8
0 1874.522 8 3.1 34.8
0 1874.679 6 3.1 34.8
0 1874.721 24 3.1 34.8
0 1874.9 6 3.6 34.8
0 1875.114 5 3.6 34.8
0 1875.138 41 3.6 34.8
0 1875.244 9 3.6 34.8
0 1875.353 9 3.6 34.8
0 1875.484 8 3.6 34.8
0 1875.541 17 3.6 34.8
0 1875.654 9 3.6 34.8
0 1875.748 11 3.6 34.8
0 1875.85 10 3.6 34.8
0 1875.955 10 3.6 34.8
0 1876.026 14 3.6 34.8
0 1876.151 8 3.6 34.8
0 1876.253 10 3.6 34.8
0 1876.5 4 3.6 34.8
0 1876.514 70 3.6 34.8
0 1876.697 5 3.6 34.8
0 1876.722 39 3.6 34.8
0 1876.838 9 3.6 34.8
0 1877.219 3 3.6 34.8
0 1877.251 32 3.6 34.8
0 1877.33 13 3.6 34.8
0 1877.457 8 3.6 34.8
0 1877.603 7 3.6 34.8
0 1877.65 21 3.6 34.8
0 1877.75 10 3.6 34.8
0 1877.855 10 3.6 34.8
0 1877.958 10 3.6 34.8
0 1878.043 12 3.6 34.8
0 1878.159 9 3.6 34.8
0 1878.257 10 3.6 34.8
0 1878.526 4 3.6 34.8
0 1878.543 56 3.6 34.8
0 1878.734 5 3.6 34.8
0 1878.754 50 3.6 34.8
0 1878.917 6 3.6 34.8
0 1879.299 3 3.6 34.8
0 1879.332 31 3.6 34.8
0 1879.432 10 3.6 34.8
0 1879.539 9 3.6 34.8
0 1879.697 6 3.6 34.8
0 1879.727 34 3.6 34.8
0 1879.842 9 3.6 34.8
0 1879.93 11 3.6 34.8
0 1880.037 9 3.6 34.8
0 1880.136 10 3.6 34.8
0 1880.275 7 3.6 34.8
0 1880.343 15 3.6 34.8
0 1880.609 4 3.6 34.8
0 1880.644 29 3.6 34.8
0 1880.802 6 3.6 34.8
0 1880.839 28 3.6 34.8
0 1880.994 6 3.6 34.8
0 1881.335 3 3.6 34.8
0 1881.374 25 3.6 34.8
0 1881.475 10 3.6 34.8
0 1881.551 13 3.6 34.8
0 1881.739 5 3.6 34.8
0 1881.75 96 3.6 34.8
0 1881.886 7 3.6 34.8
0 1881.979 11 3.6 34.8
0 1882.078 10 3.6 34.8
0 1882.182 10 3.6 34.8
0 1882.274 11 3.6 34.8
0 1882.439 6 3.6 34.8
0 1882.671 4 3.6 34.8
0 1882.703 32 3.6 34.8
0 1882.795 11 3.6 34.8
0 1882.912 9 3.6 34.8
0 1883.08 6 3.6 34.8
0 1883.42 3 3.6 34.8
0 1883.453 30 3.6 34.8
0 1883.549 10 3.6 34.8
0 1883.662 9 3.6 34.8
0 1883.865 5 3.6 34.8
0 1883.902 27 3.6 34.8
0 1884.012 9 3.6 34.8
0 1884.11 10 3.6 34.8
0 1884.207 10 3.6 34.8
0 1884.304 10 3.6 34.8
0 1884.398 11 3.6 34.8
0 1884.723 3 3.6 34.8
0 1884.76 27 3.6 34.8
0 1884.904 7 4.1 34.8
0 1884.96 18 4.1 34.8
0 1885.131 6 4.1 34.8
0 1885.517 3 4.1 34.8
0 1885.548 32 4.1 34.8
0 1885.662 9 4.1 34.8
0 1885.754 11 4.1 34.8
0 1885.988 4 4.1 34.8
0 1886.013 41 4.1 34.8
0 1886.117 10 4.1 34.8
0 1886.229 9 4.1 34.8
0 1886.328 10 4.1 34.8
0 1886.478 7 4.1 34.8
0 1886.738 4 4.1 34.8
0 1886.785 22 4.1 34.8
0 1886.93 7 4.1 34.8
0 1886.962 31 4.1 34.8
0 1887.058 10 4.1 34.8
0 1887.402 3 4.1 34.8
0 1887.589 5 4.1 34.8
0 1887.607 57 4.1 34.8
0 1887.727 8 4.1 34.8
0 1887.811 12 4.1 34.8
0 1888.053 4 4.1 34.8
0 1888.08 37 4.1 34.8
0 1888.195 9 4.1 34.8
0 1888.293 10 4.1 34.8
0 1888.493 5 4.1 34.8
0 1888.758 4 4.1 34.8
0 1888.8 24 4.1 34.8
0 1888.953 7 4.1 34.8
0 1888.989 28 4.1 34.8
0 1889.097 9 4.1 34.8
0 1889.448 3 4.1 34.8
0 1889.658 5 4.1 34.8
0 1889.695 27 4.1 34.8
0 1889.8 10 4.1 34.8
0 1889.904 10 4.1 34.8
0 1890.105 5 4.1 34.8
0 1890.115 101 4.1 34.8
0 1890.249 8 4.1 34.8
0 1890.331 12 4.1 34.8
0 1890.639 3 4.1 34.8
0 1890.78 7 4.1 34.8
0 1890.813 31 4.1 34.8
0 1890.976 6 4.1 34.8
0 1891.005 35 4.1 34.8
0 1891.132 8 4.1 34.8
0 1891.508 3 4.1 34.8
0 1891.667 6 4.1 34.8
0 1891.699 31 4.1 34.8
0 1891.808 9 4.1 34.8
0 1891.887 13 4.1 34.8
0 1892.124 4 4.1 34.8
0 1892.146 45 4.1 34.8
0 1892.269 8 4.1 34.8
0 1892.336 15 4.1 34.8
0 1892.587 4 4.1 34.8
0 1892.616 35 4.1 34.8
0 1892.848 4 4.1 34.8
0 1892.872 43 4.1 34.8
0 1893.043 6 4.1 34.8
0 1893.07 37 4.1 34.8
0 1893.191 8 4.1 34.8
0 1893.571 3 4.1 34.8
0 1893.671 10 4.1 34.8
0 1893.709 27 4.1 34.8
0 1893.814 10 4.1 34.8
0 1893.914 10 4.1 34.8
0 1894.197 4 4.1 34.8
0 1894.227 33 4.1 34.8
0 1894.321 11 4.1 34.8
0 1894.409 11 4.1 34.8
0 1894.666 4 4.1 34.8
0 1894.684 54 4.1 34.8
0 1894.93 4 4.3 34.9
0 1894.949 53 4.3 34.9
0 1895.127 6 4.3 34.9
0 1895.142 65 4.3 34.9
0 1895.242 10 4.3 34.9
0 1895.648 2 4.3 34.9
0 1895.724 13 4.3 34.9
0 1895.793 15 4.3 34.9
0 1895.889 10 4.3 34.9
0 1895.97 12 4.3 34.9
0 1896.377 2 4.3 34.9
0 1896.391 71 4.3 34.9
0 1896.501 9 4.3 34.9
0 1896.614 9 4.3 34.9
0 1896.723 9 4.3 34.9
0 1896.935 5 4.3 34.9
0 1896.956 48 4.3 34.9
0 1897.143 5 4.3 34.9
0 1897.168 40 4.3 34.9
0 1897.288 8 4.3 34.9
0 1897.515 4 4.3 34.9
0 1897.531 63 4.3 34.9
0 1897.715 5 4.3 34.9
0 1897.812 10 4.3 34.9
0 1897.845 31 4.3 34.9
0 1897.96 9 4.3 34.9
0 1898.059 10 4.3 34.9
0 1898.334 4 4.3 34.9
0 1898.36 38 4.3 34.9
0 1898.453 11 4.3 34.9
0 1898.567 9 4.3 34.9
0 1898.849 4 4.3 34.9
0 1898.877 35 4.3 34.9
0 1898.988 9 4.3 34.9
0 1899.159 6 4.3 34.9
0 1899.175 65 4.3 34.9
0 1899.305 8 4.3 34.9
0 1899.635 3 4.3 34.9
0 1899.805 6 4.3 34.9
0 1899.922 9 4.3 34.9
0 1899.944 46 4.3 34.9
0 1900.081 7 4.3 34.9
0 1900.402 3 4.3 34.9
0 1900.435 30 4.3 34.9
0 1900.552 9 4.3 34.9
0 1900.662 9 4.3 34.9
0 1900.983 3 4.3 34.9
0 1901.008 40 4.3 34.9
0 1901.191 5 4.3 34.9
0 1901.218 36 4.3 34.9
0 1901.346 8 4.3 34.9
0 1901.54 5 4.3 34.9
0 1901.559 51 4.3 34.9
0 1901.852 3 4.3 34.9
0 1901.959 9 4.3 34.9
0 1902.011 19 4.3 34.9
0 1902.106 11 4.3 34.9
0 1902.427 3 4.3 34.9
0 1902.462 29 4.3 34.9
0 1902.563 10 4.3 34.9
0 1902.708 7 4.3 34.9
0 1903.001 3 4.3 34.9
0 1903.029 35 4.3 34.9
0 1903.21 6 4.3 34.9
0 1903.229 53 4.3 34.9
0 1903.355 8 4.3 34.9
0 1903.545 5 4.3 34.9
0 1903.563 55 4.3 34.9
0 1903.688 8 4.3 34.9
0 1903.904 5 4.3 34.9
0 1904.01 9 4.3 34.9
0 1904.039 34 4.3 34.9
0 1904.153 9 4.3 34.9
0 1904.494 3 4.3 34.9
0 1904.535 24 4.3 34.9
0 1904.647 9 4.3 34.9
0 1904.751 10 4.3 34.9
0 1905.055 3 4.5 34.8
0 1905.083 36 4.5 34.8
0 1905.259 6 4.5 34.8
0 1905.278 55 4.5 34.8
0 1905.4 8 4.5 34.8
0 1905.614 5 4.5 34.8
0 1905.633 53 4.5 34.8
0 1905.757 8 4.5 34.8
0 1905.965 5 4.5 34.8
0 1906.11 7 4.5 34.8
0 1906.176 15 4.5 34.8
0 1906.255 13 4.5 34.8
0 1906.592 3 4.5 34.8
0 1906.635 23 4.5 34.8
0 1906.755 8 4.5 34.8
0 1906.838 12 4.5 34.8
0 1907.167 3 4.5 34.8
0 1907.279 9 4.5 34.8
0 1907.308 35 4.5 34.8
0 1907.407 10 4.5 34.8
0 1907.631 4 4.5 34.8
0 1907.651 50 4.5 34.8
0 1907.749 10 4.5 34.8
0 1907.881 8 4.5 34.8
0 1907.981 10 4.5 34.8
0 1908.174 5 4.5 34.8
0 1908.228 18 4.5 34.8
0 1908.33 10 4.5 34.8
0 1908.409 13 4.5 34.8
0 1908.632 4 4.5 34.8
0 1908.694 16 4.5 34.8
0 1908.804 9 4.5 34.8
0 1908.898 11 4.5 34.8
0 1909.202 3 4.5 34.8
0 1909.375 6 4.5 34.8
0 1909.4 41 4.5 34.8
0 1909.524 8 4.5 34.8
0 1909.737 5 4.5 34.8
0 1909.762 41 4.5 34.8
0 1909.887 8 4.5 34.8
0 1909.984 10 4.5 34.8
0 1910.267 4 4.5 34.8
0 1910.295 36 4.5 34.8
0 1910.41 9 4.5 34.8
0 1910.496 12 4.5 34.8
0 1910.672 6 4.5 34.8
0 1910.719 21 4.5 34.8
0 1910.826 9 4.5 34.8
0 1910.919 11 4.5 34.8
0 1911.258 3 4.5 34.8
0 1911.439 5 4.5 34.8
0 1911.472 30 4.5 34.8
0 1911.579 9 4.5 34.8
0 1911.797 5 4.5 34.8
0 1911.822 40 4.5 34.8
0 1911.984 6 4.5 34.8
0 1912.06 13 4.5 34.8
0 1912.283 4 4.5 34.8
0 1912.332 20 4.5 34.8
0 1912.412 13 4.5 34.8
0 1912.56 7 4.5 34.8
0 1912.617 17 4.5 34.8
0 1912.818 5 4.5 34.8
0 1912.883 15 4.5 34.8
0 1912.985 10 4.5 34.8
0 1913.329 3 4.5 34.8
0 1913.564 4 4.5 34.8
0 1913.59 39 4.5 34.8
0 1913.86 4 4.5 34.8
0 1913.926 15 4.5 34.8
0 1914.011 12 4.5 34.8
0 1914.12 9 4.5 34.8
0 1914.344 4 4.5 34.8
0 1914.404 17 4.5 34.8
0 1914.507 10 4.5 34.8
0 1914.577 14 4.5 34.8
0 1914.726 7 4.5 34.8
0 1914.876 7 4.5 34.8
0 1914.935 17 4.5 34.8
0 1915.035 10 4.5 34.8
0 1915.263 4 4.9 34.8
0 1915.321 17 4.9 34.8
0 1915.581 4 4.9 34.8
0 1915.63 21 4.9 34.8
0 1915.863 4 4.9 34.8
0 1915.907 22 4.9 34.8
0 1916.07 6 4.9 34.8
0 1916.088 55 4.9 34.8
0 1916.223 7 4.9 34.8
0 1916.479 4 4.9 34.8
0 1916.519 25 4.9 34.8
0 1916.638 8 4.9 34.8
0 1916.729 11 4.9 34.8
0 1916.963 4 4.9 34.8
0 1917.007 23 4.9 34.8
0 1917.114 9 4.9 34.8
0 1917.222 9 4.9 34.8
0 1917.308 12 4.9 34.8
0 1917.381 14 4.9 34.8
0 1917.686 3 4.9 34.8
0 1917.839 7 4.9 34.8
0 1917.863 40 4.9 34.8
0 1917.989 8 4.9 34.8
0 1918.066 13 4.9 34.8
0 1918.19 8 4.9 34.8
0 1918.287 10 4.9 34.8
0 1918.389 10 4.9 34.8
0 1918.489 10 4.9 34.8
0 1918.563 14 4.9 34.8
0 1918.688 8 4.9 34.8
0 1918.791 10 4.9 34.8
0 1918.883 11 4.9 34.8
0 1919.111 4 4.9 34.8
0 1919.15 25 4.9 34.8
0 1919.261 9 4.9 34.8
0 1919.358 10 4.9 34.8
0 1919.467 9 4.9 34.8
0 1919.736 4 4.9 34.8
0 1919.886 7 4.9 34.8
0 1919.912 39 4.9 34.8
0 1920.045 8 4.9 34.8
0 1920.132 11 4.9 34.8
0 1920.242 9 4.9 34.8
0 1920.335 11 4.9 34.8
0 1920.45 9 4.9 34.8
0 1920.535 12 4.9 34.8
0 1920.644 9 4.9 34.8
0 1920.729 12 4.9 34.8
0 1920.848 8 4.9 34.8
0 1920.926 13 4.9 34.8
0 1921.006 12 4.9 34.8
0 1921.207 5 4.9 34.8
0 1921.246 25 4.9 34.8
0 1921.429 5 4.9 34.8
0 1921.444 68 4.9 34.8
0 1921.768 3 4.9 34.8
0 1921.877 9 4.9 34.8
0 1921.908 32 4.9 34.8
0 1922.039 8 4.9 34.8
0 1922.095 18 4.9 34.8
0 1922.235 7 4.9 34.8
0 1922.333 10 4.9 34.8
0 1922.403 14 4.9 34.8
0 1922.591 5 4.9 34.8
0 1922.607 62 4.9 34.8
0 1922.751 7 4.9 34.8
0 1922.842 11 4.9 34.8
0 1922.942 10 4.9 34.8
0 1923.048 9 4.9 34.8
0 1923.145 10 4.9 34.8
0 1923.306 6 4.9 34.8
0 1923.359 19 4.9 34.8
0 1923.459 10 4.9 34.8
0 1923.558 10 4.9 34.8
0 1923.874 3 4.9 34.8
0 1924.03 6 4.9 34.8
0 1924.065 28 4.9 34.8
0 1924.173 9 4.9 34.8
0 1924.285 9 4.9 34.8
0 1924.38 11 4.9 34.8
0 1924.483 10 4.9 34.8
0 1924.629 7 4.9 34.8
0 1924.682 19 4.9 34.8
0 1924.787 10 4.9 34.8
0 1924.886 10 4.9 34.8
0 1924.985 10 4.9 34.8
0 1925.069 12 4.9 34.8
0 1925.187 8 4.9 34.8
0 1925.347 6 4.7 34.8
0 1925.389 24 4.7 34.8
0 1925.527 7 4.7 34.8
0 1925.572 22 4.7 34.8
0 1925.931 3 4.7 34.8
0 1926.066 7 4.7 34.8
0 1926.095 34 4.7 34.8
0 1926.216 8 4.7 34.8
0 1926.312 10 4.7 34.8
0 1926.458 7 4.7 34.8
0 1926.482 42 4.7 34.8
0 1926.677 5 4.7 34.8
0 1926.7 45 4.7 34.8
0 1926.822 8 4.7 34.8
0 1926.906 12 4.7 34.8
0 1927.038 8 4.7 34.8
0 1927.121 12 4.7 34.8
0 1927.229 9 4.7 34.8
0 1927.334 10 4.7 34.8
0 1927.404 14 4.7 34.8
0 1927.538 7 4.7 34.8
0 1927.682 7 4.7 34.8
0 1927.696 70 4.7 34.8
0 1927.915 5 4.7 34.8
0 1927.928 76 4.7 34.8
0 1928.063 7 4.7 34.8
0 1928.162 10 4.7 34.8
0 1928.262 10 4.7 34.8
0 1928.362 10 4.7 34.8
0 1928.457 11 4.7 34.8
0 1928.557 10 4.7 34.8
0 1928.713 6 4.7 34.8
0 1928.762 20 4.7 34.8
0 1928.865 10 4.7 34.8
0 1928.961 10 4.7 34.8
0 1929.117 6 4.7 34.8
0 1929.131 71 4.7 34.8
0 1929.39 4 4.7 34.8
0 1929.422 31 4.7 34.8
0 1929.539 9 4.7 34.8
0 1929.638 10 4.7 34.8
0 1929.738 10 4.7 34.8
0 1929.883 7 4.7 34.8
0 1929.926 23 4.7 34.8
0 1930.036 9 4.7 34.8
0 1930.135 10 4.7 34.8
0 1930.235 10 4.7 34.8
0 1930.339 10 4.7 34.8
0 1930.41 14 4.7 34.8
0 1930.545 7 4.7 34.8
0 1930.641 10 4.7 34.8
0 1930.781 7 4.7 34.8
0 1930.827 22 4.7 34.8
0 1930.935 9 4.7 34.8
0 1931.039 10 4.7 34.8
0 1931.143 10 4.7 34.8
0 1931.236 11 4.7 34.8
0 1931.419 5 4.7 34.8
0 1931.499 13 4.7 34.8
0 1931.552 19 4.7 34.8
0 1931.731 6 4.7 34.8
0 1931.755 41 4.7 34.8
0 1931.988 4 4.7 34.8
0 1932.02 32 4.7 34.8
0 1932.137 9 4.7 34.8
0 1932.237 10 4.7 34.8
0 1932.33 11 4.7 34.8
0 1932.405 13 4.7 34.8
0 1932.545 7 4.7 34.8
0 1932.639 11 4.7 34.8
0 1932.806 6 4.7 34.8
0 1932.842 27 4.7 34.8
0 1932.939 10 4.7 34.8
0 1933.057 8 4.7 34.8
0 1933.157 10 4.7 34.8
0 1933.256 10 4.7 34.8
0 1933.352 10 4.7 34.8
0 1933.56 5 4.7 34.8
0 1933.597 27 4.7 34.8
0 1933.769 6 4.7 34.8
0 1933.806 27 4.7 34.8
0 1934.028 5 4.7 34.8
0 1934.061 30 4.7 34.8
0 1934.176 9 4.7 34.8
0 1934.28 10 4.7 34.8
0 1934.381 10 4.7 34.8
0 1934.472 11 4.7 34.8
0 1934.567 10 4.7 34.8
0 1934.671 10 4.7 34.8
0 1934.941 4 4.7 34.8
0 1934.962 49 4.7 34.8
0 1935.061 10 4.7 34.8
0 1935.179 8 4.7 34.8
0 1935.27 11 4.7 34.8
0 1935.376 9 4.6 34.8
0 1935.561 5 4.6 34.8
0 1935.571 93 4.6 34.8
0 1935.755 5 4.6 34.8
0 1935.77 64 4.6 34.8
0 1935.894 8 4.6 34.8
0 1936.088 5 4.6 34.8
0 1936.109 47 4.6 34.8
0 1936.215 9 4.6 34.8
0 1936.323 9 4.6 34.8
0 1936.399 13 4.6 34.8
0 1936.587 5 4.6 34.8
0 1936.596 111 4.6 34.8
0 1936.721 8 4.6 34.8
0 1936.826 10 4.6 34.8
0 1937.023 5 4.6 34.8
0 1937.05 37 4.6 34.8
0 1937.155 10 4.6 34.8
0 1937.255 10 4.6 34.8
0 1937.359 10 4.6 34.8
0 1937.459 10 4.6 34.8
0 1937.689 4 4.6 34.8
0 1937.784 11 4.6 34.8
0 1937.821 27 4.6 34.8
0 1937.926 9 4.6 34.8
0 1938.133 5 4.6 34.8
0 1938.147 70 4.6 34.8
0 1938.261 9 4.6 34.8
0 1938.368 9 4.6 34.8
0 1938.471 10 4.6 34.8
0 1938.558 11 4.6 34.8
0 1938.67 9 4.6 34.8
0 1938.829 6 4.6 34.8
0 1938.859 33 4.6 34.8
0 1939.03 6 4.6 34.8
0 1939.058 36 4.6 34.8
0 1939.163 9 4.6 34.8
0 1939.267 10 4.6 34.8
0 1939.365 10 4.6 34.8
0 1939.468 10 4.6 34.8
0 1939.809 3 4.6 34.8
0 1939.907 10 4.6 34.8
0 1939.927 49 4.6 34.8
0 1940.042 9 4.6 34.8
0 1940.141 10 4.6 34.8
0 1940.236 11 4.6 34.8
0 1940.344 9 4.6 34.8
0 1940.439 11 4.6 34.8
0 1940.543 10 4.6 34.8
0 1940.643 10 4.6 34.8
0 1940.744 10 4.6 34.8
0 1940.947 5 4.6 34.8
0 1940.966 53 4.6 34.8
0 1941.069 10 4.6 34.8
0 1941.182 9 4.6 34.8
0 1941.279 10 4.6 34.8
0 1941.379 10 4.6 34.8
0 1941.482 10 4.6 34.8
0 1941.629 7 4.6 34.8
0 1941.855 4 4.6 34.8
0 1941.948 11 4.6 34.8
0 1941.982 30 4.6 34.8
0 1942.066 12 4.6 34.8
0 1942.192 8 4.6 34.8
0 1942.288 10 4.6 34.8
0 1942.389 10 4.6 34.8
0 1942.465 13 4.6 34.8
0 1942.573 9 4.6 34.8
0 1942.69 9 4.6 34.8
0 1942.786 10 4.6 34.8
0 1943.003 5 4.6 34.8
0 1943.012 111 4.6 34.8
0 1943.248 4 4.6 34.8
0 1943.273 40 4.6 34.8
0 1943.381 9 4.6 34.8
0 1943.479 10 4.6 34.8
0 1943.564 12 4.6 34.8
0 1943.686 8 4.6 34.8
0 1944.002 3 4.6 34.8
0 1944.07 15 4.6 34.8
0 1944.132 16 4.6 34.8
0 1944.24 9 4.6 34.8
0 1944.332 11 4.6 34.8
0 1944.432 10 4.6 34.8
0 1944.52 11 4.6 34.8
0 1944.713 5 4.6 34.8
0 1944.721 125 4.6 34.8
0 1944.849 8 4.6 34.8
0 1945.056 5 4.6 34.8
0 1945.064 128 4.6 34.8
0 1945.301 4 4.6 34.8
0 1945.331 33 4.6 34.8
0 1945.439 9 3.8 34.8
0 1945.529 11 3.8 34.8
0 1945.635 9 3.8 34.8
0 1945.733 10 3.8 34.8
0 1946.059 3 3.8 34.8
0 1946.194 7 3.8 34.8
0 1946.211 59 3.8 34.8
0 1946.33 8 3.8 34.8
0 1946.426 10 3.8 34.8
0 1946.532 9 3.8 34.8
0 1946.708 6 3.8 34.8
0 1946.715 131 3.8 34.8
0 1946.839 8 3.8 34.8
0 1946.942 10 3.8 34.8
0 1947.126 5 3.8 34.8
0 1947.151 41 3.8 34.8
0 1947.373 4 3.8 34.8
0 1947.396 44 3.8 34.8
0 1947.508 9 3.8 34.8
0 1947.607 10 3.8 34.8
0 1947.708 10 3.8 34.8
0 1947.813 10 3.8 34.8
0 1948.125 3 3.8 34.8
0 1948.274 7 3.8 34.8
0 1948.301 37 3.8 34.8
0 1948.399 10 3.8 34.8
0 1948.507 9 3.8 34.8
0 1948.604 10 3.8 34.8
0 1948.709 9 3.8 34.8
0 1948.813 10 3.8 34.8
0 1948.902 11 3.8 34.8
0 1948.999 10 3.8 34.8
0 1949.237 4 3.8 34.8
0 1949.263 38 3.8 34.8
0 1949.484 5 3.8 34.8
0 1949.516 31 3.8 34.8
0 1949.613 10 3.8 34.8
0 1949.798 5 3.8 34.8
0 1949.806 128 3.8 34.8
0 1950.165 3 3.8 34.8
0 1950.307 7 3.8 34.8
0 1950.324 60 3.8 34.8
0 1950.444 8 3.8 34.8
0 1950.54 10 3.8 34.8
0 1950.646 9 3.8 34.8
0 1950.748 10 3.8 34.8
0 1950.841 11 3.8 34.8
0 1950.941 10 3.8 34.8
0 1951.043 10 3.8 34.8
0 1951.245 5 3.8 34.8
0 1951.375 8 3.8 34.8
0 1951.406 31 3.8 34.8
0 1951.512 10 3.8 34.8
0 1951.602 11 3.8 34.8
0 1951.814 5 3.8 34.8
0 1951.823 118 3.8 34.8
0 1952.124 3 3.8 34.8
0 1952.155 32 3.8 34.8
0 1952.369 5 3.8 34.8
0 1952.391 46 3.8 34.8
0 1952.505 9 3.8 34.8
0 1952.6 11 3.8 34.8
0 1952.711 9 3.8 34.8
0 1952.804 11 3.8 34.8
0 1952.909 9 3.8 34.8
0 1953.002 11 3.8 34.8
0 1953.109 9 3.8 34.8
0 1953.388 4 3.8 34.8
0 1953.421 30 3.8 34.8
0 1953.525 10 3.8 34.8
0 1953.611 12 3.8 34.8
0 1953.725 9 3.8 34.8
0 1953.823 10 3.8 34.8
0 1953.932 9 3.8 34.8
0 1954.244 3 3.8 34.8
0 1954.383 7 3.8 34.8
0 1954.393 99 3.8 34.8
0 1954.529 7 3.8 34.8
0 1954.619 11 3.8 34.8
0 1954.781 6 3.8 34.8
0 1954.792 86 3.8 34.8
0 1954.906 9 3.8 34.8
0 1955.002 10 3.8 34.8
0 1955.129 8 3.8 34.8
0 1955.497 3 4.0 34.9
0 1955.532 28 4.0 34.9
0 1955.614 12 4.0 34.9
0 1955.739 8 4.0 34.9
0 1955.897 6 4.0 34.9
0 1955.916 51 4.0 34.9
0 1956.149 4 4.0 34.9
0 1956.177 37 4.0 34.9
0 1956.392 5 4.0 34.9
0 1956.478 12 4.0 34.9
0 1956.507 34 4.0 34.9
0 1956.63 8 4.0 34.9
0 1956.733 10 4.0 34.9
0 1956.878 7 4.0 34.9
0 1956.917 25 4.0 34.9
0 1957.029 9 4.0 34.9
0 1957.131 10 4.0 34.9
0 1957.462 3 4.0 34.9
0 1957.493 33 4.0 34.9
0 1957.573 12 4.0 34.9
0 1957.702 8 4.0 34.9
0 1957.802 10 4.0 34.9
0 1958.015 5 4.0 34.9
0 1958.162 7 4.0 34.9
0 1958.179 60 4.0 34.9
0 1958.398 5 4.0 34.9
0 1958.407 111 4.0 34.9
0 1958.523 9 4.0 34.9
0 1958.63 9 4.0 34.9
0 1958.733 10 4.0 34.9
0 1958.834 10 4.0 34.9
0 1958.932 10 4.0 34.9
0 1959.008 13 4.0 34.9
0 1959.138 8 4.0 34.9
0 1959.521 3 4.0 34.9
0 1959.558 27 4.0 34.9
0 1959.66 10 4.0 34.9
0 1959.85 5 4.0 34.9
0 1959.858 118 4.0 34.9
0 1960.077 5 4.0 34.9
0 1960.087 99 4.0 34.9
0 1960.215 8 4.0 34.9
0 1960.403 5 4.0 34.9
0 1960.417 71 4.0 34.9
0 1960.52 10 4.0 34.9
0 1960.636 9 4.0 34.9
0 1960.739 10 4.0 34.9
0 1960.836 10 4.0 34.9
0 1960.932 10 4.0 34.9
0 1961.075 7 4.0 34.9
0 1961.135 17 4.0 34.9
0 1961.672 2 4.0 34.9
0 1961.784 9 4.0 34.9
0 1961.792 139 4.0 34.9
0 1962.089 3 4.0 34.9
0 1962.102 78 4.0 34.9
0 1962.225 8 4.0 34.9
0 1962.322 10 4.0 34.9
0 1962.398 13 4.0 34.9
0 1962.524 8 4.0 34.9
0 1962.627 10 4.0 34.9
0 1962.707 13 4.0 34.9
0 1962.827 8 4.0 34.9
0 1962.92 11 4.0 34.9
0 1963.027 9 4.0 34.9
0 1963.189 6 4.0 34.9
0 1963.212 42 4.0 34.9
0 1963.549 3 4.0 34.9
0 1963.666 9 4.0 34.9
0 1963.679 75 4.0 34.9
0 1963.8 8 4.0 34.9
0 1963.896 10 4.0 34.9
0 1963.998 10 4.0 34.9
0 1964.104 9 4.0 34.9
0 1964.31 5 4.0 34.9
0 1964.327 58 4.0 34.9
0 1964.443 9 4.0 34.9
0 1964.544 10 4.0 34.9
0 1964.647 10 4.0 34.9
0 1964.742 11 4.0 34.9
0 1964.92 6 4.0 34.9
0 1964.929 119 4.0 34.9
0 1965.054 8 4.0 34.9
0 1965.199 7 4.0 34.9
0 1965.246 22 4.0 34.9
0 1965.409 6 4.0 34.9
0 1965.565 6 4.0 34.8
0 1965.68 9 4.0 34.8
0 1965.745 15 4.0 34.8
0 1965.808 16 4.0 34.8
0 1965.911 10 4.0 34.8
0 1966.013 10 4.0 34.8
0 1966.116 10 4.0 34.8
0 1966.327 5 4.0 34.8
0 1966.343 63 4.0 34.8
0 1966.457 9 4.0 34.8
0 1966.65 5 4.0 34.8
0 1966.659 121 4.0 34.8
0 1966.88 5 4.0 34.8
0 1966.888 117 4.0 34.8
0 1967.009 8 4.0 34.8
0 1967.362 3 4.0 34.8
0 1967.422 17 4.0 34.8
0 1967.569 7 4.0 34.8
0 1967.578 103 4.0 34.8
0 1967.702 8 4.0 34.8
0 1967.869 6 4.0 34.8
0 1967.89 47 4.0 34.8
0 1968.006 9 4.0 34.8
0 1968.101 11 4.0 34.8
0 1968.203 10 4.0 34.8
0 1968.395 5 4.0 34.8
0 1968.427 31 4.0 34.8
0 1968.533 9 4.0 34.8
0 1968.628 10 4.0 34.8
0 1968.731 10 4.0 34.8
0 1968.828 10 4.0 34.8
0 1968.922 11 4.0 34.8
0 1969.027 9 4.0 34.8
0 1969.134 9 4.0 34.8
0 1969.289 6 4.0 34.8
0 1969.328 25 4.0 34.8
0 1969.639 3 4.0 34.8
0 1969.662 44 4.0 34.8
0 1969.77 9 4.0 34.8
0 1970.032 4 4.0 34.8
0 1970.055 45 4.0 34.8
0 1970.169 9 4.0 34.8
0 1970.266 10 4.0 34.8
0 1970.401 7 4.0 34.8
0 1970.515 9 4.0 34.8
0 1970.555 25 4.0 34.8
0 1970.657 10 4.0 34.8
0 1970.759 10 4.0 34.8
0 1970.862 10 4.0 34.8
0 1970.959 10 4.0 34.8
0 1971.06 10 4.0 34.8
0 1971.16 10 4.0 34.8
0 1971.327 6 4.0 34.8
0 1971.361 30 4.0 34.8
0 1971.727 3 4.0 34.8
0 1971.733 168 4.0 34.8
0 1971.949 5 4.0 34.8
0 1971.956 145 4.0 34.8
0 1972.226 4 4.0 34.8
0 1972.232 159 4.0 34.8
0 1972.452 5 4.0 34.8
0 1972.615 6 4.0 34.8
0 1972.628 75 4.0 34.8
0 1972.742 9 4.0 34.8
0 1972.843 10 4.0 34.8
0 1972.941 10 4.0 34.8
0 1973.047 9 4.0 34.8
0 1973.151 10 4.0 34.8
0 1973.244 11 4.0 34.8
0 1973.395 7 4.0 34.8
0 1973.442 21 4.0 34.8
0 1973.659 5 4.0 34.8
0 1973.676 60 4.0 34.8
0 1973.788 9 4.0 34.8
0 1973.885 10 4.0 34.8
0 1973.984 10 4.0 34.8
0 1974.205 5 4.0 34.8
0 1974.223 56 4.0 34.8
0 1974.335 9 4.0 34.8
0 1974.432 10 4.0 34.8
0 1974.533 10 4.0 34.8
0 1974.695 6 4.0 34.8
0 1974.74 22 4.0 34.8
0 1974.836 10 4.0 34.8
0 1975.018 5 4.0 34.8
0 1975.025 159 4.0 34.8
0 1975.146 8 4.0 34.8
0 1975.258 9 4.0 34.8
0 1975.412 6 4.0 34.8
0 1975.444 32 4.0 34.8
0 1975.655 5 4.0 34.9
0 1975.669 69 4.0 34.9
0 1975.79 8 4.0 34.9
0 1975.88 11 4.0 34.9
0 1975.968 11 4.0 34.9
0 1976.071 10 4.0 34.9
0 1976.297 4 4.0 34.9
0 1976.315 54 4.0 34.9
0 1976.404 11 4.0 34.9
0 1976.521 9 4.0 34.9
0 1976.619 10 4.0 34.9
0 1976.882 4 4.0 34.9
0 1976.98 10 4.0 34.9
0 1976.988 138 4.0 34.9
0 1977.104 9 4.0 34.9
0 1977.287 5 4.0 34.9
0 1977.293 165 4.0 34.9
0 1977.574 4 4.0 34.9
0 1977.665 11 4.0 34.9
0 1977.684 52 4.0 34.9
0 1977.799 9 4.0 34.9
0 1977.881 12 4.0 34.9
0 1978.001 8 4.0 34.9
0 1978.102 10 4.0 34.9
0 1978.316 5 4.0 34.9
0 1978.332 63 4.0 34.9
0 1978.439 9 4.0 34.9
0 1978.636 5 4.0 34.9
0 1978.665 35 4.0 34.9
0 1978.817 7 4.0 34.9
0 1978.861 22 4.0 34.9
0 1978.964 10 4.0 34.9
0 1979.046 12 4.0 34.9
0 1979.17 8 4.0 34.9
0 1979.266 10 4.0 34.9
0 1979.368 10 4.0 34.9
0 1979.524 6 4.0 34.9
0 1979.562 27 4.0 34.9
0 1979.664 10 4.0 34.9
0 1979.767 10 4.0 34.9
0 1979.868 10 4.0 34.9
0 1980.047 6 4.0 34.9
0 1980.053 158 4.0 34.9
0 1980.173 8 4.0 34.9
0 1980.388 5 4.0 34.9
0 1980.396 125 4.0 34.9
0 1980.514 8 4.0 34.9
0 1980.612 10 4.0 34.9
0 1980.771 6 4.0 34.9
0 1980.871 10 4.0 34.9
0 1980.899 36 4.0 34.9
0 1981.014 9 4.0 34.9
0 1981.114 10 4.0 34.9
0 1981.211 10 4.0 34.9
0 1981.302 11 4.0 34.9
0 1981.402 10 4.0 34.9
0 1981.57 6 4.0 34.9
0 1981.617 21 4.0 34.9
0 1981.715 10 4.0 34.9
0 1981.91 5 4.0 34.9
0 1981.996 12 4.0 34.9
0 1982.024 35 4.0 34.9
0 1982.137 9 4.0 34.9
0 1982.332 5 4.0 34.9
0 1982.437 10 4.0 34.9
0 1982.443 178 4.0 34.9
0 1982.636 5 4.0 34.9
0 1982.778 7 4.0 34.9
0 1982.799 47 4.0 34.9
0 1982.965 6 4.0 34.9
0 1982.998 31 4.0 34.9
0 1983.086 11 4.0 34.9
0 1983.203 9 4.0 34.9
0 1983.305 10 4.0 34.9
0 1983.404 10 4.0 34.9
0 1983.509 10 4.0 34.9
0 1983.744 4 4.0 34.9
0 1983.75 171 4.0 34.9
0 1983.871 8 4.0 34.9
0 1983.97 10 4.0 34.9
0 1984.072 10 4.0 34.9
0 1984.171 10 4.0 34.9
0 1984.271 10 4.0 34.9
0 1984.468 5 4.0 34.9
0 1984.488 49 4.0 34.9
0 1984.583 11 4.0 34.9
0 1984.695 9 4.0 34.9
0 1984.857 6 4.0 34.9
0 1984.892 28 4.0 34.9
0 1985.15 4 4.0 34.9
0 1985.156 164 4.0 34.9
0 1985.275 8 4.0 34.9
0 1985.381 9 4.0 34.9
0 1985.475 11 4.0 34.9
0 1985.572 10 4.0 34.9
0 1985.68 9 3.8 34.9
0 1985.837 6 3.8 34.9
0 1985.872 28 3.8 34.9
0 1985.981 9 3.8 34.9
0 1986.073 11 3.8 34.9
0 1986.181 9 3.8 34.9
0 1986.276 11 3.8 34.9
0 1986.487 5 3.8 34.9
0 1986.499 81 3.8 34.9
0 1986.613 9 3.8 34.9
0 1986.719 9 3.8 34.9
0 1986.914 5 3.8 34.9
0 1987.003 11 3.8 34.9
0 1987.079 13 3.8 34.9
0 1987.144 15 3.8 34.9
0 1987.234 11 3.8 34.9
0 1987.432 5 3.8 34.9
0 1987.438 175 3.8 34.9
0 1987.659 5 3.8 34.9
0 1987.747 11 3.8 34.9
0 1987.837 11 3.8 34.9
0 1987.886 21 3.8 34.9
0 1987.987 10 3.8 34.9
0 1988.078 11 3.8 34.9
0 1988.187 9 3.8 34.9
0 1988.295 9 3.8 34.9
0 1988.502 5 3.8 34.9
0 1988.517 67 3.8 34.9
0 1988.722 5 3.8 34.9
0 1988.727 209 3.8 34.9
0 1988.839 9 3.8 34.9
0 1989.004 6 3.8 34.9
0 1989.09 12 3.8 34.9
0 1989.143 19 3.8 34.9
0 1989.249 9 3.8 34.9
0 1989.35 10 3.8 34.9
0 1989.441 11 3.8 34.9
0 1989.542 10 3.8 34.9
0 1989.643 10 3.8 34.9
0 1989.75 9 3.8 34.9
0 1989.9 7 3.8 34.9
0 1989.942 24 3.8 34.9
0 1990.042 10 3.8 34.9
0 1990.245 5 3.8 34.9
0 1990.25 205 3.8 34.9
0 1990.366 9 3.8 34.9
0 1990.473 9 3.8 34.9
0 1990.565 11 3.8 34.9
0 1990.667 10 3.8 34.9
0 1990.773 9 3.8 34.9
0 1990.866 11 3.8 34.9
0 1991.034 6 3.8 34.9
0 1991.125 11 3.8 34.9
0 1991.166 24 3.8 34.9
0 1991.271 10 3.8 34.9
0 1991.369 10 3.8 34.9
0 1991.468 10 3.8 34.9
0 1991.572 10 3.8 34.9
0 1991.668 10 3.8 34.9
0 1991.772 10 3.8 34.9
0 1992.028 4 3.8 34.9
0 1992.121 11 3.8 34.9
0 1992.135 72 3.8 34.9
0 1992.251 9 3.8 34.9
0 1992.514 4 3.8 34.9
0 1992.519 182 3.8 34.9
0 1992.742 4 3.8 34.9
0 1992.828 12 3.8 34.9
0 1992.855 36 3.8 34.9
0 1992.964 9 3.8 34.9
0 1993.123 6 3.8 34.9
0 1993.229 9 3.8 34.9
0 1993.266 27 3.8 34.9
0 1993.368 10 3.8 34.9
0 1993.462 11 3.8 34.9
0 1993.567 10 3.8 34.9
0 1993.772 5 3.8 34.9
0 1993.785 76 3.8 34.9
0 1994.031 4 3.8 34.9
0 1994.06 35 3.8 34.9
0 1994.181 8 3.8 34.9
0 1994.282 10 3.8 34.9
0 1994.381 10 3.8 34.9
0 1994.475 11 3.8 34.9
0 1994.578 10 3.8 34.9
0 1994.684 9 3.8 34.9
0 1994.785 10 3.8 34.9
0 1994.853 15 3.8 34.9
0 1994.982 8 3.8 34.9
0 1995.13 7 3.8 34.9
0 1995.259 8 3.8 34.9
0 1995.36 10 3.8 34.9
0 1995.389 35 3.8 34.9
0 1995.512 8 3.8 34.9
0 1995.59 13 3.8 34.9
0 1995.708 8 4.0 34.9
0 1995.813 10 4.0 34.9
0 1995.908 11 4.0 34.9
0 1996.093 5 4.0 34.9
0 1996.131 26 4.0 34.9
0 1996.242 9 4.0 34.9
0 1996.345 10 4.0 34.9
0 1996.442 10 4.0 34.9
0 1996.525 12 4.0 34.9
0 1996.642 9 4.0 34.9
0 1996.744 10 4.0 34.9
0 1996.832 11 4.0 34.9
0 1996.942 9 4.0 34.9
0 1997.167 4 4.0 34.9
0 1997.271 10 4.0 34.9
0 1997.37 10 4.0 34.9
0 1997.396 39 4.0 34.9
0 1997.601 5 4.0 34.9
0 1997.614 78 4.0 34.9
0 1997.749 7 4.0 34.9
0 1997.922 6 4.0 34.9
0 1997.935 75 4.0 34.9
0 1998.183 4 4.0 34.9
0 1998.209 38 4.0 34.9
0 1998.332 8 4.0 34.9
0 1998.405 14 4.0 34.9
0 1998.54 7 4.0 34.9
0 1998.636 10 4.0 34.9
0 1998.818 6 4.0 34.9
0 1998.831 75 4.0 34.9
0 1998.956 8 4.0 34.9
0 1999.053 10 4.0 34.9
0 1999.223 6 4.0 34.9
0 1999.269 22 4.0 34.9
0 1999.431 6 4.0 34.9
0 1999.46 34 4.0 34.9
0 1999.583 8 4.0 34.9
0 1999.682 10 4.0 34.9
0 1999.783 10 4.0 34.9
0 1999.88 10 4.0 34.9
0 1999.984 10 4.0 34.9
0 2000.263 4 4.0 34.9
0 2000.355 11 4.0 34.9
0 2000.37 70 4.0 34.9
0 2000.496 8 4.0 34.9
0 2000.592 10 4.0 34.9
0 2000.753 6 4.0 34.9
0 2000.789 28 4.0 34.9
0 2000.89 10 4.0 34.9
0 2000.99 10 4.0 34.9
0 2001.096 9 4.0 34.9
0 2001.243 7 4.0 34.9
0 2001.295 19 4.0 34.9
0 2001.485 5 4.0 34.9
0 2001.491 151 4.0 34.9
0 2001.62 8 4.0 34.9
0 2001.692 14 4.0 34.9
0 2001.817 8 4.0 34.9
0 2001.913 10 4.0 34.9
0 2002.012 10 4.0 34.9
0 2002.305 3 4.0 34.9
0 2002.411 9 4.0 34.9
0 2002.417 162 4.0 34.9
0 2002.634 5 4.0 34.9
0 2002.64 164 4.0 34.9
0 2002.828 5 4.0 34.9
0 2002.956 8 4.0 34.9
0 2002.962 163 4.0 34.9
0 2003.077 9 4.0 34.9
0 2003.267 5 4.0 34.9
0 2003.315 21 4.0 34.9
0 2003.511 5 4.0 34.9
0 2003.526 65 4.0 34.9
0 2003.658 8 4.0 34.9
0 2003.763 10 4.0 34.9
0 2003.832 15 4.0 34.9
0 2003.96 8 4.0 34.9
0 2004.069 9 4.0 34.9
0 2004.274 5 4.0 34.9
0 2004.317 23 4.0 34.9
0 2004.406 11 4.0 34.9
0 2004.525 8 4.0 34.9
0 2004.604 13 4.0 34.9
0 2004.723 8 4.0 34.9
0 2004.889 6 4.0 34.9
0 2004.923 30 4.0 34.9
0 2005.039 9 4.0 34.9
0 2005.14 10 4.0 34.9
0 2005.342 5 4.0 34.9
0 2005.445 10 4.0 34.9
0 2005.583 7 4.0 34.9
0 2005.598 67 4.0 34.9
0 2005.742 7 4.6 34.9
0 2005.831 11 4.6 34.9
0 2005.933 10 4.6 34.9
0 2006.033 10 4.6 34.9
0 2006.11 13 4.6 34.9
0 2006.35 4 4.6 34.9
0 2006.396 22 4.6 34.9
0 2006.486 11 4.6 34.9
0 2006.59 10 4.6 34.9
0 2006.696 9 4.6 34.9
0 2006.8 10 4.6 34.9
0 2006.964 6 4.6 34.9
0 2006.989 39 4.6 34.9
0 2007.1 9 4.6 34.9
0 2007.307 5 4.6 34.9
0 2007.471 6 4.6 34.9
0 2007.69 5 4.6 34.9
0 2007.705 66 4.6 34.9
0 2007.839 7 4.6 34.9
0 2008.016 6 4.6 34.9
0 2008.031 66 4.6 34.9
0 2008.21 6 4.6 34.9
0 2008.362 7 4.6 34.9
0 2008.398 27 4.6 34.9
0 2008.498 10 4.6 34.9
0 2008.59 11 4.6 34.9
0 2008.71 8 4.6 34.9
0 2008.815 10 4.6 34.9
0 2008.97 6 4.6 34.9
0 2009.012 24 4.6 34.9
0 2009.098 12 4.6 34.9
0 2009.223 8 4.6 34.9
0 2009.294 14 4.6 34.9
0 2009.415 8 4.6 34.9
0 2009.664 4 4.6 34.9
0 2009.704 25 4.6 34.9
0 2009.815 9 4.6 34.9
0 2009.913 10 4.6 34.9
0 2010.014 10 4.6 34.9
0 2010.092 13 4.6 34.9
0 2010.274 5 4.6 34.9
0 2010.454 6 4.6 34.9
0 2010.561 9 4.6 34.9
0 2010.576 67 4.6 34.9
0 2010.707 8 4.6 34.9
0 2010.815 9 4.6 34.9
0 2010.906 11 4.6 34.9
0 2011.081 6 4.6 34.9
0 2011.105 41 4.6 34.9
0 2011.224 8 4.6 34.9
0 2011.336 9 4.6 34.9
0 2011.431 11 4.6 34.9
0 2011.712 4 4.6 34.9
0 2011.757 22 4.6 34.9
0 2011.942 5 4.6 34.9
0 2011.948 149 4.6 34.9
0 2012.17 5 4.6 34.9
0 2012.178 130 4.6 34.9
0 2012.454 4 4.6 34.9
0 2012.618 6 4.6 34.9
0 2012.737 8 4.6 34.9
0 2012.743 154 4.6 34.9
0 2012.866 8 4.6 34.9
0 2013.098 4 4.6 34.9
0 2013.115 59 4.6 34.9
0 2013.228 9 4.6 34.9
0 2013.332 10 4.6 34.9
0 2013.414 12 4.6 34.9
0 2013.586 6 4.6 34.9
0 2013.617 33 4.6 34.9
0 2013.73 9 4.6 34.9
0 2013.831 10 4.6 34.9
0 2013.934 10 4.6 34.9
0 2014.032 10 4.6 34.9
0 2014.13 10 4.6 34.9
0 2014.235 10 4.6 34.9
0 2014.328 11 4.6 34.9
0 2014.494 6 4.6 34.9
0 2014.522 36 4.6 34.9
0 2014.697 6 4.6 34.9
0 2014.726 35 4.6 34.9
0 2014.835 9 4.6 34.9
0 2014.914 13 4.6 34.9
0 2015.033 8 4.6 34.9
0 2015.246 5 4.6 34.9
0 2015.261 70 4.6 34.9
0 2015.493 4 4.6 34.9
0 2015.603 9 4.6 34.9
0 2015.84 4 4.4 34.9
0 2015.867 37 4.4 34.9
0 2015.973 9 4.4 34.9
0 2016.072 10 4.4 34.9
0 2016.174 10 4.4 34.9
0 2016.271 10 4.4 34.9
0 2016.372 10 4.4 34.9
0 2016.491 8 4.4 34.9
0 2016.571 13 4.4 34.9
0 2016.741 6 4.4 34.9
0 2016.77 35 4.4 34.9
0 2016.966 5 4.4 34.9
0 2016.973 146 4.4 34.9
0 2017.183 5 4.4 34.9
0 2017.412 4 4.4 34.9
0 2017.421 118 4.4 34.9
0 2017.839 2 4.4 34.9
0 2017.983 7 4.4 34.9
0 2018.092 9 4.4 34.9
0 2018.098 167 4.4 34.9
0 2018.222 8 4.4 34.9
0 2018.324 10 4.4 34.9
0 2018.425 10 4.4 34.9
0 2018.584 6 4.4 34.9
0 2018.618 29 4.4 34.9
0 2018.719 10 4.4 34.9
0 2018.817 10 4.4 34.9
0 2018.905 11 4.4 34.9
0 2019.021 9 4.4 34.9
0 2019.123 10 4.4 34.9
0 2019.286 6 4.4 34.9
0 2019.316 33 4.4 34.9
0 2019.427 9 4.4 34.9
0 2019.531 10 4.4 34.9
0 2019.626 11 4.4 34.9
0 2019.722 10 4.4 34.9
0 2019.928 5 4.4 34.9
0 2020.068 7 4.4 34.9
0 2020.081 78 4.4 34.9
0 2020.198 9 4.4 34.9
0 2020.284 12 4.4 34.9
0 2020.505 5 4.4 34.9
0 2020.664 6 4.4 34.9
0 2020.686 47 4.4 34.9
0 2020.857 6 4.4 34.9
0 2020.886 34 4.4 34.9
0 2020.991 10 4.4 34.9
0 2021.086 10 4.4 34.9
0 2021.198 9 4.4 34.9
0 2021.363 6 4.4 34.9
0 2021.382 52 4.4 34.9
0 2021.491 9 4.4 34.9
0 2021.585 11 4.4 34.9
0 2021.698 9 4.4 34.9
0 2021.796 10 4.4 34.9
0 2022.044 4 4.4 34.9
0 2022.069 41 4.4 34.9
0 2022.277 5 4.4 34.9
0 2022.286 112 4.4 34.9
0 2022.49 5 4.4 34.9
0 2022.496 159 4.4 34.9
0 2022.942 2 4.4 34.9
0 2022.966 42 4.4 34.9
0 2023.16 5 4.4 34.9
0 2023.166 167 4.4 34.9
0 2023.284 8 4.4 34.9
0 2023.498 5 4.4 34.9
0 2023.52 46 4.4 34.9
0 2023.628 9 4.4 34.9
0 2023.732 10 4.4 34.9
0 2023.827 11 4.4 34.9
0 2024.13 3 4.4 34.9
0 2024.154 42 4.4 34.9
0 2024.26 9 4.4 34.9
0 2024.467 5 4.4 34.9
0 2024.473 171 4.4 34.9
0 2024.587 9 4.4 34.9
0 2024.696 9 4.4 34.9
0 2024.78 12 4.4 34.9
0 2025.054 4 4.4 34.9
0 2025.074 50 4.4 34.9
0 2025.186 9 4.4 34.9
0 2025.277 11 4.4 34.9
0 2025.385 9 4.4 34.9
0 2025.687 3 4.4 34.9
0 2025.788 10 4.4 34.9
0 2025.794 175 4.4 34.9
0 2025.917 8 4.0 35.0
0 2026.012 11 4.0 35.0
0 2026.105 11 4.0 35.0
0 2026.216 9 4.0 35.0
0 2026.321 10 4.0 35.0
0 2026.418 10 4.0 35.0
0 2026.512 11 4.0 35.0
0 2026.608 10 4.0 35.0
0 2026.719 9 4.0 35.0
0 2026.821 10 4.0 35.0
0 2027.195 3 4.0 35.0
0 2027.307 9 4.0 35.0
0 2027.314 137 4.0 35.0
0 2027.533 5 4.0 35.0
0 2027.65 8 4.0 35.0
0 2027.87 5 4.0 35.0
0 2027.877 145 4.0 35.0
0 2027.996 8 4.0 35.0
0 2028.186 5 4.0 35.0
0 2028.192 180 4.0 35.0
0 2028.311 8 4.0 35.0
0 2028.422 9 4.0 35.0
0 2028.511 11 4.0 35.0
0 2028.604 11 4.0 35.0
0 2028.714 9 4.0 35.0
0 2028.811 10 4.0 35.0
0 2028.906 11 4.0 35.0
0 2029.233 3 4.0 35.0
0 2029.24 144 4.0 35.0
0 2029.36 8 4.0 35.0
0 2029.462 10 4.0 35.0
0 2029.667 5 4.0 35.0
0 2029.682 64 4.0 35.0
0 2029.794 9 4.0 35.0
0 2029.891 10 4.0 35.0
0 2029.997 9 4.0 35.0
0 2030.086 11 4.0 35.0
0 2030.188 10 4.0 35.0
0 2030.289 10 4.0 35.0
0 2030.392 10 4.0 35.0
0 2030.493 10 4.0 35.0
0 2030.687 5 4.0 35.0
0 2030.693 148 4.0 35.0
0 2030.917 4 4.0 35.0
0 2030.922 190 4.0 35.0
0 2031.044 8 4.0 35.0
0 2031.356 3 4.0 35.0
0 2031.368 87 4.0 35.0
0 2031.48 9 4.0 35.0
0 2031.581 10 4.0 35.0
0 2031.678 10 4.0 35.0
0 2031.78 10 4.0 35.0
0 2031.878 10 4.0 35.0
0 2032.086 5 4.0 35.0
0 2032.092 168 4.0 35.0
0 2032.206 9 4.0 35.0
0 2032.414 5 4.0 35.0
0 2032.42 188 4.0 35.0
0 2032.644 4 4.0 35.0
0 2032.651 148 4.0 35.0
0 2032.972 3 4.0 35.0
0 2032.976 202 4.0 35.0
0 2033.423 2 4.0 35.0
0 2033.442 53 4.0 35.0
0 2033.549 9 4.0 35.0
0 2033.647 10 4.0 35.0
0 2033.753 9 4.0 35.0
0 2033.849 10 4.0 35.0
0 2033.95 10 4.0 35.0
0 2034.138 5 4.0 35.0
0 2034.143 218 4.0 35.0
0 2034.365 5 4.0 35.0
0 2034.37 202 4.0 35.0
0 2034.484 9 4.0 35.0
0 2034.586 10 4.0 35.0
0 2034.676 11 4.0 35.0
0 2034.793 9 4.0 35.0
0 2034.891 10 4.0 35.0
0 2034.993 10 4.0 35.0
0 2035.09 10 4.0 35.0
0 2035.182 11 4.0 35.0
0 2035.417 4 4.0 35.0
0 2035.437 51 4.0 35.0
0 2035.544 9 4.0 35.0
0 2035.75 5 4.0 35.0
0 2035.756 173 4.0 35.0
0 2035.986 4 4.3 35.0
0 2035.991 199 4.3 35.0
0 2036.108 9 4.3 35.0
0 2036.211 10 4.3 35.0
0 2036.312 10 4.3 35.0
0 2036.406 11 4.3 35.0
0 2036.5 11 4.3 35.0
0 2036.595 11 4.3 35.0
0 2036.711 9 4.3 35.0
0 2036.813 10 4.3 35.0
0 2036.909 10 4.3 35.0
0 2037.117 5 4.3 35.0
0 2037.122 198 4.3 35.0
0 2037.243 8 4.3 35.0
0 2037.652 2 4.3 35.0
0 2037.659 160 4.3 35.0
0 2037.977 3 4.3 35.0
0 2037.981 241 4.3 35.0
0 2038.19 5 4.3 35.0
0 2038.194 231 4.3 35.0
0 2038.308 9 4.3 35.0
0 2038.395 11 4.3 35.0
0 2038.504 9 4.3 35.0
0 2038.694 5 4.3 35.0
0 2038.701 133 4.3 35.0
0 2038.813 9 4.3 35.0
0 2038.913 10 4.3 35.0
0 2039.01 10 4.3 35.0
0 2039.222 5 4.3 35.0
0 2039.226 227 4.3 35.0
0 2039.448 5 4.3 35.0
0 2039.463 68 4.3 35.0
0 2039.572 9 4.3 35.0
0 2039.667 11 4.3 35.0
0 2039.779 9 4.3 35.0
0 2039.866 11 4.3 35.0
0 2039.966 10 4.3 35.0
0 2040.062 10 4.3 35.0
0 2040.169 9 4.3 35.0
0 2040.277 9 4.3 35.0
0 2040.369 11 4.3 35.0
0 2040.467 10 4.3 35.0
0 2040.563 10 4.3 35.0
0 2040.79 4 4.3 35.0
0 2040.797 150 4.3 35.0
0 2041.02 4 4.3 35.0
0 2041.024 229 4.3 35.0
0 2041.14 9 4.3 35.0
0 2041.241 10 4.3 35.0
0 2041.464 4 4.3 35.0
0 2041.478 72 4.3 35.0
0 2041.582 10 4.3 35.0
0 2041.685 10 4.3 35.0
0 2041.784 10 4.3 35.0
0 2041.89 9 4.3 35.0
0 2041.991 10 4.3 35.0
0 2042.184 5 4.3 35.0
0 2042.188 247 4.3 35.0
0 2042.303 9 4.3 35.0
0 2042.41 9 4.3 35.0
0 2042.689 4 4.3 35.0
0 2042.693 214 4.3 35.0
0 2043.007 3 4.3 35.0
0 2043.013 185 4.3 35.0
0 2043.229 5 4.3 35.0
0 2043.233 257 4.3 35.0
0 2043.453 5 4.3 35.0
0 2043.471 57 4.3 35.0
0 2043.577 9 4.3 35.0
0 2043.784 5 4.3 35.0
0 2043.79 174 4.3 35.0
0 2043.895 9 4.3 35.0
0 2044.006 9 4.3 35.0
0 2044.094 11 4.3 35.0
0 2044.318 4 4.3 35.0
0 2044.322 255 4.3 35.0
0 2044.437 9 4.3 35.0
0 2044.54 10 4.3 35.0
0 2044.642 10 4.3 35.0
0 2044.739 10 4.3 35.0
0 2044.841 10 4.3 35.0
0 2044.938 10 4.3 35.0
0 2045.041 10 4.3 35.0
0 2045.143 10 4.3 35.0
0 2045.239 10 4.3 35.0
0 2045.345 9 4.3 35.0
0 2045.55 5 4.3 35.0
0 2045.565 66 4.3 35.0
0 2045.67 10 4.3 35.0
0 2045.878 5 4.3 35.0
0 2045.882 237 4.3 35.0
0 2046.198 3 3.6 35.0
0 2046.202 216 3.6 35.0
0 2046.313 9 3.6 35.0
0 2046.42 9 3.6 35.0
0 2046.513 11 3.6 35.0
0 2046.614 10 3.6 35.0
0 2046.72 9 3.6 35.0
0 2046.814 11 3.6 35.0
0 2046.921 9 3.6 35.0
0 2047.007 12 3.6 35.0
0 2047.225 5 3.6 35.0
0 2047.229 246 3.6 35.0
0 2047.331 10 3.6 35.0
0 2047.439 9 3.6 35.0
0 2047.742 3 3.6 35.0
0 2047.748 171 3.6 35.0
0 2048.057 3 3.6 35.0
0 2048.06 303 3.6 35.0
0 2048.286 4 3.6 35.0
0 2048.29 286 3.6 35.0
0 2048.401 9 3.6 35.0
0 2048.502 10 3.6 35.0
0 2048.596 11 3.6 35.0
0 2048.825 4 3.6 35.0
0 2048.831 171 3.6 35.0
0 2048.94 9 3.6 35.0
0 2049.04 10 3.6 35.0
0 2049.148 9 3.6 35.0
0 2049.354 5 3.6 35.0
0 2049.365 87 3.6 35.0
0 2049.493 8 3.6 35.0
0 2049.588 10 3.6 35.0
0 2049.696 9 3.6 35.0
0 2049.793 10 3.6 35.0
0 2049.897 10 3.6 35.0
0 2049.993 10 3.6 35.0
0 2050.093 10 3.6 35.0
0 2050.199 9 3.6 35.0
0 2050.292 11 3.6 35.0
0 2050.359 15 3.6 35.0
0 2050.478 8 3.6 35.0
0 2050.57 11 3.6 35.0
0 2050.67 10 3.6 35.0
0 2050.886 5 3.6 35.0
0 2050.891 222 3.6 35.0
0 2051.218 3 3.6 35.0
0 2051.221 305 3.6 35.0
0 2051.336 9 3.6 35.0
0 2051.438 10 3.6 35.0
0 2051.539 10 3.6 35.0
0 2051.635 10 3.6 35.0
0 2051.735 10 3.6 35.0
0 2051.837 10 3.6 35.0
0 2051.939 10 3.6 35.0
0 2052.04 10 3.6 35.0
0 2052.158 8 3.6 35.0
0 2052.26 10 3.6 35.0
0 2052.36 10 3.6 35.0
0 2052.455 11 3.6 35.0
0 2052.753 3 3.6 35.0
0 2052.766 80 3.6 35.0
0 2053.08 3 3.6 35.0
0 2053.093 78 3.6 35.0
0 2053.311 5 3.6 35.0
0 2053.322 94 3.6 35.0
0 2053.448 8 3.6 35.0
0 2053.551 10 3.6 35.0
0 2053.659 9 3.6 35.0
0 2053.863 5 3.6 35.0
0 2053.876 79 3.6 35.0
0 2054.002 8 3.6 35.0
0 2054.096 11 3.6 35.0
0 2054.193 10 3.6 35.0
0 2054.402 5 3.6 35.0
0 2054.413 90 3.6 35.0
0 2054.546 8 3.6 35.0
0 2054.639 11 3.6 35.0
0 2054.753 9 3.6 35.0
0 2054.842 11 3.6 35.0
0 2054.942 10 3.6 35.0
0 2055.042 10 3.6 35.0
0 2055.139 10 3.6 35.0
0 2055.237 10 3.6 35.0
0 2055.347 9 3.6 35.0
0 2055.442 11 3.6 35.0
0 2055.542 10 3.6 35.0
0 2055.639 10 3.6 35.0
0 2055.742 10 3.6 35.0
0 2055.958 5 3.6 35.0
0 2055.971 78 3.6 35.0
0 2056.293 3 3.9 35.0
0 2056.306 81 3.9 35.0
0 2056.427 8 3.9 35.0
0 2056.538 9 3.9 35.0
0 2056.606 15 3.9 35.0
0 2056.733 8 3.9 35.0
0 2056.836 10 3.9 35.0
0 2056.928 11 3.9 35.0
0 2057.08 7 3.9 35.0
0 2057.108 37 3.9 35.0
0 2057.238 8 3.9 35.0
0 2057.337 10 3.9 35.0
0 2057.427 11 3.9 35.0
0 2057.787 3 3.9 35.0
0 2057.792 239 3.9 35.0
0 2058.122 3 3.9 35.0
0 2058.128 190 3.9 35.0
0 2058.356 4 3.9 35.0
0 2058.36 262 3.9 35.0
0 2058.476 9 3.9 35.0
0 2058.574 10 3.9 35.0
0 2058.681 9 3.9 35.0
0 2058.892 5 3.9 35.0
0 2058.897 198 3.9 35.0
0 2059.011 9 3.9 35.0
0 2059.102 11 3.9 35.0
0 2059.217 9 3.9 35.0
0 2059.426 5 3.9 35.0
0 2059.43 247 3.9 35.0
0 2059.547 9 3.9 35.0
0 2059.644 10 3.9 35.0
0 2059.749 9 3.9 35.0
0 2059.843 11 3.9 35.0
0 2059.933 11 3.9 35.0
0 2060.048 9 3.9 35.0
0 2060.144 10 3.9 35.0
0 2060.25 9 3.9 35.0
0 2060.344 11 3.9 35.0
0 2060.449 10 3.9 35.0
0 2060.544 11 3.9 35.0
0 2060.648 10 3.9 35.0
0 2060.751 10 3.9 35.0
0 2060.845 11 3.9 35.0
0 2061.055 5 3.9 35.0
0 2061.06 204 3.9 35.0
0 2061.392 3 3.9 35.0
0 2061.397 198 3.9 35.0
0 2061.51 9 3.9 35.0
0 2061.602 11 3.9 35.0
0 2061.714 9 3.9 35.0
0 2061.815 10 3.9 35.0
0 2061.914 10 3.9 35.0
0 2062.012 10 3.9 35.0
0 2062.1 11 3.9 35.0
0 2062.219 8 3.9 35.0
0 2062.316 10 3.9 35.0
0 2062.399 12 3.9 35.0
0 2062.51 9 3.9 35.0
0 2062.819 3 3.9 35.0
0 2062.833 72 3.9 35.0
0 2063.155 3 3.9 35.0
0 2063.167 82 3.9 35.0
0 2063.509 3 3.9 35.0
0 2063.541 31 3.9 35.0
0 2063.645 10 3.9 35.0
0 2063.751 9 3.9 35.0
0 2063.964 5 3.9 35.0
0 2063.978 72 3.9 35.0
0 2064.105 8 3.9 35.0
0 2064.207 10 3.9 35.0
0 2064.307 10 3.9 35.0
0 2064.499 5 3.9 35.0
0 2064.511 81 3.9 35.0
0 2064.635 8 3.9 35.0
0 2064.737 10 3.9 35.0
0 2064.843 9 3.9 35.0
0 2064.937 11 3.9 35.0
0 2065.044 9 3.9 35.0
0 2065.142 10 3.9 35.0
0 2065.223 12 3.9 35.0
0 2065.344 8 3.9 35.0
0 2065.552 5 3.9 35.0
0 2065.592 25 3.9 35.0
0 2065.695 10 3.9 35.0
0 2065.794 10 3.9 35.0
0 2065.895 10 3.9 35.0
0 2066.093 5 3.9 35.0
0 2066.107 74 3.9 35.0
0 2066.446 3 4.1 35.0
0 2066.458 81 4.1 35.0
0 2066.585 8 4.1 35.0
0 2066.691 10 4.1 35.0
0 2066.789 10 4.1 35.0
0 2066.892 10 4.1 35.0
0 2066.996 10 4.1 35.0
0 2067.117 8 4.1 35.0
0 2067.193 13 4.1 35.0
0 2067.293 10 4.1 35.0
0 2067.391 10 4.1 35.0
0 2067.583 5 4.1 35.0
0 2067.709 8 4.1 35.0
0 2067.816 9 4.1 35.0
0 2067.83 76 4.1 35.0
0 2067.946 9 4.1 35.0
0 2068.274 3 4.1 35.0
0 2068.381 9 4.1 35.0
0 2068.393 80 4.1 35.0
0 2068.524 8 4.1 35.0
0 2068.609 12 4.1 35.0
0 2068.727 8 4.1 35.0
0 2068.834 9 4.1 35.0
0 2069.029 5 4.1 35.0
0 2069.041 79 4.1 35.0
0 2069.214 6 4.1 35.0
0 2069.264 20 4.1 35.0
0 2069.372 9 4.1 35.0
0 2069.666 3 4.1 35.0
0 2069.702 27 4.1 35.0
0 2069.811 9 4.1 35.0
0 2069.917 9 4.1 35.0
0 2070.011 11 4.1 35.0
0 2070.104 11 4.1 35.0
0 2070.211 9 4.1 35.0
0 2070.308 10 4.1 35.0
0 2070.398 11 4.1 35.0
0 2070.517 8 4.1 35.0
0 2070.602 12 4.1 35.0
0 2070.713 9 4.1 35.0
0 2070.812 10 4.1 35.0
0 2070.898 12 4.1 35.0
0 2071.13 4 4.1 35.0
0 2071.144 71 4.1 35.0
0 2071.536 3 4.1 35.0
0 2071.689 7 4.1 35.0
0 2071.709 48 4.1 35.0
0 2071.83 8 4.1 35.0
0 2071.933 10 4.1 35.0
0 2072.033 10 4.1 35.0
0 2072.116 12 4.1 35.0
0 2072.244 8 4.1 35.0
0 2072.331 11 4.1 35.0
0 2072.428 10 4.1 35.0
0 2072.512 12 4.1 35.0
0 2072.834 3 4.1 35.0
0 2072.848 71 4.1 35.0
0 2072.971 8 4.1 35.0
0 2073.16 5 4.1 35.0
0 2073.27 9 4.1 35.0
0 2073.283 77 4.1 35.0
0 2073.554 4 4.1 35.0
0 2073.568 72 4.1 35.0
0 2073.814 4 4.1 35.0
0 2073.854 26 4.1 35.0
0 2074.067 5 4.1 35.0
0 2074.081 69 4.1 35.0
0 2074.201 8 4.1 35.0
0 2074.31 9 4.1 35.0
0 2074.401 11 4.1 35.0
0 2074.599 5 4.1 35.0
0 2074.611 79 4.1 35.0
0 2074.729 9 4.1 35.0
0 2074.841 9 4.1 35.0
0 2074.942 10 4.1 35.0
0 2075.04 10 4.1 35.0
0 2075.12 13 4.1 35.0
0 2075.242 8 4.1 35.0
0 2075.341 10 4.1 35.0
0 2075.445 10 4.1 35.0
0 2075.597 7 4.1 35.0
0 2075.618 47 4.1 35.0
0 2075.865 4 4.1 35.0
0 2075.896 32 4.1 35.0
0 2076.002 9 4.1 35.0
0 2076.217 5 4.1 35.0
0 2076.23 75 4.1 35.0
0 2076.578 3 4.7 35.0
0 2076.591 79 4.7 35.0
0 2076.723 8 4.7 35.0
0 2076.822 10 4.7 35.0
0 2076.91 11 4.7 35.0
0 2077.008 10 4.7 35.0
0 2077.113 10 4.7 35.0
0 2077.222 9 4.7 35.0
0 2077.324 10 4.7 35.0
0 2077.413 11 4.7 35.0
0 2077.516 10 4.7 35.0
0 2077.672 6 4.7 35.0
0 2077.924 4 4.7 35.0
0 2078.053 8 4.7 35.0
0 2078.297 4 4.7 35.0
0 2078.309 84 4.7 35.0
0 2078.529 5 4.7 35.0
0 2078.54 88 4.7 35.0
0 2078.668 8 4.7 35.0
0 2078.749 12 4.7 35.0
0 2078.873 8 4.7 35.0
0 2079.084 5 4.7 35.0
0 2079.097 77 4.7 35.0
0 2079.207 9 4.7 35.0
0 2079.321 9 4.7 35.0
0 2079.414 11 4.7 35.0
0 2079.678 4 4.7 35.0
0 2079.716 26 4.7 35.0
0 2079.815 10 4.7 35.0
0 2079.925 9 4.7 35.0
0 2080.016 11 4.7 35.0
0 2080.112 10 4.7 35.0
0 2080.22 9 4.7 35.0
0 2080.315 11 4.7 35.0
0 2080.4 12 4.7 35.0
0 2080.523 8 4.7 35.0
0 2080.612 11 4.7 35.0
0 2080.722 9 4.7 35.0
0 2080.909 5 4.7 35.0
0 2080.913 291 4.7 35.0
0 2081.035 8 4.7 35.0
0 2081.244 5 4.7 35.0
0 2081.249 186 4.7 35.0
0 2081.361 9 4.7 35.0
0 2081.738 3 4.7 35.0
0 2081.753 67 4.7 35.0
0 2081.858 9 4.7 35.0
0 2081.954 10 4.7 35.0
0 2082.054 10 4.7 35.0
0 2082.156 10 4.7 35.0
0 2082.256 10 4.7 35.0
0 2082.36 10 4.7 35.0
0 2082.581 5 4.7 35.0
0 2082.585 267 4.7 35.0
0 2082.7 9 4.7 35.0
0 2083.015 3 4.7 35.0
0 2083.02 195 4.7 35.0
0 2083.343 3 4.7 35.0
0 2083.348 226 4.7 35.0
0 2083.571 4 4.7 35.0
0 2083.575 270 4.7 35.0
0 2083.747 6 4.7 35.0
0 2083.789 24 4.7 35.0
0 2083.891 10 4.7 35.0
0 2084.11 5 4.7 35.0
0 2084.116 160 4.7 35.0
0 2084.226 9 4.7 35.0
0 2084.328 10 4.7 35.0
0 2084.431 10 4.7 35.0
0 2084.641 5 4.7 35.0
0 2084.644 285 4.7 35.0
0 2084.757 9 4.7 35.0
0 2084.858 10 4.7 35.0
0 2084.961 10 4.7 35.0
0 2085.056 11 4.7 35.0
0 2085.166 9 4.7 35.0
0 2085.258 11 4.7 35.0
0 2085.359 10 4.7 35.0
0 2085.462 10 4.7 35.0
0 2085.546 12 4.7 35.0
0 2085.657 9 4.7 35.0
0 2085.832 6 4.7 35.0
0 2085.975 7 4.7 35.0
0 2085.979 252 4.7 35.0
0 2086.091 9 4.7 35.0
0 2086.303 5 4.7 35.0
0 2086.308 183 4.7 35.0
0 2086.42 9 4.7 35.0
0 2086.726 3 4.3 35.0
0 2086.729 260 4.3 35.0
0 2086.85 8 4.3 35.0
0 2086.944 11 4.3 35.0
0 2087.045 10 4.3 35.0
0 2087.141 10 4.3 35.0
0 2087.245 10 4.3 35.0
0 2087.345 10 4.3 35.0
0 2087.453 9 4.3 35.0
0 2087.645 5 4.3 35.0
0 2087.649 252 4.3 35.0
0 2087.764 9 4.3 35.0
0 2088.132 3 4.3 35.0
0 2088.245 9 4.3 35.0
0 2088.35 10 4.3 35.0
0 2088.354 249 4.3 35.0
0 2088.579 4 4.3 35.0
0 2088.582 295 4.3 35.0
0 2088.7 8 4.3 35.0
0 2088.797 10 4.3 35.0
0 2088.892 11 4.3 35.0
0 2089.119 4 4.3 35.0
0 2089.124 208 4.3 35.0
0 2089.24 9 4.3 35.0
0 2089.339 10 4.3 35.0
0 2089.438 10 4.3 35.0
0 2089.654 5 4.3 35.0
0 2089.657 282 4.3 35.0
0 2089.776 8 4.3 35.0
0 2089.874 10 4.3 35.0
0 2089.973 10 4.3 35.0
0 2090.069 10 4.3 35.0
0 2090.24 6 4.3 35.0
0 2090.271 32 4.3 35.0
0 2090.379 9 4.3 35.0
0 2090.473 11 4.3 35.0
0 2090.569 10 4.3 35.0
0 2090.676 9 4.3 35.0
0 2090.773 10 4.3 35.0
0 2090.988 5 4.3 35.0
0 2090.992 269 4.3 35.0
0 2091.105 9 4.3 35.0
0 2091.312 5 4.3 35.0
0 2091.316 257 4.3 35.0
0 2091.429 9 4.3 35.0
0 2091.75 3 4.3 35.0
0 2091.753 288 4.3 35.0
0 2091.869 9 4.3 35.0
0 2091.962 11 4.3 35.0
0 2092.07 9 4.3 35.0
0 2092.169 10 4.3 35.0
0 2092.33 6 4.3 35.0
0 2092.365 29 4.3 35.0
0 2092.471 9 4.3 35.0
0 2092.681 5 4.3 35.0
0 2092.685 259 4.3 35.0
0 2092.802 9 4.3 35.0
0 2093.107 3 4.3 35.0
0 2093.112 199 4.3 35.0
0 2093.436 3 4.3 35.0
0 2093.44 256 4.3 35.0
0 2093.67 4 4.3 35.0
0 2093.674 273 4.3 35.0
0 2093.787 9 4.3 35.0
0 2093.888 10 4.3 35.0
0 2093.986 10 4.3 35.0
0 2094.207 5 4.3 35.0
0 2094.212 191 4.3 35.0
0 2094.386 6 4.3 35.0
0 2094.412 38 4.3 35.0
0 2094.527 9 4.3 35.0
0 2094.727 5 4.3 35.0
0 2094.731 264 4.3 35.0
0 2094.843 9 4.3 35.0
0 2094.933 11 4.3 35.0
0 2095.049 9 4.3 35.0
0 2095.143 11 4.3 35.0
0 2095.253 9 4.3 35.0
0 2095.345 11 4.3 35.0
0 2095.444 10 4.3 35.0
0 2095.55 9 4.3 35.0
0 2095.634 12 4.3 35.0
0 2095.755 8 4.3 35.0
0 2095.845 11 4.3 35.0
0 2096.063 5 4.3 35.0
0 2096.067 250 4.3 35.0
0 2096.168 10 4.3 35.0
0 2096.465 3 4.3 35.0
0 2096.479 73 4.3 35.0
0 2096.796 3 4.0 35.0
0 2096.801 184 4.0 35.0
0 2096.903 10 4.0 35.0
0 2097.019 9 4.0 35.0
0 2097.109 11 4.0 35.0
0 2097.205 10 4.0 35.0
0 2097.322 9 4.0 35.0
0 2097.415 11 4.0 35.0
0 2097.521 9 4.0 35.0
0 2097.707 5 4.0 35.0
0 2097.712 221 4.0 35.0
0 2097.834 8 4.0 35.0
0 2098.148 3 4.0 35.0
0 2098.152 226 4.0 35.0
0 2098.582 2 4.0 35.0
0 2098.712 8 4.0 35.0
0 2098.717 231 4.0 35.0
0 2098.831 9 4.0 35.0
0 2098.934 10 4.0 35.0
0 2099.037 10 4.0 35.0
0 2099.231 5 4.0 35.0
0 2099.236 182 4.0 35.0
0 2099.349 9 4.0 35.0
0 2099.452 10 4.0 35.0
0 2099.555 10 4.0 35.0
0 2099.764 5 4.0 35.0
0 2099.768 224 4.0 35.0
0 2099.874 9 4.0 35.0
0 2099.985 9 4.0 35.0
0 2100.087 10 4.0 35.0
0 2100.182 10 4.0 35.0
0 2100.291 9 4.0 35.0
0 2100.384 11 4.0 35.0
0 2100.594 5 4.0 35.0
0 2100.621 37 4.0 35.0
0 2100.73 9 4.0 35.0
0 2100.841 9 4.0 35.0
0 2100.934 11 4.0 35.0
0 2101.157 4 4.0 35.0
0 2101.169 80 4.0 35.0
0 2101.421 4 4.0 35.0
0 2101.435 71 4.0 35.0
0 2101.562 8 4.0 35.0
0 2101.861 3 4.0 35.0
0 2101.873 82 4.0 35.0
0 2102.01 7 4.0 35.0
0 2102.102 11 4.0 35.0
0 2102.203 10 4.0 35.0
0 2102.306 10 4.0 35.0
0 2102.405 10 4.0 35.0
0 2102.48 13 4.0 35.0
0 2102.716 4 4.0 35.0
0 2102.862 7 4.0 35.0
0 2102.874 83 4.0 35.0
0 2103.207 3 4.0 35.0
0 2103.22 74 4.0 35.0
0 2103.567 3 4.0 35.0
0 2103.579 81 4.0 35.0
0 2103.799 5 4.0 35.0
0 2103.81 88 4.0 35.0
0 2103.93 8 4.0 35.0
0 2104.044 9 4.0 35.0
0 2104.256 5 4.0 35.0
0 2104.267 84 4.0 35.0
0 2104.398 8 4.0 35.0
0 2104.494 10 4.0 35.0
0 2104.598 10 4.0 35.0
0 2104.802 5 4.0 35.0
0 2104.84 26 4.0 35.0
0 2104.945 9 4.0 35.0
0 2105.04 11 4.0 35.0
0 2105.122 12 4.0 35.0
0 2105.245 8 4.0 35.0
0 2105.342 10 4.0 35.0
0 2105.439 10 4.0 35.0
0 2105.55 9 4.0 35.0
0 2105.633 12 4.0 35.0
0 2105.72 12 4.0 35.0
0 2105.841 8 4.0 35.0
0 2105.944 10 4.0 35.0
0 2106.029 12 4.0 35.0
0 2106.248 5 4.0 35.0
0 2106.26 81 4.0 35.0
0 2106.486 4 4.0 35.0
0 2106.498 82 4.0 35.0
0 2106.615 9 4.0 35.0
0 2107.008 3 4.4 35.0
0 2107.047 25 4.4 35.0
0 2107.132 12 4.4 35.0
0 2107.249 9 4.4 35.0
0 2107.349 10 4.4 35.0
0 2107.448 10 4.4 35.0
0 2107.555 9 4.4 35.0
0 2107.626 14 4.4 35.0
0 2107.75 8 4.4 35.0
0 2107.97 5 4.4 35.0
0 2108.09 8 4.4 35.0
0 2108.213 8 4.4 35.0
0 2108.233 51 4.4 35.0
0 2108.576 3 4.4 35.0
0 2108.596 49 4.4 35.0
0 2108.823 4 4.4 35.0
0 2108.842 52 4.4 35.0
0 2109.074 4 4.4 35.0
0 2109.125 20 4.4 35.0
0 2109.315 5 4.4 35.0
0 2109.336 47 4.4 35.0
0 2109.463 8 4.4 35.0
0 2109.554 11 4.4 35.0
0 2109.663 9 4.4 35.0
0 2109.763 10 4.4 35.0
0 2109.867 10 4.4 35.0
0 2109.961 11 4.4 35.0
0 2110.057 11 4.4 35.0
0 2110.137 12 4.4 35.0
0 2110.268 8 4.4 35.0
0 2110.367 10 4.4 35.0
0 2110.462 11 4.4 35.0
0 2110.563 10 4.4 35.0
0 2110.639 13 4.4 35.0
0 2110.785 7 4.4 35.0
0 2110.857 14 4.4 35.0
0 2111.093 4 4.4 35.0
0 2111.126 31 4.4 35.0
0 2111.358 4 4.4 35.0
0 2111.377 51 4.4 35.0
0 2111.621 4 4.4 35.0
0 2111.641 52 4.4 35.0
0 2111.783 7 4.4 35.0
0 2111.991 5 4.4 35.0
0 2112.013 47 4.4 35.0
0 2112.125 9 4.4 35.0
0 2112.239 9 4.4 35.0
0 2112.351 9 4.4 35.0
0 2112.428 13 4.4 35.0
0 2112.544 9 4.4 35.0
0 2112.63 12 4.4 35.0
0 2112.726 11 4.4 35.0
0 2112.975 4 4.4 35.0
0 2113.296 3 4.4 35.0
0 2113.316 50 4.4 35.0
0 2113.658 3 4.4 35.0
0 2113.678 52 4.4 35.0
0 2113.923 4 4.4 35.0
0 2113.942 53 4.4 35.0
0 2114.085 7 4.4 35.0
0 2114.185 10 4.4 35.0
0 2114.394 5 4.4 35.0
0 2114.508 9 4.4 35.0
0 2114.519 88 4.4 35.0
0 2114.625 9 4.4 35.0
0 2114.749 8 4.4 35.0
0 2114.848 10 4.4 35.0
0 2114.948 10 4.4 35.0
0 2115.056 9 4.4 35.0
0 2115.124 15 4.4 35.0
0 2115.243 8 4.4 35.0
0 2115.333 11 4.4 35.0
0 2115.448 9 4.4 35.0
0 2115.639 5 4.4 35.0
0 2115.642 316 4.4 35.0
0 2115.755 9 4.4 35.0
0 2115.856 10 4.4 35.0
0 2115.954 10 4.4 35.0
0 2116.059 10 4.4 35.0
0 2116.158 10 4.4 35.0
0 2116.369 5 4.4 35.0
0 2116.373 311 4.4 35.0
0 2116.484 9 4.4 35.0
0 2116.689 5 4.4 35.0
0 2116.693 258 4.4 35.0
0 2116.803 9 4.4 35.0
0 2117.04 4 4.9 35.0
0 2117.05 92 4.9 35.0
0 2117.172 8 4.9 35.0
0 2117.254 12 4.9 35.0
0 2117.376 8 4.9 35.0
0 2117.456 13 4.9 35.0
0 2117.57 9 4.9 35.0
0 2117.684 9 4.9 35.0
0 2117.782 10 4.9 35.0
0 2117.88 10 4.9 35.0
0 2117.983 10 4.9 35.0
0 2118.391 2 4.9 35.0
0 2118.404 80 4.9 35.0
0 2118.753 3 4.9 35.0
0 2118.766 79 4.9 35.0
0 2118.993 4 4.9 35.0
0 2119.005 84 4.9 35.0
0 2119.121 9 4.9 35.0
0 2119.236 9 4.9 35.0
0 2119.452 5 4.9 35.0
0 2119.568 9 4.9 35.0
0 2119.572 235 4.9 35.0
0 2119.683 9 4.9 35.0
0 2119.79 9 4.9 35.0
0 2119.885 10 4.9 35.0
0 2119.986 10 4.9 35.0
0 2120.095 9 4.9 35.0
0 2120.186 11 4.9 35.0
0 2120.291 9 4.9 35.0
0 2120.386 11 4.9 35.0
0 2120.487 10 4.9 35.0
0 2120.704 5 4.9 35.0
0 2120.708 228 4.9 35.0
0 2120.884 6 4.9 35.0
0 2120.921 27 4.9 35.0
0 2121.018 10 4.9 35.0
0 2121.116 10 4.9 35.0
0 2121.231 9 4.9 35.0
0 2121.436 5 4.9 35.0
0 2121.44 258 4.9 35.0
0 2121.552 9 4.9 35.0
0 2121.772 5 4.9 35.0
0 2121.778 185 4.9 35.0
0 2121.89 9 4.9 35.0
0 2122.111 5 4.9 35.0
0 2122.115 245 4.9 35.0
0 2122.231 9 4.9 35.0
0 2122.338 9 4.9 35.0
0 2122.428 11 4.9 35.0
0 2122.532 10 4.9 35.0
0 2122.617 12 4.9 35.0
0 2122.731 9 4.9 35.0
0 2122.895 6 4.9 35.0
0 2122.921 38 4.9 35.0
0 2123.028 9 4.9 35.0
0 2123.428 3 4.9 35.0
0 2123.433 192 4.9 35.0
0 2123.766 3 4.9 35.0
0 2123.779 82 4.9 35.0
0 2124.009 4 4.9 35.0
0 2124.02 84 4.9 35.0
0 2124.126 9 4.9 35.0
0 2124.25 8 4.9 35.0
0 2124.462 5 4.9 35.0
0 2124.578 9 4.9 35.0
0 2124.59 84 4.9 35.0
0 2124.72 8 4.9 35.0
0 2124.82 10 4.9 35.0
0 2124.96 7 4.9 35.0
0 2125.006 22 4.9 35.0
0 2125.123 9 4.9 35.0
0 2125.219 10 4.9 35.0
0 2125.312 11 4.9 35.0
0 2125.404 11 4.9 35.0
0 2125.514 9 4.9 35.0
0 2125.723 5 4.9 35.0
0 2125.735 82 4.9 35.0
0 2125.856 8 4.9 35.0
0 2125.964 9 4.9 35.0
0 2126.065 10 4.9 35.0
0 2126.165 10 4.9 35.0
0 2126.269 10 4.9 35.0
0 2126.462 5 4.9 35.0
0 2126.472 93 4.9 35.0
0 2126.601 8 4.9 35.0
0 2126.811 5 4.9 35.0
0 2126.824 78 4.9 35.0
0 2127.008 5 4.9 35.0
0 2127.149 7 4.3 35.1
0 2127.16 87 4.3 35.1
0 2127.295 7 4.3 35.1
0 2127.387 11 4.3 35.1
0 2127.486 10 4.3 35.1
0 2127.581 11 4.3 35.1
0 2127.692 9 4.3 35.1
0 2127.792 10 4.3 35.1
0 2127.893 10 4.3 35.1
0 2127.991 10 4.3 35.1
0 2128.091 10 4.3 35.1
0 2128.29 5 4.3 35.1
0 2128.303 77 4.3 35.1
0 2128.506 5 4.3 35.1
0 2128.517 85 4.3 35.1
0 2128.833 3 4.3 35.1
0 2128.846 78 4.3 35.1
0 2129.118 4 4.3 35.1
0 2129.13 84 4.3 35.1
0 2129.255 8 4.3 35.1
0 2129.468 5 4.3 35.1
0 2129.582 9 4.3 35.1
0 2129.593 90 4.3 35.1
0 2129.724 8 4.3 35.1
0 2129.826 10 4.3 35.1
0 2129.925 10 4.3 35.1
0 2130.027 10 4.3 35.1
0 2130.12 11 4.3 35.1
0 2130.225 9 4.3 35.1
0 2130.325 10 4.3 35.1
0 2130.402 13 4.3 35.1
0 2130.528 8 4.3 35.1
0 2130.722 5 4.3 35.1
0 2130.733 90 4.3 35.1
0 2130.852 8 4.3 35.1
0 2130.964 9 4.3 35.1
0 2131.067 10 4.3 35.1
0 2131.212 7 4.3 35.1
0 2131.267 18 4.3 35.1
0 2131.342 13 4.3 35.1
0 2131.562 5 4.3 35.1
0 2131.573 88 4.3 35.1
0 2131.805 4 4.3 35.1
0 2131.818 82 4.3 35.1
0 2131.945 8 4.3 35.1
0 2132.049 10 4.3 35.1
0 2132.249 5 4.3 35.1
0 2132.26 85 4.3 35.1
0 2132.391 8 4.3 35.1
0 2132.489 10 4.3 35.1
0 2132.586 10 4.3 35.1
0 2132.695 9 4.3 35.1
0 2132.794 10 4.3 35.1
0 2132.889 10 4.3 35.1
0 2132.991 10 4.3 35.1
0 2133.089 10 4.3 35.1
0 2133.335 4 4.3 35.1
0 2133.368 30 4.3 35.1
0 2133.59 5 4.3 35.1
0 2133.601 86 4.3 35.1
0 2133.914 3 4.3 35.1
0 2133.926 83 4.3 35.1
0 2134.148 5 4.3 35.1
0 2134.16 88 4.3 35.1
0 2134.291 8 4.3 35.1
0 2134.496 5 4.3 35.1
0 2134.624 8 4.3 35.1
0 2134.635 88 4.3 35.1
0 2134.749 9 4.3 35.1
0 2134.877 8 4.3 35.1
0 2134.965 11 4.3 35.1
0 2135.056 11 4.3 35.1
0 2135.168 9 4.3 35.1
0 2135.255 12 4.3 35.1
0 2135.428 6 4.3 35.1
0 2135.465 27 4.3 35.1
0 2135.558 11 4.3 35.1
0 2135.871 3 4.3 35.1
0 2135.875 236 4.3 35.1
0 2135.988 9 4.3 35.1
0 2136.088 10 4.3 35.1
0 2136.191 10 4.3 35.1
0 2136.289 10 4.3 35.1
0 2136.39 10 4.3 35.1
0 2136.599 5 4.3 35.1
0 2136.602 282 4.3 35.1
0 2136.833 4 4.3 35.1
0 2136.838 222 4.3 35.1
0 2136.944 9 4.3 35.1
0 2137.048 10 4.3 35.1
0 2137.264 5 4.5 35.1
0 2137.268 219 4.5 35.1
0 2137.438 6 4.5 35.1
0 2137.485 21 4.5 35.1
0 2137.57 12 4.5 35.1
0 2137.68 9 4.5 35.1
0 2137.784 10 4.5 35.1
0 2137.885 10 4.5 35.1
0 2137.989 10 4.5 35.1
0 2138.083 11 4.5 35.1
0 2138.29 5 4.5 35.1
0 2138.295 211 4.5 35.1
0 2138.41 9 4.5 35.1
0 2138.63 5 4.5 35.1
0 2138.633 279 4.5 35.1
0 2138.956 3 4.5 35.1
0 2138.96 232 4.5 35.1
0 2139.199 4 4.5 35.1
0 2139.202 301 4.5 35.1
0 2139.315 9 4.5 35.1
0 2139.571 4 4.5 35.1
0 2139.704 7 4.5 35.1
0 2139.708 233 4.5 35.1
0 2139.845 7 4.5 35.1
0 2139.933 11 4.5 35.1
0 2140.04 9 4.5 35.1
0 2140.128 11 4.5 35.1
0 2140.255 8 4.5 35.1
0 2140.341 12 4.5 35.1
0 2140.443 10 4.5 35.1
0 2140.539 10 4.5 35.1
0 2140.638 10 4.5 35.1
0 2140.746 9 4.5 35.1
0 2140.965 5 4.5 35.1
0 2140.977 83 4.5 35.1
0 2141.106 8 4.5 35.1
0 2141.205 10 4.5 35.1
0 2141.308 10 4.5 35.1
0 2141.399 11 4.5 35.1
0 2141.509 9 4.5 35.1
0 2141.761 4 4.5 35.1
0 2141.918 6 4.5 35.1
0 2141.931 74 4.5 35.1
0 2142.067 7 4.5 35.1
0 2142.268 5 4.5 35.1
0 2142.28 84 4.5 35.1
0 2142.398 8 4.5 35.1
0 2142.512 9 4.5 35.1
0 2142.616 10 4.5 35.1
0 2142.71 11 4.5 35.1
0 2142.81 10 4.5 35.1
0 2142.902 11 4.5 35.1
0 2143.004 10 4.5 35.1
0 2143.117 9 4.5 35.1
0 2143.306 5 4.5 35.1
0 2143.318 86 4.5 35.1
0 2143.424 9 4.5 35.1
0 2143.668 4 4.5 35.1
0 2143.682 76 4.5 35.1
0 2144.073 3 4.5 35.1
0 2144.219 7 4.5 35.1
0 2144.32 10 4.5 35.1
0 2144.325 231 4.5 35.1
0 2144.56 4 4.5 35.1
0 2144.564 235 4.5 35.1
0 2144.791 4 4.5 35.1
0 2144.796 226 4.5 35.1
0 2144.911 9 4.5 35.1
0 2145.011 10 4.5 35.1
0 2145.112 10 4.5 35.1
0 2145.203 11 4.5 35.1
0 2145.319 9 4.5 35.1
0 2145.41 11 4.5 35.1
0 2145.512 10 4.5 35.1
0 2145.611 10 4.5 35.1
0 2145.698 12 4.5 35.1
0 2145.821 8 4.5 35.1
0 2146.122 3 4.5 35.1
0 2146.127 206 4.5 35.1
0 2146.241 9 4.5 35.1
0 2146.354 9 4.5 35.1
0 2146.44 12 4.5 35.1
0 2146.539 10 4.5 35.1
0 2146.747 5 4.5 35.1
0 2146.751 242 4.5 35.1
0 2146.997 4 4.5 35.1
0 2147.001 244 4.5 35.1
0 2147.117 9 4.5 35.1
0 2147.323 5 4.5 35.2
0 2147.328 208 4.5 35.2
0 2147.451 8 4.5 35.2
0 2147.545 11 4.5 35.2
0 2147.628 12 4.5 35.2
0 2147.741 9 4.5 35.2
0 2147.843 10 4.5 35.2
0 2147.951 9 4.5 35.2
0 2148.153 5 4.5 35.2
0 2148.169 64 4.5 35.2
0 2148.382 5 4.5 35.2
0 2148.386 209 4.5 35.2
0 2148.507 8 4.5 35.2
0 2148.72 5 4.5 35.2
0 2148.724 245 4.5 35.2
0 2149.053 3 4.5 35.2
0 2149.059 172 4.5 35.2
0 2149.388 3 4.5 35.2
0 2149.4 83 4.5 35.2
0 2149.532 8 4.5 35.2
0 2149.628 10 4.5 35.2
0 2149.827 5 4.5 35.2
0 2149.839 84 4.5 35.2
0 2149.97 8 4.5 35.2
0 2150.177 5 4.5 35.2
0 2150.223 22 4.5 35.2
0 2150.321 10 4.5 35.2
0 2150.403 12 4.5 35.2
0 2150.525 8 4.5 35.2
0 2150.616 11 4.5 35.2
0 2150.728 9 4.5 35.2
0 2150.817 11 4.5 35.2
0 2150.914 10 4.5 35.2
0 2151.135 5 4.5 35.2
0 2151.155 48 4.5 35.2
0 2151.306 7 4.5 35.2
0 2151.49 5 4.5 35.2
0 2151.503 82 4.5 35.2
0 2151.625 8 4.5 35.2
0 2151.84 5 4.5 35.2
0 2151.853 76 4.5 35.2
0 2152.18 3 4.5 35.2
0 2152.312 8 4.5 35.2
0 2152.324 86 4.5 35.2
0 2152.463 7 4.5 35.2
0 2152.552 11 4.5 35.2
0 2152.626 14 4.5 35.2
0 2152.755 8 4.5 35.2
0 2152.854 10 4.5 35.2
0 2152.956 10 4.5 35.2
0 2153.056 10 4.5 35.2
0 2153.139 12 4.5 35.2
0 2153.251 9 4.5 35.2
0 2153.478 4 4.5 35.2
0 2153.492 71 4.5 35.2
0 2153.727 4 4.5 35.2
0 2153.739 81 4.5 35.2
0 2154.06 3 4.5 35.2
0 2154.074 70 4.5 35.2
0 2154.309 4 4.5 35.2
0 2154.446 7 4.5 35.2
0 2154.458 83 4.5 35.2
0 2154.591 8 4.5 35.2
0 2154.686 11 4.5 35.2
0 2154.905 5 4.5 35.2
0 2154.916 85 4.5 35.2
0 2155.046 8 4.5 35.2
0 2155.137 11 4.5 35.2
0 2155.246 9 4.5 35.2
0 2155.342 10 4.5 35.2
0 2155.448 9 4.5 35.2
0 2155.552 10 4.5 35.2
0 2155.646 11 4.5 35.2
0 2155.746 10 4.5 35.2
0 2155.842 10 4.5 35.2
0 2155.947 10 4.5 35.2
0 2156.167 5 4.5 35.2
0 2156.181 71 4.5 35.2
0 2156.416 4 4.5 35.2
0 2156.554 7 4.5 35.2
0 2156.566 84 4.5 35.2
0 2156.701 7 4.5 35.2
0 2156.895 5 4.5 35.2
0 2156.907 82 4.5 35.2
0 2157.14 4 4.5 35.2
0 2157.151 87 4.5 35.2
0 2157.395 4 4.9 35.2
0 2157.407 85 4.9 35.2
0 2157.537 8 4.9 35.2
0 2157.621 12 4.9 35.2
0 2157.735 9 4.9 35.2
0 2157.841 9 4.9 35.2
0 2157.942 10 4.9 35.2
0 2158.038 10 4.9 35.2
0 2158.132 11 4.9 35.2
0 2158.236 10 4.9 35.2
0 2158.443 5 4.9 35.2
0 2158.583 7 4.9 35.2
0 2158.594 93 4.9 35.2
0 2158.844 4 4.9 35.2
0 2159.069 4 4.9 35.2
0 2159.084 68 4.9 35.2
0 2159.207 8 4.9 35.2
0 2159.307 10 4.9 35.2
0 2159.604 3 4.9 35.2
0 2159.619 70 4.9 35.2
0 2159.741 8 4.9 35.2
0 2159.94 5 4.9 35.2
0 2159.951 90 4.9 35.2
0 2160.079 8 4.9 35.2
0 2160.187 9 4.9 35.2
0 2160.276 11 4.9 35.2
0 2160.379 10 4.9 35.2
0 2160.481 10 4.9 35.2
0 2160.572 11 4.9 35.2
0 2160.68 9 4.9 35.2
0 2160.789 9 4.9 35.2
0 2160.879 11 4.9 35.2
0 2160.979 10 4.9 35.2
0 2161.203 4 4.9 35.2
0 2161.216 79 4.9 35.2
0 2161.351 7 4.9 35.2
0 2161.441 11 4.9 35.2
0 2161.655 5 4.9 35.2
0 2161.666 88 4.9 35.2
0 2161.905 4 4.9 35.2
0 2161.917 85 4.9 35.2
0 2162.157 4 4.9 35.2
0 2162.168 92 4.9 35.2
0 2162.406 4 4.9 35.2
0 2162.419 78 4.9 35.2
0 2162.545 8 4.9 35.2
0 2162.626 12 4.9 35.2
0 2162.746 8 4.9 35.2
0 2162.845 10 4.9 35.2
0 2162.951 9 4.9 35.2
0 2163.044 11 4.9 35.2
0 2163.145 10 4.9 35.2
0 2163.244 10 4.9 35.2
0 2163.336 11 4.9 35.2
0 2163.452 9 4.9 35.2
0 2163.674 5 4.9 35.2
0 2163.685 87 4.9 35.2
0 2163.931 4 4.9 35.2
0 2164.159 4 4.9 35.2
0 2164.17 90 4.9 35.2
0 2164.296 8 4.9 35.2
0 2164.391 11 4.9 35.2
0 2164.703 3 4.9 35.2
0 2164.717 75 4.9 35.2
0 2164.841 8 4.9 35.2
0 2165.056 5 4.9 35.2
0 2165.067 86 4.9 35.2
0 2165.19 8 4.9 35.2
0 2165.302 9 4.9 35.2
0 2165.394 11 4.9 35.2
0 2165.494 10 4.9 35.2
0 2165.592 10 4.9 35.2
0 2165.695 10 4.9 35.2
0 2165.79 10 4.9 35.2
0 2165.9 9 4.9 35.2
0 2165.995 11 4.9 35.2
0 2166.221 4 4.9 35.2
0 2166.233 84 4.9 35.2
0 2166.358 8 4.9 35.2
0 2166.464 9 4.9 35.2
0 2166.679 5 4.9 35.2
0 2166.692 79 4.9 35.2
0 2166.938 4 4.9 35.2
0 2166.949 92 4.9 35.2
0 2167.184 4 4.9 35.2
0 2167.196 83 4.9 35.2
0 2167.452 4 4.6 35.3
0 2167.464 87 4.6 35.3
0 2167.595 8 4.6 35.3
0 2167.693 10 4.6 35.3
0 2167.792 10 4.6 35.3
0 2167.889 10 4.6 35.3
0 2167.99 10 4.6 35.3
0 2168.091 10 4.6 35.3
0 2168.19 10 4.6 35.3
0 2168.292 10 4.6 35.3
0 2168.39 10 4.6 35.3
0 2168.495 10 4.6 35.3
0 2168.7 5 4.6 35.3
0 2168.712 89 4.6 35.3
0 2169.041 3 4.6 35.3
0 2169.253 5 4.6 35.3
0 2169.256 317 4.6 35.3
0 2169.369 9 4.6 35.3
0 2169.471 10 4.6 35.3
0 2169.791 3 4.6 35.3
0 2169.796 209 4.6 35.3
0 2169.907 9 4.6 35.3
0 2170.13 4 4.6 35.3
0 2170.134 306 4.6 35.3
0 2170.251 9 4.6 35.3
0 2170.349 10 4.6 35.3
0 2170.446 10 4.6 35.3
0 2170.546 10 4.6 35.3
0 2170.647 10 4.6 35.3
0 2170.751 10 4.6 35.3
0 2170.85 10 4.6 35.3
0 2170.947 10 4.6 35.3
0 2171.047 10 4.6 35.3
0 2171.259 5 4.6 35.3
0 2171.263 262 4.6 35.3
0 2171.381 9 4.6 35.3
0 2171.473 11 4.6 35.3
0 2171.698 4 4.6 35.3
0 2171.702 257 4.6 35.3
0 2171.818 9 4.6 35.3
0 2172.032 5 4.6 35.3
0 2172.036 293 4.6 35.3
0 2172.238 5 4.6 35.3
0 2172.242 259 4.6 35.3
0 2172.447 5 4.6 35.3
0 2172.45 317 4.6 35.3
0 2172.57 8 4.6 35.3
0 2172.661 11 4.6 35.3
0 2172.764 10 4.6 35.3
0 2172.857 11 4.6 35.3
0 2172.966 9 4.6 35.3
0 2173.07 10 4.6 35.3
0 2173.163 11 4.6 35.3
0 2173.266 10 4.6 35.3
0 2173.366 10 4.6 35.3
0 2173.46 11 4.6 35.3
0 2173.573 9 4.6 35.3
0 2173.775 5 4.6 35.3
0 2173.779 259 4.6 35.3
0 2174.116 3 4.6 35.3
0 2174.337 5 4.6 35.3
0 2174.341 245 4.6 35.3
0 2174.455 9 4.6 35.3
0 2174.553 10 4.6 35.3
0 2174.877 3 4.6 35.3
0 2174.882 190 4.6 35.3
0 2174.991 9 4.6 35.3
0 2175.218 4 4.6 35.3
0 2175.221 311 4.6 35.3
0 2175.337 9 4.6 35.3
0 2175.439 10 4.6 35.3
0 2175.533 11 4.6 35.3
0 2175.628 10 4.6 35.3
0 2175.737 9 4.6 35.3
0 2175.828 11 4.6 35.3
0 2175.943 9 4.6 35.3
0 2176.034 11 4.6 35.3
0 2176.129 11 4.6 35.3
0 2176.356 4 4.6 35.3
0 2176.359 302 4.6 35.3
0 2176.483 8 4.6 35.3
0 2176.57 11 4.6 35.3
0 2176.796 4 4.6 35.3
0 2176.8 230 4.6 35.3
0 2176.911 9 4.6 35.3
0 2177.237 3 4.6 35.3
0 2177.24 311 4.6 35.3
0 2177.474 4 4.0 35.3
0 2177.477 296 4.0 35.3
0 2177.591 9 4.0 35.3
0 2177.695 10 4.0 35.3
0 2177.792 10 4.0 35.3
0 2177.891 10 4.0 35.3
0 2177.99 10 4.0 35.3
0 2178.09 10 4.0 35.3
0 2178.196 9 4.0 35.3
0 2178.296 10 4.0 35.3
0 2178.393 10 4.0 35.3
0 2178.489 10 4.0 35.3
0 2178.591 10 4.0 35.3
0 2178.801 5 4.0 35.3
0 2178.804 317 4.0 35.3
0 2179.141 3 4.0 35.3
0 2179.351 5 4.0 35.3
0 2179.354 277 4.0 35.3
0 2179.466 9 4.0 35.3
0 2179.567 10 4.0 35.3
0 2179.884 3 4.0 35.3
0 2179.89 167 4.0 35.3
0 2179.999 9 4.0 35.3
0 2180.217 5 4.0 35.3
0 2180.22 295 4.0 35.3
0 2180.331 9 4.0 35.3
0 2180.443 9 4.0 35.3
0 2180.531 11 4.0 35.3
0 2180.636 10 4.0 35.3
0 2180.737 10 4.0 35.3
0 2180.831 11 4.0 35.3
0 2180.943 9 4.0 35.3
0 2181.031 11 4.0 35.3
0 2181.137 9 4.0 35.3
0 2181.237 10 4.0 35.3
0 2181.452 5 4.0 35.3
0 2181.456 221 4.0 35.3
0 2181.562 9 4.0 35.3
0 2181.666 10 4.0 35.3
0 2181.905 4 4.0 35.3
0 2181.908 295 4.0 35.3
0 2182.247 3 4.0 35.3
0 2182.25 284 4.0 35.3
0 2182.488 4 4.0 35.3
0 2182.492 320 4.0 35.3
0 2182.602 9 4.0 35.3
0 2182.709 9 4.0 35.3
0 2182.809 10 4.0 35.3
0 2182.907 10 4.0 35.3
0 2183.003 10 4.0 35.3
0 2183.103 10 4.0 35.3
0 2183.211 9 4.0 35.3
0 2183.31 10 4.0 35.3
0 2183.395 12 4.0 35.3
0 2183.507 9 4.0 35.3
0 2183.604 10 4.0 35.3
0 2183.829 4 4.0 35.3
0 2183.833 290 4.0 35.3
0 2184.162 3 4.0 35.3
0 2184.387 4 4.0 35.3
0 2184.391 257 4.0 35.3
0 2184.501 9 4.0 35.3
0 2184.605 10 4.0 35.3
0 2184.925 3 4.0 35.3
0 2184.932 156 4.0 35.3
0 2185.04 9 4.0 35.3
0 2185.236 5 4.0 35.3
0 2185.239 333 4.0 35.3
0 2185.35 9 4.0 35.3
0 2185.463 9 4.0 35.3
0 2185.551 11 4.0 35.3
0 2185.641 11 4.0 35.3
0 2185.756 9 4.0 35.3
0 2185.851 11 4.0 35.3
0 2185.958 9 4.0 35.3
0 2186.059 10 4.0 35.3
0 2186.151 11 4.0 35.3
0 2186.254 10 4.0 35.3
0 2186.476 4 4.0 35.3
0 2186.481 213 4.0 35.3
0 2186.597 9 4.0 35.3
0 2186.691 11 4.0 35.3
0 2186.911 5 4.0 35.3
0 2186.915 267 4.0 35.3
0 2187.255 3 4.0 35.3
0 2187.258 283 4.0 35.3
0 2187.489 4 3.9 35.3
0 2187.492 279 3.9 35.3
0 2187.604 9 3.9 35.3
0 2187.71 9 3.9 35.3
0 2187.809 10 3.9 35.3
0 2187.894 12 3.9 35.3
0 2188.005 9 3.9 35.3
0 2188.104 10 3.9 35.3
0 2188.211 9 3.9 35.3
0 2188.31 10 3.9 35.3
0 2188.406 10 3.9 35.3
0 2188.506 10 3.9 35.3
0 2188.605 10 3.9 35.3
0 2188.702 10 3.9 35.3
0 2188.933 4 3.9 35.3
0 2189.04 9 3.9 35.3
0 2189.043 337 3.9 35.3
0 2189.275 4 3.9 35.3
0 2189.487 5 3.9 35.3
0 2189.49 279 3.9 35.3
0 2189.605 9 3.9 35.3
0 2189.813 5 3.9 35.3
0 2189.817 284 3.9 35.3
0 2190.025 5 3.9 35.3
0 2190.031 167 3.9 35.3
0 2190.143 9 3.9 35.3
0 2190.359 5 3.9 35.3
0 2190.362 316 3.9 35.3
0 2190.474 9 3.9 35.3
0 2190.582 9 3.9 35.3
0 2190.675 11 3.9 35.3
0 2190.775 10 3.9 35.3
0 2190.867 11 3.9 35.3
0 2190.975 9 3.9 35.3
0 2191.084 9 3.9 35.3
0 2191.177 11 3.9 35.3
0 2191.276 10 3.9 35.3
0 2191.488 5 3.9 35.3
0 2191.492 272 3.9 35.3
0 2191.613 8 3.9 35.3
0 2191.705 11 3.9 35.3
0 2191.927 5 3.9 35.3
0 2191.931 258 3.9 35.3
0 2192.27 3 3.9 35.3
0 2192.275 232 3.9 35.3
0 2192.506 4 3.9 35.3
0 2192.51 263 3.9 35.3
0 2192.621 9 3.9 35.3
0 2192.725 10 3.9 35.3
0 2192.83 9 3.9 35.3
0 2192.923 11 3.9 35.3
0 2193.016 11 3.9 35.3
0 2193.123 9 3.9 35.3
0 2193.227 10 3.9 35.3
0 2193.332 10 3.9 35.3
0 2193.422 11 3.9 35.3
0 2193.523 10 3.9 35.3
0 2193.623 10 3.9 35.3
0 2193.728 10 3.9 35.3
0 2193.948 5 3.9 35.3
0 2194.051 10 3.9 35.3
0 2194.055 306 3.9 35.3
0 2194.284 4 3.9 35.3
0 2194.497 5 3.9 35.3
0 2194.502 234 3.9 35.3
0 2194.613 9 3.9 35.3
0 2194.832 5 3.9 35.3
0 2194.835 331 3.9 35.3
0 2195.07 4 3.9 35.3
0 2195.077 157 3.9 35.3
0 2195.185 9 3.9 35.3
0 2195.405 5 3.9 35.3
0 2195.408 326 3.9 35.3
0 2195.514 9 3.9 35.3
0 2195.632 8 3.9 35.3
0 2195.72 11 3.9 35.3
0 2195.819 10 3.9 35.3
0 2195.92 10 3.9 35.3
0 2196.009 11 3.9 35.3
0 2196.134 8 3.9 35.3
0 2196.221 11 3.9 35.3
0 2196.32 10 3.9 35.3
0 2196.539 5 3.9 35.3
0 2196.543 296 3.9 35.3
0 2196.649 9 3.9 35.3
0 2196.756 9 3.9 35.3
0 2196.978 4 3.9 35.3
0 2196.981 293 3.9 35.3
0 2197.31 3 3.9 35.3
0 2197.315 233 3.9 35.3
0 2197.541 4 4.2 35.3
0 2197.544 309 4.2 35.3
0 2197.645 10 4.2 35.3
0 2197.763 8 4.2 35.3
0 2197.864 10 4.2 35.3
0 2197.947 12 4.2 35.3
0 2198.056 9 4.2 35.3
0 2198.147 11 4.2 35.3
0 2198.264 9 4.2 35.3
0 2198.365 10 4.2 35.3
0 2198.455 11 4.2 35.3
0 2198.551 10 4.2 35.3
0 2198.656 10 4.2 35.3
0 2198.764 9 4.2 35.3
0 2198.982 5 4.2 35.3
0 2199.087 10 4.2 35.3
0 2199.09 332 4.2 35.3
0 2199.328 4 4.2 35.3
0 2199.539 5 4.2 35.3
0 2199.543 247 4.2 35.3
0 2199.643 10 4.2 35.3
0 2199.852 5 4.2 35.3
0 2199.855 320 4.2 35.3
0 2200.091 4 4.2 35.3
0 2200.097 165 4.2 35.3
0 2200.225 8 4.2 35.3
0 2200.431 5 4.2 35.3
0 2200.435 301 4.2 35.3
0 2200.546 9 4.2 35.3
0 2200.642 10 4.2 35.3
0 2200.747 10 4.2 35.3
0 2200.846 10 4.2 35.3
0 2200.947 10 4.2 35.3
0 2201.076 8 4.2 35.3
0 2201.153 13 4.2 35.3
0 2201.274 8 4.2 35.3
0 2201.374 10 4.2 35.3
0 2201.586 5 4.2 35.3
0 2201.597 88 4.2 35.3
0 2201.735 7 4.2 35.3
0 2201.825 11 4.2 35.3
0 2201.9 13 4.2 35.3
0 2202.002 10 4.2 35.3
0 2202.342 3 4.2 35.3
0 2202.354 86 4.2 35.3
0 2202.583 4 4.2 35.3
0 2202.594 95 4.2 35.3
0 2202.724 8 4.2 35.3
0 2202.832 9 4.2 35.3
0 2202.923 11 4.2 35.3
0 2203.02 10 4.2 35.3
0 2203.124 10 4.2 35.3
0 2203.219 11 4.2 35.3
0 2203.329 9 4.2 35.3
0 2203.429 10 4.2 35.3
0 2203.511 12 4.2 35.3
0 2203.614 10 4.2 35.3
0 2203.716 10 4.2 35.3
0 2203.831 9 4.2 35.3
0 2204.027 5 4.2 35.3
0 2204.141 9 4.2 35.3
0 2204.152 93 4.2 35.3
0 2204.389 4 4.2 35.3
0 2204.615 4 4.2 35.3
0 2204.626 95 4.2 35.3
0 2204.755 8 4.2 35.3
0 2204.958 5 4.2 35.3
0 2205.071 9 4.2 35.3
0 2205.083 82 4.2 35.3
0 2205.206 8 4.2 35.3
0 2205.311 10 4.2 35.3
0 2205.499 5 4.2 35.3
0 2205.51 92 4.2 35.3
0 2205.641 8 4.2 35.3
0 2205.744 10 4.2 35.3
0 2205.839 10 4.2 35.3
0 2205.915 13 4.2 35.3
0 2206.044 8 4.2 35.3
0 2206.143 10 4.2 35.3
0 2206.246 10 4.2 35.3
0 2206.342 10 4.2 35.3
0 2206.439 10 4.2 35.3
0 2206.649 5 4.2 35.3
0 2206.661 89 4.2 35.3
0 2206.797 7 4.2 35.3
0 2206.892 11 4.2 35.3
0 2206.985 11 4.2 35.3
0 2207.093 9 4.2 35.3
0 2207.399 3 4.2 35.3
0 2207.41 91 4.2 35.3
0 2207.636 4 4.3 35.3
0 2207.648 85 4.3 35.3
0 2207.775 8 4.3 35.3
0 2207.883 9 4.3 35.3
0 2207.98 10 4.3 35.3
0 2208.057 13 4.3 35.3
0 2208.258 5 4.3 35.3
0 2208.261 312 4.3 35.3
0 2208.379 9 4.3 35.3
0 2208.475 10 4.3 35.3
0 2208.57 11 4.3 35.3
0 2208.676 9 4.3 35.3
0 2208.773 10 4.3 35.3
0 2208.882 9 4.3 35.3
0 2209.093 5 4.3 35.3
0 2209.201 9 4.3 35.3
0 2209.205 292 4.3 35.3
0 2209.438 4 4.3 35.3
0 2209.661 4 4.3 35.3
0 2209.664 289 4.3 35.3
0 2209.779 9 4.3 35.3
0 2210.09 3 4.3 35.3
0 2210.095 220 4.3 35.3
0 2210.212 9 4.3 35.3
0 2210.308 10 4.3 35.3
0 2210.525 5 4.3 35.3
0 2210.529 313 4.3 35.3
0 2210.64 9 4.3 35.3
0 2210.749 9 4.3 35.3
0 2210.843 11 4.3 35.3
0 2210.94 10 4.3 35.3
0 2211.041 10 4.3 35.3
0 2211.14 10 4.3 35.3
0 2211.251 9 4.3 35.3
0 2211.344 11 4.3 35.3
0 2211.441 10 4.3 35.3
0 2211.663 4 4.3 35.3
0 2211.667 245 4.3 35.3
0 2211.787 8 4.3 35.3
0 2211.881 11 4.3 35.3
0 2211.978 10 4.3 35.3
0 2212.078 10 4.3 35.3
0 2212.391 3 4.3 35.3
0 2212.396 216 4.3 35.3
0 2212.5 10 4.3 35.3
0 2212.726 4 4.3 35.3
0 2212.729 302 4.3 35.3
0 2212.848 8 4.3 35.3
0 2212.95 10 4.3 35.3
0 2213.041 11 4.3 35.3
0 2213.14 10 4.3 35.3
0 2213.363 4 4.3 35.3
0 2213.368 181 4.3 35.3
0 2213.485 9 4.3 35.3
0 2213.577 11 4.3 35.3
0 2213.676 10 4.3 35.3
0 2213.776 10 4.3 35.3
0 2213.884 9 4.3 35.3
0 2214.102 5 4.3 35.3
0 2214.21 9 4.3 35.3
0 2214.213 325 4.3 35.3
0 2214.441 4 4.3 35.3
0 2214.55 9 4.3 35.3
0 2214.661 9 4.3 35.3
0 2214.665 311 4.3 35.3
0 2214.776 9 4.3 35.3
0 2215.099 3 4.3 35.3
0 2215.105 157 4.3 35.3
0 2215.21 10 4.3 35.3
0 2215.313 10 4.3 35.3
0 2215.527 5 4.3 35.3
0 2215.53 332 4.3 35.3
0 2215.644 9 4.3 35.3
0 2215.748 10 4.3 35.3
0 2215.842 11 4.3 35.3
0 2215.942 10 4.3 35.3
0 2216.043 10 4.3 35.3
0 2216.142 10 4.3 35.3
0 2216.253 9 4.3 35.3
0 2216.332 13 4.3 35.3
0 2216.442 9 4.3 35.3
0 2216.662 5 4.3 35.3
0 2216.667 224 4.3 35.3
0 2216.787 8 4.3 35.3
0 2216.877 11 4.3 35.3
0 2216.977 10 4.3 35.3
0 2217.077 10 4.3 35.3
0 2217.4 3 4.3 35.3
0 2217.403 303 4.3 35.3
0 2217.514 9 4.3 35.3
0 2217.741 4 3.9 35.3
0 2217.745 223 3.9 35.3
0 2217.863 8 3.9 35.3
0 2217.959 10 3.9 35.3
0 2218.055 10 3.9 35.3
0 2218.148 11 3.9 35.3
0 2218.385 4 3.9 35.3
0 2218.391 173 3.9 35.3
0 2218.49 10 3.9 35.3
0 2218.598 9 3.9 35.3
0 2218.699 10 3.9 35.3
0 2218.803 10 3.9 35.3
0 2218.907 10 3.9 35.3
0 2219.118 5 3.9 35.3
0 2219.224 10 3.9 35.3
0 2219.227 316 3.9 35.3
0 2219.46 4 3.9 35.3
0 2219.691 4 3.9 35.3
0 2219.695 303 3.9 35.3
0 2219.805 9 3.9 35.3
0 2220.127 3 3.9 35.3
0 2220.132 209 3.9 35.3
0 2220.249 9 3.9 35.3
0 2220.342 11 3.9 35.3
0 2220.563 5 3.9 35.3
0 2220.566 309 3.9 35.3
0 2220.681 9 3.9 35.3
0 2220.785 10 3.9 35.3
0 2220.877 11 3.9 35.3
0 2220.98 10 3.9 35.3
0 2221.08 10 3.9 35.3
0 2221.179 10 3.9 35.3
0 2221.282 10 3.9 35.3
0 2221.379 10 3.9 35.3
0 2221.481 10 3.9 35.3
0 2221.711 4 3.9 35.3
0 2221.715 250 3.9 35.3
0 2221.833 8 3.9 35.3
0 2221.925 11 3.9 35.3
0 2222.028 10 3.9 35.3
0 2222.127 10 3.9 35.3
0 2222.455 3 3.9 35.3
0 2222.458 306 3.9 35.3
0 2222.57 9 3.9 35.3
0 2222.759 5 3.9 35.3
0 2222.762 322 3.9 35.3
0 2222.881 8 3.9 35.3
0 2222.976 11 3.9 35.3
0 2223.073 10 3.9 35.3
0 2223.175 10 3.9 35.3
0 2223.391 5 3.9 35.3
0 2223.397 179 3.9 35.3
0 2223.51 9 3.9 35.3
0 2223.608 10 3.9 35.3
0 2223.707 10 3.9 35.3
0 2223.806 10 3.9 35.3
0 2223.898 11 3.9 35.3
0 2224.125 4 3.9 35.3
0 2224.245 8 3.9 35.3
0 2224.248 327 3.9 35.3
0 2224.48 4 3.9 35.3
0 2224.691 5 3.9 35.3
0 2224.694 295 3.9 35.3
0 2224.807 9 3.9 35.3
0 2224.905 10 3.9 35.3
0 2225.235 3 3.9 35.3
0 2225.24 183 3.9 35.3
0 2225.351 9 3.9 35.3
0 2225.579 4 3.9 35.3
0 2225.582 300 3.9 35.3
0 2225.695 9 3.9 35.3
0 2225.803 9 3.9 35.3
0 2225.896 11 3.9 35.3
0 2225.993 10 3.9 35.3
0 2226.095 10 3.9 35.3
0 2226.198 10 3.9 35.3
0 2226.296 10 3.9 35.3
0 2226.399 10 3.9 35.3
0 2226.494 10 3.9 35.3
0 2226.695 5 3.9 35.3
0 2226.707 81 3.9 35.3
0 2226.813 9 3.9 35.3
0 2226.936 8 3.9 35.3
0 2227.034 10 3.9 35.3
0 2227.132 10 3.9 35.3
0 2227.214 12 3.9 35.3
0 2227.563 3 3.9 35.3
0 2227.575 83 3.9 35.3
0 2227.779 5 4.0 35.3
0 2227.791 86 4.0 35.3
0 2227.918 8 4.0 35.3
0 2228.021 10 4.0 35.3
0 2228.108 11 4.0 35.3
0 2228.218 9 4.0 35.3
0 2228.434 5 4.0 35.3
0 2228.446 85 4.0 35.3
0 2228.576 8 4.0 35.3
0 2228.665 11 4.0 35.3
0 2228.774 9 4.0 35.3
0 2228.876 10 4.0 35.3
0 2228.974 10 4.0 35.3
0 2229.181 5 4.0 35.3
0 2229.296 9 4.0 35.3
0 2229.306 97 4.0 35.3
0 2229.515 5 4.0 35.3
0 2229.734 5 4.0 35.3
0 2229.745 89 4.0 35.3
0 2229.874 8 4.0 35.3
0 2229.973 10 4.0 35.3
0 2230.073 10 4.0 35.3
0 2230.27 5 4.0 35.3
0 2230.283 77 4.0 35.3
0 2230.402 8 4.0 35.3
0 2230.609 5 4.0 35.3
0 2230.619 93 4.0 35.3
0 2230.75 8 4.0 35.3
0 2230.848 10 4.0 35.3
0 2230.951 10 4.0 35.3
0 2231.047 10 4.0 35.3
0 2231.128 12 4.0 35.3
0 2231.249 8 4.0 35.3
0 2231.34 11 4.0 35.3
0 2231.453 9 4.0 35.3
0 2231.547 11 4.0 35.3
0 2231.757 5 4.0 35.3
0 2231.768 89 4.0 35.3
0 2231.894 8 4.0 35.3
0 2232.003 9 4.0 35.3
0 2232.096 11 4.0 35.3
0 2232.194 10 4.0 35.3
0 2232.297 10 4.0 35.3
0 2232.597 3 4.0 35.3
0 2232.61 79 4.0 35.3
0 2232.846 4 4.0 35.3
0 2232.857 89 4.0 35.3
0 2232.985 8 4.0 35.3
0 2233.081 11 4.0 35.3
0 2233.179 10 4.0 35.3
0 2233.287 9 4.0 35.3
0 2233.489 5 4.0 35.3
0 2233.501 87 4.0 35.3
0 2233.612 9 4.0 35.3
0 2233.728 9 4.0 35.3
0 2233.83 10 4.0 35.3
0 2233.902 14 4.0 35.3
0 2234.031 8 4.0 35.3
0 2234.25 5 4.0 35.3
0 2234.37 8 4.0 35.3
0 2234.38 93 4.0 35.3
0 2234.627 4 4.0 35.3
0 2234.845 5 4.0 35.3
0 2234.856 89 4.0 35.3
0 2234.986 8 4.0 35.3
0 2235.085 10 4.0 35.3
0 2235.276 5 4.0 35.3
0 2235.286 92 4.0 35.3
0 2235.4 9 4.0 35.3
0 2235.617 5 4.0 35.3
0 2235.628 96 4.0 35.3
0 2235.758 8 4.0 35.3
0 2235.858 10 4.0 35.3
0 2235.959 10 4.0 35.3
0 2236.058 10 4.0 35.3
0 2236.156 10 4.0 35.3
0 2236.259 10 4.0 35.3
0 2236.357 10 4.0 35.3
0 2236.447 11 4.0 35.3
0 2236.558 9 4.0 35.3
0 2236.644 12 4.0 35.3
0 2236.875 4 4.0 35.3
0 2236.886 91 4.0 35.3
0 2237.014 8 4.0 35.3
0 2237.118 10 4.0 35.3
0 2237.218 10 4.0 35.3
0 2237.317 10 4.0 35.3
0 2237.619 3 4.0 35.3
0 2237.632 82 4.0 35.3
0 2237.854 4 4.7 35.3
0 2237.866 85 4.7 35.3
0 2237.991 8 4.7 35.3
0 2238.095 10 4.7 35.3
0 2238.173 13 4.7 35.3
0 2238.29 9 4.7 35.3
0 2238.493 5 4.7 35.3
0 2238.504 90 4.7 35.3
0 2238.634 8 4.7 35.3
0 2238.736 10 4.7 35.3
0 2238.837 10 4.7 35.3
0 2238.917 12 4.7 35.3
0 2239.032 9 4.7 35.3
0 2239.243 5 4.7 35.3
0 2239.255 85 4.7 35.3
0 2239.49 4 4.7 35.3
0 2239.5 95 4.7 35.3
0 2239.747 4 4.7 35.3
0 2239.969 5 4.7 35.3
0 2239.981 90 4.7 35.3
0 2240.114 7 4.7 35.3
0 2240.316 5 4.7 35.3
0 2240.329 81 4.7 35.3
0 2240.454 8 4.7 35.3
0 2240.655 5 4.7 35.3
0 2240.666 89 4.7 35.3
0 2240.793 8 4.7 35.3
0 2240.994 5 4.7 35.3
0 2240.997 325 4.7 35.3
0 2241.109 9 4.7 35.3
0 2241.218 9 4.7 35.3
0 2241.309 11 4.7 35.3
0 2241.402 11 4.7 35.3
0 2241.516 9 4.7 35.3
0 2241.609 11 4.7 35.3
0 2241.718 9 4.7 35.3
0 2241.935 5 4.7 35.3
0 2241.938 271 4.7 35.3
0 2242.055 9 4.7 35.3
0 2242.149 11 4.7 35.3
0 2242.259 9 4.7 35.3
0 2242.35 11 4.7 35.3
0 2242.685 3 4.7 35.3
0 2242.689 308 4.7 35.3
0 2242.922 4 4.7 35.3
0 2242.925 309 4.7 35.3
0 2243.038 9 4.7 35.3
0 2243.138 10 4.7 35.3
0 2243.241 10 4.7 35.3
0 2243.345 10 4.7 35.3
0 2243.559 5 4.7 35.3
0 2243.562 268 4.7 35.3
0 2243.663 10 4.7 35.3
0 2243.777 9 4.7 35.3
0 2243.88 10 4.7 35.3
0 2243.976 10 4.7 35.3
0 2244.075 10 4.7 35.3
0 2244.276 5 4.7 35.3
0 2244.279 312 4.7 35.3
0 2244.501 5 4.7 35.3
0 2244.504 318 4.7 35.3
0 2244.616 9 4.7 35.3
0 2244.84 4 4.7 35.3
0 2245.047 5 4.7 35.3
0 2245.052 199 4.7 35.3
0 2245.16 9 4.7 35.3
0 2245.385 4 4.7 35.3
0 2245.39 212 4.7 35.3
0 2245.499 9 4.7 35.3
0 2245.712 5 4.7 35.3
0 2245.715 295 4.7 35.3
0 2245.821 9 4.7 35.3
0 2246.039 5 4.7 35.3
0 2246.042 302 4.7 35.3
0 2246.151 9 4.7 35.3
0 2246.262 9 4.7 35.3
0 2246.353 11 4.7 35.3
0 2246.452 10 4.7 35.3
0 2246.56 9 4.7 35.3
0 2246.652 11 4.7 35.3
0 2246.763 9 4.7 35.3
0 2246.97 5 4.7 35.3
0 2246.973 321 4.7 35.3
0 2247.089 9 4.7 35.3
0 2247.184 10 4.7 35.3
0 2247.294 9 4.7 35.3
0 2247.385 11 4.7 35.3
0 2247.702 3 4.7 35.3
0 2247.706 268 4.7 35.3
0 2247.944 4 4.1 35.3
0 2247.947 318 4.1 35.3
0 2248.058 9 4.1 35.3
0 2248.154 10 4.1 35.3
0 2248.263 9 4.1 35.3
0 2248.367 10 4.1 35.3
0 2248.595 4 4.1 35.3
0 2248.598 297 4.1 35.3
0 2248.709 9 4.1 35.3
0 2248.815 9 4.1 35.3
0 2248.916 10 4.1 35.3
0 2249.012 10 4.1 35.3
0 2249.16 7 4.1 35.3
0 2249.33 6 4.1 35.3
0 2249.334 261 4.1 35.3
0 2249.564 4 4.1 35.3
0 2249.567 290 4.1 35.3
0 2249.68 9 4.1 35.3
0 2249.905 4 4.1 35.3
0 2250.123 5 4.1 35.3
0 2250.129 194 4.1 35.3
0 2250.239 9 4.1 35.3
0 2250.466 4 4.1 35.3
0 2250.472 183 4.1 35.3
0 2250.582 9 4.1 35.3
0 2250.788 5 4.1 35.3
0 2250.792 285 4.1 35.3
0 2250.905 9 4.1 35.3
0 2251.127 4 4.1 35.3
0 2251.131 281 4.1 35.3
0 2251.305 6 4.1 35.3
0 2251.352 22 4.1 35.3
0 2251.444 11 4.1 35.3
0 2251.54 10 4.1 35.3
0 2251.651 9 4.1 35.3
0 2251.745 11 4.1 35.3
0 2251.853 9 4.1 35.3
0 2252.066 5 4.1 35.3
0 2252.07 247 4.1 35.3
0 2252.187 9 4.1 35.3
0 2252.277 11 4.1 35.3
0 2252.391 9 4.1 35.3
0 2252.484 11 4.1 35.3
0 2252.798 3 4.1 35.3
0 2252.802 243 4.1 35.3
0 2253.032 4 4.1 35.3
0 2253.036 265 4.1 35.3
0 2253.15 9 4.1 35.3
0 2253.312 6 4.1 35.3
0 2253.352 25 4.1 35.3
0 2253.456 10 4.1 35.3
0 2253.671 5 4.1 35.3
0 2253.675 252 4.1 35.3
0 2253.789 9 4.1 35.3
0 2253.892 10 4.1 35.3
0 2253.993 10 4.1 35.3
0 2254.091 10 4.1 35.3
0 2254.19 10 4.1 35.3
0 2254.406 5 4.1 35.3
0 2254.41 241 4.1 35.3
0 2254.634 4 4.1 35.3
0 2254.638 282 4.1 35.3
0 2254.751 9 4.1 35.3
0 2254.982 4 4.1 35.3
0 2255.194 5 4.1 35.3
0 2255.199 193 4.1 35.3
0 2255.498 3 4.1 35.3
0 2255.504 190 4.1 35.3
0 2255.615 9 4.1 35.3
0 2255.833 5 4.1 35.3
0 2255.837 263 4.1 35.3
0 2255.95 9 4.1 35.3
0 2256.165 5 4.1 35.3
0 2256.169 273 4.1 35.3
0 2256.282 9 4.1 35.3
0 2256.39 9 4.1 35.3
0 2256.481 11 4.1 35.3
0 2256.581 10 4.1 35.3
0 2256.679 10 4.1 35.3
0 2256.782 10 4.1 35.3
0 2256.872 11 4.1 35.3
0 2257.099 4 4.1 35.3
0 2257.103 260 4.1 35.3
0 2257.221 8 4.1 35.3
0 2257.377 6 4.1 35.3
0 2257.416 25 4.1 35.3
0 2257.515 10 4.1 35.3
0 2257.829 3 4.1 35.3
0 2257.832 280 4.1 35.3
0 2258.066 4 3.9 35.3
0 2258.071 195 3.9 35.3
0 2258.183 9 3.9 35.3
0 2258.284 10 3.9 35.3
0 2258.385 10 3.9 35.3
0 2258.471 12 3.9 35.3
0 2258.715 4 3.9 35.3
0 2258.719 240 3.9 35.3
0 2258.833 9 3.9 35.3
0 2258.935 10 3.9 35.3
0 2259.031 10 3.9 35.3
0 2259.138 9 3.9 35.3
0 2259.234 10 3.9 35.3
0 2259.517 4 3.9 35.3
0 2259.653 7 3.9 35.3
0 2259.656 259 3.9 35.3
0 2259.772 9 3.9 35.3
0 2259.977 5 3.9 35.3
0 2259.982 223 3.9 35.3
0 2260.32 3 3.9 35.3
0 2260.325 198 3.9 35.3
0 2260.564 4 3.9 35.3
0 2260.569 190 3.9 35.3
0 2260.669 10 3.9 35.3
0 2260.898 4 3.9 35.3
0 2260.902 232 3.9 35.3
0 2261.012 9 3.9 35.3
0 2261.232 5 3.9 35.3
0 2261.235 265 3.9 35.3
0 2261.35 9 3.9 35.3
0 2261.564 5 3.9 35.3
0 2261.579 64 3.9 35.3
0 2261.682 10 3.9 35.3
0 2261.786 10 3.9 35.3
0 2261.882 10 3.9 35.3
0 2262.117 4 3.9 35.3
0 2262.121 246 3.9 35.3
0 2262.236 9 3.9 35.3
0 2262.338 10 3.9 35.3
0 2262.435 10 3.9 35.3
0 2262.543 9 3.9 35.3
0 2262.858 3 3.9 35.3
0 2262.863 214 3.9 35.3
0 2263.089 4 3.9 35.3
0 2263.095 167 3.9 35.3
0 2263.205 9 3.9 35.3
0 2263.307 10 3.9 35.3
0 2263.413 9 3.9 35.3
0 2263.622 5 3.9 35.3
0 2263.758 7 3.9 35.3
0 2263.762 240 3.9 35.3
0 2263.876 9 3.9 35.3
0 2263.982 9 3.9 35.3
0 2264.077 10 3.9 35.3
0 2264.185 9 3.9 35.3
0 2264.276 11 3.9 35.3
0 2264.487 5 3.9 35.3
0 2264.491 260 3.9 35.3
0 2264.725 4 3.9 35.3
0 2264.729 254 3.9 35.3
0 2264.843 9 3.9 35.3
0 2265.066 4 3.9 35.3
0 2265.07 248 3.9 35.3
0 2265.402 3 3.9 35.3
0 2265.406 209 3.9 35.3
0 2265.742 3 3.9 35.3
0 2265.747 190 3.9 35.3
0 2265.976 4 3.9 35.3
0 2265.98 235 3.9 35.3
0 2266.088 9 3.9 35.3
0 2266.316 4 3.9 35.3
0 2266.32 268 3.9 35.3
0 2266.433 9 3.9 35.3
0 2266.541 9 3.9 35.3
0 2266.674 7 3.9 35.3
0 2266.737 16 3.9 35.3
0 2266.841 10 3.9 35.3
0 2266.936 11 3.9 35.3
0 2267.146 5 3.9 35.3
0 2267.15 239 3.9 35.3
0 2267.267 9 3.9 35.3
0 2267.369 10 3.9 35.3
0 2267.466 10 3.9 35.3
0 2267.629 6 3.9 35.3
0 2267.869 4 3.9 35.3
0 2267.874 224 3.9 35.3
0 2268.103 4 4.1 35.4
0 2268.109 161 4.1 35.4
0 2268.215 9 4.1 35.4
0 2268.321 9 4.1 35.4
0 2268.427 9 4.1 35.4
0 2268.521 11 4.1 35.4
0 2268.629 9 4.1 35.4
0 2268.844 5 4.1 35.4
0 2268.848 244 4.1 35.4
0 2268.967 8 4.1 35.4
0 2269.061 11 4.1 35.4
0 2269.161 10 4.1 35.4
0 2269.263 10 4.1 35.4
0 2269.357 11 4.1 35.4
0 2269.537 6 4.1 35.4
0 2269.549 84 4.1 35.4
0 2269.829 4 4.1 35.4
0 2269.841 84 4.1 35.4
0 2270.039 5 4.1 35.4
0 2270.044 228 4.1 35.4
0 2270.147 10 4.1 35.4
0 2270.396 4 4.1 35.4
0 2270.401 198 4.1 35.4
0 2270.516 9 4.1 35.4
0 2270.622 9 4.1 35.4
0 2270.828 5 4.1 35.4
0 2270.833 201 4.1 35.4
0 2271.067 4 4.1 35.4
0 2271.071 222 4.1 35.4
0 2271.191 8 4.1 35.4
0 2271.401 5 4.1 35.4
0 2271.406 229 4.1 35.4
0 2271.521 9 4.1 35.4
0 2271.627 9 4.1 35.4
0 2271.715 11 4.1 35.4
0 2271.879 6 4.1 35.4
0 2271.919 25 4.1 35.4
0 2272.021 10 4.1 35.4
0 2272.205 5 4.1 35.4
0 2272.21 195 4.1 35.4
0 2272.324 9 4.1 35.4
0 2272.423 10 4.1 35.4
0 2272.522 10 4.1 35.4
0 2272.629 9 4.1 35.4
0 2272.915 3 4.1 35.4
0 2272.919 231 4.1 35.4
0 2273.152 4 4.1 35.4
0 2273.158 149 4.1 35.4
0 2273.267 9 4.1 35.4
0 2273.369 10 4.1 35.4
0 2273.472 10 4.1 35.4
0 2273.569 10 4.1 35.4
0 2273.67 10 4.1 35.4
0 2273.928 4 4.1 35.4
0 2273.937 119 4.1 35.4
0 2274.05 9 4.1 35.4
0 2274.146 10 4.1 35.4
0 2274.25 10 4.1 35.4
0 2274.346 10 4.1 35.4
0 2274.447 10 4.1 35.4
0 2274.66 5 4.1 35.4
0 2274.768 9 4.1 35.4
0 2274.772 279 4.1 35.4
0 2274.878 9 4.1 35.4
0 2275.114 4 4.1 35.4
0 2275.118 237 4.1 35.4
0 2275.305 5 4.1 35.4
0 2275.48 6 4.1 35.4
0 2275.492 86 4.1 35.4
0 2275.623 8 4.1 35.4
0 2275.698 13 4.1 35.4
0 2275.945 4 4.1 35.4
0 2276.123 6 4.1 35.4
0 2276.162 26 4.1 35.4
0 2276.264 10 4.1 35.4
0 2276.465 5 4.1 35.4
0 2276.486 49 4.1 35.4
0 2276.635 7 4.1 35.4
0 2276.71 13 4.1 35.4
0 2276.835 8 4.1 35.4
0 2276.934 10 4.1 35.4
0 2277.033 10 4.1 35.4
0 2277.129 11 4.1 35.4
0 2277.32 5 4.1 35.4
0 2277.38 17 4.1 35.4
0 2277.481 10 4.1 35.4
0 2277.589 9 4.1 35.4
0 2277.673 12 4.1 35.4
0 2277.969 3 4.1 35.4
0 2277.989 49 4.1 35.4
0 2278.216 4 4.5 35.4
0 2278.236 49 4.5 35.4
0 2278.382 7 4.5 35.4
0 2278.476 11 4.5 35.4
0 2278.575 10 4.5 35.4
0 2278.668 11 4.5 35.4
0 2278.782 9 4.5 35.4
0 2278.97 5 4.5 35.4
0 2278.993 44 4.5 35.4
0 2279.137 7 4.5 35.4
0 2279.235 10 4.5 35.4
0 2279.394 6 4.5 35.4
0 2279.461 15 4.5 35.4
0 2279.566 10 4.5 35.4
0 2279.733 6 4.5 35.4
0 2279.811 13 4.5 35.4
0 2279.897 12 4.5 35.4
0 2279.996 10 4.5 35.4
0 2280.274 4 4.5 35.4
0 2280.315 24 4.5 35.4
0 2280.582 4 4.5 35.4
0 2280.604 46 4.5 35.4
0 2280.741 7 4.5 35.4
0 2280.84 10 4.5 35.4
0 2280.949 9 4.5 35.4
0 2281.126 6 4.5 35.4
0 2281.146 50 4.5 35.4
0 2281.29 7 4.5 35.4
0 2281.527 4 4.5 35.4
0 2281.591 16 4.5 35.4
0 2281.683 11 4.5 35.4
0 2281.794 9 4.5 35.4
0 2281.893 10 4.5 35.4
0 2281.992 10 4.5 35.4
0 2282.096 10 4.5 35.4
0 2282.181 12 4.5 35.4
0 2282.51 3 4.5 35.4
0 2282.55 25 4.5 35.4
0 2282.678 8 4.5 35.4
0 2282.75 14 4.5 35.4
0 2283.064 3 4.5 35.4
0 2283.084 50 4.5 35.4
0 2283.21 8 4.5 35.4
0 2283.316 9 4.5 35.4
0 2283.429 9 4.5 35.4
0 2283.571 7 4.5 35.4
0 2283.63 17 4.5 35.4
0 2283.693 16 4.5 35.4
0 2283.845 7 4.5 35.4
0 2284.068 4 4.5 35.4
0 2284.081 80 4.5 35.4
0 2284.182 10 4.5 35.4
0 2284.314 8 4.5 35.4
0 2284.477 6 4.5 35.4
0 2284.503 38 4.5 35.4
0 2284.622 8 4.5 35.4
0 2284.821 5 4.5 35.4
0 2284.9 13 4.5 35.4
0 2284.938 26 4.5 35.4
0 2285.066 8 4.5 35.4
0 2285.264 5 4.5 35.4
0 2285.276 82 4.5 35.4
0 2285.406 8 4.5 35.4
0 2285.722 3 4.5 35.4
0 2285.733 85 4.5 35.4
0 2285.866 8 4.5 35.4
0 2285.961 11 4.5 35.4
0 2286.165 5 4.5 35.4
0 2286.177 81 4.5 35.4
0 2286.3 8 4.5 35.4
0 2286.587 3 4.5 35.4
0 2286.61 42 4.5 35.4
0 2286.733 8 4.5 35.4
0 2286.837 10 4.5 35.4
0 2286.932 11 4.5 35.4
0 2287.032 10 4.5 35.4
0 2287.138 9 4.5 35.4
0 2287.219 12 4.5 35.4
0 2287.433 5 4.5 35.4
0 2287.445 85 4.5 35.4
0 2287.578 7 4.5 35.4
0 2287.67 11 4.5 35.4
0 2287.843 6 4.5 35.4
0 2288.087 4 4.5 35.4
0 2288.099 82 4.5 35.4
0 2288.225 8 5.2 35.4
0 2288.336 9 5.2 35.4
0 2288.429 11 5.2 35.4
0 2288.533 10 5.2 35.4
0 2288.675 7 5.2 35.4
0 2288.705 33 5.2 35.4
0 2288.832 8 5.2 35.4
0 2289.149 3 5.2 35.4
0 2289.163 72 5.2 35.4
0 2289.276 9 5.2 35.4
0 2289.395 8 5.2 35.4
0 2289.497 10 5.2 35.4
0 2289.592 11 5.2 35.4
0 2289.674 12 5.2 35.4
0 2290.0 3 5.2 35.4
0 2290.139 7 5.2 35.4
0 2290.257 8 5.2 35.4
0 2290.27 77 5.2 35.4
0 2290.378 9 5.2 35.4
0 2290.504 8 5.2 35.4
0 2290.85 3 5.2 35.4
0 2290.873 42 5.2 35.4
0 2290.985 9 5.2 35.4
0 2291.194 5 5.2 35.4
0 2291.205 88 5.2 35.4
0 2291.34 7 5.2 35.4
0 2291.536 5 5.2 35.4
0 2291.547 87 5.2 35.4
0 2291.67 8 5.2 35.4
0 2291.779 9 5.2 35.4
0 2291.874 11 5.2 35.4
0 2292.088 5 5.2 35.4
0 2292.13 24 5.2 35.4
0 2292.217 11 5.2 35.4
0 2292.439 5 5.2 35.4
0 2292.452 77 5.2 35.4
0 2292.583 8 5.2 35.4
0 2292.676 11 5.2 35.4
0 2292.784 9 5.2 35.4
0 2292.942 6 5.2 35.4
0 2293.165 4 5.2 35.4
0 2293.177 80 5.2 35.4
0 2293.311 8 5.2 35.4
0 2293.412 10 5.2 35.4
0 2293.512 10 5.2 35.4
0 2293.614 10 5.2 35.4
0 2293.681 15 5.2 35.4
0 2293.808 8 5.2 35.4
0 2293.908 10 5.2 35.4
0 2294.274 3 5.2 35.4
0 2294.318 23 5.2 35.4
0 2294.419 10 5.2 35.4
0 2294.52 10 5.2 35.4
0 2294.618 10 5.2 35.4
0 2294.719 10 5.2 35.4
0 2295.003 4 5.2 35.4
0 2295.123 8 5.2 35.4
0 2295.134 90 5.2 35.4
0 2295.368 4 5.2 35.4
0 2295.38 83 5.2 35.4
0 2295.511 8 5.2 35.4
0 2295.814 3 5.2 35.4
0 2295.825 90 5.2 35.4
0 2295.96 7 5.2 35.4
0 2296.059 10 5.2 35.4
0 2296.322 4 5.2 35.4
0 2296.339 61 5.2 35.4
0 2296.557 5 5.2 35.4
0 2296.569 84 5.2 35.4
0 2296.684 9 5.2 35.4
0 2296.888 5 5.2 35.4
0 2296.893 193 5.2 35.4
0 2297.027 7 5.2 35.4
0 2297.106 13 5.2 35.4
0 2297.206 10 5.2 35.4
0 2297.3 11 5.2 35.4
0 2297.5 5 5.2 35.4
0 2297.506 184 5.2 35.4
0 2297.627 8 5.2 35.4
0 2297.72 11 5.2 35.4
0 2297.808 11 5.2 35.4
0 2297.909 10 5.2 35.4
0 2298.247 3 4.8 35.4
0 2298.251 222 4.8 35.4
0 2298.475 4 4.8 35.4
0 2298.494 54 4.8 35.4
0 2298.598 10 4.8 35.4
0 2298.7 10 4.8 35.4
0 2298.799 10 4.8 35.4
0 2298.898 10 4.8 35.4
0 2299.283 3 4.8 35.4
0 2299.308 41 4.8 35.4
0 2299.406 10 4.8 35.4
0 2299.504 10 4.8 35.4
0 2299.604 10 4.8 35.4
0 2299.704 10 4.8 35.4
0 2299.929 4 4.8 35.4
0 2299.934 218 4.8 35.4
0 2300.169 4 4.8 35.4
0 2300.173 244 4.8 35.4
0 2300.515 3 4.8 35.4
0 2300.544 35 4.8 35.4
0 2300.852 3 4.8 35.4
0 2300.857 234 4.8 35.4
0 2300.972 9 4.8 35.4
0 2301.085 9 4.8 35.4
0 2301.327 4 4.8 35.4
0 2301.342 69 4.8 35.4
0 2301.56 5 4.8 35.4
0 2301.566 173 4.8 35.4
0 2301.668 10 4.8 35.4
0 2301.904 4 4.8 35.4
0 2301.908 228 4.8 35.4
0 2302.024 9 4.8 35.4
0 2302.125 10 4.8 35.4
0 2302.226 10 4.8 35.4
0 2302.325 10 4.8 35.4
0 2302.651 3 4.8 35.4
0 2302.673 46 4.8 35.4
0 2302.778 9 4.8 35.4
0 2302.871 11 4.8 35.4
0 2302.971 10 4.8 35.4
0 2303.361 3 4.8 35.4
0 2303.378 58 4.8 35.4
0 2303.48 10 4.8 35.4
0 2303.581 10 4.8 35.4
0 2303.674 11 4.8 35.4
0 2303.783 9 4.8 35.4
0 2303.869 12 4.8 35.4
0 2303.987 8 4.8 35.4
0 2304.305 3 4.8 35.4
0 2304.31 196 4.8 35.4
0 2304.429 8 4.8 35.4
0 2304.531 10 4.8 35.4
0 2304.727 5 4.8 35.4
0 2304.745 57 4.8 35.4
0 2304.964 5 4.8 35.4
0 2304.969 219 4.8 35.4
0 2305.205 4 4.8 35.4
0 2305.209 243 4.8 35.4
0 2305.505 3 4.8 35.4
0 2305.524 54 4.8 35.4
0 2305.626 10 4.8 35.4
0 2305.951 3 4.8 35.4
0 2305.955 247 4.8 35.4
0 2306.078 8 4.8 35.4
0 2306.283 5 4.8 35.4
0 2306.288 214 4.8 35.4
0 2306.404 9 4.8 35.4
0 2306.719 3 4.8 35.4
0 2306.739 49 4.8 35.4
0 2306.946 5 4.8 35.4
0 2306.951 186 4.8 35.4
0 2307.066 9 4.8 35.4
0 2307.174 9 4.8 35.4
0 2307.269 11 4.8 35.4
0 2307.367 10 4.8 35.4
0 2307.653 3 4.8 35.4
0 2307.673 51 4.8 35.4
0 2307.778 9 4.8 35.4
0 2307.876 10 4.8 35.4
0 2307.968 11 4.8 35.4
0 2308.149 6 4.8 35.4
0 2308.159 104 4.8 35.4
0 2308.362 5 4.2 35.4
0 2308.368 191 4.2 35.4
0 2308.484 9 4.2 35.4
0 2308.577 11 4.2 35.4
0 2308.779 5 4.2 35.4
0 2308.803 42 4.2 35.4
0 2308.906 10 4.2 35.4
0 2309.002 10 4.2 35.4
0 2309.32 3 4.2 35.4
0 2309.327 146 4.2 35.4
0 2309.441 9 4.2 35.4
0 2309.544 10 4.2 35.4
0 2309.704 6 4.2 35.4
0 2309.738 29 4.2 35.4
0 2309.845 9 4.2 35.4
0 2310.058 5 4.2 35.4
0 2310.062 236 4.2 35.4
0 2310.28 5 4.2 35.4
0 2310.285 243 4.2 35.4
0 2310.533 4 4.2 35.4
0 2310.538 210 4.2 35.4
0 2310.659 8 4.2 35.4
0 2311.087 2 4.2 35.4
0 2311.107 50 4.2 35.4
0 2311.305 5 4.2 35.4
0 2311.308 289 4.2 35.4
0 2311.413 10 4.2 35.4
0 2311.71 3 4.2 35.4
0 2311.728 55 4.2 35.4
0 2311.832 10 4.2 35.4
0 2312.06 4 4.2 35.4
0 2312.064 240 4.2 35.4
0 2312.172 9 4.2 35.4
0 2312.402 4 4.2 35.4
0 2312.408 163 4.2 35.4
0 2312.626 5 4.2 35.4
0 2312.63 250 4.2 35.4
0 2312.742 9 4.2 35.4
0 2312.849 9 4.2 35.4
0 2312.947 10 4.2 35.4
0 2313.045 10 4.2 35.4
0 2313.265 5 4.2 35.4
0 2313.268 256 4.2 35.4
0 2313.451 5 4.2 35.4
0 2313.47 53 4.2 35.4
0 2313.583 9 4.2 35.4
0 2313.785 5 4.2 35.4
0 2313.805 49 4.2 35.4
0 2313.894 11 4.2 35.4
0 2313.995 10 4.2 35.4
0 2314.215 5 4.2 35.4
0 2314.326 9 4.2 35.4
0 2314.331 188 4.2 35.4
0 2314.449 8 4.2 35.4
0 2314.548 10 4.2 35.4
0 2314.645 10 4.2 35.4
0 2314.747 10 4.2 35.4
0 2314.849 10 4.2 35.4
0 2315.07 5 4.2 35.4
0 2315.074 248 4.2 35.4
0 2315.242 6 4.2 35.4
0 2315.287 22 4.2 35.4
0 2315.394 9 4.2 35.4
0 2315.575 6 4.2 35.4
0 2315.579 212 4.2 35.4
0 2315.793 5 4.2 35.4
0 2315.951 6 4.2 35.4
0 2315.954 271 4.2 35.4
0 2316.072 9 4.2 35.4
0 2316.176 10 4.2 35.4
0 2316.34 6 4.2 35.4
0 2316.359 54 4.2 35.4
0 2316.473 9 4.2 35.4
0 2316.649 6 4.2 35.4
0 2316.655 155 4.2 35.4
0 2316.775 8 4.2 35.4
0 2316.87 11 4.2 35.4
0 2317.027 6 4.2 35.4
0 2317.063 28 4.2 35.4
0 2317.172 9 4.2 35.4
0 2317.277 10 4.2 35.4
0 2317.444 6 4.2 35.4
0 2317.457 79 4.2 35.4
0 2317.661 5 4.2 35.4
0 2317.665 224 4.2 35.4
0 2317.875 5 4.2 35.4
0 2317.89 65 4.2 35.4
0 2317.989 10 4.2 35.4
0 2318.097 9 4.2 35.4
0 2318.264 6 4.2 35.4
0 2318.285 47 4.2 35.4
0 2318.479 5 4.2 35.4
0 2318.483 253 4.2 35.4
0 2318.601 8 4.2 35.4
0 2318.698 10 4.2 35.4
0 2318.804 9 4.2 35.4
0 2318.898 11 4.2 35.4
0 2318.994 10 4.2 35.4
0 2319.18 5 4.2 35.4
0 2319.184 221 4.2 35.4
0 2319.384 5 4.2 35.4
0 2319.388 239 4.2 35.4
0 2319.497 9 4.2 35.4
0 2319.593 10 4.2 35.4
0 2319.696 10 4.2 35.4
0 2319.917 5 4.2 35.4
0 2319.923 179 4.2 35.4
0 2320.106 5 4.2 35.4
0 2320.126 51 4.2 35.4
0 2320.311 5 4.2 35.4
0 2320.321 101 4.2 35.4
0 2320.434 9 4.2 35.4
0 2320.618 5 4.2 35.4
0 2320.623 210 4.2 35.4
0 2320.737 9 4.2 35.4
0 2320.97 4 4.2 35.4
0 2320.974 258 4.2 35.4
0 2321.081 9 4.2 35.4
0 2321.195 9 4.2 35.4
0 2321.367 6 4.2 35.4
0 2321.374 145 4.2 35.4
0 2321.484 9 4.2 35.4
0 2321.664 6 4.2 35.4
0 2321.675 86 4.2 35.4
0 2321.795 8 4.2 35.4
0 2322.067 4 4.2 35.4
0 2322.073 161 4.2 35.4
0 2322.178 10 4.2 35.4
0 2322.286 9 4.2 35.4
0 2322.478 5 4.2 35.4
0 2322.483 211 4.2 35.4
0 2322.661 6 4.2 35.4
0 2322.684 43 4.2 35.4
0 2322.796 9 4.2 35.4
0 2322.902 9 4.2 35.4
0 2322.998 10 4.2 35.4
0 2323.1 10 4.2 35.4
0 2323.185 12 4.2 35.4
0 2323.365 6 4.2 35.4
0 2323.387 44 4.2 35.4
0 2323.582 5 4.2 35.4
0 2323.586 248 4.2 35.4
0 2323.701 9 4.2 35.4
0 2323.8 10 4.2 35.4
0 2324.004 5 4.2 35.4
0 2324.024 50 4.2 35.4
0 2324.201 6 4.2 35.4
0 2324.209 126 4.2 35.4
0 2324.404 5 4.2 35.4
0 2324.409 214 4.2 35.4
0 2324.526 9 4.2 35.4
0 2324.622 10 4.2 35.4
0 2324.731 9 4.2 35.4
0 2324.823 11 4.2 35.4
0 2324.922 10 4.2 35.4
0 2325.027 10 4.2 35.4
0 2325.201 6 4.2 35.4
0 2325.21 119 4.2 35.4
0 2325.401 5 4.2 35.4
0 2325.41 119 4.2 35.4
0 2325.529 8 4.2 35.4
0 2325.7 6 4.2 35.4
0 2325.711 97 4.2 35.4
0 2325.825 9 4.2 35.4
0 2326.174 3 4.2 35.4
0 2326.179 179 4.2 35.4
0 2326.368 5 4.2 35.4
0 2326.378 106 4.2 35.4
0 2326.49 9 4.2 35.4
0 2326.666 6 4.2 35.4
0 2326.68 72 4.2 35.4
0 2326.791 9 4.2 35.4
0 2326.892 10 4.2 35.4
0 2326.992 10 4.2 35.4
0 2327.16 6 4.2 35.4
0 2327.183 43 4.2 35.4
0 2327.293 9 4.2 35.4
0 2327.39 10 4.2 35.4
0 2327.564 6 4.2 35.4
0 2327.58 62 4.2 35.4
0 2327.743 6 4.2 35.4
0 2327.79 22 4.2 35.4
0 2327.9 9 4.2 35.4
0 2328.018 8 4.2 35.4
0 2328.225 5 4.2 35.4
0 2328.275 20 4.2 35.4
0 2328.422 7 4.2 35.4
0 2328.437 66 4.2 35.4
0 2328.655 5 3.6 35.4
0 2328.667 85 3.6 35.4
0 2328.807 7 3.6 35.4
0 2328.896 11 3.6 35.4
0 2328.996 10 3.6 35.4
0 2329.092 10 3.6 35.4
0 2329.246 7 3.6 35.4
0 2329.285 26 3.6 35.4
0 2329.477 5 3.6 35.4
0 2329.489 85 3.6 35.4
0 2329.618 8 3.6 35.4
0 2329.698 13 3.6 35.4
0 2329.822 8 3.6 35.4
0 2329.922 10 3.6 35.4
0 2330.02 10 3.6 35.4
0 2330.22 5 3.6 35.4
0 2330.292 14 3.6 35.4
0 2330.422 8 3.6 35.4
0 2330.433 87 3.6 35.4
0 2330.553 8 3.6 35.4
0 2330.737 5 3.6 35.4
0 2330.748 89 3.6 35.4
0 2330.869 8 3.6 35.4
0 2331.106 4 3.6 35.4
0 2331.117 87 3.6 35.4
0 2331.244 8 3.6 35.4
0 2331.406 6 3.6 35.4
0 2331.417 91 3.6 35.4
0 2331.535 8 3.6 35.4
0 2331.703 6 3.6 35.4
0 2331.717 68 3.6 35.4
0 2331.848 8 3.6 35.4
0 2331.948 10 3.6 35.4
0 2332.043 11 3.6 35.4
0 2332.342 3 3.6 35.4
0 2332.355 76 3.6 35.4
0 2332.469 9 3.6 35.4
0 2332.63 6 3.6 35.4
0 2332.654 41 3.6 35.4
0 2332.77 9 3.6 35.4
0 2332.887 9 3.6 35.4
0 2332.981 11 3.6 35.4
0 2333.079 10 3.6 35.4
0 2333.18 10 3.6 35.4
0 2333.284 10 3.6 35.4
0 2333.443 6 3.6 35.4
0 2333.454 90 3.6 35.4
0 2333.562 9 3.6 35.4
0 2333.741 6 3.6 35.4
0 2333.754 79 3.6 35.4
0 2333.885 8 3.6 35.4
0 2333.982 10 3.6 35.4
0 2334.087 10 3.6 35.4
0 2334.183 10 3.6 35.4
0 2334.344 6 3.6 35.4
0 2334.355 94 3.6 35.4
0 2334.556 5 3.6 35.4
0 2334.568 82 3.6 35.4
0 2334.683 9 3.6 35.4
0 2334.796 9 3.6 35.4
0 2334.895 10 3.6 35.4
0 2334.999 10 3.6 35.4
0 2335.103 10 3.6 35.4
0 2335.188 12 3.6 35.4
0 2335.358 6 3.6 35.4
0 2335.431 14 3.6 35.4
0 2335.495 16 3.6 35.4
0 2335.612 9 3.6 35.4
0 2335.817 5 3.6 35.4
0 2335.837 52 3.6 35.4
0 2335.967 8 3.6 35.4
0 2336.186 5 3.6 35.4
0 2336.206 51 3.6 35.4
0 2336.334 8 3.6 35.4
0 2336.489 6 3.6 35.4
0 2336.507 56 3.6 35.4
0 2336.631 8 3.6 35.4
0 2336.803 6 3.6 35.4
0 2336.821 56 3.6 35.4
0 2336.946 8 3.6 35.4
0 2337.049 10 3.6 35.4
0 2337.15 10 3.6 35.4
0 2337.226 13 3.6 35.4
0 2337.392 6 3.6 35.4
0 2337.431 26 3.6 35.4
0 2337.568 7 3.6 35.4
0 2337.734 6 3.6 35.4
0 2337.755 48 3.6 35.4
0 2337.906 7 3.6 35.4
0 2337.985 13 3.6 35.4
0 2338.091 9 3.6 35.4
0 2338.187 10 3.6 35.4
0 2338.3 9 3.6 35.4
0 2338.397 10 3.6 35.4
0 2338.548 7 3.6 35.4
0 2338.567 52 3.6 35.4
0 2338.757 5 4.7 35.4
0 2338.777 50 4.7 35.4
0 2338.919 7 4.7 35.4
0 2339.019 10 4.7 35.4
0 2339.124 9 4.7 35.4
0 2339.193 14 4.7 35.4
0 2339.387 5 4.7 35.4
0 2339.405 54 4.7 35.4
0 2339.596 5 4.7 35.4
0 2339.616 50 4.7 35.4
0 2339.745 8 4.7 35.4
0 2339.84 10 4.7 35.4
0 2339.911 14 4.7 35.4
0 2340.038 8 4.7 35.4
0 2340.116 13 4.7 35.4
0 2340.237 8 4.7 35.4
0 2340.416 6 4.7 35.4
0 2340.54 8 4.7 35.4
0 2340.543 315 4.7 35.4
0 2340.655 9 4.7 35.4
0 2340.829 6 4.7 35.4
0 2340.847 56 4.7 35.4
0 2340.962 9 4.7 35.4
0 2341.191 4 4.7 35.4
0 2341.195 291 4.7 35.4
0 2341.306 9 4.7 35.4
0 2341.472 6 4.7 35.4
0 2341.502 34 4.7 35.4
0 2341.596 11 4.7 35.4
0 2341.707 9 4.7 35.4
0 2341.887 6 4.7 35.4
0 2341.896 114 4.7 35.4
0 2342.017 8 4.7 35.4
0 2342.106 11 4.7 35.4
0 2342.206 10 4.7 35.4
0 2342.306 10 4.7 35.4
0 2342.489 5 4.7 35.4
0 2342.496 131 4.7 35.4
0 2342.617 8 4.7 35.4
0 2342.786 6 4.7 35.4
0 2342.797 96 4.7 35.4
0 2342.911 9 4.7 35.4
0 2343.006 10 4.7 35.4
0 2343.117 9 4.7 35.4
0 2343.209 11 4.7 35.4
0 2343.307 10 4.7 35.4
0 2343.409 10 4.7 35.4
0 2343.587 6 4.7 35.4
0 2343.597 99 4.7 35.4
0 2343.783 5 4.7 35.4
0 2343.799 65 4.7 35.4
0 2343.91 9 4.7 35.4
0 2344.009 10 4.7 35.4
0 2344.113 10 4.7 35.4
0 2344.21 10 4.7 35.4
0 2344.383 6 4.7 35.4
0 2344.399 63 4.7 35.4
0 2344.508 9 4.7 35.4
0 2344.693 5 4.7 35.4
0 2344.7 154 4.7 35.4
0 2344.816 9 4.7 35.4
0 2344.915 10 4.7 35.4
0 2345.012 10 4.7 35.4
0 2345.111 10 4.7 35.4
0 2345.21 10 4.7 35.4
0 2345.317 9 4.7 35.4
0 2345.554 4 4.7 35.4
0 2345.621 15 4.7 35.4
0 2345.667 22 4.7 35.4
0 2345.856 5 4.7 35.4
0 2345.861 210 4.7 35.4
0 2345.97 9 4.7 35.4
0 2346.205 4 4.7 35.4
0 2346.208 301 4.7 35.4
0 2346.32 9 4.7 35.4
0 2346.513 5 4.7 35.4
0 2346.516 333 4.7 35.4
0 2346.628 9 4.7 35.4
0 2346.737 9 4.7 35.4
0 2346.908 6 4.7 35.4
0 2346.917 115 4.7 35.4
0 2347.031 9 4.7 35.4
0 2347.129 10 4.7 35.4
0 2347.236 9 4.7 35.4
0 2347.328 11 4.7 35.4
0 2347.503 6 4.7 35.4
0 2347.519 66 4.7 35.4
0 2347.635 9 4.7 35.4
0 2347.804 6 4.7 35.4
0 2347.818 71 4.7 35.4
0 2347.929 9 4.7 35.4
0 2348.028 10 4.7 35.4
0 2348.133 10 4.7 35.4
0 2348.239 9 4.7 35.4
0 2348.33 11 4.7 35.4
0 2348.419 11 4.7 35.4
0 2348.603 5 4.7 35.4
0 2348.62 61 4.7 35.4
0 2348.798 6 3.6 35.4
0 2348.827 34 3.6 35.4
0 2348.929 10 3.6 35.4
0 2349.029 10 3.6 35.4
0 2349.132 10 3.6 35.4
0 2349.233 10 3.6 35.4
0 2349.408 6 3.6 35.4
0 2349.42 84 3.6 35.4
0 2349.531 9 3.6 35.4
0 2349.711 6 3.6 35.4
0 2349.72 115 3.6 35.4
0 2349.839 8 3.6 35.4
0 2349.938 10 3.6 35.4
0 2350.034 10 3.6 35.4
0 2350.132 10 3.6 35.4
0 2350.23 10 3.6 35.4
0 2350.34 9 3.6 35.4
0 2350.576 4 3.6 35.4
0 2350.642 15 3.6 35.4
0 2350.683 25 3.6 35.4
0 2350.874 5 3.6 35.4
0 2350.882 123 3.6 35.4
0 2350.985 10 3.6 35.4
0 2351.222 4 3.6 35.4
0 2351.225 327 3.6 35.4
0 2351.336 9 3.6 35.4
0 2351.519 5 3.6 35.4
0 2351.526 146 3.6 35.4
0 2351.636 9 3.6 35.4
0 2351.744 9 3.6 35.4
0 2351.918 6 3.6 35.4
0 2351.926 123 3.6 35.4
0 2352.043 9 3.6 35.4
0 2352.137 11 3.6 35.4
0 2352.24 10 3.6 35.4
0 2352.332 11 3.6 35.4
0 2352.513 6 3.6 35.4
0 2352.529 65 3.6 35.4
0 2352.646 8 3.6 35.4
0 2352.811 6 3.6 35.4
0 2352.83 53 3.6 35.4
0 2352.929 10 3.6 35.4
0 2353.032 10 3.6 35.4
0 2353.137 10 3.6 35.4
0 2353.249 9 3.6 35.4
0 2353.341 11 3.6 35.4
0 2353.44 10 3.6 35.4
0 2353.618 6 3.6 35.4
0 2353.628 97 3.6 35.4
0 2353.827 5 3.6 35.4
0 2353.83 322 3.6 35.4
0 2353.944 9 3.6 35.4
0 2354.042 10 3.6 35.4
0 2354.142 10 3.6 35.4
0 2354.253 9 3.6 35.4
0 2354.413 6 3.6 35.4
0 2354.438 39 3.6 35.4
0 2354.545 9 3.6 35.4
0 2354.724 6 3.6 35.4
0 2354.732 130 3.6 35.4
0 2354.853 8 3.6 35.4
0 2354.943 11 3.6 35.4
0 2355.045 10 3.6 35.4
0 2355.142 10 3.6 35.4
0 2355.235 11 3.6 35.4
0 2355.353 8 3.6 35.4
0 2355.51 6 3.6 35.4
0 2355.612 10 3.6 35.4
0 2355.712 10 3.6 35.4
0 2355.739 37 3.6 35.4
0 2355.931 5 3.6 35.4
0 2355.934 304 3.6 35.4
0 2356.041 9 3.6 35.4
0 2356.285 4 3.6 35.4
0 2356.288 316 3.6 35.4
0 2356.396 9 3.6 35.4
0 2356.57 6 3.6 35.4
0 2356.59 52 3.6 35.4
0 2356.689 10 3.6 35.4
0 2356.803 9 3.6 35.4
0 2356.966 6 3.6 35.4
0 2356.994 36 3.6 35.4
0 2357.102 9 3.6 35.4
0 2357.192 11 3.6 35.4
0 2357.303 9 3.6 35.4
0 2357.401 10 3.6 35.4
0 2357.587 5 3.6 35.4
0 2357.591 290 3.6 35.4
0 2357.692 10 3.6 35.4
0 2357.854 6 3.6 35.4
0 2357.905 20 3.6 35.4
0 2358.01 10 3.6 35.4
0 2358.102 11 3.6 35.4
0 2358.193 11 3.6 35.4
0 2358.303 9 3.6 35.4
0 2358.409 9 3.6 35.4
0 2358.502 11 3.6 35.4
0 2358.684 5 3.6 35.4
0 2358.692 116 3.6 35.4
0 2358.886 5 3.2 35.4
0 2358.892 158 3.2 35.4
0 2359.014 8 3.2 35.4
0 2359.104 11 3.2 35.4
0 2359.197 11 3.2 35.4
0 2359.299 10 3.2 35.4
0 2359.51 5 3.2 35.4
0 2359.524 72 3.2 35.4
0 2359.733 5 3.2 35.4
0 2359.746 79 3.2 35.4
0 2359.866 8 3.2 35.4
0 2359.962 10 3.2 35.4
0 2360.106 7 3.2 35.4
0 2360.187 12 3.2 35.4
0 2360.295 9 3.2 35.4
0 2360.397 10 3.2 35.4
0 2360.624 4 3.2 35.4
0 2360.647 45 3.2 35.4
0 2360.833 5 3.2 35.4
0 2360.861 36 3.2 35.4
0 2361.053 5 3.2 35.4
0 2361.072 50 3.2 35.4
0 2361.321 4 3.2 35.4
0 2361.341 50 3.2 35.4
0 2361.477 7 3.2 35.4
0 2361.633 6 3.2 35.4
0 2361.655 45 3.2 35.4
0 2361.798 7 3.2 35.4
0 2361.897 10 3.2 35.4
0 2361.988 11 3.2 35.4
0 2362.096 9 3.2 35.4
0 2362.189 11 3.2 35.4
0 2362.298 9 3.2 35.4
0 2362.392 11 3.2 35.4
0 2362.496 10 3.2 35.4
0 2362.631 7 3.2 35.4
0 2362.654 44 3.2 35.4
0 2362.782 8 3.2 35.4
0 2362.906 8 3.2 35.4
0 2362.954 21 3.2 35.4
0 2363.088 7 3.2 35.4
0 2363.19 10 3.2 35.4
0 2363.302 9 3.2 35.4
0 2363.399 10 3.2 35.4
0 2363.496 10 3.2 35.4
0 2363.595 10 3.2 35.4
0 2363.735 7 3.2 35.4
0 2363.754 54 3.2 35.4
0 2363.962 5 3.2 35.4
0 2363.982 50 3.2 35.4
0 2364.114 8 3.2 35.4
0 2364.201 12 3.2 35.4
0 2364.315 9 3.2 35.4
0 2364.416 10 3.2 35.4
0 2364.568 7 3.2 35.4
0 2364.588 51 3.2 35.4
0 2364.778 5 3.2 35.4
0 2364.799 48 3.2 35.4
0 2364.95 7 3.2 35.4
0 2365.015 16 3.2 35.4
0 2365.142 8 3.2 35.4
0 2365.222 13 3.2 35.4
0 2365.32 10 3.2 35.4
0 2365.445 8 3.2 35.4
0 2365.636 5 3.2 35.4
0 2365.655 51 3.2 35.4
0 2365.853 5 3.2 35.4
0 2365.871 54 3.2 35.4
0 2366.079 5 3.2 35.4
0 2366.116 27 3.2 35.4
0 2366.334 5 3.2 35.4
0 2366.352 55 3.2 35.4
0 2366.495 7 3.2 35.4
0 2366.64 7 3.2 35.4
0 2366.659 53 3.2 35.4
0 2366.804 7 3.2 35.4
0 2366.905 10 3.2 35.4
0 2366.998 11 3.2 35.4
0 2367.102 10 3.2 35.4
0 2367.175 14 3.2 35.4
0 2367.303 8 3.2 35.4
0 2367.392 11 3.2 35.4
0 2367.505 9 3.2 35.4
0 2367.659 6 3.2 35.4
0 2367.68 47 3.2 35.4
0 2367.796 9 3.2 35.4
0 2367.923 8 3.2 35.4
0 2368.019 10 3.2 35.4
0 2368.121 10 3.2 35.4
0 2368.202 12 3.2 35.4
0 2368.31 9 3.2 35.4
0 2368.418 9 3.2 35.4
0 2368.559 7 3.2 35.4
0 2368.571 83 3.2 35.4
0 2368.756 5 3.2 35.4
0 2368.772 62 3.2 35.4
0 2368.902 8 4.9 35.4
0 2369.067 6 4.9 35.4
0 2369.078 90 4.9 35.4
0 2369.195 9 4.9 35.4
0 2369.311 9 4.9 35.4
0 2369.409 10 4.9 35.4
0 2369.502 11 4.9 35.4
0 2369.661 6 4.9 35.4
0 2369.678 57 4.9 35.4
0 2369.871 5 4.9 35.4
0 2369.881 95 4.9 35.4
0 2370.014 8 4.9 35.4
0 2370.102 11 4.9 35.4
0 2370.197 10 4.9 35.4
0 2370.319 8 4.9 35.4
0 2370.414 11 4.9 35.4
0 2370.513 10 4.9 35.4
0 2370.727 5 4.9 35.4
0 2370.74 77 4.9 35.4
0 2370.931 5 4.9 35.4
0 2370.941 96 4.9 35.4
0 2371.142 5 4.9 35.4
0 2371.153 97 4.9 35.4
0 2371.403 4 4.9 35.4
0 2371.414 93 4.9 35.4
0 2371.533 8 4.9 35.4
0 2371.751 5 4.9 35.4
0 2371.754 283 4.9 35.4
0 2371.865 9 4.9 35.4
0 2371.972 9 4.9 35.4
0 2372.074 10 4.9 35.4
0 2372.166 11 4.9 35.4
0 2372.265 10 4.9 35.4
0 2372.366 10 4.9 35.4
0 2372.474 9 4.9 35.4
0 2372.566 11 4.9 35.4
0 2372.747 6 4.9 35.4
0 2372.756 110 4.9 35.4
0 2372.866 9 4.9 35.4
0 2372.962 10 4.9 35.4
0 2373.076 9 4.9 35.4
0 2373.175 10 4.9 35.4
0 2373.267 11 4.9 35.4
0 2373.367 10 4.9 35.4
0 2373.467 10 4.9 35.4
0 2373.649 5 4.9 35.4
0 2373.657 134 4.9 35.4
0 2373.854 5 4.9 35.4
0 2373.857 309 4.9 35.4
0 2373.968 9 4.9 35.4
0 2374.154 5 4.9 35.4
0 2374.159 230 4.9 35.4
0 2374.268 9 4.9 35.4
0 2374.374 9 4.9 35.4
0 2374.469 11 4.9 35.4
0 2374.573 10 4.9 35.4
0 2374.755 5 4.9 35.4
0 2374.759 279 4.9 35.4
0 2374.953 5 4.9 35.4
0 2374.959 180 4.9 35.4
0 2375.059 10 4.9 35.4
0 2375.173 9 4.9 35.4
0 2375.275 10 4.9 35.4
0 2375.378 10 4.9 35.4
0 2375.47 11 4.9 35.4
0 2375.56 11 4.9 35.4
0 2375.814 4 4.9 35.4
0 2375.817 301 4.9 35.4
0 2376.006 5 4.9 35.4
0 2376.017 88 4.9 35.4
0 2376.207 5 4.9 35.4
0 2376.219 84 4.9 35.4
0 2376.475 4 4.9 35.4
0 2376.478 315 4.9 35.4
0 2376.592 9 4.9 35.4
0 2376.811 5 4.9 35.4
0 2376.815 237 4.9 35.4
0 2376.926 9 4.9 35.4
0 2377.033 9 4.9 35.4
0 2377.133 10 4.9 35.4
0 2377.225 11 4.9 35.4
0 2377.33 10 4.9 35.4
0 2377.425 11 4.9 35.4
0 2377.535 9 4.9 35.4
0 2377.629 11 4.9 35.4
0 2377.811 5 4.9 35.4
0 2377.816 202 4.9 35.4
0 2377.931 9 4.9 35.4
0 2378.033 10 4.9 35.4
0 2378.132 10 4.9 35.4
0 2378.23 10 4.9 35.4
0 2378.327 10 4.9 35.4
0 2378.43 10 4.9 35.4
0 2378.529 10 4.9 35.4
0 2378.711 5 4.9 35.4
0 2378.717 171 4.9 35.4
0 2378.895 6 4.9 35.4
0 2378.924 34 3.7 35.4
0 2379.032 9 3.7 35.4
0 2379.213 6 3.7 35.4
0 2379.219 197 3.7 35.4
0 2379.327 9 3.7 35.4
0 2379.431 10 3.7 35.4
0 2379.534 10 3.7 35.4
0 2379.627 11 3.7 35.4
0 2379.815 5 3.7 35.4
0 2379.819 267 3.7 35.4
0 2379.989 6 3.7 35.4
0 2380.026 27 3.7 35.4
0 2380.133 9 3.7 35.4
0 2380.233 10 3.7 35.4
0 2380.334 10 3.7 35.4
0 2380.458 8 3.7 35.4
0 2380.552 11 3.7 35.4
0 2380.651 10 3.7 35.4
0 2380.825 6 3.7 35.4
0 2380.837 79 3.7 35.4
0 2381.021 5 3.7 35.4
0 2381.035 69 3.7 35.4
0 2381.243 5 3.7 35.4
0 2381.263 52 3.7 35.4
0 2381.515 4 3.7 35.4
0 2381.535 50 3.7 35.4
0 2381.677 7 3.7 35.4
0 2381.885 5 3.7 35.4
0 2381.904 53 3.7 35.4
0 2382.041 7 3.7 35.4
0 2382.15 9 3.7 35.4
0 2382.236 12 3.7 35.4
0 2382.34 10 3.7 35.4
0 2382.448 9 3.7 35.4
0 2382.543 11 3.7 35.4
0 2382.643 10 3.7 35.4
0 2382.717 14 3.7 35.4
0 2382.884 6 3.7 35.4
0 2382.905 48 3.7 35.4
0 2383.046 7 3.7 35.4
0 2383.14 11 3.7 35.4
0 2383.23 11 3.7 35.4
0 2383.342 9 3.7 35.4
0 2383.448 9 3.7 35.4
0 2383.556 9 3.7 35.4
0 2383.627 14 3.7 35.4
0 2383.782 6 3.7 35.4
0 2383.817 29 3.7 35.4
0 2383.997 6 3.7 35.4
0 2384.017 50 3.7 35.4
0 2384.207 5 3.7 35.4
0 2384.226 51 3.7 35.4
0 2384.41 5 3.7 35.4
0 2384.422 85 3.7 35.4
0 2384.556 7 3.7 35.4
0 2384.646 11 3.7 35.4
0 2384.752 9 3.7 35.4
0 2384.898 7 3.7 35.4
0 2385.005 9 3.7 35.4
0 2385.022 58 3.7 35.4
0 2385.16 7 3.7 35.4
0 2385.252 11 3.7 35.4
0 2385.327 14 3.7 35.4
0 2385.452 8 3.7 35.4
0 2385.556 10 3.7 35.4
0 2385.638 12 3.7 35.4
0 2385.782 7 3.7 35.4
0 2385.917 7 3.7 35.4
0 2385.936 52 3.7 35.4
0 2386.117 6 3.7 35.4
0 2386.136 51 3.7 35.4
0 2386.288 7 3.7 35.4
0 2386.378 11 3.7 35.4
0 2386.589 5 3.7 35.4
0 2386.608 52 3.7 35.4
0 2386.726 8 3.7 35.4
0 2386.893 6 3.7 35.4
0 2386.917 41 3.7 35.4
0 2387.02 10 3.7 35.4
0 2387.162 7 3.7 35.4
0 2387.246 12 3.7 35.4
0 2387.357 9 3.7 35.4
0 2387.443 12 3.7 35.4
0 2387.559 9 3.7 35.4
0 2387.65 11 3.7 35.4
0 2387.751 10 3.7 35.4
0 2387.823 14 3.7 35.4
0 2388.029 5 3.7 35.4
0 2388.049 52 3.7 35.4
0 2388.194 7 3.7 35.4
0 2388.295 10 3.7 35.4
0 2388.387 11 3.7 35.4
0 2388.467 13 3.7 35.4
0 2388.592 8 3.7 35.4
0 2388.675 12 3.7 35.4
0 2388.831 6 3.7 35.4
0 2388.849 54 3.7 35.4
0 2389.037 5 4.9 35.5
0 2389.057 51 4.9 35.5
0 2389.247 5 4.9 35.5
0 2389.266 51 4.9 35.5
0 2389.434 6 4.9 35.5
0 2389.476 24 4.9 35.5
0 2389.59 9 4.9 35.5
0 2389.671 12 4.9 35.5
0 2389.785 9 4.9 35.5
0 2389.944 6 4.9 35.5
0 2390.035 11 4.9 35.5
0 2390.105 14 4.9 35.5
0 2390.187 12 4.9 35.5
0 2390.307 8 4.9 35.5
0 2390.41 10 4.9 35.5
0 2390.512 10 4.9 35.5
0 2390.583 14 4.9 35.5
0 2390.692 9 4.9 35.5
0 2390.788 10 4.9 35.5
0 2390.966 6 4.9 35.5
0 2390.985 52 4.9 35.5
0 2391.152 6 4.9 35.5
0 2391.197 22 4.9 35.5
0 2391.306 9 4.9 35.5
0 2391.405 10 4.9 35.5
0 2391.632 4 4.9 35.5
0 2391.654 47 4.9 35.5
0 2391.802 7 4.9 35.5
0 2391.93 8 4.9 35.5
0 2391.952 45 4.9 35.5
0 2392.096 7 4.9 35.5
0 2392.18 12 4.9 35.5
0 2392.293 9 4.9 35.5
0 2392.399 9 4.9 35.5
0 2392.48 12 4.9 35.5
0 2392.596 9 4.9 35.5
0 2392.699 10 4.9 35.5
0 2392.795 10 4.9 35.5
0 2392.87 13 4.9 35.5
0 2393.054 5 4.9 35.5
0 2393.073 53 4.9 35.5
0 2393.207 7 4.9 35.5
0 2393.311 10 4.9 35.5
0 2393.408 10 4.9 35.5
0 2393.545 7 4.9 35.5
0 2393.583 26 4.9 35.5
0 2393.693 9 4.9 35.5
0 2393.857 6 4.9 35.5
0 2393.867 96 4.9 35.5
0 2394.047 6 4.9 35.5
0 2394.085 26 4.9 35.5
0 2394.254 6 4.9 35.5
0 2394.273 54 4.9 35.5
0 2394.455 5 4.9 35.5
0 2394.471 63 4.9 35.5
0 2394.606 7 4.9 35.5
0 2394.7 11 4.9 35.5
0 2394.798 10 4.9 35.5
0 2394.941 7 4.9 35.5
0 2395.054 9 4.9 35.5
0 2395.074 49 4.9 35.5
0 2395.205 8 4.9 35.5
0 2395.291 12 4.9 35.5
0 2395.377 12 4.9 35.5
0 2395.496 8 4.9 35.5
0 2395.602 9 4.9 35.5
0 2395.702 10 4.9 35.5
0 2395.795 11 4.9 35.5
0 2395.953 6 4.9 35.5
0 2395.971 56 4.9 35.5
0 2396.105 7 4.9 35.5
0 2396.24 7 4.9 35.5
0 2396.293 19 4.9 35.5
0 2396.392 10 4.9 35.5
0 2396.502 9 4.9 35.5
0 2396.716 5 4.9 35.5
0 2396.726 96 4.9 35.5
0 2396.866 7 4.9 35.5
0 2397.017 7 4.9 35.5
0 2397.027 94 4.9 35.5
0 2397.156 8 4.9 35.5
0 2397.259 10 4.9 35.5
0 2397.366 9 4.9 35.5
0 2397.456 11 4.9 35.5
0 2397.561 10 4.9 35.5
0 2397.659 10 4.9 35.5
0 2397.759 10 4.9 35.5
0 2397.83 14 4.9 35.5
0 2397.959 8 4.9 35.5
0 2398.123 6 4.9 35.5
0 2398.186 16 4.9 35.5
0 2398.238 19 4.9 35.5
0 2398.339 10 4.9 35.5
0 2398.447 9 4.9 35.5
0 2398.619 6 4.9 35.5
0 2398.628 116 4.9 35.5
0 2398.74 9 4.9 35.5
0 2398.923 5 4.9 35.5
0 2398.928 203 4.9 35.5
0 2399.135 5 4.8 35.5
0 2399.138 313 4.8 35.5
0 2399.33 5 4.8 35.5
0 2399.339 118 4.8 35.5
0 2399.522 5 4.8 35.5
0 2399.542 51 4.8 35.5
0 2399.657 9 4.8 35.5
0 2399.751 11 4.8 35.5
0 2399.851 10 4.8 35.5
0 2400.088 4 4.8 35.5
0 2400.092 263 4.8 35.5
0 2400.202 9 4.8 35.5
0 2400.304 10 4.8 35.5
0 2400.398 11 4.8 35.5
0 2400.502 10 4.8 35.5
0 2400.605 10 4.8 35.5
0 2400.701 10 4.8 35.5
0 2400.808 9 4.8 35.5
0 2400.975 6 4.8 35.5
0 2400.996 46 4.8 35.5
0 2401.106 9 4.8 35.5
0 2401.265 6 4.8 35.5
0 2401.303 27 4.8 35.5
0 2401.409 9 4.8 35.5
0 2401.505 10 4.8 35.5
0 2401.75 4 4.8 35.5
0 2401.754 309 4.8 35.5
0 2401.873 8 4.8 35.5
0 2402.024 7 4.8 35.5
0 2402.063 26 4.8 35.5
0 2402.168 10 4.8 35.5
0 2402.26 11 4.8 35.5
0 2402.375 9 4.8 35.5
0 2402.466 11 4.8 35.5
0 2402.569 10 4.8 35.5
0 2402.668 10 4.8 35.5
0 2402.765 10 4.8 35.5
0 2402.867 10 4.8 35.5
0 2402.973 9 4.8 35.5
0 2403.21 4 4.8 35.5
0 2403.214 249 4.8 35.5
0 2403.325 9 4.8 35.5
0 2403.427 10 4.8 35.5
0 2403.529 10 4.8 35.5
0 2403.709 6 4.8 35.5
0 2403.715 167 4.8 35.5
0 2403.826 9 4.8 35.5
0 2404.006 6 4.8 35.5
0 2404.015 110 4.8 35.5
0 2404.21 5 4.8 35.5
0 2404.215 204 4.8 35.5
0 2404.417 5 4.8 35.5
0 2404.421 262 4.8 35.5
0 2404.608 5 4.8 35.5
0 2404.621 79 4.8 35.5
0 2404.743 8 4.8 35.5
0 2404.832 11 4.8 35.5
0 2404.925 11 4.8 35.5
0 2405.179 4 4.8 35.5
0 2405.183 288 4.8 35.5
0 2405.306 8 4.8 35.5
0 2405.392 12 4.8 35.5
0 2405.496 10 4.8 35.5
0 2405.594 10 4.8 35.5
0 2405.696 10 4.8 35.5
0 2405.807 9 4.8 35.5
0 2405.894 11 4.8 35.5
0 2406.076 6 4.8 35.5
0 2406.084 125 4.8 35.5
0 2406.197 9 4.8 35.5
0 2406.368 6 4.8 35.5
0 2406.385 60 4.8 35.5
0 2406.497 9 4.8 35.5
0 2406.593 10 4.8 35.5
0 2406.829 4 4.8 35.5
0 2406.832 321 4.8 35.5
0 2406.954 8 4.8 35.5
0 2407.123 6 4.8 35.5
0 2407.132 103 4.8 35.5
0 2407.244 9 4.8 35.5
0 2407.343 10 4.8 35.5
0 2407.454 9 4.8 35.5
0 2407.544 11 4.8 35.5
0 2407.647 10 4.8 35.5
0 2407.736 11 4.8 35.5
0 2407.834 10 4.8 35.5
0 2407.955 8 4.8 35.5
0 2408.044 11 4.8 35.5
0 2408.285 4 4.8 35.5
0 2408.289 261 4.8 35.5
0 2408.399 9 4.8 35.5
0 2408.512 9 4.8 35.5
0 2408.6 11 4.8 35.5
0 2408.767 6 4.8 35.5
0 2408.796 34 4.8 35.5
0 2408.9 10 4.8 35.5
0 2409.071 6 4.8 35.5
0 2409.094 45 4.8 35.5
0 2409.27 6 3.5 35.5
0 2409.294 42 3.5 35.5
0 2409.477 5 3.5 35.5
0 2409.49 76 3.5 35.5
0 2409.686 5 3.5 35.5
0 2409.69 238 3.5 35.5
0 2409.798 9 3.5 35.5
0 2409.897 10 3.5 35.5
0 2410.002 10 3.5 35.5
0 2410.253 4 3.5 35.5
0 2410.256 293 3.5 35.5
0 2410.37 9 3.5 35.5
0 2410.468 10 3.5 35.5
0 2410.567 10 3.5 35.5
0 2410.674 9 3.5 35.5
0 2410.775 10 3.5 35.5
0 2410.871 10 3.5 35.5
0 2410.969 10 3.5 35.5
0 2411.149 6 3.5 35.5
0 2411.157 126 3.5 35.5
0 2411.27 9 3.5 35.5
0 2411.449 6 3.5 35.5
0 2411.458 120 3.5 35.5
0 2411.569 9 3.5 35.5
0 2411.669 10 3.5 35.5
0 2411.916 4 3.5 35.5
0 2411.919 318 3.5 35.5
0 2412.035 9 3.5 35.5
0 2412.213 6 3.5 35.5
0 2412.22 160 3.5 35.5
0 2412.333 9 3.5 35.5
0 2412.439 9 3.5 35.5
0 2412.531 11 3.5 35.5
0 2412.636 10 3.5 35.5
0 2412.731 10 3.5 35.5
0 2412.836 10 3.5 35.5
0 2412.94 10 3.5 35.5
0 2413.033 11 3.5 35.5
0 2413.136 10 3.5 35.5
0 2413.37 4 3.5 35.5
0 2413.374 233 3.5 35.5
0 2413.493 8 3.5 35.5
0 2413.585 11 3.5 35.5
0 2413.689 10 3.5 35.5
0 2413.854 6 3.5 35.5
0 2413.879 41 3.5 35.5
0 2413.993 9 3.5 35.5
0 2414.168 6 3.5 35.5
0 2414.174 178 3.5 35.5
0 2414.357 5 3.5 35.5
0 2414.38 43 3.5 35.5
0 2414.566 5 3.5 35.5
0 2414.575 110 3.5 35.5
0 2414.758 5 3.5 35.5
0 2414.777 52 3.5 35.5
0 2414.893 9 3.5 35.5
0 2414.993 10 3.5 35.5
0 2415.089 10 3.5 35.5
0 2415.321 4 3.5 35.5
0 2415.324 302 3.5 35.5
0 2415.441 9 3.5 35.5
0 2415.541 10 3.5 35.5
0 2415.637 10 3.5 35.5
0 2415.736 10 3.5 35.5
0 2415.832 10 3.5 35.5
0 2415.941 9 3.5 35.5
0 2416.042 10 3.5 35.5
0 2416.22 6 3.5 35.5
0 2416.225 209 3.5 35.5
0 2416.337 9 3.5 35.5
0 2416.513 6 3.5 35.5
0 2416.525 83 3.5 35.5
0 2416.643 9 3.5 35.5
0 2416.732 11 3.5 35.5
0 2416.976 4 3.5 35.5
0 2416.979 264 3.5 35.5
0 2417.096 9 3.5 35.5
0 2417.268 6 3.5 35.5
0 2417.281 78 3.5 35.5
0 2417.391 9 3.5 35.5
0 2417.481 11 3.5 35.5
0 2417.59 9 3.5 35.5
0 2417.695 9 3.5 35.5
0 2417.799 10 3.5 35.5
0 2417.893 11 3.5 35.5
0 2417.992 10 3.5 35.5
0 2418.092 10 3.5 35.5
0 2418.197 10 3.5 35.5
0 2418.438 4 3.5 35.5
0 2418.441 260 3.5 35.5
0 2418.553 9 3.5 35.5
0 2418.653 10 3.5 35.5
0 2418.756 10 3.5 35.5
0 2418.94 5 3.5 35.5
0 2418.944 256 3.5 35.5
0 2419.054 9 3.5 35.5
0 2419.236 6 3.5 35.5
0 2419.243 127 3.5 35.5
0 2419.434 5 3.3 35.6
0 2419.446 80 3.3 35.6
0 2419.635 5 3.3 35.6
0 2419.644 115 3.3 35.6
0 2419.836 5 3.3 35.6
0 2419.844 129 3.3 35.6
0 2419.953 9 3.3 35.6
0 2420.056 10 3.3 35.6
0 2420.155 10 3.3 35.6
0 2420.399 4 3.3 35.6
0 2420.402 314 3.3 35.6
0 2420.524 8 3.3 35.6
0 2420.613 11 3.3 35.6
0 2420.713 10 3.3 35.6
0 2420.814 10 3.3 35.6
0 2420.906 11 3.3 35.6
0 2421.025 8 3.3 35.6
0 2421.115 11 3.3 35.6
0 2421.274 6 3.3 35.6
0 2421.312 26 3.3 35.6
0 2421.414 10 3.3 35.6
0 2421.598 5 3.3 35.6
0 2421.604 160 3.3 35.6
0 2421.71 9 3.3 35.6
0 2421.817 9 3.3 35.6
0 2422.056 4 3.3 35.6
0 2422.059 313 3.3 35.6
0 2422.181 8 3.3 35.6
0 2422.354 6 3.3 35.6
0 2422.36 169 3.3 35.6
0 2422.466 9 3.3 35.6
0 2422.57 10 3.3 35.6
0 2422.684 9 3.3 35.6
0 2422.772 11 3.3 35.6
0 2422.861 11 3.3 35.6
0 2422.993 8 3.3 35.6
0 2423.096 10 3.3 35.6
0 2423.199 10 3.3 35.6
0 2423.294 11 3.3 35.6
0 2423.531 4 3.3 35.6
0 2423.542 90 3.3 35.6
0 2423.669 8 3.3 35.6
0 2423.777 9 3.3 35.6
0 2423.945 6 3.3 35.6
0 2423.956 87 3.3 35.6
0 2424.082 8 3.3 35.6
0 2424.185 10 3.3 35.6
0 2424.291 9 3.3 35.6
0 2424.42 8 3.3 35.6
0 2424.483 16 3.3 35.6
0 2424.666 5 3.3 35.6
0 2424.678 83 3.3 35.6
0 2424.887 5 3.3 35.6
0 2424.899 87 3.3 35.6
0 2425.072 6 3.3 35.6
0 2425.094 45 3.3 35.6
0 2425.201 9 3.3 35.6
0 2425.439 4 3.3 35.6
0 2425.445 186 3.3 35.6
0 2425.554 9 3.3 35.6
0 2425.653 10 3.3 35.6
0 2425.753 10 3.3 35.6
0 2425.881 8 3.3 35.6
0 2425.984 10 3.3 35.6
0 2426.079 10 3.3 35.6
0 2426.179 10 3.3 35.6
0 2426.351 6 3.3 35.6
0 2426.363 83 3.3 35.6
0 2426.493 8 3.3 35.6
0 2426.648 6 3.3 35.6
0 2426.661 75 3.3 35.6
0 2426.798 7 3.3 35.6
0 2426.898 10 3.3 35.6
0 2427.118 5 3.3 35.6
0 2427.137 54 3.3 35.6
0 2427.267 8 3.3 35.6
0 2427.417 7 3.3 35.6
0 2427.436 52 3.3 35.6
0 2427.572 7 3.3 35.6
0 2427.687 9 3.3 35.6
0 2427.777 11 3.3 35.6
0 2427.865 11 3.3 35.6
0 2427.983 8 3.3 35.6
0 2428.063 13 3.3 35.6
0 2428.189 8 3.3 35.6
0 2428.264 13 3.3 35.6
0 2428.371 9 3.3 35.6
0 2428.594 4 3.3 35.6
0 2428.614 50 3.3 35.6
0 2428.746 8 3.3 35.6
0 2428.843 10 3.3 35.6
0 2428.998 6 3.3 35.6
0 2429.017 54 3.3 35.6
0 2429.15 8 3.3 35.6
0 2429.244 11 3.3 35.6
0 2429.349 9 3.3 35.6
0 2429.506 6 4.0 35.6
0 2429.524 56 4.0 35.6
0 2429.66 7 4.0 35.6
0 2429.755 11 4.0 35.6
0 2429.932 6 4.0 35.6
0 2429.95 54 4.0 35.6
0 2430.079 8 4.0 35.6
0 2430.185 9 4.0 35.6
0 2430.287 10 4.0 35.6
0 2430.519 4 4.0 35.6
0 2430.538 52 4.0 35.6
0 2430.68 7 4.0 35.6
0 2430.781 10 4.0 35.6
0 2430.883 10 4.0 35.6
0 2430.974 11 4.0 35.6
0 2431.05 13 4.0 35.6
0 2431.182 8 4.0 35.6
0 2431.378 5 4.0 35.6
0 2431.39 84 4.0 35.6
0 2431.519 8 4.0 35.6
0 2431.674 6 4.0 35.6
0 2431.695 48 4.0 35.6
0 2431.821 8 4.0 35.6
0 2431.918 10 4.0 35.6
0 2432.142 4 4.0 35.6
0 2432.152 94 4.0 35.6
0 2432.283 8 4.0 35.6
0 2432.436 7 4.0 35.6
0 2432.464 36 4.0 35.6
0 2432.582 8 4.0 35.6
0 2432.684 10 4.0 35.6
0 2432.785 10 4.0 35.6
0 2432.866 12 4.0 35.6
0 2432.986 8 4.0 35.6
0 2433.082 10 4.0 35.6
0 2433.184 10 4.0 35.6
0 2433.285 10 4.0 35.6
0 2433.384 10 4.0 35.6
0 2433.624 4 4.0 35.6
0 2433.635 87 4.0 35.6
0 2433.764 8 4.0 35.6
0 2433.869 10 4.0 35.6
0 2434.027 6 4.0 35.6
0 2434.04 77 4.0 35.6
0 2434.167 8 4.0 35.6
0 2434.266 10 4.0 35.6
0 2434.358 11 4.0 35.6
0 2434.511 7 4.0 35.6
0 2434.622 9 4.0 35.6
0 2434.632 108 4.0 35.6
0 2434.768 7 4.0 35.6
0 2434.938 6 4.0 35.6
0 2434.95 86 4.0 35.6
0 2435.076 8 4.0 35.6
0 2435.176 10 4.0 35.6
0 2435.274 10 4.0 35.6
0 2435.516 4 4.0 35.6
0 2435.527 88 4.0 35.6
0 2435.663 7 4.0 35.6
0 2435.749 12 4.0 35.6
0 2435.853 10 4.0 35.6
0 2435.953 10 4.0 35.6
0 2436.055 10 4.0 35.6
0 2436.166 9 4.0 35.6
0 2436.39 4 4.0 35.6
0 2436.402 90 4.0 35.6
0 2436.514 9 4.0 35.6
0 2436.69 6 4.0 35.6
0 2436.702 86 4.0 35.6
0 2436.83 8 4.0 35.6
0 2436.929 10 4.0 35.6
0 2437.143 5 4.0 35.6
0 2437.154 86 4.0 35.6
0 2437.291 7 4.0 35.6
0 2437.382 11 4.0 35.6
0 2437.481 10 4.0 35.6
0 2437.58 10 4.0 35.6
0 2437.682 10 4.0 35.6
0 2437.786 10 4.0 35.6
0 2437.873 11 4.0 35.6
0 2437.979 10 4.0 35.6
0 2438.084 9 4.0 35.6
0 2438.181 10 4.0 35.6
0 2438.28 10 4.0 35.6
0 2438.389 9 4.0 35.6
0 2438.476 11 4.0 35.6
0 2438.733 4 4.0 35.6
0 2438.744 87 4.0 35.6
0 2438.862 8 4.0 35.6
0 2439.05 5 4.0 35.6
0 2439.061 88 4.0 35.6
0 2439.171 9 4.0 35.6
0 2439.288 9 4.0 35.6
0 2439.388 10 4.0 35.6
0 2439.627 4 4.4 35.6
0 2439.638 89 4.4 35.6
0 2439.766 8 4.4 35.6
0 2439.87 10 4.4 35.6
0 2440.024 7 4.4 35.6
0 2440.038 72 4.4 35.6
0 2440.161 8 4.4 35.6
0 2440.255 11 4.4 35.6
0 2440.365 9 4.4 35.6
0 2440.597 4 4.4 35.6
0 2440.609 88 4.4 35.6
0 2440.723 9 4.4 35.6
0 2440.832 9 4.4 35.6
0 2440.924 11 4.4 35.6
0 2441.034 9 4.4 35.6
0 2441.137 10 4.4 35.6
0 2441.226 11 4.4 35.6
0 2441.477 4 4.4 35.6
0 2441.488 91 4.4 35.6
0 2441.602 9 4.4 35.6
0 2441.776 6 4.4 35.6
0 2441.788 82 4.4 35.6
0 2441.914 8 4.4 35.6
0 2442.147 4 4.4 35.6
0 2442.158 88 4.4 35.6
0 2442.292 7 4.4 35.6
0 2442.385 11 4.4 35.6
0 2442.485 10 4.4 35.6
0 2442.585 10 4.4 35.6
0 2442.68 11 4.4 35.6
0 2442.783 10 4.4 35.6
0 2442.881 10 4.4 35.6
0 2442.985 10 4.4 35.6
0 2443.084 10 4.4 35.6
0 2443.177 11 4.4 35.6
0 2443.286 9 4.4 35.6
0 2443.396 9 4.4 35.6
0 2443.485 11 4.4 35.6
0 2443.659 6 4.4 35.6
0 2443.671 88 4.4 35.6
0 2443.88 5 4.4 35.6
0 2443.895 65 4.4 35.6
0 2444.091 5 4.4 35.6
0 2444.103 86 4.4 35.6
0 2444.22 9 4.4 35.6
0 2444.33 9 4.4 35.6
0 2444.442 9 4.4 35.6
0 2444.653 5 4.4 35.6
0 2444.664 89 4.4 35.6
0 2444.791 8 4.4 35.6
0 2444.891 10 4.4 35.6
0 2445.075 5 4.4 35.6
0 2445.086 89 4.4 35.6
0 2445.197 9 4.4 35.6
0 2445.312 9 4.4 35.6
0 2445.413 10 4.4 35.6
0 2445.648 4 4.4 35.6
0 2445.659 92 4.4 35.6
0 2445.76 10 4.4 35.6
0 2445.884 8 4.4 35.6
0 2445.984 10 4.4 35.6
0 2446.096 9 4.4 35.6
0 2446.178 12 4.4 35.6
0 2446.287 9 4.4 35.6
0 2446.522 4 4.4 35.6
0 2446.534 88 4.4 35.6
0 2446.667 8 4.4 35.6
0 2446.822 6 4.4 35.6
0 2446.833 93 4.4 35.6
0 2446.951 8 4.4 35.6
0 2447.206 4 4.4 35.6
0 2447.22 72 4.4 35.6
0 2447.347 8 4.4 35.6
0 2447.445 10 4.4 35.6
0 2447.546 10 4.4 35.6
0 2447.628 12 4.4 35.6
0 2447.736 9 4.4 35.6
0 2447.848 9 4.4 35.6
0 2447.944 10 4.4 35.6
0 2448.045 10 4.4 35.6
0 2448.144 10 4.4 35.6
0 2448.238 11 4.4 35.6
0 2448.347 9 4.4 35.6
0 2448.446 10 4.4 35.6
0 2448.526 13 4.4 35.6
0 2448.725 5 4.4 35.6
0 2448.74 68 4.4 35.6
0 2448.932 5 4.4 35.6
0 2448.944 86 4.4 35.6
0 2449.152 5 4.4 35.6
0 2449.163 88 4.4 35.6
0 2449.295 8 4.4 35.6
0 2449.387 11 4.4 35.6
0 2449.475 11 4.4 35.6
0 2449.716 4 4.2 35.6
0 2449.727 92 4.2 35.6
0 2449.864 7 4.2 35.6
0 2449.956 11 4.2 35.6
0 2450.127 6 4.2 35.6
0 2450.138 90 4.2 35.6
0 2450.265 8 4.2 35.6
0 2450.398 8 4.2 35.6
0 2450.481 12 4.2 35.6
0 2450.719 4 4.2 35.6
0 2450.74 47 4.2 35.6
0 2450.874 8 4.2 35.6
0 2450.978 10 4.2 35.6
0 2451.074 11 4.2 35.6
0 2451.172 10 4.2 35.6
0 2451.257 12 4.2 35.6
0 2451.384 8 4.2 35.6
0 2451.605 5 4.2 35.6
0 2451.626 49 4.2 35.6
0 2451.732 9 4.2 35.6
0 2451.922 5 4.2 35.6
0 2451.941 55 4.2 35.6
0 2452.069 8 4.2 35.6
0 2452.313 4 4.2 35.6
0 2452.331 53 4.2 35.6
0 2452.465 7 4.2 35.6
0 2452.563 10 4.2 35.6
0 2452.664 10 4.2 35.6
0 2452.74 13 4.2 35.6
0 2452.877 7 4.2 35.6
0 2452.958 12 4.2 35.6
0 2453.064 9 4.2 35.6
0 2453.164 10 4.2 35.6
0 2453.241 13 4.2 35.6
0 2453.365 8 4.2 35.6
0 2453.481 9 4.2 35.6
0 2453.576 11 4.2 35.6
0 2453.635 17 4.2 35.6
0 2453.795 6 4.2 35.6
0 2453.843 21 4.2 35.6
0 2453.955 9 4.2 35.6
0 2454.085 8 4.2 35.6
0 2454.212 8 4.2 35.6
0 2454.235 43 4.2 35.6
0 2454.376 7 4.2 35.6
0 2454.516 7 4.2 35.6
0 2454.527 96 4.2 35.6
0 2454.782 4 4.2 35.6
0 2454.805 43 4.2 35.6
0 2454.923 8 4.2 35.6
0 2455.007 12 4.2 35.6
0 2455.187 6 4.2 35.6
0 2455.198 87 4.2 35.6
0 2455.336 7 4.2 35.6
0 2455.429 11 4.2 35.6
0 2455.529 10 4.2 35.6
0 2455.748 5 4.2 35.6
0 2455.759 88 4.2 35.6
0 2455.893 7 4.2 35.6
0 2455.988 11 4.2 35.6
0 2456.091 10 4.2 35.6
0 2456.164 14 4.2 35.6
0 2456.287 8 4.2 35.6
0 2456.401 9 4.2 35.6
0 2456.505 10 4.2 35.6
0 2456.68 6 4.2 35.6
0 2456.707 37 4.2 35.6
0 2456.848 7 4.2 35.6
0 2456.99 7 4.2 35.6
0 2457.018 35 4.2 35.6
0 2457.149 8 4.2 35.6
0 2457.36 5 4.2 35.6
0 2457.386 37 4.2 35.6
0 2457.519 8 4.2 35.6
0 2457.634 9 4.2 35.6
0 2457.726 11 4.2 35.6
0 2457.847 8 4.2 35.6
0 2457.905 17 4.2 35.6
0 2458.04 7 4.2 35.6
0 2458.137 10 4.2 35.6
0 2458.222 12 4.2 35.6
0 2458.346 8 4.2 35.6
0 2458.44 11 4.2 35.6
0 2458.518 13 4.2 35.6
0 2458.65 8 4.2 35.6
0 2458.722 14 4.2 35.6
0 2458.91 5 4.2 35.6
0 2458.938 37 4.2 35.6
0 2459.092 6 4.2 35.6
0 2459.141 21 4.2 35.6
0 2459.345 5 4.2 35.6
0 2459.372 37 4.2 35.6
0 2459.559 5 4.2 35.6
0 2459.584 39 4.2 35.6
0 2459.834 4 4.8 35.6
0 2459.86 38 4.8 35.6
0 2460.015 6 4.8 35.6
0 2460.18 6 4.8 35.6
0 2460.207 37 4.8 35.6
0 2460.375 6 4.8 35.6
0 2460.519 7 4.8 35.6
0 2460.539 50 4.8 35.6
0 2460.806 4 4.8 35.6
0 2460.825 52 4.8 35.6
0 2460.973 7 4.8 35.6
0 2461.046 14 4.8 35.6
0 2461.17 8 4.8 35.6
0 2461.242 14 4.8 35.6
0 2461.368 8 4.8 35.6
0 2461.476 9 4.8 35.6
0 2461.557 12 4.8 35.6
0 2461.644 11 4.8 35.6
0 2461.753 9 4.8 35.6
0 2461.869 9 4.8 35.6
0 2462.003 7 4.8 35.6
0 2462.041 26 4.8 35.6
0 2462.17 8 4.8 35.6
0 2462.371 5 4.8 35.6
0 2462.389 54 4.8 35.6
0 2462.535 7 4.8 35.6
0 2462.633 10 4.8 35.6
0 2462.72 11 4.8 35.6
0 2462.835 9 4.8 35.6
0 2462.906 14 4.8 35.6
0 2463.032 8 4.8 35.6
0 2463.134 10 4.8 35.6
0 2463.222 11 4.8 35.6
0 2463.306 12 4.8 35.6
0 2463.438 8 4.8 35.6
0 2463.535 10 4.8 35.6
0 2463.628 11 4.8 35.6
0 2463.725 10 4.8 35.6
0 2463.905 6 4.8 35.6
0 2463.926 50 4.8 35.6
0 2464.115 5 4.8 35.6
0 2464.127 86 4.8 35.6
0 2464.229 10 4.8 35.6
0 2464.431 5 4.8 35.6
0 2464.443 84 4.8 35.6
0 2464.646 5 4.8 35.6
0 2464.657 92 4.8 35.6
0 2464.898 4 4.8 35.6
0 2464.909 90 4.8 35.6
0 2465.038 8 4.8 35.6
0 2465.214 6 4.8 35.6
0 2465.227 79 4.8 35.6
0 2465.353 8 4.8 35.6
0 2465.527 6 4.8 35.6
0 2465.539 84 4.8 35.6
0 2465.666 8 4.8 35.6
0 2465.901 4 4.8 35.6
0 2465.912 90 4.8 35.6
0 2466.044 8 4.8 35.6
0 2466.14 10 4.8 35.6
0 2466.232 11 4.8 35.6
0 2466.339 9 4.8 35.6
0 2466.438 10 4.8 35.6
0 2466.538 10 4.8 35.6
0 2466.646 9 4.8 35.6
0 2466.728 12 4.8 35.6
0 2466.843 9 4.8 35.6
0 2466.943 10 4.8 35.6
0 2467.1 6 4.8 35.6
0 2467.113 74 4.8 35.6
0 2467.228 9 4.8 35.6
0 2467.474 4 4.8 35.6
0 2467.486 83 4.8 35.6
0 2467.612 8 4.8 35.6
0 2467.689 13 4.8 35.6
0 2467.819 8 4.8 35.6
0 2467.903 12 4.8 35.6
0 2468.019 9 4.8 35.6
0 2468.112 11 4.8 35.6
0 2468.214 10 4.8 35.6
0 2468.317 10 4.8 35.6
0 2468.418 10 4.8 35.6
0 2468.519 10 4.8 35.6
0 2468.612 11 4.8 35.6
0 2468.715 10 4.8 35.6
0 2468.82 10 4.8 35.6
0 2469.0 6 4.8 35.6
0 2469.011 89 4.8 35.6
0 2469.194 5 4.8 35.6
0 2469.211 57 4.8 35.6
0 2469.341 8 4.8 35.6
0 2469.522 6 4.8 35.6
0 2469.587 15 4.8 35.6
0 2469.718 8 4.8 35.6
0 2469.725 135 4.8 35.6
0 2469.979 4 4.7 35.6
0 2469.982 296 4.7 35.6
0 2470.097 9 4.7 35.6
0 2470.277 6 4.7 35.6
0 2470.284 149 4.7 35.6
0 2470.396 9 4.7 35.6
0 2470.58 5 4.7 35.6
0 2470.583 281 4.7 35.6
0 2470.699 9 4.7 35.6
0 2470.94 4 4.7 35.6
0 2470.944 259 4.7 35.6
0 2471.045 10 4.7 35.6
0 2471.154 9 4.7 35.6
0 2471.257 10 4.7 35.6
0 2471.359 10 4.7 35.6
0 2471.461 10 4.7 35.6
0 2471.557 10 4.7 35.6
0 2471.655 10 4.7 35.6
0 2471.757 10 4.7 35.6
0 2471.855 10 4.7 35.6
0 2471.965 9 4.7 35.6
0 2472.137 6 4.7 35.6
0 2472.145 120 4.7 35.6
0 2472.258 9 4.7 35.6
0 2472.503 4 4.7 35.6
0 2472.508 200 4.7 35.6
0 2472.612 10 4.7 35.6
0 2472.711 10 4.7 35.6
0 2472.821 9 4.7 35.6
0 2472.908 12 4.7 35.6
0 2473.027 8 4.7 35.6
0 2473.117 11 4.7 35.6
0 2473.214 10 4.7 35.6
0 2473.321 9 4.7 35.6
0 2473.42 10 4.7 35.6
0 2473.528 9 4.7 35.6
0 2473.618 11 4.7 35.6
0 2473.72 10 4.7 35.6
0 2473.823 10 4.7 35.6
0 2473.92 10 4.7 35.6
0 2474.097 6 4.7 35.6
0 2474.109 86 4.7 35.6
0 2474.285 6 4.7 35.6
0 2474.319 29 4.7 35.6
0 2474.423 10 4.7 35.6
0 2474.608 5 4.7 35.6
0 2474.671 16 4.7 35.6
0 2474.782 9 4.7 35.6
0 2474.823 24 4.7 35.6
0 2475.068 4 4.7 35.6
0 2475.073 189 4.7 35.6
0 2475.184 9 4.7 35.6
0 2475.347 6 4.7 35.6
0 2475.38 30 4.7 35.6
0 2475.483 10 4.7 35.6
0 2475.67 5 4.7 35.6
0 2475.674 275 4.7 35.6
0 2475.785 9 4.7 35.6
0 2476.023 4 4.7 35.6
0 2476.027 263 4.7 35.6
0 2476.147 8 4.7 35.6
0 2476.23 12 4.7 35.6
0 2476.34 9 4.7 35.6
0 2476.44 10 4.7 35.6
0 2476.539 10 4.7 35.6
0 2476.643 10 4.7 35.6
0 2476.742 10 4.7 35.6
0 2476.84 10 4.7 35.6
0 2476.941 10 4.7 35.6
0 2477.041 10 4.7 35.6
0 2477.221 6 4.7 35.6
0 2477.228 136 4.7 35.6
0 2477.345 9 4.7 35.6
0 2477.586 4 4.7 35.6
0 2477.59 282 4.7 35.6
0 2477.701 9 4.7 35.6
0 2477.804 10 4.7 35.6
0 2477.906 10 4.7 35.6
0 2477.995 11 4.7 35.6
0 2478.104 9 4.7 35.6
0 2478.202 10 4.7 35.6
0 2478.304 10 4.7 35.6
0 2478.408 10 4.7 35.6
0 2478.502 11 4.7 35.6
0 2478.605 10 4.7 35.6
0 2478.703 10 4.7 35.6
0 2478.83 8 4.7 35.6
0 2478.93 10 4.7 35.6
0 2479.02 11 4.7 35.6
0 2479.204 5 4.7 35.6
0 2479.216 84 4.7 35.6
0 2479.405 5 4.7 35.6
0 2479.416 91 4.7 35.6
0 2479.624 5 4.7 35.6
0 2479.697 14 4.7 35.6
0 2479.804 9 4.7 35.6
0 2479.86 18 4.7 35.6
0 2480.0 7 3.4 35.6
0 2480.135 7 3.4 35.6
0 2480.147 81 3.4 35.6
0 2480.274 8 3.4 35.6
0 2480.375 10 3.4 35.6
0 2480.475 10 3.4 35.6
0 2480.578 10 3.4 35.6
0 2480.762 5 3.4 35.6
0 2480.774 84 3.4 35.6
0 2480.9 8 3.4 35.6
0 2481.129 4 3.4 35.6
0 2481.14 85 3.4 35.6
0 2481.252 9 3.4 35.6
0 2481.369 9 3.4 35.6
0 2481.47 10 3.4 35.6
0 2481.568 10 3.4 35.6
0 2481.671 10 3.4 35.6
0 2481.77 10 3.4 35.6
0 2481.868 10 3.4 35.6
0 2481.969 10 3.4 35.6
0 2482.068 10 3.4 35.6
0 2482.233 6 3.4 35.6
0 2482.244 91 3.4 35.6
0 2482.374 8 3.4 35.6
0 2482.591 5 3.4 35.6
0 2482.602 94 3.4 35.6
0 2482.725 8 3.4 35.6
0 2482.836 9 3.4 35.6
0 2482.923 12 3.4 35.6
0 2483.032 9 3.4 35.6
0 2483.134 10 3.4 35.6
0 2483.227 11 3.4 35.6
0 2483.337 9 3.4 35.6
0 2483.436 10 3.4 35.6
0 2483.534 10 3.4 35.6
0 2483.621 11 3.4 35.6
0 2483.73 9 3.4 35.6
0 2483.827 10 3.4 35.6
0 2483.913 12 3.4 35.6
0 2484.035 8 3.4 35.6
0 2484.256 5 3.4 35.6
0 2484.259 261 3.4 35.6
0 2484.451 5 3.4 35.6
0 2484.46 118 3.4 35.6
0 2484.654 5 3.4 35.6
0 2484.722 15 3.4 35.6
0 2484.849 8 3.4 35.6
0 2484.86 89 3.4 35.6
0 2485.051 5 3.4 35.6
0 2485.06 108 3.4 35.6
0 2485.253 5 3.4 35.6
0 2485.261 122 3.4 35.6
0 2485.373 9 3.4 35.6
0 2485.472 10 3.4 35.6
0 2485.579 9 3.4 35.6
0 2485.674 10 3.4 35.6
0 2485.86 5 3.4 35.6
0 2485.864 284 3.4 35.6
0 2486.058 5 3.4 35.6
0 2486.064 172 3.4 35.6
0 2486.265 5 3.4 35.6
0 2486.269 273 3.4 35.6
0 2486.383 9 3.4 35.6
0 2486.48 10 3.4 35.6
0 2486.58 10 3.4 35.6
0 2486.688 9 3.4 35.6
0 2486.781 11 3.4 35.6
0 2486.878 10 3.4 35.6
0 2486.984 9 3.4 35.6
0 2487.082 10 3.4 35.6
0 2487.259 6 3.4 35.6
0 2487.27 86 3.4 35.6
0 2487.381 9 3.4 35.6
0 2487.631 4 3.4 35.6
0 2487.635 283 3.4 35.6
0 2487.745 9 3.4 35.6
0 2487.855 9 3.4 35.6
0 2487.936 12 3.4 35.6
0 2488.048 9 3.4 35.6
0 2488.151 10 3.4 35.6
0 2488.246 11 3.4 35.6
0 2488.353 9 3.4 35.6
0 2488.437 12 3.4 35.6
0 2488.549 9 3.4 35.6
0 2488.652 10 3.4 35.6
0 2488.747 10 3.4 35.6
0 2488.854 9 3.4 35.6
0 2488.95 10 3.4 35.6
0 2489.05 10 3.4 35.6
0 2489.299 4 3.4 35.6
0 2489.302 295 3.4 35.6
0 2489.497 5 3.4 35.6
0 2489.502 176 3.4 35.6
0 2489.697 5 3.4 35.6
0 2489.766 14 3.4 35.6
0 2489.896 8 3.4 35.6
0 2489.91 72 3.4 35.6
0 2490.104 5 3.8 35.6
0 2490.115 87 3.8 35.6
0 2490.298 5 3.8 35.6
0 2490.316 57 3.8 35.6
0 2490.443 8 3.8 35.6
0 2490.528 12 3.8 35.6
0 2490.646 8 3.8 35.6
0 2490.736 11 3.8 35.6
0 2490.914 6 3.8 35.6
0 2490.925 87 3.8 35.6
0 2491.094 6 3.8 35.6
0 2491.153 17 3.8 35.6
0 2491.315 6 3.8 35.6
0 2491.326 90 3.8 35.6
0 2491.452 8 3.8 35.6
0 2491.534 12 3.8 35.6
0 2491.662 8 3.8 35.6
0 2491.735 14 3.8 35.6
0 2491.854 8 3.8 35.6
0 2491.954 10 3.8 35.6
0 2492.056 10 3.8 35.6
0 2492.154 10 3.8 35.6
0 2492.299 7 3.8 35.6
0 2492.337 27 3.8 35.6
0 2492.456 8 3.8 35.6
0 2492.676 5 3.8 35.6
0 2492.688 81 3.8 35.6
0 2492.818 8 3.8 35.6
0 2492.911 11 3.8 35.6
0 2493.013 10 3.8 35.6
0 2493.116 10 3.8 35.6
0 2493.215 10 3.8 35.6
0 2493.321 9 3.8 35.6
0 2493.411 11 3.8 35.6
0 2493.516 9 3.8 35.6
0 2493.617 10 3.8 35.6
0 2493.709 11 3.8 35.6
0 2493.807 10 3.8 35.6
0 2493.914 9 3.8 35.6
0 2494.019 10 3.8 35.6
0 2494.118 10 3.8 35.6
0 2494.343 4 3.8 35.6
0 2494.355 83 3.8 35.6
0 2494.56 5 3.8 35.6
0 2494.571 89 3.8 35.6
0 2494.768 5 3.8 35.6
0 2494.78 82 3.8 35.6
0 2494.967 5 3.8 35.6
0 2494.979 88 3.8 35.6
0 2495.176 5 3.8 35.6
0 2495.188 85 3.8 35.6
0 2495.359 6 3.8 35.6
0 2495.405 21 3.8 35.6
0 2495.51 10 3.8 35.6
0 2495.615 9 3.8 35.6
0 2495.723 9 3.8 35.6
0 2495.813 11 3.8 35.6
0 2495.981 6 3.8 35.6
0 2495.992 90 3.8 35.6
0 2496.199 5 3.8 35.6
0 2496.211 84 3.8 35.6
0 2496.423 5 3.8 35.6
0 2496.434 91 3.8 35.6
0 2496.543 9 3.8 35.6
0 2496.66 9 3.8 35.6
0 2496.744 12 3.8 35.6
0 2496.871 8 3.8 35.6
0 2496.962 11 3.8 35.6
0 2497.061 10 3.8 35.6
0 2497.163 10 3.8 35.6
0 2497.309 7 3.8 35.6
0 2497.354 22 3.8 35.6
0 2497.473 8 3.8 35.6
0 2497.693 5 3.8 35.6
0 2497.704 91 3.8 35.6
0 2497.833 8 3.8 35.6
0 2497.923 11 3.8 35.6
0 2498.042 8 3.8 35.6
0 2498.131 11 3.8 35.6
0 2498.216 12 3.8 35.6
0 2498.325 9 3.8 35.6
0 2498.408 12 3.8 35.6
0 2498.536 8 3.8 35.6
0 2498.638 10 3.8 35.6
0 2498.732 11 3.8 35.6
0 2498.836 10 3.8 35.6
0 2498.906 14 3.8 35.6
0 2499.041 7 3.8 35.6
0 2499.138 10 3.8 35.6
0 2499.355 5 3.8 35.6
0 2499.367 86 3.8 35.6
0 2499.571 5 3.8 35.6
0 2499.584 78 3.8 35.6
0 2499.779 5 3.8 35.6
0 2499.79 91 3.8 35.6
0 2499.973 5 3.8 35.6
0 2500.001 36 3.8 35.6
0 2500.185 5 4.2 35.6
0 2500.196 92 4.2 35.6
0 2500.393 5 4.2 35.6
0 2500.404 88 4.2 35.6
0 2500.531 8 4.2 35.6
0 2500.633 10 4.2 35.6
0 2500.733 10 4.2 35.6
0 2500.821 11 4.2 35.6
0 2501.006 5 4.2 35.6
0 2501.017 85 4.2 35.6
0 2501.224 5 4.2 35.6
0 2501.245 46 4.2 35.6
0 2501.449 5 4.2 35.6
0 2501.469 50 4.2 35.6
0 2501.606 7 4.2 35.6
0 2501.706 10 4.2 35.6
0 2501.813 9 4.2 35.6
0 2501.909 10 4.2 35.6
0 2502.014 10 4.2 35.6
0 2502.113 10 4.2 35.6
0 2502.216 10 4.2 35.6
0 2502.354 7 4.2 35.6
0 2502.374 50 4.2 35.6
0 2502.516 7 4.2 35.6
0 2502.722 5 4.2 35.6
0 2502.744 46 4.2 35.6
0 2502.88 7 4.2 35.6
0 2502.958 13 4.2 35.6
0 2503.087 8 4.2 35.6
0 2503.186 10 4.2 35.6
0 2503.255 15 4.2 35.6
0 2503.378 8 4.2 35.6
0 2503.483 10 4.2 35.6
0 2503.569 12 4.2 35.6
0 2503.686 9 4.2 35.6
0 2503.755 15 4.2 35.6
0 2503.856 10 4.2 35.6
0 2503.981 8 4.2 35.6
0 2504.08 10 4.2 35.6
0 2504.191 9 4.2 35.6
0 2504.382 5 4.2 35.6
0 2504.393 87 4.2 35.6
0 2504.59 5 4.2 35.6
0 2504.601 92 4.2 35.6
0 2504.801 5 4.2 35.6
0 2504.812 84 4.2 35.6
0 2504.991 6 4.2 35.6
0 2505.032 25 4.2 35.6
0 2505.2 6 4.2 35.6
0 2505.212 87 4.2 35.6
0 2505.423 5 4.2 35.6
0 2505.434 91 4.2 35.6
0 2505.564 8 4.2 35.6
0 2505.664 10 4.2 35.6
0 2505.736 14 4.2 35.6
0 2505.856 8 4.2 35.6
0 2506.017 6 4.2 35.6
0 2506.035 56 4.2 35.6
0 2506.228 5 4.2 35.6
0 2506.24 81 4.2 35.6
0 2506.37 8 4.2 35.6
0 2506.519 7 4.2 35.6
0 2506.539 49 4.2 35.6
0 2506.671 8 4.2 35.6
0 2506.742 14 4.2 35.6
0 2506.871 8 4.2 35.6
0 2506.958 11 4.2 35.6
0 2507.068 9 4.2 35.6
0 2507.173 10 4.2 35.6
0 2507.245 14 4.2 35.6
0 2507.427 5 4.2 35.6
0 2507.44 77 4.2 35.6
0 2507.572 8 4.2 35.6
0 2507.801 4 4.2 35.6
0 2507.812 90 4.2 35.6
0 2507.928 9 4.2 35.6
0 2508.038 9 4.2 35.6
0 2508.144 9 4.2 35.6
0 2508.235 11 4.2 35.6
0 2508.338 10 4.2 35.6
0 2508.434 10 4.2 35.6
0 2508.531 10 4.2 35.6
0 2508.634 10 4.2 35.6
0 2508.734 10 4.2 35.6
0 2508.842 9 4.2 35.6
0 2508.928 12 4.2 35.6
0 2509.031 10 4.2 35.6
0 2509.139 9 4.2 35.6
0 2509.236 10 4.2 35.6
0 2509.475 4 4.2 35.6
0 2509.486 85 4.2 35.6
0 2509.689 5 4.2 35.6
0 2509.7 90 4.2 35.6
0 2509.907 5 4.2 35.6
0 2509.979 14 4.2 35.6
0 2510.04 16 4.2 35.6
0 2510.211 6 4.6 35.7
0 2510.222 90 4.6 35.7
0 2510.411 5 4.6 35.7
0 2510.423 83 4.6 35.7
0 2510.547 8 4.6 35.7
0 2510.652 9 4.6 35.7
0 2510.738 12 4.6 35.7
0 2510.85 9 4.6 35.7
0 2510.943 11 4.6 35.7
0 2511.093 7 4.6 35.7
0 2511.138 22 4.6 35.7
0 2511.303 6 4.6 35.7
0 2511.335 32 4.6 35.7
0 2511.452 9 4.6 35.7
0 2511.626 6 4.6 35.7
0 2511.639 78 4.6 35.7
0 2511.742 10 4.6 35.7
0 2511.859 9 4.6 35.7
0 2511.948 11 4.6 35.7
0 2512.057 9 4.6 35.7
0 2512.169 9 4.6 35.7
0 2512.25 12 4.6 35.7
0 2512.366 9 4.6 35.7
0 2512.526 6 4.6 35.7
0 2512.539 73 4.6 35.7
0 2512.711 6 4.6 35.7
0 2512.858 7 4.6 35.7
0 2512.862 255 4.6 35.7
0 2512.962 10 4.6 35.7
0 2513.071 9 4.6 35.7
0 2513.171 10 4.6 35.7
0 2513.278 9 4.6 35.7
0 2513.372 11 4.6 35.7
0 2513.471 10 4.6 35.7
0 2513.571 10 4.6 35.7
0 2513.669 10 4.6 35.7
0 2513.782 9 4.6 35.7
0 2513.876 11 4.6 35.7
0 2513.963 12 4.6 35.7
0 2514.074 9 4.6 35.7
0 2514.175 10 4.6 35.7
0 2514.283 9 4.6 35.7
0 2514.506 4 4.6 35.7
0 2514.51 236 4.6 35.7
0 2514.619 9 4.6 35.7
0 2514.789 6 4.6 35.7
0 2514.817 35 4.6 35.7
0 2515.053 4 4.6 35.7
0 2515.057 256 4.6 35.7
0 2515.24 5 4.6 35.7
0 2515.261 50 4.6 35.7
0 2515.448 5 4.6 35.7
0 2515.457 114 4.6 35.7
0 2515.567 9 4.6 35.7
0 2515.668 10 4.6 35.7
0 2515.772 10 4.6 35.7
0 2515.872 10 4.6 35.7
0 2515.975 10 4.6 35.7
0 2516.154 6 4.6 35.7
0 2516.158 264 4.6 35.7
0 2516.363 5 4.6 35.7
0 2516.368 218 4.6 35.7
0 2516.484 9 4.6 35.7
0 2516.664 6 4.6 35.7
0 2516.667 289 4.6 35.7
0 2516.779 9 4.6 35.7
0 2516.884 10 4.6 35.7
0 2516.968 12 4.6 35.7
0 2517.086 8 4.6 35.7
0 2517.179 11 4.6 35.7
0 2517.28 10 4.6 35.7
0 2517.384 10 4.6 35.7
0 2517.543 6 4.6 35.7
0 2517.574 32 4.6 35.7
0 2517.766 5 4.6 35.7
0 2517.9 7 4.6 35.7
0 2517.912 82 4.6 35.7
0 2518.031 8 4.6 35.7
0 2518.14 9 4.6 35.7
0 2518.236 10 4.6 35.7
0 2518.346 9 4.6 35.7
0 2518.42 13 4.6 35.7
0 2518.538 8 4.6 35.7
0 2518.641 10 4.6 35.7
0 2518.742 10 4.6 35.7
0 2518.834 11 4.6 35.7
0 2518.942 9 4.6 35.7
0 2519.04 10 4.6 35.7
0 2519.143 10 4.6 35.7
0 2519.242 10 4.6 35.7
0 2519.337 10 4.6 35.7
0 2519.583 4 4.6 35.7
0 2519.594 91 4.6 35.7
0 2519.722 8 4.6 35.7
0 2519.885 6 4.6 35.7
0 2519.895 98 4.6 35.7
0 2520.152 4 4.6 35.7
0 2520.164 90 4.6 35.7
0 2520.358 5 4.1 35.7
0 2520.37 87 4.1 35.7
0 2520.498 8 4.1 35.7
0 2520.6 10 4.1 35.7
0 2520.708 9 4.1 35.7
0 2520.796 11 4.1 35.7
0 2520.898 10 4.1 35.7
0 2520.994 10 4.1 35.7
0 2521.179 5 4.1 35.7
0 2521.193 73 4.1 35.7
0 2521.383 5 4.1 35.7
0 2521.396 81 4.1 35.7
0 2521.522 8 4.1 35.7
0 2521.69 6 4.1 35.7
0 2521.703 77 4.1 35.7
0 2521.831 8 4.1 35.7
0 2521.924 11 4.1 35.7
0 2522.031 9 4.1 35.7
0 2522.132 10 4.1 35.7
0 2522.24 9 4.1 35.7
0 2522.331 11 4.1 35.7
0 2522.41 13 4.1 35.7
0 2522.593 5 4.1 35.7
0 2522.604 93 4.1 35.7
0 2522.799 5 4.1 35.7
0 2522.933 7 4.1 35.7
0 2522.943 95 4.1 35.7
0 2523.072 8 4.1 35.7
0 2523.179 9 4.1 35.7
0 2523.246 15 4.1 35.7
0 2523.362 9 4.1 35.7
0 2523.474 9 4.1 35.7
0 2523.573 10 4.1 35.7
0 2523.674 10 4.1 35.7
0 2523.77 10 4.1 35.7
0 2523.881 9 4.1 35.7
0 2523.974 11 4.1 35.7
0 2524.074 10 4.1 35.7
0 2524.178 10 4.1 35.7
0 2524.272 11 4.1 35.7
0 2524.371 10 4.1 35.7
0 2524.603 4 4.1 35.7
0 2524.614 91 4.1 35.7
0 2524.744 8 4.1 35.7
0 2524.919 6 4.1 35.7
0 2524.93 93 4.1 35.7
0 2525.185 4 4.1 35.7
0 2525.195 98 4.1 35.7
0 2525.39 5 4.1 35.7
0 2525.401 95 4.1 35.7
0 2525.536 7 4.1 35.7
0 2525.631 11 4.1 35.7
0 2525.733 10 4.1 35.7
0 2525.834 10 4.1 35.7
0 2525.932 10 4.1 35.7
0 2526.028 10 4.1 35.7
0 2526.215 5 4.1 35.7
0 2526.226 87 4.1 35.7
0 2526.42 5 4.1 35.7
0 2526.432 84 4.1 35.7
0 2526.541 9 4.1 35.7
0 2526.732 5 4.1 35.7
0 2526.744 89 4.1 35.7
0 2526.878 7 4.1 35.7
0 2526.974 10 4.1 35.7
0 2527.051 13 4.1 35.7
0 2527.18 8 4.1 35.7
0 2527.268 11 4.1 35.7
0 2527.376 9 4.1 35.7
0 2527.475 10 4.1 35.7
0 2527.637 6 4.1 35.7
0 2527.653 61 4.1 35.7
0 2527.838 5 4.1 35.7
0 2527.972 7 4.1 35.7
0 2527.983 89 4.1 35.7
0 2528.112 8 4.1 35.7
0 2528.199 11 4.1 35.7
0 2528.313 9 4.1 35.7
0 2528.411 10 4.1 35.7
0 2528.515 10 4.1 35.7
0 2528.612 10 4.1 35.7
0 2528.715 10 4.1 35.7
0 2528.81 11 4.1 35.7
0 2528.888 13 4.1 35.7
0 2529.023 7 4.1 35.7
0 2529.111 11 4.1 35.7
0 2529.215 10 4.1 35.7
0 2529.309 11 4.1 35.7
0 2529.392 12 4.1 35.7
0 2529.638 4 4.1 35.7
0 2529.648 94 4.1 35.7
0 2529.768 8 4.1 35.7
0 2529.934 6 4.1 35.7
0 2529.952 55 4.1 35.7
0 2530.197 4 4.1 35.7
0 2530.208 93 4.1 35.7
0 2530.399 5 4.4 35.7
0 2530.414 67 4.4 35.7
0 2530.539 8 4.4 35.7
0 2530.64 10 4.4 35.7
0 2530.746 9 4.4 35.7
0 2530.839 11 4.4 35.7
0 2530.937 10 4.4 35.7
0 2531.042 10 4.4 35.7
0 2531.219 6 4.4 35.7
0 2531.233 72 4.4 35.7
0 2531.414 6 4.4 35.7
0 2531.441 37 4.4 35.7
0 2531.56 8 4.4 35.7
0 2531.757 5 4.4 35.7
0 2531.778 46 4.4 35.7
0 2531.909 8 4.4 35.7
0 2532.0 11 4.4 35.7
0 2532.097 10 4.4 35.7
0 2532.199 10 4.4 35.7
0 2532.3 10 4.4 35.7
0 2532.398 10 4.4 35.7
0 2532.498 10 4.4 35.7
0 2532.669 6 4.4 35.7
0 2532.689 52 4.4 35.7
0 2532.813 8 4.4 35.7
0 2533.036 4 4.4 35.7
0 2533.058 46 4.4 35.7
0 2533.182 8 4.4 35.7
0 2533.261 13 4.4 35.7
0 2533.381 8 4.4 35.7
0 2533.477 10 4.4 35.7
0 2533.577 10 4.4 35.7
0 2533.679 10 4.4 35.7
0 2533.771 11 4.4 35.7
0 2533.881 9 4.4 35.7
0 2533.976 11 4.4 35.7
0 2534.079 10 4.4 35.7
0 2534.179 10 4.4 35.7
0 2534.266 12 4.4 35.7
0 2534.383 9 4.4 35.7
0 2534.476 11 4.4 35.7
0 2534.703 4 4.4 35.7
0 2534.722 52 4.4 35.7
0 2534.868 7 4.4 35.7
0 2535.025 6 4.4 35.7
0 2535.044 54 4.4 35.7
0 2535.291 4 4.4 35.7
0 2535.31 52 4.4 35.7
0 2535.492 5 4.4 35.7
0 2535.511 52 4.4 35.7
0 2535.648 7 4.4 35.7
0 2535.745 10 4.4 35.7
0 2535.856 9 4.4 35.7
0 2535.933 13 4.4 35.7
0 2536.022 11 4.4 35.7
0 2536.236 5 4.4 35.7
0 2536.255 52 4.4 35.7
0 2536.467 5 4.4 35.7
0 2536.487 50 4.4 35.7
0 2536.631 7 4.4 35.7
0 2536.797 6 4.4 35.7
0 2536.815 54 4.4 35.7
0 2536.937 8 4.4 35.7
0 2537.062 8 4.4 35.7
0 2537.161 10 4.4 35.7
0 2537.247 12 4.4 35.7
0 2537.362 9 4.4 35.7
0 2537.447 12 4.4 35.7
0 2537.561 9 4.4 35.7
0 2537.705 7 4.4 35.7
0 2537.724 52 4.4 35.7
0 2537.875 7 4.4 35.7
0 2538.067 5 4.4 35.7
0 2538.087 51 4.4 35.7
0 2538.23 7 4.4 35.7
0 2538.322 11 4.4 35.7
0 2538.435 9 4.4 35.7
0 2538.522 11 4.4 35.7
0 2538.627 10 4.4 35.7
0 2538.731 10 4.4 35.7
0 2538.886 6 4.4 35.7
0 2538.897 89 4.4 35.7
0 2539.032 7 4.4 35.7
0 2539.125 11 4.4 35.7
0 2539.224 10 4.4 35.7
0 2539.327 10 4.4 35.7
0 2539.427 10 4.4 35.7
0 2539.532 9 4.4 35.7
0 2539.741 5 4.4 35.7
0 2539.753 83 4.4 35.7
0 2539.883 8 4.4 35.7
0 2540.062 6 4.4 35.7
0 2540.073 91 4.4 35.7
0 2540.314 4 4.4 35.7
0 2540.325 90 4.4 35.7
0 2540.511 5 4.7 35.7
0 2540.525 75 4.7 35.7
0 2540.659 7 4.7 35.7
0 2540.746 11 4.7 35.7
0 2540.908 6 4.7 35.7
0 2540.918 106 4.7 35.7
0 2541.032 9 4.7 35.7
0 2541.155 8 4.7 35.7
0 2541.25 10 4.7 35.7
0 2541.358 9 4.7 35.7
0 2541.509 7 4.7 35.7
0 2541.529 50 4.7 35.7
0 2541.66 8 4.7 35.7
0 2541.815 6 4.7 35.7
0 2541.826 87 4.7 35.7
0 2541.954 8 4.7 35.7
0 2542.055 10 4.7 35.7
0 2542.16 10 4.7 35.7
0 2542.258 10 4.7 35.7
0 2542.361 10 4.7 35.7
0 2542.452 11 4.7 35.7
0 2542.53 13 4.7 35.7
0 2542.725 5 4.7 35.7
0 2542.737 84 4.7 35.7
0 2542.873 7 4.7 35.7
0 2543.087 5 4.7 35.7
0 2543.097 97 4.7 35.7
0 2543.228 8 4.7 35.7
0 2543.334 9 4.7 35.7
0 2543.402 15 4.7 35.7
0 2543.518 9 4.7 35.7
0 2543.63 9 4.7 35.7
0 2543.73 10 4.7 35.7
0 2543.802 14 4.7 35.7
0 2543.968 6 4.7 35.7
0 2544.023 18 4.7 35.7
0 2544.13 9 4.7 35.7
0 2544.23 10 4.7 35.7
0 2544.323 11 4.7 35.7
0 2544.43 9 4.7 35.7
0 2544.534 10 4.7 35.7
0 2544.63 10 4.7 35.7
0 2544.844 5 4.7 35.7
0 2544.854 96 4.7 35.7
0 2544.994 7 4.7 35.7
0 2545.143 7 4.7 35.7
0 2545.156 79 4.7 35.7
0 2545.391 4 4.7 35.7
0 2545.401 93 4.7 35.7
0 2545.593 5 4.7 35.7
0 2545.604 91 4.7 35.7
0 2545.739 7 4.7 35.7
0 2545.836 10 4.7 35.7
0 2545.994 6 4.7 35.7
0 2546.005 90 4.7 35.7
0 2546.139 7 4.7 35.7
0 2546.241 10 4.7 35.7
0 2546.328 12 4.7 35.7
0 2546.433 9 4.7 35.7
0 2546.595 6 4.7 35.7
0 2546.605 99 4.7 35.7
0 2546.746 7 4.7 35.7
0 2546.896 7 4.7 35.7
0 2546.906 97 4.7 35.7
0 2547.037 8 4.7 35.7
0 2547.136 10 4.7 35.7
0 2547.244 9 4.7 35.7
0 2547.337 11 4.7 35.7
0 2547.438 10 4.7 35.7
0 2547.539 10 4.7 35.7
0 2547.631 11 4.7 35.7
0 2547.851 5 4.7 35.7
0 2547.855 277 4.7 35.7
0 2548.097 4 4.7 35.7
0 2548.101 288 4.7 35.7
0 2548.213 9 4.7 35.7
0 2548.324 9 4.7 35.7
0 2548.413 11 4.7 35.7
0 2548.511 10 4.7 35.7
0 2548.613 10 4.7 35.7
0 2548.712 10 4.7 35.7
0 2548.825 9 4.7 35.7
0 2548.988 6 4.7 35.7
0 2549.002 73 4.7 35.7
0 2549.113 9 4.7 35.7
0 2549.213 10 4.7 35.7
0 2549.325 9 4.7 35.7
0 2549.413 11 4.7 35.7
0 2549.512 10 4.7 35.7
0 2549.614 10 4.7 35.7
0 2549.854 4 4.7 35.7
0 2549.86 153 4.7 35.7
0 2549.969 9 4.7 35.7
0 2550.146 6 4.7 35.7
0 2550.158 82 4.7 35.7
0 2550.396 4 4.7 35.7
0 2550.402 180 4.7 35.7
0 2550.581 6 4.0 35.7
0 2550.605 41 4.0 35.7
0 2550.712 9 4.0 35.7
0 2550.811 10 4.0 35.7
0 2550.993 5 4.0 35.7
0 2551.0 128 4.0 35.7
0 2551.107 9 4.0 35.7
0 2551.212 10 4.0 35.7
0 2551.311 10 4.0 35.7
0 2551.415 10 4.0 35.7
0 2551.59 6 4.0 35.7
0 2551.601 96 4.0 35.7
0 2551.714 9 4.0 35.7
0 2551.89 6 4.0 35.7
0 2551.901 89 4.0 35.7
0 2552.017 9 4.0 35.7
0 2552.12 10 4.0 35.7
0 2552.215 10 4.0 35.7
0 2552.312 10 4.0 35.7
0 2552.412 10 4.0 35.7
0 2552.519 9 4.0 35.7
0 2552.612 11 4.0 35.7
0 2552.783 6 4.0 35.7
0 2552.879 10 4.0 35.7
0 2552.908 35 4.0 35.7
0 2553.138 4 4.0 35.7
0 2553.142 274 4.0 35.7
0 2553.245 10 4.0 35.7
0 2553.354 9 4.0 35.7
0 2553.452 10 4.0 35.7
0 2553.551 10 4.0 35.7
0 2553.66 9 4.0 35.7
0 2553.746 12 4.0 35.7
0 2553.849 10 4.0 35.7
0 2554.042 5 4.0 35.7
0 2554.045 321 4.0 35.7
0 2554.162 9 4.0 35.7
0 2554.248 12 4.0 35.7
0 2554.352 10 4.0 35.7
0 2554.452 10 4.0 35.7
0 2554.559 9 4.0 35.7
0 2554.663 10 4.0 35.7
0 2554.871 5 4.0 35.7
0 2554.876 187 4.0 35.7
0 2554.985 9 4.0 35.7
0 2555.17 5 4.0 35.7
0 2555.176 171 4.0 35.7
0 2555.425 4 4.0 35.7
0 2555.429 235 4.0 35.7
0 2555.621 5 4.0 35.7
0 2555.628 132 4.0 35.7
0 2555.746 9 4.0 35.7
0 2555.839 11 4.0 35.7
0 2556.02 6 4.0 35.7
0 2556.029 107 4.0 35.7
0 2556.14 9 4.0 35.7
0 2556.239 10 4.0 35.7
0 2556.348 9 4.0 35.7
0 2556.442 11 4.0 35.7
0 2556.622 6 4.0 35.7
0 2556.63 123 4.0 35.7
0 2556.741 9 4.0 35.7
0 2556.928 5 4.0 35.7
0 2556.932 274 4.0 35.7
0 2557.044 9 4.0 35.7
0 2557.149 10 4.0 35.7
0 2557.243 11 4.0 35.7
0 2557.35 9 4.0 35.7
0 2557.446 10 4.0 35.7
0 2557.533 12 4.0 35.7
0 2557.649 9 4.0 35.7
0 2557.867 5 4.0 35.7
0 2557.872 193 4.0 35.7
0 2557.984 9 4.0 35.7
0 2558.222 4 4.0 35.7
0 2558.225 294 4.0 35.7
0 2558.335 9 4.0 35.7
0 2558.443 9 4.0 35.7
0 2558.541 10 4.0 35.7
0 2558.636 10 4.0 35.7
0 2558.742 9 4.0 35.7
0 2558.836 11 4.0 35.7
0 2558.944 9 4.0 35.7
0 2559.121 6 4.0 35.7
0 2559.126 228 4.0 35.7
0 2559.241 9 4.0 35.7
0 2559.339 10 4.0 35.7
0 2559.445 9 4.0 35.7
0 2559.538 11 4.0 35.7
0 2559.64 10 4.0 35.7
0 2559.743 10 4.0 35.7
0 2559.986 4 4.0 35.7
0 2559.991 191 4.0 35.7
0 2560.18 5 4.0 35.7
0 2560.189 103 4.0 35.7
0 2560.437 4 4.0 35.7
0 2560.44 309 4.0 35.7
0 2560.623 5 3.3 35.7
0 2560.646 45 3.3 35.7
0 2560.748 10 3.3 35.7
0 2560.845 10 3.3 35.7
0 2561.031 5 3.3 35.7
0 2561.041 98 3.3 35.7
0 2561.16 8 3.3 35.7
0 2561.248 11 3.3 35.7
0 2561.353 10 3.3 35.7
0 2561.452 10 3.3 35.7
0 2561.629 6 3.3 35.7
0 2561.644 65 3.3 35.7
0 2561.75 9 3.3 35.7
0 2561.933 5 3.3 35.7
0 2561.942 109 3.3 35.7
0 2562.053 9 3.3 35.7
0 2562.158 10 3.3 35.7
0 2562.248 11 3.3 35.7
0 2562.363 9 3.3 35.7
0 2562.454 11 3.3 35.7
0 2562.554 10 3.3 35.7
0 2562.66 9 3.3 35.7
0 2562.807 7 3.3 35.7
0 2562.936 8 3.3 35.7
0 2562.944 124 3.3 35.7
0 2563.054 9 3.3 35.7
0 2563.298 4 3.3 35.7
0 2563.302 281 3.3 35.7
0 2563.406 10 3.3 35.7
0 2563.514 9 3.3 35.7
0 2563.613 10 3.3 35.7
0 2563.713 10 3.3 35.7
0 2563.817 10 3.3 35.7
0 2563.921 10 3.3 35.7
0 2564.015 11 3.3 35.7
0 2564.194 6 3.3 35.7
0 2564.203 118 3.3 35.7
0 2564.32 9 3.3 35.7
0 2564.422 10 3.3 35.7
0 2564.515 11 3.3 35.7
0 2564.612 10 3.3 35.7
0 2564.715 10 3.3 35.7
0 2564.821 9 3.3 35.7
0 2565.061 4 3.3 35.7
0 2565.065 283 3.3 35.7
0 2565.25 5 3.3 35.7
0 2565.265 69 3.3 35.7
0 2565.514 4 3.3 35.7
0 2565.518 235 3.3 35.7
0 2565.704 5 3.3 35.7
0 2565.719 68 3.3 35.7
0 2565.827 9 3.3 35.7
0 2565.929 10 3.3 35.7
0 2566.087 6 3.3 35.7
0 2566.127 25 3.3 35.7
0 2566.23 10 3.3 35.7
0 2566.327 10 3.3 35.7
0 2566.43 10 3.3 35.7
0 2566.527 10 3.3 35.7
0 2566.714 5 3.3 35.7
0 2566.718 208 3.3 35.7
0 2566.83 9 3.3 35.7
0 2567.012 5 3.3 35.7
0 2567.019 155 3.3 35.7
0 2567.137 8 3.3 35.7
0 2567.235 10 3.3 35.7
0 2567.329 11 3.3 35.7
0 2567.432 10 3.3 35.7
0 2567.53 10 3.3 35.7
0 2567.62 11 3.3 35.7
0 2567.744 8 3.3 35.7
0 2567.972 4 3.3 35.7
0 2567.976 235 3.3 35.7
0 2568.086 9 3.3 35.7
0 2568.337 4 3.3 35.7
0 2568.341 256 3.3 35.7
0 2568.452 9 3.3 35.7
0 2568.554 10 3.3 35.7
0 2568.652 10 3.3 35.7
0 2568.749 10 3.3 35.7
0 2568.866 9 3.3 35.7
0 2568.947 12 3.3 35.7
0 2569.055 9 3.3 35.7
0 2569.227 6 3.3 35.7
0 2569.243 65 3.3 35.7
0 2569.356 9 3.3 35.7
0 2569.463 9 3.3 35.7
0 2569.555 11 3.3 35.7
0 2569.645 11 3.3 35.7
0 2569.749 10 3.3 35.7
0 2569.856 9 3.3 35.7
0 2570.089 4 3.3 35.7
0 2570.093 278 3.3 35.7
0 2570.282 5 3.3 35.7
0 2570.293 92 3.3 35.7
0 2570.533 4 3.3 35.7
0 2570.537 285 3.3 35.7
0 2570.725 5 3.5 35.7
0 2570.736 86 3.5 35.7
0 2570.846 9 3.5 35.7
0 2570.948 10 3.5 35.7
0 2571.11 6 3.5 35.7
0 2571.15 25 3.5 35.7
0 2571.261 9 3.5 35.7
0 2571.353 11 3.5 35.7
0 2571.472 8 3.5 35.7
0 2571.555 12 3.5 35.7
0 2571.74 5 3.5 35.7
0 2571.752 83 3.5 35.7
0 2571.877 8 3.5 35.7
0 2572.047 6 3.5 35.7
0 2572.059 81 3.5 35.7
0 2572.188 8 3.5 35.7
0 2572.275 11 3.5 35.7
0 2572.417 7 3.5 35.7
0 2572.484 15 3.5 35.7
0 2572.589 10 3.5 35.7
0 2572.683 11 3.5 35.7
0 2572.768 12 3.5 35.7
0 2573.01 4 3.5 35.7
0 2573.023 82 3.5 35.7
0 2573.151 8 3.5 35.7
0 2573.382 4 3.5 35.7
0 2573.393 85 3.5 35.7
0 2573.528 7 3.5 35.7
0 2573.622 11 3.5 35.7
0 2573.724 10 3.5 35.7
0 2573.819 11 3.5 35.7
0 2573.913 11 3.5 35.7
0 2574.029 9 3.5 35.7
0 2574.121 11 3.5 35.7
0 2574.295 6 3.5 35.7
0 2574.307 82 3.5 35.7
0 2574.497 5 3.5 35.7
0 2574.537 25 3.5 35.7
0 2574.637 10 3.5 35.7
0 2574.732 11 3.5 35.7
0 2574.817 12 3.5 35.7
0 2574.939 8 3.5 35.7
0 2575.178 4 3.5 35.7
0 2575.191 81 3.5 35.7
0 2575.391 5 3.5 35.7
0 2575.403 83 3.5 35.7
0 2575.605 5 3.5 35.7
0 2575.618 76 3.5 35.7
0 2575.807 5 3.5 35.7
0 2575.818 91 3.5 35.7
0 2575.928 9 3.5 35.7
0 2576.047 8 3.5 35.7
0 2576.215 6 3.5 35.7
0 2576.226 86 3.5 35.7
0 2576.351 8 3.5 35.7
0 2576.512 6 3.5 35.7
0 2576.553 24 3.5 35.7
0 2576.654 10 3.5 35.7
0 2576.817 6 3.5 35.7
0 2576.828 87 3.5 35.7
0 2576.954 8 3.5 35.7
0 2577.122 6 3.5 35.7
0 2577.133 92 3.5 35.7
0 2577.255 8 3.5 35.7
0 2577.352 10 3.5 35.7
0 2577.461 9 3.5 35.7
0 2577.564 10 3.5 35.7
0 2577.661 10 3.5 35.7
0 2577.757 10 3.5 35.7
0 2577.865 9 3.5 35.7
0 2578.084 5 3.5 35.7
0 2578.096 80 3.5 35.7
0 2578.196 10 3.5 35.7
0 2578.439 4 3.5 35.7
0 2578.45 86 3.5 35.7
0 2578.622 6 3.5 35.7
0 2578.68 17 3.5 35.7
0 2578.768 11 3.5 35.7
0 2578.871 10 3.5 35.7
0 2578.977 9 3.5 35.7
0 2579.077 10 3.5 35.7
0 2579.181 10 3.5 35.7
0 2579.338 6 3.5 35.7
0 2579.404 15 3.5 35.7
0 2579.456 19 3.5 35.7
0 2579.547 11 3.5 35.7
0 2579.661 9 3.5 35.7
0 2579.753 11 3.5 35.7
0 2579.856 10 3.5 35.7
0 2579.956 10 3.5 35.7
0 2580.205 4 3.5 35.7
0 2580.21 182 3.5 35.7
0 2580.396 5 3.5 35.7
0 2580.408 81 3.5 35.7
0 2580.522 9 3.5 35.7
0 2580.752 4 4.2 35.7
0 2580.822 14 4.2 35.7
0 2580.867 23 4.2 35.7
0 2580.972 10 4.2 35.7
0 2581.071 10 4.2 35.7
0 2581.224 7 4.2 35.7
0 2581.259 28 4.2 35.7
0 2581.373 9 4.2 35.7
0 2581.47 10 4.2 35.7
0 2581.573 10 4.2 35.7
0 2581.668 10 4.2 35.7
0 2581.829 6 4.2 35.7
0 2581.871 24 4.2 35.7
0 2581.97 10 4.2 35.7
0 2582.153 5 4.2 35.7
0 2582.158 195 4.2 35.7
0 2582.26 10 4.2 35.7
0 2582.38 8 4.2 35.7
0 2582.471 11 4.2 35.7
0 2582.573 10 4.2 35.7
0 2582.673 10 4.2 35.7
0 2582.814 7 4.2 35.7
0 2582.881 15 4.2 35.7
0 2583.104 4 4.2 35.7
0 2583.108 236 4.2 35.7
0 2583.219 9 4.2 35.7
0 2583.32 10 4.2 35.7
0 2583.576 4 4.2 35.7
0 2583.579 266 4.2 35.7
0 2583.691 9 4.2 35.7
0 2583.794 10 4.2 35.7
0 2583.89 10 4.2 35.7
0 2583.995 10 4.2 35.7
0 2584.102 9 4.2 35.7
0 2584.195 11 4.2 35.7
0 2584.369 6 4.2 35.7
0 2584.444 13 4.2 35.7
0 2584.494 20 4.2 35.7
0 2584.604 9 4.2 35.7
0 2584.694 11 4.2 35.7
0 2584.852 6 4.2 35.7
0 2584.893 24 4.2 35.7
0 2584.995 10 4.2 35.7
0 2585.244 4 4.2 35.7
0 2585.248 238 4.2 35.7
0 2585.434 5 4.2 35.7
0 2585.448 73 4.2 35.7
0 2585.56 9 4.2 35.7
0 2585.76 5 4.2 35.7
0 2585.833 14 4.2 35.7
0 2585.87 27 4.2 35.7
0 2585.978 9 4.2 35.7
0 2586.079 10 4.2 35.7
0 2586.248 6 4.2 35.7
0 2586.267 54 4.2 35.7
0 2586.378 9 4.2 35.7
0 2586.476 10 4.2 35.7
0 2586.581 10 4.2 35.7
0 2586.679 10 4.2 35.7
0 2586.842 6 4.2 35.7
0 2586.873 33 4.2 35.7
0 2586.979 9 4.2 35.7
0 2587.154 6 4.2 35.7
0 2587.166 87 4.2 35.7
0 2587.279 9 4.2 35.7
0 2587.383 10 4.2 35.7
0 2587.48 10 4.2 35.7
0 2587.575 11 4.2 35.7
0 2587.681 9 4.2 35.7
0 2587.767 12 4.2 35.7
0 2587.887 8 4.2 35.7
0 2588.01 8 4.2 35.7
0 2588.136 8 4.2 35.7
0 2588.174 27 4.2 35.7
0 2588.278 10 4.2 35.7
0 2588.383 10 4.2 35.7
0 2588.573 5 4.2 35.7
0 2588.577 253 4.2 35.7
0 2588.691 9 4.2 35.7
0 2588.79 10 4.2 35.7
0 2588.96 6 4.2 35.7
0 2588.988 36 4.2 35.7
0 2589.1 9 4.2 35.7
0 2589.194 11 4.2 35.7
0 2589.292 10 4.2 35.7
0 2589.427 7 4.2 35.7
0 2589.522 11 4.2 35.7
0 2589.593 14 4.2 35.7
0 2589.702 9 4.2 35.7
0 2589.794 11 4.2 35.7
0 2589.897 10 4.2 35.7
0 2589.994 10 4.2 35.7
0 2590.095 10 4.2 35.7
0 2590.246 7 4.2 35.7
0 2590.291 22 4.2 35.7
0 2590.423 8 4.2 35.7
0 2590.493 14 4.2 35.7
0 2590.592 10 4.2 35.7
0 2590.732 7 4.2 35.7
0 2590.815 12 3.4 35.7
0 2590.896 12 3.4 35.7
0 2591.102 5 3.4 35.7
0 2591.119 58 3.4 35.7
0 2591.257 7 3.4 35.7
0 2591.323 15 3.4 35.7
0 2591.422 10 3.4 35.7
0 2591.523 10 3.4 35.7
0 2591.623 10 3.4 35.7
0 2591.725 10 3.4 35.7
0 2591.857 8 3.4 35.7
0 2591.923 15 3.4 35.7
0 2592.024 10 3.4 35.7
0 2592.168 7 3.4 35.7
0 2592.224 18 3.4 35.7
0 2592.322 10 3.4 35.7
0 2592.465 7 3.4 35.7
0 2592.526 16 3.4 35.7
0 2592.627 10 3.4 35.7
0 2592.73 10 3.4 35.7
0 2592.827 10 3.4 35.7
0 2592.927 10 3.4 35.7
0 2593.23 3 3.4 35.7
0 2593.237 161 3.4 35.7
0 2593.353 9 3.4 35.7
0 2593.452 10 3.4 35.7
0 2593.645 5 3.4 35.7
0 2593.649 223 3.4 35.7
0 2593.767 8 3.4 35.7
0 2593.868 10 3.4 35.7
0 2593.966 10 3.4 35.7
0 2594.067 10 3.4 35.7
0 2594.178 9 3.4 35.7
0 2594.268 11 3.4 35.7
0 2594.369 10 3.4 35.7
0 2594.497 8 3.4 35.7
0 2594.654 6 3.4 35.7
0 2594.674 50 3.4 35.7
0 2594.77 11 3.4 35.7
0 2594.876 9 3.4 35.7
0 2594.974 10 3.4 35.7
0 2595.189 5 3.4 35.7
0 2595.253 16 3.4 35.7
0 2595.313 17 3.4 35.7
0 2595.415 10 3.4 35.7
0 2595.51 11 3.4 35.7
0 2595.611 10 3.4 35.7
0 2595.752 7 3.4 35.7
0 2595.821 14 3.4 35.7
0 2595.895 13 3.4 35.7
0 2596.01 9 3.4 35.7
0 2596.111 10 3.4 35.7
0 2596.218 9 3.4 35.7
0 2596.315 10 3.4 35.7
0 2596.413 10 3.4 35.7
0 2596.506 11 3.4 35.7
0 2596.672 6 3.4 35.7
0 2596.712 25 3.4 35.7
0 2596.818 9 3.4 35.7
0 2596.945 8 3.4 35.7
0 2597.013 15 3.4 35.7
0 2597.221 5 3.4 35.7
0 2597.268 21 3.4 35.7
0 2597.349 12 3.4 35.7
0 2597.443 11 3.4 35.7
0 2597.545 10 3.4 35.7
0 2597.644 10 3.4 35.7
0 2597.744 10 3.4 35.7
0 2597.852 9 3.4 35.7
0 2597.945 11 3.4 35.7
0 2598.046 10 3.4 35.7
0 2598.144 10 3.4 35.7
0 2598.316 6 3.4 35.7
0 2598.328 83 3.4 35.7
0 2598.443 9 3.4 35.7
0 2598.543 10 3.4 35.7
0 2598.8 4 3.4 35.7
0 2598.806 192 3.4 35.7
0 2598.923 9 3.4 35.7
0 2599.032 9 3.4 35.7
0 2599.233 5 3.4 35.7
0 2599.256 43 3.4 35.7
0 2599.355 10 3.4 35.7
0 2599.456 10 3.4 35.7
0 2599.601 7 3.4 35.7
0 2599.677 13 3.4 35.7
0 2599.76 12 3.4 35.7
0 2599.859 10 3.4 35.7
0 2599.956 10 3.4 35.7
0 2600.063 9 3.4 35.7
0 2600.161 10 3.4 35.7
0 2600.305 7 3.4 35.7
0 2600.358 19 3.4 35.7
0 2600.489 8 3.4 35.7
0 2600.564 13 3.4 35.7
0 2600.662 10 3.4 35.7
0 2600.905 4 3.3 35.7
0 2600.933 36 3.3 35.7
0 2601.029 10 3.3 35.7
0 2601.244 5 3.3 35.7
0 2601.265 47 3.3 35.7
0 2601.37 10 3.3 35.7
0 2601.472 10 3.3 35.7
0 2601.568 10 3.3 35.7
0 2601.676 9 3.3 35.7
0 2601.761 12 3.3 35.7
0 2601.873 9 3.3 35.7
0 2602.003 8 3.3 35.7
0 2602.069 15 3.3 35.7
0 2602.177 9 3.3 35.7
0 2602.288 9 3.3 35.7
0 2602.353 16 3.3 35.7
0 2602.475 8 3.3 35.7
0 2602.572 10 3.3 35.7
0 2602.678 9 3.3 35.7
0 2602.878 5 3.3 35.7
0 2602.892 71 3.3 35.7
0 2603.003 9 3.3 35.7
0 2603.117 9 3.3 35.7
0 2603.363 4 3.3 35.7
0 2603.37 153 3.3 35.7
0 2603.488 8 3.3 35.7
0 2603.591 10 3.3 35.7
0 2603.722 8 3.3 35.7
0 2603.778 18 3.3 35.7
0 2603.889 9 3.3 35.7
0 2603.991 10 3.3 35.7
0 2604.093 10 3.3 35.7
0 2604.192 10 3.3 35.7
0 2604.28 11 3.3 35.7
0 2604.389 9 3.3 35.7
0 2604.491 10 3.3 35.7
0 2604.59 10 3.3 35.7
0 2604.695 10 3.3 35.7
0 2604.892 5 3.3 35.7
0 2604.899 159 3.3 35.7
0 2605.016 9 3.3 35.7
0 2605.099 12 3.3 35.7
0 2605.334 4 3.3 35.7
0 2605.354 50 3.3 35.7
0 2605.465 9 3.3 35.7
0 2605.555 11 3.3 35.7
0 2605.657 10 3.3 35.7
0 2605.76 10 3.3 35.7
0 2605.858 10 3.3 35.7
0 2605.959 10 3.3 35.7
0 2606.064 10 3.3 35.7
0 2606.156 11 3.3 35.7
0 2606.26 10 3.3 35.7
0 2606.347 11 3.3 35.7
0 2606.459 9 3.3 35.7
0 2606.563 10 3.3 35.7
0 2606.659 10 3.3 35.7
0 2606.758 10 3.3 35.7
0 2606.928 6 3.3 35.7
0 2606.953 40 3.3 35.7
0 2607.066 9 3.3 35.7
0 2607.16 11 3.3 35.7
0 2607.259 10 3.3 35.7
0 2607.361 10 3.3 35.7
0 2607.462 10 3.3 35.7
0 2607.559 10 3.3 35.7
0 2607.666 9 3.3 35.7
0 2607.784 8 3.3 35.7
0 2607.86 13 3.3 35.7
0 2607.958 10 3.3 35.7
0 2608.045 11 3.3 35.7
0 2608.19 7 3.3 35.7
0 2608.259 14 3.3 35.7
0 2608.361 10 3.3 35.7
0 2608.458 10 3.3 35.7
0 2608.563 10 3.3 35.7
0 2608.66 10 3.3 35.7
0 2608.764 10 3.3 35.7
0 2608.97 5 3.3 35.7
0 2608.985 67 3.3 35.7
0 2609.096 9 3.3 35.7
0 2609.193 10 3.3 35.7
0 2609.294 10 3.3 35.7
0 2609.392 10 3.3 35.7
0 2609.492 10 3.3 35.7
0 2609.596 10 3.3 35.7
0 2609.693 10 3.3 35.7
0 2609.778 12 3.3 35.7
0 2609.901 8 3.3 35.7
0 2609.991 11 3.3 35.7
0 2610.092 10 3.3 35.7
0 2610.194 10 3.3 35.7
0 2610.279 12 3.3 35.7
0 2610.4 8 3.3 35.7
0 2610.492 11 3.3 35.7
0 2610.591 10 3.3 35.7
0 2610.697 9 3.3 35.7
0 2610.798 10 3.3 35.7
0 2610.999 5 3.0 35.7
0 2611.012 76 3.0 35.7
0 2611.12 9 3.0 35.7
0 2611.225 9 3.0 35.7
0 2611.323 10 3.0 35.7
0 2611.42 10 3.0 35.7
0 2611.529 9 3.0 35.7
0 2611.621 11 3.0 35.7
0 2611.726 10 3.0 35.7
0 2611.825 10 3.0 35.7
0 2611.923 10 3.0 35.7
0 2612.021 10 3.0 35.7
0 2612.129 9 3.0 35.7
0 2612.226 10 3.0 35.7
0 2612.327 10 3.0 35.7
0 2612.423 10 3.0 35.7
0 2612.521 10 3.0 35.7
0 2612.622 10 3.0 35.7
0 2612.733 9 3.0 35.7
0 2612.827 11 3.0 35.7
0 2613.033 5 3.0 35.7
0 2613.043 102 3.0 35.7
0 2613.153 9 3.0 35.7
0 2613.281 8 3.0 35.7
0 2613.36 13 3.0 35.7
0 2613.456 10 3.0 35.7
0 2613.555 10 3.0 35.7
0 2613.655 10 3.0 35.7
0 2613.756 10 3.0 35.7
0 2613.871 9 3.0 35.7
0 2613.955 12 3.0 35.7
0 2614.041 12 3.0 35.7
0 2614.156 9 3.0 35.7
0 2614.257 10 3.0 35.7
0 2614.372 9 3.0 35.7
0 2614.457 12 3.0 35.7
0 2614.544 11 3.0 35.7
0 2614.657 9 3.0 35.7
0 2614.759 10 3.0 35.7
0 2614.872 9 3.0 35.7
0 2615.027 6 3.0 35.7
0 2615.051 41 3.0 35.7
0 2615.154 10 3.0 35.7
0 2615.253 10 3.0 35.7
0 2615.36 9 3.0 35.7
0 2615.463 10 3.0 35.7
0 2615.542 13 3.0 35.7
0 2615.653 9 3.0 35.7
0 2615.756 10 3.0 35.7
0 2615.895 7 3.0 35.7
0 2615.965 14 3.0 35.7
0 2616.053 11 3.0 35.7
0 2616.154 10 3.0 35.7
0 2616.257 10 3.0 35.7
0 2616.36 10 3.0 35.7
0 2616.469 9 3.0 35.7
0 2616.583 9 3.0 35.7
0 2616.655 14 3.0 35.7
0 2616.759 10 3.0 35.7
0 2616.86 10 3.0 35.7
0 2616.969 9 3.0 35.7
0 2617.058 11 3.0 35.7
0 2617.158 10 3.0 35.7
0 2617.259 10 3.0 35.7
0 2617.36 10 3.0 35.7
0 2617.458 10 3.0 35.7
0 2617.571 9 3.0 35.7
0 2617.658 11 3.0 35.7
0 2617.759 10 3.0 35.7
0 2617.861 10 3.0 35.7
0 2618.02 6 3.0 35.7
0 2618.048 36 3.0 35.7
0 2618.171 8 3.0 35.7
0 2618.283 9 3.0 35.7
0 2618.361 13 3.0 35.7
0 2618.489 8 3.0 35.7
0 2618.559 14 3.0 35.7
0 2618.672 9 3.0 35.7
0 2618.762 11 3.0 35.7
0 2618.863 10 3.0 35.7
0 2618.962 10 3.0 35.7
0 2619.061 10 3.0 35.7
0 2619.162 10 3.0 35.7
0 2619.272 9 3.0 35.7
0 2619.362 11 3.0 35.7
0 2619.464 10 3.0 35.7
0 2619.561 10 3.0 35.7
0 2619.656 11 3.0 35.7
0 2619.767 9 3.0 35.7
0 2619.871 10 3.0 35.7
0 2620.024 7 3.0 35.7
0 2620.054 33 3.0 35.7
0 2620.166 9 3.0 35.7
0 2620.264 10 3.0 35.7
0 2620.377 9 3.0 35.7
0 2620.465 11 3.0 35.7
0 2620.62 6 3.0 35.7
0 2620.664 23 3.0 35.7
0 2620.765 10 3.0 35.7
0 2620.864 10 3.0 35.7
0 2620.979 9 3.0 35.7
0 2621.064 12 3.3 35.7
0 2621.165 10 3.3 35.7
0 2621.266 10 3.3 35.7
0 2621.366 10 3.3 35.7
0 2621.479 9 3.3 35.7
0 2621.595 9 3.3 35.7
0 2621.665 14 3.3 35.7
0 2621.766 10 3.3 35.7
0 2621.867 10 3.3 35.7
0 2622.041 6 3.3 35.7
0 2622.057 62 3.3 35.7
0 2622.166 9 3.3 35.7
0 2622.261 10 3.3 35.7
0 2622.366 10 3.3 35.7
0 2622.466 10 3.3 35.7
0 2622.64 6 3.3 35.7
0 2622.658 57 3.3 35.7
0 2622.765 9 3.3 35.7
0 2622.868 10 3.3 35.7
0 2622.969 10 3.3 35.7
0 2623.056 12 3.3 35.7
0 2623.176 8 3.3 35.7
0 2623.282 9 3.3 35.7
0 2623.367 12 3.3 35.7
0 2623.47 10 3.3 35.7
0 2623.566 10 3.3 35.7
0 2623.677 9 3.3 35.7
0 2623.767 11 3.3 35.7
0 2623.868 10 3.3 35.7
0 2624.033 6 3.3 35.7
0 2624.06 37 3.3 35.7
0 2624.154 11 3.3 35.7
0 2624.27 9 3.3 35.7
0 2624.369 10 3.3 35.7
0 2624.471 10 3.3 35.7
0 2624.63 6 3.3 35.7
0 2624.668 27 3.3 35.7
0 2624.771 10 3.3 35.7
0 2624.869 10 3.3 35.7
0 2624.971 10 3.3 35.7
0 2625.069 10 3.3 35.7
0 2625.167 10 3.3 35.7
0 2625.256 11 3.3 35.7
0 2625.382 8 3.3 35.7
0 2625.471 11 3.3 35.7
0 2625.56 11 3.3 35.7
0 2625.673 9 3.3 35.7
0 2625.772 10 3.3 35.7
0 2625.882 9 3.3 35.7
0 2626.023 7 3.3 35.7
0 2626.07 22 3.3 35.7
0 2626.171 10 3.3 35.7
0 2626.268 10 3.3 35.7
0 2626.384 9 3.3 35.7
0 2626.472 11 3.3 35.7
0 2626.664 5 3.3 35.7
0 2626.678 72 3.3 35.7
0 2626.773 11 3.3 35.7
0 2626.9 8 3.3 35.7
0 2626.99 11 3.3 35.7
0 2627.088 10 3.3 35.7
0 2627.188 10 3.3 35.7
0 2627.275 11 3.3 35.7
0 2627.391 9 3.3 35.7
0 2627.498 9 3.3 35.7
0 2627.589 11 3.3 35.7
0 2627.686 10 3.3 35.7
0 2627.777 11 3.3 35.7
0 2627.886 9 3.3 35.7
0 2628.057 6 3.3 35.7
0 2628.083 38 3.3 35.7
0 2628.193 9 3.3 35.7
0 2628.295 10 3.3 35.7
0 2628.375 12 3.3 35.7
0 2628.489 9 3.3 35.7
0 2628.6 9 3.3 35.7
0 2628.749 7 3.3 35.7
0 2628.774 40 3.3 35.7
0 2628.879 10 3.3 35.7
0 2628.978 10 3.3 35.7
0 2629.09 9 3.3 35.7
0 2629.2 9 3.3 35.7
0 2629.28 13 3.3 35.7
0 2629.393 9 3.3 35.7
0 2629.492 10 3.3 35.7
0 2629.594 10 3.3 35.7
0 2629.704 9 3.3 35.7
0 2629.775 14 3.3 35.7
0 2629.896 8 3.3 35.7
0 2630.118 5 3.3 35.7
0 2630.141 44 3.3 35.7
0 2630.257 9 3.3 35.7
0 2630.345 11 3.3 35.7
0 2630.447 10 3.3 35.7
0 2630.567 8 3.3 35.7
0 2630.63 16 3.3 35.7
0 2630.863 4 3.3 35.7
0 2630.878 69 3.3 35.7
0 2630.994 9 3.3 35.7
0 2631.091 10 3.7 35.7
0 2631.192 10 3.7 35.7
0 2631.277 12 3.7 35.7
0 2631.4 8 3.7 35.7
0 2631.475 13 3.7 35.7
0 2631.626 7 3.7 35.7
0 2631.691 15 3.7 35.7
0 2631.783 11 3.7 35.7
0 2631.901 8 3.7 35.7
0 2631.992 11 3.7 35.7
0 2632.218 4 3.7 35.7
0 2632.238 51 3.7 35.7
0 2632.349 9 3.7 35.7
0 2632.452 10 3.7 35.7
0 2632.547 11 3.7 35.7
0 2632.71 6 3.7 35.7
0 2632.741 32 3.7 35.7
0 2632.959 5 3.7 35.7
0 2632.975 60 3.7 35.7
0 2633.068 11 3.7 35.7
0 2633.186 8 3.7 35.7
0 2633.275 11 3.7 35.7
0 2633.409 7 3.7 35.7
0 2633.494 12 3.7 35.7
0 2633.585 11 3.7 35.7
0 2633.685 10 3.7 35.7
0 2633.774 11 3.7 35.7
0 2633.884 9 3.7 35.7
0 2633.994 9 3.7 35.7
0 2634.084 11 3.7 35.7
0 2634.302 5 3.7 35.7
0 2634.32 55 3.7 35.7
0 2634.433 9 3.7 35.7
0 2634.526 11 3.7 35.7
0 2634.614 11 3.7 35.7
0 2634.776 6 3.7 35.7
0 2634.814 26 3.7 35.7
0 2635.037 4 3.7 35.7
0 2635.055 57 3.7 35.7
0 2635.162 9 3.7 35.7
0 2635.263 10 3.7 35.7
0 2635.362 10 3.7 35.7
0 2635.465 10 3.7 35.7
0 2635.578 9 3.7 35.7
0 2635.668 11 3.7 35.7
0 2635.766 10 3.7 35.7
0 2635.864 10 3.7 35.7
0 2635.964 10 3.7 35.7
0 2636.066 10 3.7 35.7
0 2636.174 9 3.7 35.7
0 2636.387 5 3.7 35.7
0 2636.419 31 3.7 35.7
0 2636.514 10 3.7 35.7
0 2636.643 8 3.7 35.7
0 2636.723 13 3.7 35.7
0 2636.851 8 3.7 35.7
0 2636.916 15 3.7 35.7
0 2637.121 5 3.7 35.7
0 2637.142 48 3.7 35.7
0 2637.259 9 3.7 35.7
0 2637.337 13 3.7 35.7
0 2637.449 9 3.7 35.7
0 2637.529 12 3.7 35.7
0 2637.652 8 3.7 35.7
0 2637.76 9 3.7 35.7
0 2637.85 11 3.7 35.7
0 2637.949 10 3.7 35.7
0 2638.03 12 3.7 35.7
0 2638.153 8 3.7 35.7
0 2638.261 9 3.7 35.7
0 2638.58 3 3.7 35.7
0 2638.627 21 3.7 35.7
0 2638.714 11 3.7 35.7
0 2638.82 9 3.7 35.7
0 2638.971 7 3.7 35.7
0 2639.006 29 3.7 35.7
0 2639.219 5 3.7 35.7
0 2639.239 49 3.7 35.7
0 2639.361 8 3.7 35.7
0 2639.45 11 3.7 35.7
0 2639.538 11 3.7 35.7
0 2639.653 9 3.7 35.7
0 2639.752 10 3.7 35.7
0 2639.829 13 3.7 35.7
0 2639.938 9 3.7 35.7
0 2640.04 10 3.7 35.7
0 2640.152 9 3.7 35.7
0 2640.252 10 3.7 35.7
0 2640.33 13 3.7 35.7
0 2640.693 3 3.7 35.7
0 2640.72 37 3.7 35.7
0 2640.827 9 3.7 35.7
0 2640.989 6 3.7 35.7
0 2641.017 35 3.7 35.7
0 2641.239 5 4.1 35.7
0 2641.256 59 4.1 35.7
0 2641.351 10 4.1 35.7
0 2641.461 9 4.1 35.7
0 2641.574 9 4.1 35.7
0 2641.71 7 4.1 35.7
0 2641.773 16 4.1 35.7
0 2641.87 10 4.1 35.7
0 2641.965 11 4.1 35.7
0 2642.077 9 4.1 35.7
0 2642.172 10 4.1 35.7
0 2642.277 10 4.1 35.7
0 2642.372 10 4.1 35.7
0 2642.705 3 4.1 35.7
0 2642.736 33 4.1 35.7
0 2642.844 9 4.1 35.7
0 2642.999 6 4.1 35.7
0 2643.029 34 4.1 35.7
0 2643.265 4 4.1 35.7
0 2643.285 51 4.1 35.7
0 2643.402 9 4.1 35.7
0 2643.517 9 4.1 35.7
0 2643.616 10 4.1 35.7
0 2643.737 8 4.1 35.7
0 2643.793 18 4.1 35.7
0 2643.911 8 4.1 35.7
0 2643.995 12 4.1 35.7
0 2644.122 8 4.1 35.7
0 2644.216 11 4.1 35.7
0 2644.294 13 4.1 35.7
0 2644.401 9 4.1 35.7
0 2644.756 3 4.1 35.7
0 2644.794 27 4.1 35.7
0 2644.903 9 4.1 35.7
0 2645.047 7 4.1 35.7
0 2645.101 18 4.1 35.7
0 2645.214 9 4.1 35.7
0 2645.285 14 4.1 35.7
0 2645.392 9 4.1 35.7
0 2645.5 9 4.1 35.7
0 2645.618 8 4.1 35.7
0 2645.711 11 4.1 35.7
0 2645.816 9 4.1 35.7
0 2645.896 12 4.1 35.7
0 2645.986 11 4.1 35.7
0 2646.112 8 4.1 35.7
0 2646.208 10 4.1 35.7
0 2646.28 14 4.1 35.7
0 2646.413 7 4.1 35.7
0 2646.504 11 4.1 35.7
0 2646.777 4 4.1 35.7
0 2646.824 21 4.1 35.7
0 2646.932 9 4.1 35.7
0 2647.091 6 4.1 35.7
0 2647.127 28 4.1 35.7
0 2647.246 8 4.1 35.7
0 2647.346 10 4.1 35.7
0 2647.411 15 4.1 35.7
0 2647.541 8 4.1 35.7
0 2647.707 6 4.1 35.7
0 2647.734 37 4.1 35.7
0 2647.904 6 4.1 35.7
0 2647.936 31 4.1 35.7
0 2648.038 10 4.1 35.7
0 2648.169 8 4.1 35.7
0 2648.242 14 4.1 35.7
0 2648.378 7 4.1 35.7
0 2648.455 13 4.1 35.7
0 2648.554 10 4.1 35.7
0 2648.977 2 4.1 35.7
0 2649.093 9 4.1 35.7
0 2649.128 28 4.1 35.7
0 2649.247 8 4.1 35.7
0 2649.342 10 4.1 35.7
0 2649.414 14 4.1 35.7
0 2649.535 8 4.1 35.7
0 2649.636 10 4.1 35.7
0 2649.785 7 4.1 35.7
0 2649.833 21 4.1 35.7
0 2650.0 6 4.1 35.7
0 2650.018 56 4.1 35.7
0 2650.163 7 4.1 35.7
0 2650.244 12 4.1 35.7
0 2650.343 10 4.1 35.7
0 2650.437 11 4.1 35.7
0 2650.547 9 4.1 35.7
0 2650.645 10 4.1 35.7
0 2651.08 2 4.1 35.7
0 2651.221 7 4.1 35.7
0 2651.259 26 4.4 35.7
0 2651.358 10 4.4 35.7
0 2651.466 9 4.4 35.7
0 2651.574 9 4.4 35.7
0 2651.691 9 4.4 35.7
0 2651.84 7 4.4 35.7
0 2651.93 11 4.4 35.7
0 2651.968 26 4.4 35.7
0 2652.1 8 4.4 35.7
0 2652.198 10 4.4 35.7
0 2652.284 12 4.4 35.7
0 2652.385 10 4.4 35.7
0 2652.469 12 4.4 35.7
0 2652.583 9 4.4 35.7
0 2652.687 10 4.4 35.7
0 2652.849 6 4.4 35.7
0 2652.866 58 4.4 35.7
0 2653.09 4 4.4 35.7
0 2653.18 11 4.4 35.7
0 2653.273 11 4.4 35.7
0 2653.33 17 4.4 35.7
0 2653.451 8 4.4 35.7
0 2653.547 10 4.4 35.7
0 2653.641 11 4.4 35.7
0 2653.75 9 4.4 35.7
0 2653.896 7 4.4 35.7
0 2653.914 55 4.4 35.7
0 2654.166 4 4.4 35.7
0 2654.205 26 4.4 35.7
0 2654.293 11 4.4 35.7
0 2654.424 8 4.4 35.7
0 2654.484 17 4.4 35.7
0 2654.6 9 4.4 35.7
0 2654.732 8 4.4 35.7
0 2654.926 5 4.4 35.7
0 2654.957 32 4.4 35.7
0 2655.192 4 4.4 35.7
0 2655.364 6 4.4 35.7
0 2655.4 28 4.4 35.7
0 2655.51 9 4.4 35.7
0 2655.613 10 4.4 35.7
0 2655.721 9 4.4 35.7
0 2655.794 14 4.4 35.7
0 2655.982 5 4.4 35.7
0 2656.006 42 4.4 35.7
0 2656.256 4 4.4 35.7
0 2656.327 14 4.4 35.7
0 2656.386 17 4.4 35.7
0 2656.482 11 4.4 35.7
0 2656.582 10 4.4 35.7
0 2656.693 9 4.4 35.7
0 2656.782 11 4.4 35.7
0 2657.049 4 4.4 35.7
0 2657.058 113 4.4 35.7
0 2657.287 4 4.4 35.7
0 2657.435 7 4.4 35.7
0 2657.445 105 4.4 35.7
0 2657.576 8 4.4 35.7
0 2657.671 10 4.4 35.7
0 2657.772 10 4.4 35.7
0 2657.873 10 4.4 35.7
0 2658.062 5 4.4 35.7
0 2658.091 34 4.4 35.7
0 2658.29 5 4.4 35.7
0 2658.311 46 4.4 35.7
0 2658.465 7 4.4 35.7
0 2658.521 18 4.4 35.7
0 2658.632 9 4.4 35.7
0 2658.728 10 4.4 35.7
0 2658.825 10 4.4 35.7
0 2658.968 7 4.4 35.7
0 2659.021 19 4.4 35.7
0 2659.136 9 4.4 35.7
0 2659.332 5 4.4 35.7
0 2659.46 8 4.4 35.7
0 2659.489 34 4.4 35.7
0 2659.595 9 4.4 35.7
0 2659.704 9 4.4 35.7
0 2659.783 13 4.4 35.7
0 2659.923 7 4.4 35.7
0 2660.085 6 4.4 35.7
0 2660.115 33 4.4 35.7
0 2660.277 6 4.4 35.7
0 2660.314 28 4.4 35.7
0 2660.397 12 4.4 35.7
0 2660.521 8 4.4 35.7
0 2660.625 10 4.4 35.7
0 2660.726 10 4.4 35.7
0 2660.831 10 4.4 35.7
0 2660.965 7 4.4 35.7
0 2661.128 6 4.4 35.7
0 2661.152 42 4.4 35.7
0 2661.386 4 4.4 35.7
0 2661.616 4 4.4 35.7
0 2661.647 32 4.4 35.7
0 2661.751 10 4.4 35.7
0 2661.851 10 4.4 35.7
0 2661.949 10 4.4 35.7
0 2662.242 3 4.4 35.7
0 2662.311 15 4.4 35.7
0 2662.378 15 4.4 35.7
0 2662.466 11 4.4 35.7
0 2662.576 9 4.4 35.7
0 2662.712 7 4.4 35.7
0 2662.774 16 4.4 35.7
0 2662.887 9 4.4 35.7
0 2663.041 6 4.4 35.7
0 2663.118 13 4.4 35.7
0 2663.189 14 4.4 35.7
0 2663.278 11 4.4 35.7
0 2663.378 10 4.4 35.7
0 2663.698 3 4.4 35.7
0 2663.729 33 4.4 35.7
0 2663.826 10 4.4 35.7
0 2663.917 11 4.4 35.7
0 2664.029 9 4.4 35.7
0 2664.24 5 4.4 35.7
0 2664.376 7 4.4 35.7
0 2664.388 83 4.4 35.7
0 2664.507 8 4.4 35.7
0 2664.601 11 4.4 35.7
0 2664.703 10 4.4 35.7
0 2664.858 6 4.4 35.7
0 2664.904 22 4.4 35.7
0 2665.068 6 4.4 35.7
0 2665.1 31 4.4 35.7
0 2665.207 9 4.4 35.7
0 2665.293 12 4.4 35.7
0 2665.403 9 4.4 35.7
0 2665.579 6 4.4 35.7
0 2665.702 8 4.4 35.7
0 2665.729 37 4.4 35.7
0 2665.835 9 4.4 35.7
0 2665.918 12 4.4 35.7
0 2666.012 11 4.4 35.7
0 2666.305 3 4.4 35.7
0 2666.458 7 4.4 35.7
0 2666.584 8 4.4 35.7
0 2666.6 60 4.4 35.7
0 2666.723 8 4.4 35.7
0 2666.886 6 4.4 35.7
0 2666.916 33 4.4 35.7
0 2667.109 5 4.4 35.7
0 2667.261 7 4.4 35.7
0 2667.278 58 4.4 35.7
0 2667.404 8 4.4 35.7
0 2667.478 14 4.4 35.7
0 2667.834 3 4.4 35.7
0 2667.886 19 4.4 35.7
0 2667.98 11 4.4 35.7
0 2668.082 10 4.4 35.7
0 2668.178 10 4.4 35.7
0 2668.351 6 4.4 35.7
0 2668.398 21 4.4 35.7
0 2668.477 13 4.4 35.7
0 2668.646 6 4.4 35.7
0 2668.669 45 4.4 35.7
0 2668.794 8 4.4 35.7
0 2668.955 6 4.4 35.7
0 2668.973 56 4.4 35.7
0 2669.168 5 4.4 35.7
0 2669.202 29 4.4 35.7
0 2669.307 10 4.4 35.7
0 2669.419 9 4.4 35.7
0 2669.518 10 4.4 35.7
0 2669.828 3 4.4 35.7
0 2669.869 25 4.4 35.7
0 2669.968 10 4.4 35.7
0 2670.07 10 4.4 35.7
0 2670.169 10 4.4 35.7
0 2670.449 4 4.4 35.7
0 2670.49 24 4.4 35.7
0 2670.59 10 4.4 35.7
0 2670.671 12 4.4 35.7
0 2670.796 8 4.4 35.7
0 2670.9 10 4.4 35.7
0 2671.003 10 4.4 35.7
0 2671.103 10 4.4 35.7
0 2671.272 6 4.4 35.7
0 2671.302 33 4.4 35.7
0 2671.42 8 4.7 36.0
0 2671.622 5 4.7 36.0
0 2671.877 4 4.7 36.0
0 2671.929 19 4.7 36.0
0 2672.006 13 4.7 36.0
0 2672.139 8 4.7 36.0
0 2672.549 2 4.7 36.0
0 2672.574 39 4.7 36.0
0 2672.731 6 4.7 36.0
0 2672.798 15 4.7 36.0
0 2672.993 5 4.7 36.0
0 2673.11 9 4.7 36.0
0 2673.135 40 4.7 36.0
0 2673.355 5 4.7 36.0
0 2673.4 22 4.7 36.0
0 2673.512 9 4.7 36.0
0 2673.684 6 4.7 36.0
0 2673.93 4 4.7 36.0
0 2673.971 24 4.7 36.0
0 2674.099 8 4.7 36.0
0 2674.17 14 4.7 36.0
0 2674.297 8 4.7 36.0
0 2674.401 10 4.7 36.0
0 2674.58 6 4.7 36.0
0 2674.631 20 4.7 36.0
0 2674.752 8 4.7 36.0
0 2674.809 18 4.7 36.0
0 2674.956 7 4.7 36.0
0 2675.021 15 4.7 36.0
0 2675.204 5 4.7 36.0
0 2675.267 16 4.7 36.0
0 2675.437 6 4.7 36.0
0 2675.496 17 4.7 36.0
0 2675.585 11 4.7 36.0
0 2675.679 11 4.7 36.0
0 2675.897 5 4.7 36.0
0 2675.929 32 4.7 36.0
0 2676.041 9 4.7 36.0
0 2676.146 9 4.7 36.0
0 2676.246 10 4.7 36.0
0 2676.344 10 4.7 36.0
0 2676.45 9 4.7 36.0
0 2676.827 3 4.7 36.0
0 2676.843 63 4.7 36.0
0 2676.975 8 4.7 36.0
0 2677.074 10 4.7 36.0
0 2677.286 5 4.7 36.0
0 2677.301 68 4.7 36.0
0 2677.47 6 4.7 36.0
0 2677.62 7 4.7 36.0
0 2677.635 68 4.7 36.0
0 2677.772 7 4.7 36.0
0 2678.049 4 4.7 36.0
0 2678.065 63 4.7 36.0
0 2678.2 7 4.7 36.0
0 2678.291 11 4.7 36.0
0 2678.388 10 4.7 36.0
0 2678.484 10 4.7 36.0
0 2678.599 9 4.7 36.0
0 2678.849 4 4.7 36.0
0 2678.896 21 4.7 36.0
0 2678.977 12 4.7 36.0
0 2679.106 8 4.7 36.0
0 2679.259 7 4.7 36.0
0 2679.293 30 4.7 36.0
0 2679.518 4 4.7 36.0
0 2679.538 52 4.7 36.0
0 2679.653 9 4.7 36.0
0 2679.747 11 4.7 36.0
0 2679.846 10 4.7 36.0
0 2680.033 5 4.7 36.0
0 2680.039 170 4.7 36.0
0 2680.174 7 4.7 36.0
0 2680.26 12 4.7 36.0
0 2680.36 10 4.7 36.0
0 2680.457 10 4.7 36.0
0 2680.563 9 4.7 36.0
0 2680.669 9 4.7 36.0
0 2680.872 5 4.7 36.0
0 2680.895 43 4.7 36.0
0 2681.043 7 4.7 36.0
0 2681.101 17 4.7 36.0
0 2681.264 6 4.7 36.0
0 2681.287 43 4.7 36.0
0 2681.395 9 4.7 36.0
0 2681.551 6 4.6 36.0
0 2681.73 6 4.6 36.0
0 2681.736 150 4.6 36.0
0 2681.935 5 4.6 36.0
0 2682.045 9 4.6 36.0
0 2682.06 68 4.6 36.0
0 2682.168 9 4.6 36.0
0 2682.335 6 4.6 36.0
0 2682.359 41 4.6 36.0
0 2682.472 9 4.6 36.0
0 2682.648 6 4.6 36.0
0 2682.654 161 4.6 36.0
0 2682.881 4 4.6 36.0
0 2682.907 38 4.6 36.0
0 2683.067 6 4.6 36.0
0 2683.154 12 4.6 36.0
0 2683.269 9 4.6 36.0
0 2683.305 28 4.6 36.0
0 2683.413 9 4.6 36.0
0 2683.556 7 4.6 36.0
0 2683.605 20 4.6 36.0
0 2683.762 6 4.6 36.0
0 2683.791 34 4.6 36.0
0 2683.914 8 4.6 36.0
0 2684.007 11 4.6 36.0
0 2684.109 10 4.6 36.0
0 2684.205 10 4.6 36.0
0 2684.297 11 4.6 36.0
0 2684.469 6 4.6 36.0
0 2684.496 38 4.6 36.0
0 2684.605 9 4.6 36.0
0 2684.711 9 4.6 36.0
0 2684.906 5 4.6 36.0
0 2684.93 42 4.6 36.0
0 2685.038 9 4.6 36.0
0 2685.192 7 4.6 36.0
0 2685.292 10 4.6 36.0
0 2685.328 27 4.6 36.0
0 2685.433 10 4.6 36.0
0 2685.604 6 4.6 36.0
0 2685.626 46 4.6 36.0
0 2685.733 9 4.6 36.0
0 2685.837 10 4.6 36.0
0 2685.933 10 4.6 36.0
0 2686.028 11 4.6 36.0
0 2686.197 6 4.6 36.0
0 2686.221 42 4.6 36.0
0 2686.338 9 4.6 36.0
0 2686.435 10 4.6 36.0
0 2686.536 10 4.6 36.0
0 2686.755 5 4.6 36.0
0 2686.761 168 4.6 36.0
0 2687.064 3 4.6 36.0
0 2687.072 130 4.6 36.0
0 2687.251 6 4.6 36.0
0 2687.455 5 4.6 36.0
0 2687.461 173 4.6 36.0
0 2687.722 4 4.6 36.0
0 2687.729 135 4.6 36.0
0 2687.849 8 4.6 36.0
0 2687.946 10 4.6 36.0
0 2688.128 5 4.6 36.0
0 2688.134 169 4.6 36.0
0 2688.256 8 4.6 36.0
0 2688.353 10 4.6 36.0
0 2688.451 10 4.6 36.0
0 2688.559 9 4.6 36.0
0 2688.657 10 4.6 36.0
0 2688.812 6 4.6 36.0
0 2688.851 25 4.6 36.0
0 2689.057 5 4.6 36.0
0 2689.082 39 4.6 36.0
0 2689.183 10 4.6 36.0
0 2689.344 6 4.6 36.0
0 2689.644 3 4.6 36.0
0 2689.665 48 4.6 36.0
0 2689.772 9 4.6 36.0
0 2689.871 10 4.6 36.0
0 2689.969 10 4.6 36.0
0 2690.072 10 4.6 36.0
0 2690.175 10 4.6 36.0
0 2690.272 10 4.6 36.0
0 2690.448 6 4.6 36.0
0 2690.454 165 4.6 36.0
0 2690.56 9 4.6 36.0
0 2690.68 8 4.6 36.0
0 2690.769 11 4.6 36.0
0 2690.875 9 4.6 36.0
0 2690.974 10 4.6 36.0
0 2691.075 10 4.6 36.0
0 2691.239 6 4.6 36.0
0 2691.255 64 4.6 36.0
0 2691.442 5 4.6 36.0
0 2691.578 7 3.9 36.0
0 2691.703 8 3.9 36.0
0 2691.861 6 3.9 36.0
0 2691.867 173 3.9 36.0
0 2691.989 8 3.9 36.0
0 2692.172 5 3.9 36.0
0 2692.178 167 3.9 36.0
0 2692.29 9 3.9 36.0
0 2692.455 6 3.9 36.0
0 2692.491 28 3.9 36.0
0 2692.598 9 3.9 36.0
0 2692.778 6 3.9 36.0
0 2692.784 162 3.9 36.0
0 2692.905 8 3.9 36.0
0 2693.011 9 3.9 36.0
0 2693.169 6 3.9 36.0
0 2693.189 51 3.9 36.0
0 2693.292 10 3.9 36.0
0 2693.456 6 3.9 36.0
0 2693.58 8 3.9 36.0
0 2693.711 8 3.9 36.0
0 2693.733 46 3.9 36.0
0 2693.912 6 3.9 36.0
0 2693.919 155 3.9 36.0
0 2694.041 8 3.9 36.0
0 2694.153 9 3.9 36.0
0 2694.241 11 3.9 36.0
0 2694.337 10 3.9 36.0
0 2694.442 10 3.9 36.0
0 2694.612 6 3.9 36.0
0 2694.619 144 3.9 36.0
0 2694.753 7 3.9 36.0
0 2694.837 12 3.9 36.0
0 2694.942 10 3.9 36.0
0 2695.04 10 3.9 36.0
0 2695.142 10 3.9 36.0
0 2695.252 9 3.9 36.0
0 2695.338 12 3.9 36.0
0 2695.628 3 3.9 36.0
0 2695.832 5 3.9 36.0
0 2695.849 58 3.9 36.0
0 2695.959 9 3.9 36.0
0 2696.059 10 3.9 36.0
0 2696.158 10 3.9 36.0
0 2696.335 6 3.9 36.0
0 2696.34 181 3.9 36.0
0 2696.463 8 3.9 36.0
0 2696.561 10 3.9 36.0
0 2696.663 10 3.9 36.0
0 2696.898 4 3.9 36.0
0 2696.905 147 3.9 36.0
0 2697.026 8 3.9 36.0
0 2697.204 6 3.9 36.0
0 2697.21 160 3.9 36.0
0 2697.311 10 3.9 36.0
0 2697.59 4 3.9 36.0
0 2697.617 37 3.9 36.0
0 2697.992 3 3.9 36.0
0 2698.0 119 3.9 36.0
0 2698.186 5 3.9 36.0
0 2698.199 74 3.9 36.0
0 2698.308 9 3.9 36.0
0 2698.419 9 3.9 36.0
0 2698.527 9 3.9 36.0
0 2698.621 11 3.9 36.0
0 2698.722 10 3.9 36.0
0 2698.8 13 3.9 36.0
0 2698.991 5 3.9 36.0
0 2698.999 128 3.9 36.0
0 2699.131 8 3.9 36.0
0 2699.224 11 3.9 36.0
0 2699.316 11 3.9 36.0
0 2699.4 12 3.9 36.0
0 2699.626 4 3.9 36.0
0 2699.729 10 3.9 36.0
0 2699.741 82 3.9 36.0
0 2699.955 5 3.9 36.0
0 2699.973 56 3.9 36.0
0 2700.078 9 3.9 36.0
0 2700.182 10 3.9 36.0
0 2700.289 9 3.9 36.0
0 2700.377 11 3.9 36.0
0 2700.478 10 3.9 36.0
0 2700.66 5 3.9 36.0
0 2700.666 163 3.9 36.0
0 2700.791 8 3.9 36.0
0 2700.883 11 3.9 36.0
0 2700.983 10 3.9 36.0
0 2701.085 10 3.9 36.0
0 2701.186 10 3.9 36.0
0 2701.357 6 3.9 36.0
0 2701.366 119 3.9 36.0
0 2701.469 10 3.9 36.0
0 2701.692 4 3.8 36.1
0 2701.715 43 3.8 36.1
0 2702.068 3 3.8 36.1
0 2702.08 83 3.8 36.1
0 2702.266 5 3.8 36.1
0 2702.274 120 3.8 36.1
0 2702.39 9 3.8 36.1
0 2702.568 6 3.8 36.1
0 2702.573 208 3.8 36.1
0 2702.691 8 3.8 36.1
0 2702.792 10 3.8 36.1
0 2702.889 10 3.8 36.1
0 2703.071 6 3.8 36.1
0 2703.078 129 3.8 36.1
0 2703.271 5 3.8 36.1
0 2703.342 14 3.8 36.1
0 2703.389 21 3.8 36.1
0 2703.494 10 3.8 36.1
0 2703.716 4 3.8 36.1
0 2703.733 61 3.8 36.1
0 2703.841 9 3.8 36.1
0 2704.131 3 3.8 36.1
0 2704.152 48 3.8 36.1
0 2704.249 10 3.8 36.1
0 2704.354 10 3.8 36.1
0 2704.456 10 3.8 36.1
0 2704.555 10 3.8 36.1
0 2704.661 9 3.8 36.1
0 2704.816 6 3.8 36.1
0 2704.848 31 3.8 36.1
0 2704.954 9 3.8 36.1
0 2705.054 10 3.8 36.1
0 2705.163 9 3.8 36.1
0 2705.256 11 3.8 36.1
0 2705.359 10 3.8 36.1
0 2705.454 11 3.8 36.1
0 2705.558 10 3.8 36.1
0 2705.797 4 3.8 36.1
0 2705.803 187 3.8 36.1
0 2705.923 8 3.8 36.1
0 2706.017 11 3.8 36.1
0 2706.23 5 3.8 36.1
0 2706.25 50 3.8 36.1
0 2706.425 6 3.8 36.1
0 2706.435 96 3.8 36.1
0 2706.549 9 3.8 36.1
0 2706.651 10 3.8 36.1
0 2706.83 6 3.8 36.1
0 2706.96 8 3.8 36.1
0 2706.965 221 3.8 36.1
0 2707.08 9 3.8 36.1
0 2707.181 10 3.8 36.1
0 2707.352 6 3.8 36.1
0 2707.366 69 3.8 36.1
0 2707.485 8 3.8 36.1
0 2707.655 6 3.8 36.1
0 2707.672 59 3.8 36.1
0 2707.782 9 3.8 36.1
0 2707.879 10 3.8 36.1
0 2707.977 10 3.8 36.1
0 2708.163 5 3.8 36.1
0 2708.167 262 3.8 36.1
0 2708.352 5 3.8 36.1
0 2708.433 12 3.8 36.1
0 2708.478 22 3.8 36.1
0 2708.583 9 3.8 36.1
0 2708.68 10 3.8 36.1
0 2708.786 9 3.8 36.1
0 2708.878 11 3.8 36.1
0 2709.058 6 3.8 36.1
0 2709.068 105 3.8 36.1
0 2709.185 9 3.8 36.1
0 2709.286 10 3.8 36.1
0 2709.379 11 3.8 36.1
0 2709.481 10 3.8 36.1
0 2709.582 10 3.8 36.1
0 2709.686 10 3.8 36.1
0 2709.846 6 3.8 36.1
0 2709.874 36 3.8 36.1
0 2709.981 9 3.8 36.1
0 2710.083 10 3.8 36.1
0 2710.188 10 3.8 36.1
0 2710.283 11 3.8 36.1
0 2710.385 10 3.8 36.1
0 2710.482 10 3.8 36.1
0 2710.58 10 3.8 36.1
0 2710.69 9 3.8 36.1
0 2710.85 6 3.8 36.1
0 2710.874 41 3.8 36.1
0 2710.986 9 3.8 36.1
0 2711.081 10 3.8 36.1
0 2711.191 9 3.8 36.1
0 2711.283 11 3.8 36.1
0 2711.51 4 3.8 36.1
0 2711.515 199 3.8 36.1
0 2711.619 10 3.8 36.1
0 2711.734 9 3.5 36.1
0 2711.827 11 3.5 36.1
0 2712.064 4 3.5 36.1
0 2712.068 230 3.5 36.1
0 2712.179 9 3.5 36.1
0 2712.36 6 3.5 36.1
0 2712.369 113 3.5 36.1
0 2712.473 10 3.5 36.1
0 2712.661 5 3.5 36.1
0 2712.668 137 3.5 36.1
0 2712.78 9 3.5 36.1
0 2712.891 9 3.5 36.1
0 2712.974 12 3.5 36.1
0 2713.166 5 3.5 36.1
0 2713.17 232 3.5 36.1
0 2713.281 9 3.5 36.1
0 2713.51 4 3.5 36.1
0 2713.513 296 3.5 36.1
0 2713.627 9 3.5 36.1
0 2713.728 10 3.5 36.1
0 2713.826 10 3.5 36.1
0 2713.924 10 3.5 36.1
0 2714.107 5 3.5 36.1
0 2714.114 145 3.5 36.1
0 2714.231 9 3.5 36.1
0 2714.325 11 3.5 36.1
0 2714.425 10 3.5 36.1
0 2714.528 10 3.5 36.1
0 2714.633 9 3.5 36.1
0 2714.733 10 3.5 36.1
0 2714.905 6 3.5 36.1
0 2714.915 105 3.5 36.1
0 2715.029 9 3.5 36.1
0 2715.135 9 3.5 36.1
0 2715.227 11 3.5 36.1
0 2715.332 10 3.5 36.1
0 2715.418 12 3.5 36.1
0 2715.53 9 3.5 36.1
0 2715.633 10 3.5 36.1
0 2715.73 10 3.5 36.1
0 2715.879 7 3.5 36.1
0 2715.93 19 3.5 36.1
0 2716.029 10 3.5 36.1
0 2716.135 9 3.5 36.1
0 2716.231 10 3.5 36.1
0 2716.327 10 3.5 36.1
0 2716.584 4 3.5 36.1
0 2716.588 245 3.5 36.1
0 2716.705 8 3.5 36.1
0 2716.796 11 3.5 36.1
0 2716.899 10 3.5 36.1
0 2717.128 4 3.5 36.1
0 2717.132 251 3.5 36.1
0 2717.262 8 3.5 36.1
0 2717.416 7 3.5 36.1
0 2717.447 32 3.5 36.1
0 2717.569 8 3.5 36.1
0 2717.747 6 3.5 36.1
0 2717.759 84 3.5 36.1
0 2717.889 8 3.5 36.1
0 2717.985 10 3.5 36.1
0 2718.166 6 3.5 36.1
0 2718.178 81 3.5 36.1
0 2718.299 8 3.5 36.1
0 2718.522 4 3.5 36.1
0 2718.533 85 3.5 36.1
0 2718.664 8 3.5 36.1
0 2718.763 10 3.5 36.1
0 2718.862 10 3.5 36.1
0 2718.949 11 3.5 36.1
0 2719.125 6 3.5 36.1
0 2719.138 79 3.5 36.1
0 2719.268 8 3.5 36.1
0 2719.363 10 3.5 36.1
0 2719.445 12 3.5 36.1
0 2719.568 8 3.5 36.1
0 2719.661 11 3.5 36.1
0 2719.757 10 3.5 36.1
0 2719.93 6 3.5 36.1
0 2719.942 78 3.5 36.1
0 2720.068 8 3.5 36.1
0 2720.173 10 3.5 36.1
0 2720.27 10 3.5 36.1
0 2720.37 10 3.5 36.1
0 2720.477 9 3.5 36.1
0 2720.558 12 3.5 36.1
0 2720.676 9 3.5 36.1
0 2720.771 11 3.5 36.1
0 2720.939 6 3.5 36.1
0 2720.952 76 3.5 36.1
0 2721.079 8 3.5 36.1
0 2721.182 10 3.5 36.1
0 2721.28 10 3.5 36.1
0 2721.377 10 3.5 36.1
0 2721.459 12 3.5 36.1
0 2721.656 5 3.5 36.1
0 2721.669 75 3.5 36.1
0 2721.8 8 3.9 36.1
0 2721.892 11 3.9 36.1
0 2721.992 10 3.9 36.1
0 2722.218 4 3.9 36.1
0 2722.231 80 3.9 36.1
0 2722.427 5 3.9 36.1
0 2722.438 86 3.9 36.1
0 2722.562 8 3.9 36.1
0 2722.668 9 3.9 36.1
0 2722.845 6 3.9 36.1
0 2722.859 71 3.9 36.1
0 2722.984 8 3.9 36.1
0 2723.086 10 3.9 36.1
0 2723.219 8 3.9 36.1
0 2723.284 15 3.9 36.1
0 2723.387 10 3.9 36.1
0 2723.609 5 3.9 36.1
0 2723.621 81 3.9 36.1
0 2723.749 8 3.9 36.1
0 2723.839 11 3.9 36.1
0 2723.932 11 3.9 36.1
0 2724.05 8 3.9 36.1
0 2724.227 6 3.9 36.1
0 2724.239 83 3.9 36.1
0 2724.356 9 3.9 36.1
0 2724.477 8 3.9 36.1
0 2724.566 11 3.9 36.1
0 2724.668 10 3.9 36.1
0 2724.77 10 3.9 36.1
0 2724.928 6 3.9 36.1
0 2724.94 86 3.9 36.1
0 2725.073 7 3.9 36.1
0 2725.17 10 3.9 36.1
0 2725.268 10 3.9 36.1
0 2725.359 11 3.9 36.1
0 2725.469 9 3.9 36.1
0 2725.559 11 3.9 36.1
0 2725.677 8 3.9 36.1
0 2725.769 11 3.9 36.1
0 2725.933 6 3.9 36.1
0 2725.945 84 3.9 36.1
0 2726.074 8 3.9 36.1
0 2726.173 10 3.9 36.1
0 2726.275 10 3.9 36.1
0 2726.369 11 3.9 36.1
0 2726.471 10 3.9 36.1
0 2726.572 10 3.9 36.1
0 2726.755 5 3.9 36.1
0 2726.767 86 3.9 36.1
0 2726.878 9 3.9 36.1
0 2726.99 9 3.9 36.1
0 2727.097 9 3.9 36.1
0 2727.333 4 3.9 36.1
0 2727.353 50 3.9 36.1
0 2727.553 5 3.9 36.1
0 2727.575 47 3.9 36.1
0 2727.712 7 3.9 36.1
0 2727.869 6 3.9 36.1
0 2727.889 49 3.9 36.1
0 2728.018 8 3.9 36.1
0 2728.133 9 3.9 36.1
0 2728.232 10 3.9 36.1
0 2728.319 12 3.9 36.1
0 2728.453 7 3.9 36.1
0 2728.63 6 3.9 36.1
0 2728.652 46 3.9 36.1
0 2728.799 7 3.9 36.1
0 2728.882 12 3.9 36.1
0 2729.0 8 3.9 36.1
0 2729.074 13 3.9 36.1
0 2729.245 6 3.9 36.1
0 2729.268 43 3.9 36.1
0 2729.383 9 3.9 36.1
0 2729.504 8 3.9 36.1
0 2729.605 10 3.9 36.1
0 2729.711 9 3.9 36.1
0 2729.805 11 3.9 36.1
0 2729.957 7 3.9 36.1
0 2729.982 40 3.9 36.1
0 2730.116 7 3.9 36.1
0 2730.226 9 3.9 36.1
0 2730.31 12 3.9 36.1
0 2730.414 10 3.9 36.1
0 2730.587 6 3.9 36.1
0 2730.648 16 3.9 36.1
0 2730.755 9 3.9 36.1
0 2730.823 15 3.9 36.1
0 2730.996 6 3.9 36.1
0 2731.019 45 3.9 36.1
0 2731.142 8 3.9 36.1
0 2731.24 10 3.9 36.1
0 2731.328 11 3.9 36.1
0 2731.548 5 3.9 36.1
0 2731.562 73 3.9 36.1
0 2731.773 5 3.9 36.1
0 2731.786 78 3.9 36.1
0 2731.899 9 4.8 36.1
0 2732.003 10 4.8 36.1
0 2732.111 9 4.8 36.1
0 2732.343 4 4.8 36.1
0 2732.36 60 4.8 36.1
0 2732.485 8 4.8 36.1
0 2732.727 4 4.8 36.1
0 2732.741 74 4.8 36.1
0 2732.944 5 4.8 36.1
0 2732.958 72 4.8 36.1
0 2733.091 8 4.8 36.1
0 2733.166 13 4.8 36.1
0 2733.287 8 4.8 36.1
0 2733.383 10 4.8 36.1
0 2733.551 6 4.8 36.1
0 2733.717 6 4.8 36.1
0 2733.729 79 4.8 36.1
0 2733.859 8 4.8 36.1
0 2733.946 11 4.8 36.1
0 2734.059 9 4.8 36.1
0 2734.157 10 4.8 36.1
0 2734.332 6 4.8 36.1
0 2734.344 78 4.8 36.1
0 2734.476 8 4.8 36.1
0 2734.573 10 4.8 36.1
0 2734.731 6 4.8 36.1
0 2734.769 26 4.8 36.1
0 2734.874 10 4.8 36.1
0 2735.025 7 4.8 36.1
0 2735.045 50 4.8 36.1
0 2735.181 7 4.8 36.1
0 2735.275 11 4.8 36.1
0 2735.371 10 4.8 36.1
0 2735.473 10 4.8 36.1
0 2735.623 7 4.8 36.1
0 2735.671 21 4.8 36.1
0 2735.783 9 4.8 36.1
0 2735.872 11 4.8 36.1
0 2736.052 6 4.8 36.1
0 2736.065 78 4.8 36.1
0 2736.185 8 4.8 36.1
0 2736.302 9 4.8 36.1
0 2736.392 11 4.8 36.1
0 2736.575 5 4.8 36.1
0 2736.597 46 4.8 36.1
0 2736.866 4 4.8 36.1
0 2736.889 42 4.8 36.1
0 2737.022 8 4.8 36.1
0 2737.128 9 4.8 36.1
0 2737.232 10 4.8 36.1
0 2737.437 5 4.8 36.1
0 2737.459 45 4.8 36.1
0 2737.731 4 4.8 36.1
0 2737.753 46 4.8 36.1
0 2737.953 5 4.8 36.1
0 2737.976 43 4.8 36.1
0 2738.12 7 4.8 36.1
0 2738.234 9 4.8 36.1
0 2738.27 28 4.8 36.1
0 2738.395 8 4.8 36.1
0 2738.5 10 4.8 36.1
0 2738.653 7 4.8 36.1
0 2738.666 73 4.8 36.1
0 2738.828 6 4.8 36.1
0 2738.891 16 4.8 36.1
0 2738.995 10 4.8 36.1
0 2739.099 10 4.8 36.1
0 2739.186 11 4.8 36.1
0 2739.362 6 4.8 36.1
0 2739.374 81 4.8 36.1
0 2739.514 7 4.8 36.1
0 2739.598 12 4.8 36.1
0 2739.759 6 4.8 36.1
0 2739.785 38 4.8 36.1
0 2739.897 9 4.8 36.1
0 2740.083 5 4.8 36.1
0 2740.096 73 4.8 36.1
0 2740.231 7 4.8 36.1
0 2740.316 12 4.8 36.1
0 2740.429 9 4.8 36.1
0 2740.52 11 4.8 36.1
0 2740.631 9 4.8 36.1
0 2740.708 13 4.8 36.1
0 2740.891 5 4.8 36.1
0 2740.915 40 4.8 36.1
0 2741.108 5 4.8 36.1
0 2741.122 70 4.8 36.1
0 2741.253 8 4.8 36.1
0 2741.33 13 4.8 36.1
0 2741.451 8 4.8 36.1
0 2741.633 6 4.8 36.1
0 2741.648 66 4.8 36.1
0 2741.878 4 4.8 36.1
0 2741.892 73 4.8 36.1
0 2742.024 8 4.5 36.2
0 2742.121 10 4.5 36.2
0 2742.232 9 4.5 36.2
0 2742.374 7 4.5 36.2
0 2742.463 11 4.5 36.2
0 2742.508 23 4.5 36.2
0 2742.625 9 4.5 36.2
0 2742.819 5 4.5 36.2
0 2742.906 11 4.5 36.2
0 2743.008 10 4.5 36.2
0 2743.05 24 4.5 36.2
0 2743.164 9 4.5 36.2
0 2743.325 6 4.5 36.2
0 2743.336 86 4.5 36.2
0 2743.469 8 4.5 36.2
0 2743.561 11 4.5 36.2
0 2743.727 6 4.5 36.2
0 2743.739 79 4.5 36.2
0 2743.905 6 4.5 36.2
0 2743.958 19 4.5 36.2
0 2744.061 10 4.5 36.2
0 2744.162 10 4.5 36.2
0 2744.272 9 4.5 36.2
0 2744.433 6 4.5 36.2
0 2744.447 75 4.5 36.2
0 2744.577 8 4.5 36.2
0 2744.677 10 4.5 36.2
0 2744.777 10 4.5 36.2
0 2744.939 6 4.5 36.2
0 2744.978 26 4.5 36.2
0 2745.15 6 4.5 36.2
0 2745.171 48 4.5 36.2
0 2745.308 7 4.5 36.2
0 2745.4 11 4.5 36.2
0 2745.51 9 4.5 36.2
0 2745.6 11 4.5 36.2
0 2745.707 9 4.5 36.2
0 2745.807 10 4.5 36.2
0 2745.967 6 4.5 36.2
0 2745.993 39 4.5 36.2
0 2746.193 5 4.5 36.2
0 2746.215 46 4.5 36.2
0 2746.337 8 4.5 36.2
0 2746.447 9 4.5 36.2
0 2746.553 9 4.5 36.2
0 2746.646 11 4.5 36.2
0 2746.753 9 4.5 36.2
0 2746.901 7 4.5 36.2
0 2746.993 11 4.5 36.2
0 2747.058 15 4.5 36.2
0 2747.168 9 4.5 36.2
0 2747.272 10 4.5 36.2
0 2747.387 9 4.5 36.2
0 2747.5 9 4.5 36.2
0 2747.523 44 4.5 36.2
0 2747.676 7 4.5 36.2
0 2747.827 7 4.5 36.2
0 2747.849 46 4.5 36.2
0 2748.131 4 4.5 36.2
0 2748.178 22 4.5 36.2
0 2748.345 6 4.5 36.2
0 2748.368 43 4.5 36.2
0 2748.552 5 4.5 36.2
0 2748.567 69 4.5 36.2
0 2748.753 5 4.5 36.2
0 2748.766 77 4.5 36.2
0 2748.901 7 4.5 36.2
0 2749.06 6 4.5 36.2
0 2749.089 35 4.5 36.2
0 2749.209 8 4.5 36.2
0 2749.307 10 4.5 36.2
0 2749.458 7 4.5 36.2
0 2749.474 62 4.5 36.2
0 2749.606 8 4.5 36.2
0 2749.71 10 4.5 36.2
0 2749.81 10 4.5 36.2
0 2749.898 11 4.5 36.2
0 2750.001 10 4.5 36.2
0 2750.296 3 4.5 36.2
0 2750.318 46 4.5 36.2
0 2750.435 9 4.5 36.2
0 2750.523 11 4.5 36.2
0 2750.622 10 4.5 36.2
0 2750.747 8 4.5 36.2
0 2750.818 14 4.5 36.2
0 2750.943 8 4.5 36.2
0 2751.109 6 4.5 36.2
0 2751.21 10 4.5 36.2
0 2751.224 73 4.5 36.2
0 2751.33 9 4.5 36.2
0 2751.456 8 4.5 36.2
0 2751.558 10 4.5 36.2
0 2751.66 10 4.5 36.2
0 2751.761 10 4.5 36.2
0 2751.917 6 4.5 36.2
0 2751.932 65 4.5 36.2
0 2752.053 8 5.0 36.3
0 2752.167 9 5.0 36.3
0 2752.376 5 5.0 36.3
0 2752.534 6 5.0 36.3
0 2752.55 64 5.0 36.3
0 2752.666 9 5.0 36.3
0 2752.868 5 5.0 36.3
0 2752.882 69 5.0 36.3
0 2753.16 4 5.0 36.3
0 2753.182 46 5.0 36.3
0 2753.427 4 5.0 36.3
0 2753.432 177 5.0 36.3
0 2753.606 6 5.0 36.3
0 2753.634 36 5.0 36.3
0 2753.828 5 5.0 36.3
0 2753.842 74 5.0 36.3
0 2753.97 8 5.0 36.3
0 2754.075 10 5.0 36.3
0 2754.177 10 5.0 36.3
0 2754.376 5 5.0 36.3
0 2754.478 10 5.0 36.3
0 2754.491 75 5.0 36.3
0 2754.624 8 5.0 36.3
0 2754.728 10 5.0 36.3
0 2754.815 11 5.0 36.3
0 2754.931 9 5.0 36.3
0 2755.025 11 5.0 36.3
0 2755.313 3 5.0 36.3
0 2755.333 50 5.0 36.3
0 2755.454 8 5.0 36.3
0 2755.56 9 5.0 36.3
0 2755.662 10 5.0 36.3
0 2755.762 10 5.0 36.3
0 2755.821 17 5.0 36.3
0 2755.938 9 5.0 36.3
0 2756.037 10 5.0 36.3
0 2756.227 5 5.0 36.3
0 2756.232 185 5.0 36.3
0 2756.459 4 5.0 36.3
0 2756.478 52 5.0 36.3
0 2756.583 10 5.0 36.3
0 2756.686 10 5.0 36.3
0 2756.787 10 5.0 36.3
0 2756.96 6 5.0 36.3
0 2756.965 188 5.0 36.3
0 2757.083 8 5.0 36.3
0 2757.186 10 5.0 36.3
0 2757.384 5 5.0 36.3
0 2757.53 7 5.0 36.3
0 2757.535 206 5.0 36.3
0 2757.655 8 5.0 36.3
0 2757.758 10 5.0 36.3
0 2757.928 6 5.0 36.3
0 2757.935 142 5.0 36.3
0 2758.125 5 5.0 36.3
0 2758.135 94 5.0 36.3
0 2758.257 8 5.0 36.3
0 2758.625 3 5.0 36.3
0 2758.697 14 5.0 36.3
0 2758.747 20 5.0 36.3
0 2758.913 6 5.0 36.3
0 2758.939 39 5.0 36.3
0 2759.05 9 5.0 36.3
0 2759.155 9 5.0 36.3
0 2759.25 11 5.0 36.3
0 2759.459 5 5.0 36.3
0 2759.554 11 5.0 36.3
0 2759.564 99 5.0 36.3
0 2759.688 8 5.0 36.3
0 2759.786 10 5.0 36.3
0 2759.883 10 5.0 36.3
0 2759.99 9 5.0 36.3
0 2760.082 11 5.0 36.3
0 2760.257 6 5.0 36.3
0 2760.265 121 5.0 36.3
0 2760.385 8 5.0 36.3
0 2760.607 5 5.0 36.3
0 2760.626 52 5.0 36.3
0 2760.73 10 5.0 36.3
0 2760.817 12 5.0 36.3
0 2760.932 9 5.0 36.3
0 2761.032 10 5.0 36.3
0 2761.133 10 5.0 36.3
0 2761.324 5 5.0 36.3
0 2761.33 160 5.0 36.3
0 2761.563 4 5.0 36.3
0 2761.584 48 5.0 36.3
0 2761.689 10 5.0 36.3
0 2761.788 10 5.0 36.3
0 2761.966 6 5.0 36.3
0 2761.971 194 5.0 36.3
0 2762.094 8 4.2 36.3
0 2762.191 10 4.2 36.3
0 2762.291 10 4.2 36.3
0 2762.391 10 4.2 36.3
0 2762.694 3 4.2 36.3
0 2762.714 49 4.2 36.3
0 2762.811 10 4.2 36.3
0 2763.004 5 4.2 36.3
0 2763.009 197 4.2 36.3
0 2763.203 5 4.2 36.3
0 2763.21 132 4.2 36.3
0 2763.315 10 4.2 36.3
0 2763.678 3 4.2 36.3
0 2763.75 14 4.2 36.3
0 2763.807 18 4.2 36.3
0 2763.971 6 4.2 36.3
0 2763.983 84 4.2 36.3
0 2764.104 8 4.2 36.3
0 2764.193 11 4.2 36.3
0 2764.311 8 4.2 36.3
0 2764.4 11 4.2 36.3
0 2764.565 6 4.2 36.3
0 2764.591 39 4.2 36.3
0 2764.813 4 4.2 36.3
0 2764.819 155 4.2 36.3
0 2764.932 9 4.2 36.3
0 2765.031 10 4.2 36.3
0 2765.131 10 4.2 36.3
0 2765.309 6 4.2 36.3
0 2765.321 80 4.2 36.3
0 2765.432 9 4.2 36.3
0 2765.628 5 4.2 36.3
0 2765.645 59 4.2 36.3
0 2765.801 6 4.2 36.3
0 2765.857 18 4.2 36.3
0 2765.95 11 4.2 36.3
0 2766.049 10 4.2 36.3
0 2766.15 10 4.2 36.3
0 2766.333 5 4.2 36.3
0 2766.338 188 4.2 36.3
0 2766.461 8 4.2 36.3
0 2766.551 11 4.2 36.3
0 2766.654 10 4.2 36.3
0 2766.754 10 4.2 36.3
0 2767.005 4 4.2 36.3
0 2767.011 157 4.2 36.3
0 2767.126 9 4.2 36.3
0 2767.215 11 4.2 36.3
0 2767.315 10 4.2 36.3
0 2767.428 9 4.2 36.3
0 2767.867 2 4.2 36.3
0 2767.882 69 4.2 36.3
0 2768.073 5 4.2 36.3
0 2768.077 265 4.2 36.3
0 2768.247 6 4.2 36.3
0 2768.287 25 4.2 36.3
0 2768.396 9 4.2 36.3
0 2768.566 6 4.2 36.3
0 2768.577 91 4.2 36.3
0 2768.843 4 4.2 36.3
0 2768.847 215 4.2 36.3
0 2769.095 4 4.2 36.3
0 2769.099 256 4.2 36.3
0 2769.212 9 4.2 36.3
0 2769.31 10 4.2 36.3
0 2769.414 10 4.2 36.3
0 2769.597 5 4.2 36.3
0 2769.602 229 4.2 36.3
0 2769.716 9 4.2 36.3
0 2769.867 7 4.2 36.3
0 2769.916 20 4.2 36.3
0 2770.014 10 4.2 36.3
0 2770.124 9 4.2 36.3
0 2770.216 11 4.2 36.3
0 2770.386 6 4.2 36.3
0 2770.402 64 4.2 36.3
0 2770.515 9 4.2 36.3
0 2770.625 9 4.2 36.3
0 2770.717 11 4.2 36.3
0 2770.812 10 4.2 36.3
0 2770.915 10 4.2 36.3
0 2771.016 10 4.2 36.3
0 2771.126 9 4.2 36.3
0 2771.217 11 4.2 36.3
0 2771.386 6 4.2 36.3
0 2771.405 52 4.2 36.3
0 2771.519 9 4.2 36.3
0 2771.621 10 4.2 36.3
0 2771.723 10 4.2 36.3
0 2771.874 7 4.2 36.3
0 2771.917 24 4.2 36.3
0 2772.105 5 3.6 36.3
0 2772.11 207 3.6 36.3
0 2772.232 8 3.6 36.3
0 2772.315 12 3.6 36.3
0 2772.424 9 3.6 36.3
0 2772.598 6 3.6 36.3
0 2772.614 60 3.6 36.3
0 2772.799 5 3.6 36.3
0 2772.81 91 3.6 36.3
0 2772.925 9 3.6 36.3
0 2773.106 6 3.6 36.3
0 2773.112 185 3.6 36.3
0 2773.323 5 3.6 36.3
0 2773.327 243 3.6 36.3
0 2773.44 9 3.6 36.3
0 2773.625 5 3.6 36.3
0 2773.629 251 3.6 36.3
0 2774.007 3 3.6 36.3
0 2774.167 6 3.6 36.3
0 2774.172 191 3.6 36.3
0 2774.288 9 3.6 36.3
0 2774.388 10 3.6 36.3
0 2774.488 10 3.6 36.3
0 2774.67 5 3.6 36.3
0 2774.674 207 3.6 36.3
0 2774.791 9 3.6 36.3
0 2774.888 10 3.6 36.3
0 2774.99 10 3.6 36.3
0 2775.088 10 3.6 36.3
0 2775.195 9 3.6 36.3
0 2775.293 10 3.6 36.3
0 2775.462 6 3.6 36.3
0 2775.475 80 3.6 36.3
0 2775.591 9 3.6 36.3
0 2775.696 10 3.6 36.3
0 2775.793 10 3.6 36.3
0 2775.964 6 3.6 36.3
0 2776.012 21 3.6 36.3
0 2776.116 10 3.6 36.3
0 2776.22 10 3.6 36.3
0 2776.313 11 3.6 36.3
0 2776.49 6 3.6 36.3
0 2776.502 83 3.6 36.3
0 2776.635 8 3.6 36.3
0 2776.737 10 3.6 36.3
0 2776.827 11 3.6 36.3
0 2776.925 10 3.6 36.3
0 2777.098 6 3.6 36.3
0 2777.111 79 3.6 36.3
0 2777.246 7 3.6 36.3
0 2777.322 13 3.6 36.3
0 2777.429 9 3.6 36.3
0 2777.543 9 3.6 36.3
0 2777.705 6 3.6 36.3
0 2777.718 79 3.6 36.3
0 2777.889 6 3.6 36.3
0 2778.029 7 3.6 36.3
0 2778.134 10 3.6 36.3
0 2778.146 79 3.6 36.3
0 2778.343 5 3.6 36.3
0 2778.356 75 3.6 36.3
0 2778.49 7 3.6 36.3
0 2778.638 7 3.6 36.3
0 2778.663 40 3.6 36.3
0 2778.944 4 3.6 36.3
0 2778.958 69 3.6 36.3
0 2779.152 5 3.6 36.3
0 2779.164 80 3.6 36.3
0 2779.293 8 3.6 36.3
0 2779.374 12 3.6 36.3
0 2779.499 8 3.6 36.3
0 2779.595 10 3.6 36.3
0 2779.763 6 3.6 36.3
0 2779.776 77 3.6 36.3
0 2779.895 8 3.6 36.3
0 2780.123 4 3.6 36.3
0 2780.163 25 3.6 36.3
0 2780.26 10 3.6 36.3
0 2780.37 9 3.6 36.3
0 2780.535 6 3.6 36.3
0 2780.549 76 3.6 36.3
0 2780.679 8 3.6 36.3
0 2780.781 10 3.6 36.3
0 2780.882 10 3.6 36.3
0 2780.973 11 3.6 36.3
0 2781.082 9 3.6 36.3
0 2781.18 10 3.6 36.3
0 2781.258 13 3.6 36.3
0 2781.372 9 3.6 36.3
0 2781.566 5 3.6 36.3
0 2781.582 65 3.6 36.3
0 2781.705 8 3.6 36.3
0 2781.779 13 3.6 36.3
0 2781.899 8 3.6 36.3
0 2782.007 9 3.6 36.3
0 2782.304 3 4.1 36.3
0 2782.326 44 4.1 36.3
0 2782.446 8 4.1 36.3
0 2782.55 10 4.1 36.3
0 2782.728 6 4.1 36.3
0 2782.741 82 4.1 36.3
0 2782.924 5 4.1 36.3
0 2782.952 36 4.1 36.3
0 2783.15 5 4.1 36.3
0 2783.162 78 4.1 36.3
0 2783.366 5 4.1 36.3
0 2783.378 85 4.1 36.3
0 2783.505 8 4.1 36.3
0 2783.661 6 4.1 36.3
0 2783.681 52 4.1 36.3
0 2783.949 4 4.1 36.3
0 2783.963 74 4.1 36.3
0 2784.159 5 4.1 36.3
0 2784.173 72 4.1 36.3
0 2784.403 4 4.1 36.3
0 2784.443 25 4.1 36.3
0 2784.546 10 4.1 36.3
0 2784.645 10 4.1 36.3
0 2784.813 6 4.1 36.3
0 2784.886 14 4.1 36.3
0 2784.931 23 4.1 36.3
0 2785.034 10 4.1 36.3
0 2785.134 10 4.1 36.3
0 2785.232 10 4.1 36.3
0 2785.322 11 4.1 36.3
0 2785.434 9 4.1 36.3
0 2785.614 6 4.1 36.3
0 2785.618 265 4.1 36.3
0 2785.735 9 4.1 36.3
0 2785.827 11 4.1 36.3
0 2785.936 9 4.1 36.3
0 2786.032 10 4.1 36.3
0 2786.136 10 4.1 36.3
0 2786.236 10 4.1 36.3
0 2786.435 5 4.1 36.3
0 2786.456 48 4.1 36.3
0 2786.635 6 4.1 36.3
0 2786.639 244 4.1 36.3
0 2786.752 9 4.1 36.3
0 2786.848 10 4.1 36.3
0 2786.959 9 4.1 36.3
0 2787.049 11 4.1 36.3
0 2787.23 6 4.1 36.3
0 2787.239 108 4.1 36.3
0 2787.353 9 4.1 36.3
0 2787.459 9 4.1 36.3
0 2787.55 11 4.1 36.3
0 2787.727 6 4.1 36.3
0 2787.742 65 4.1 36.3
0 2787.923 6 4.1 36.3
0 2787.943 51 4.1 36.3
0 2788.06 9 4.1 36.3
0 2788.248 5 4.1 36.3
0 2788.252 230 4.1 36.3
0 2788.572 3 4.1 36.3
0 2788.647 13 4.1 36.3
0 2788.683 28 4.1 36.3
0 2788.789 9 4.1 36.3
0 2789.046 4 4.1 36.3
0 2789.058 82 4.1 36.3
0 2789.191 7 4.1 36.3
0 2789.283 11 4.1 36.3
0 2789.383 10 4.1 36.3
0 2789.483 10 4.1 36.3
0 2789.585 10 4.1 36.3
0 2789.694 9 4.1 36.3
0 2789.924 4 4.1 36.3
0 2789.936 81 4.1 36.3
0 2790.06 8 4.1 36.3
0 2790.162 10 4.1 36.3
0 2790.273 9 4.1 36.3
0 2790.345 14 4.1 36.3
0 2790.462 9 4.1 36.3
0 2790.638 6 4.1 36.3
0 2790.649 88 4.1 36.3
0 2790.785 7 4.1 36.3
0 2790.864 13 4.1 36.3
0 2790.978 9 4.1 36.3
0 2791.163 5 4.1 36.3
0 2791.175 83 4.1 36.3
0 2791.305 8 4.1 36.3
0 2791.388 12 4.1 36.3
0 2791.501 9 4.1 36.3
0 2791.685 5 4.1 36.3
0 2791.697 85 4.1 36.3
0 2791.826 8 4.1 36.3
0 2791.92 11 4.1 36.3
0 2792.02 10 4.1 36.3
0 2792.119 10 4.1 36.3
0 2792.287 6 4.1 36.3
0 2792.298 85 4.1 36.3
0 2792.425 8 4.1 36.3
0 2792.53 9 4.1 36.3
0 2792.624 11 4.1 36.3
0 2792.808 5 4.1 36.3
0 2792.82 84 4.1 36.3
0 2793.006 5 4.1 36.3
0 2793.019 73 4.1 36.3
0 2793.135 9 4.1 36.3
0 2793.297 6 4.1 36.3
0 2793.321 41 4.1 36.3
0 2793.515 5 4.1 36.3
0 2793.526 88 4.1 36.3
0 2793.734 5 4.1 36.3
0 2793.745 88 4.1 36.3
0 2793.871 8 4.1 36.3
0 2794.131 4 4.1 36.3
0 2794.144 77 4.1 36.3
0 2794.27 8 4.1 36.3
0 2794.366 10 4.1 36.3
0 2794.469 10 4.1 36.3
0 2794.57 10 4.1 36.3
0 2794.674 10 4.1 36.3
0 2794.772 10 4.1 36.3
0 2795.028 4 4.1 36.3
0 2795.039 90 4.1 36.3
0 2795.168 8 4.1 36.3
0 2795.27 10 4.1 36.3
0 2795.352 12 4.1 36.3
0 2795.467 9 4.1 36.3
0 2795.657 5 4.1 36.3
0 2795.67 74 4.1 36.3
0 2795.8 8 4.1 36.3
0 2795.896 10 4.1 36.3
0 2795.974 13 4.1 36.3
0 2796.175 5 4.1 36.3
0 2796.188 74 4.1 36.3
0 2796.308 8 4.1 36.3
0 2796.398 11 4.1 36.3
0 2796.51 9 4.1 36.3
0 2796.588 13 4.1 36.3
0 2796.802 5 4.1 36.3
0 2796.817 68 4.1 36.3
0 2796.94 8 4.1 36.3
0 2797.04 10 4.1 36.3
0 2797.141 10 4.1 36.3
0 2797.312 6 4.1 36.3
0 2797.326 74 4.1 36.3
0 2797.445 8 4.1 36.3
0 2797.55 10 4.1 36.3
0 2797.646 10 4.1 36.3
0 2797.82 6 4.1 36.3
0 2797.833 76 4.1 36.3
0 2798.037 5 4.1 36.3
0 2798.049 87 4.1 36.3
0 2798.177 8 4.1 36.3
0 2798.353 6 4.1 36.3
0 2798.368 67 4.1 36.3
0 2798.559 5 4.1 36.3
0 2798.571 87 4.1 36.3
0 2798.777 5 4.1 36.3
0 2798.789 82 4.1 36.3
0 2798.902 9 4.1 36.3
0 2799.17 4 4.1 36.3
0 2799.182 83 4.1 36.3
0 2799.298 9 4.1 36.3
0 2799.404 9 4.1 36.3
0 2799.508 10 4.1 36.3
0 2799.61 10 4.1 36.3
0 2799.768 6 4.1 36.3
0 2799.773 203 4.1 36.3
0 2800.037 4 4.1 36.3
0 2800.041 251 4.1 36.3
0 2800.146 9 4.1 36.3
0 2800.25 10 4.1 36.3
0 2800.352 10 4.1 36.3
0 2800.454 10 4.1 36.3
0 2800.561 9 4.1 36.3
0 2800.729 6 4.1 36.3
0 2800.742 77 4.1 36.3
0 2800.853 9 4.1 36.3
0 2800.954 10 4.1 36.3
0 2801.054 10 4.1 36.3
0 2801.236 5 4.1 36.3
0 2801.242 161 4.1 36.3
0 2801.353 9 4.1 36.3
0 2801.455 10 4.1 36.3
0 2801.556 10 4.1 36.3
0 2801.658 10 4.1 36.3
0 2801.846 5 4.1 36.3
0 2801.85 251 4.1 36.3
0 2801.961 9 4.1 36.3
0 2802.064 10 4.1 36.3
0 2802.165 10 4.1 36.3
0 2802.351 5 4.1 36.3
0 2802.355 251 4.1 36.3
0 2802.465 9 4.2 36.3
0 2802.568 10 4.2 36.3
0 2802.671 10 4.2 36.3
0 2802.847 6 4.2 36.3
0 2802.856 109 4.2 36.3
0 2803.059 5 4.2 36.3
0 2803.063 254 4.2 36.3
0 2803.178 9 4.2 36.3
0 2803.274 11 4.2 36.3
0 2803.468 5 4.2 36.3
0 2803.472 254 4.2 36.3
0 2803.663 5 4.2 36.3
0 2803.673 98 4.2 36.3
0 2803.871 5 4.2 36.3
0 2803.875 247 4.2 36.3
0 2803.989 9 4.2 36.3
0 2804.239 4 4.2 36.3
0 2804.243 216 4.2 36.3
0 2804.351 9 4.2 36.3
0 2804.456 9 4.2 36.3
0 2804.556 10 4.2 36.3
0 2804.656 10 4.2 36.3
0 2804.843 5 4.2 36.3
0 2804.846 313 4.2 36.3
0 2805.105 4 4.2 36.3
0 2805.109 270 4.2 36.3
0 2805.222 9 4.2 36.3
0 2805.319 10 4.2 36.3
0 2805.424 10 4.2 36.3
0 2805.523 10 4.2 36.3
0 2805.647 8 4.2 36.3
0 2805.817 6 4.2 36.3
0 2805.829 85 4.2 36.3
0 2805.962 8 4.2 36.3
0 2806.06 10 4.2 36.3
0 2806.265 5 4.2 36.3
0 2806.277 82 4.2 36.3
0 2806.408 8 4.2 36.3
0 2806.508 10 4.2 36.3
0 2806.61 10 4.2 36.3
0 2806.687 13 4.2 36.3
0 2806.872 5 4.2 36.3
0 2806.876 260 4.2 36.3
0 2806.99 9 4.2 36.3
0 2807.089 10 4.2 36.3
0 2807.194 10 4.2 36.3
0 2807.377 5 4.2 36.3
0 2807.38 280 4.2 36.3
0 2807.495 9 4.2 36.3
0 2807.593 10 4.2 36.3
0 2807.699 9 4.2 36.3
0 2807.88 6 4.2 36.3
0 2807.883 280 4.2 36.3
0 2808.082 5 4.2 36.3
0 2808.086 274 4.2 36.3
0 2808.205 8 4.2 36.3
0 2808.296 11 4.2 36.3
0 2808.46 6 4.2 36.3
0 2808.49 33 4.2 36.3
0 2808.666 6 4.2 36.3
0 2808.69 43 4.2 36.3
0 2808.884 5 4.2 36.3
0 2808.888 255 4.2 36.3
0 2808.997 9 4.2 36.3
0 2809.24 4 4.2 36.3
0 2809.245 208 4.2 36.3
0 2809.355 9 4.2 36.3
0 2809.462 9 4.2 36.3
0 2809.554 11 4.2 36.3
0 2809.655 10 4.2 36.3
0 2809.83 6 4.2 36.3
0 2809.846 65 4.2 36.3
0 2810.112 4 4.2 36.3
0 2810.115 318 4.2 36.3
0 2810.226 9 4.2 36.3
0 2810.324 10 4.2 36.3
0 2810.431 9 4.2 36.3
0 2810.533 10 4.2 36.3
0 2810.631 10 4.2 36.3
0 2810.814 5 4.2 36.3
0 2810.817 344 4.2 36.3
0 2810.932 9 4.2 36.3
0 2811.034 10 4.2 36.3
0 2811.133 10 4.2 36.3
0 2811.324 5 4.2 36.3
0 2811.328 290 4.2 36.3
0 2811.444 9 4.2 36.3
0 2811.573 8 4.2 36.3
0 2811.667 11 4.2 36.3
0 2811.767 10 4.2 36.3
0 2811.931 6 4.2 36.3
0 2811.943 83 4.2 36.3
0 2812.082 7 4.2 36.3
0 2812.176 11 4.2 36.3
0 2812.274 10 4.2 36.3
0 2812.424 7 4.2 36.3
0 2812.457 30 4.2 36.3
0 2812.579 8 3.7 36.3
0 2812.679 10 3.7 36.3
0 2812.775 10 3.7 36.3
0 2812.936 6 3.7 36.3
0 2812.948 82 3.7 36.3
0 2813.15 5 3.7 36.3
0 2813.163 81 3.7 36.3
0 2813.29 8 3.7 36.3
0 2813.389 10 3.7 36.3
0 2813.577 5 3.7 36.3
0 2813.591 71 3.7 36.3
0 2813.782 5 3.7 36.3
0 2813.795 80 3.7 36.3
0 2813.977 5 3.7 36.3
0 2813.994 57 3.7 36.3
0 2814.199 5 3.7 36.3
0 2814.211 84 3.7 36.3
0 2814.333 8 3.7 36.3
0 2814.44 9 3.7 36.3
0 2814.536 10 3.7 36.3
0 2814.642 9 3.7 36.3
0 2814.74 10 3.7 36.3
0 2814.9 6 3.7 36.3
0 2814.912 84 3.7 36.3
0 2815.18 4 3.7 36.3
0 2815.193 77 3.7 36.3
0 2815.346 7 3.7 36.3
0 2815.416 14 3.7 36.3
0 2815.523 9 3.7 36.3
0 2815.626 10 3.7 36.3
0 2815.728 10 3.7 36.3
0 2815.884 6 3.7 36.3
0 2815.895 89 3.7 36.3
0 2816.035 7 3.7 36.3
0 2816.129 11 3.7 36.3
0 2816.304 6 3.7 36.3
0 2816.316 83 3.7 36.3
0 2816.444 8 3.7 36.3
0 2816.553 9 3.7 36.3
0 2816.644 11 3.7 36.3
0 2816.815 6 3.7 36.3
0 2816.819 268 3.7 36.3
0 2817.041 4 3.7 36.3
0 2817.055 71 3.7 36.3
0 2817.182 8 3.7 36.3
0 2817.287 10 3.7 36.3
0 2817.516 4 3.7 36.3
0 2817.528 84 3.7 36.3
0 2817.664 7 3.7 36.3
0 2817.755 11 3.7 36.3
0 2817.851 10 3.7 36.3
0 2818.009 6 3.7 36.3
0 2818.028 53 3.7 36.3
0 2818.245 5 3.7 36.3
0 2818.258 75 3.7 36.3
0 2818.385 8 3.7 36.3
0 2818.486 10 3.7 36.3
0 2818.662 6 3.7 36.3
0 2818.674 81 3.7 36.3
0 2818.809 7 3.7 36.3
0 2818.907 10 3.7 36.3
0 2819.067 6 3.7 36.3
0 2819.079 88 3.7 36.3
0 2819.292 5 3.7 36.3
0 2819.307 68 3.7 36.3
0 2819.501 5 3.7 36.3
0 2819.532 33 3.7 36.3
0 2819.643 9 3.7 36.3
0 2819.744 10 3.7 36.3
0 2819.905 6 3.7 36.3
0 2819.918 76 3.7 36.3
0 2820.196 4 3.7 36.3
0 2820.207 84 3.7 36.3
0 2820.335 8 3.7 36.3
0 2820.42 12 3.7 36.3
0 2820.536 9 3.7 36.3
0 2820.639 10 3.7 36.3
0 2820.739 10 3.7 36.3
0 2820.902 6 3.7 36.3
0 2820.914 90 3.7 36.3
0 2821.02 9 3.7 36.3
0 2821.146 8 3.7 36.3
0 2821.323 6 3.7 36.3
0 2821.335 82 3.7 36.3
0 2821.53 5 3.7 36.3
0 2821.572 24 3.7 36.3
0 2821.674 10 3.7 36.3
0 2821.869 5 3.7 36.3
0 2821.882 81 3.7 36.3
0 2822.098 5 3.7 36.3
0 2822.113 63 3.7 36.3
0 2822.242 8 3.7 36.3
0 2822.333 11 3.7 36.3
0 2822.513 6 3.7 36.3
0 2822.526 79 3.7 36.3
0 2822.658 8 4.6 36.3
0 2822.756 10 4.6 36.3
0 2822.838 12 4.6 36.3
0 2822.956 9 4.6 36.3
0 2823.115 6 4.6 36.3
0 2823.128 82 4.6 36.3
0 2823.319 5 4.6 36.3
0 2823.332 73 4.6 36.3
0 2823.453 8 4.6 36.3
0 2823.752 3 4.6 36.3
0 2823.766 69 4.6 36.3
0 2823.896 8 4.6 36.3
0 2823.986 11 4.6 36.3
0 2824.162 6 4.6 36.3
0 2824.176 72 4.6 36.3
0 2824.38 5 4.6 36.3
0 2824.395 63 4.6 36.3
0 2824.514 8 4.6 36.3
0 2824.619 10 4.6 36.3
0 2824.723 10 4.6 36.3
0 2824.826 10 4.6 36.3
0 2824.972 7 4.6 36.3
0 2825.008 28 4.6 36.3
0 2825.259 4 4.6 36.3
0 2825.271 82 4.6 36.3
0 2825.406 7 4.6 36.3
0 2825.507 10 4.6 36.3
0 2825.707 5 4.6 36.3
0 2825.747 25 4.6 36.3
0 2825.907 6 4.6 36.3
0 2825.921 71 4.6 36.3
0 2826.056 7 4.6 36.3
0 2826.148 11 4.6 36.3
0 2826.342 5 4.6 36.3
0 2826.355 77 4.6 36.3
0 2826.476 8 4.6 36.3
0 2826.586 9 4.6 36.3
0 2826.682 10 4.6 36.3
0 2826.873 5 4.6 36.3
0 2826.885 82 4.6 36.3
0 2827.093 5 4.6 36.3
0 2827.107 70 4.6 36.3
0 2827.23 8 4.6 36.3
0 2827.333 10 4.6 36.3
0 2827.414 12 4.6 36.3
0 2827.633 5 4.6 36.3
0 2827.757 8 4.6 36.3
0 2827.796 26 4.6 36.3
0 2827.896 10 4.6 36.3
0 2827.996 10 4.6 36.3
0 2828.17 6 4.6 36.3
0 2828.182 82 4.6 36.3
0 2828.396 5 4.6 36.3
0 2828.408 81 4.6 36.3
0 2828.538 8 4.6 36.3
0 2828.638 10 4.6 36.3
0 2828.824 5 4.6 36.3
0 2828.837 79 4.6 36.3
0 2828.959 8 4.6 36.3
0 2829.118 6 4.6 36.3
0 2829.198 12 4.6 36.3
0 2829.243 23 4.6 36.3
0 2829.415 6 4.6 36.3
0 2829.43 66 4.6 36.3
0 2829.546 9 4.6 36.3
0 2829.646 10 4.6 36.3
0 2829.856 5 4.6 36.3
0 2829.873 59 4.6 36.3
0 2830.056 5 4.6 36.3
0 2830.06 261 4.6 36.3
0 2830.33 4 4.6 36.3
0 2830.334 212 4.6 36.3
0 2830.45 9 4.6 36.3
0 2830.548 10 4.6 36.3
0 2830.653 9 4.6 36.3
0 2830.751 10 4.6 36.3
0 2830.932 6 4.6 36.3
0 2830.935 281 4.6 36.3
0 2831.054 8 4.6 36.3
0 2831.155 10 4.6 36.3
0 2831.252 10 4.6 36.3
0 2831.433 6 4.6 36.3
0 2831.438 209 4.6 36.3
0 2831.555 8 4.6 36.3
0 2831.657 10 4.6 36.3
0 2831.945 3 4.6 36.3
0 2831.95 209 4.6 36.3
0 2832.141 5 4.6 36.3
0 2832.151 105 4.6 36.3
0 2832.269 8 4.6 36.3
0 2832.363 11 4.6 36.3
0 2832.467 10 4.6 36.3
0 2832.652 5 4.6 36.3
0 2832.656 202 4.6 36.3
0 2832.775 8 4.1 36.3
0 2832.868 11 4.1 36.3
0 2832.973 10 4.1 36.3
0 2833.07 10 4.1 36.3
0 2833.251 6 4.1 36.3
0 2833.256 206 4.1 36.3
0 2833.451 5 4.1 36.3
0 2833.456 175 4.1 36.3
0 2833.576 8 4.1 36.3
0 2833.672 10 4.1 36.3
0 2833.911 4 4.1 36.3
0 2833.916 210 4.1 36.3
0 2834.028 9 4.1 36.3
0 2834.222 5 4.1 36.3
0 2834.295 14 4.1 36.3
0 2834.331 28 4.1 36.3
0 2834.521 5 4.1 36.3
0 2834.527 165 4.1 36.3
0 2834.643 9 4.1 36.3
0 2834.742 10 4.1 36.3
0 2834.833 11 4.1 36.3
0 2834.942 9 4.1 36.3
0 2835.12 6 4.1 36.3
0 2835.126 148 4.1 36.3
0 2835.401 4 4.1 36.3
0 2835.405 244 4.1 36.3
0 2835.524 8 4.1 36.3
0 2835.619 10 4.1 36.3
0 2835.724 10 4.1 36.3
0 2835.931 5 4.1 36.3
0 2836.029 10 4.1 36.3
0 2836.036 150 4.1 36.3
0 2836.147 9 4.1 36.3
0 2836.253 9 4.1 36.3
0 2836.338 12 4.1 36.3
0 2836.542 5 4.1 36.3
0 2836.548 163 4.1 36.3
0 2836.66 9 4.1 36.3
0 2836.766 9 4.1 36.3
0 2836.94 6 4.1 36.3
0 2836.946 148 4.1 36.3
0 2837.065 8 4.1 36.3
0 2837.244 6 4.1 36.3
0 2837.248 244 4.1 36.3
0 2837.36 9 4.1 36.3
0 2837.463 10 4.1 36.3
0 2837.656 5 4.1 36.3
0 2837.66 246 4.1 36.3
0 2837.774 9 4.1 36.3
0 2837.992 5 4.1 36.3
0 2838.003 91 4.1 36.3
0 2838.112 9 4.1 36.3
0 2838.294 6 4.1 36.3
0 2838.297 342 4.1 36.3
0 2838.474 6 4.1 36.3
0 2838.507 30 4.1 36.3
0 2838.702 5 4.1 36.3
0 2838.705 301 4.1 36.3
0 2838.818 9 4.1 36.3
0 2839.008 5 4.1 36.3
0 2839.012 241 4.1 36.3
0 2839.128 9 4.1 36.3
0 2839.31 5 4.1 36.3
0 2839.383 14 4.1 36.3
0 2839.427 23 4.1 36.3
0 2839.614 5 4.1 36.3
0 2839.618 267 4.1 36.3
0 2839.733 9 4.1 36.3
0 2839.831 10 4.1 36.3
0 2839.93 10 4.1 36.3
0 2840.028 10 4.1 36.3
0 2840.217 5 4.1 36.3
0 2840.22 337 4.1 36.3
0 2840.474 4 4.1 36.3
0 2840.479 208 4.1 36.3
0 2840.588 9 4.1 36.3
0 2840.69 10 4.1 36.3
0 2840.795 10 4.1 36.3
0 2840.888 11 4.1 36.3
0 2841.079 5 4.1 36.3
0 2841.106 38 4.1 36.3
0 2841.196 11 4.1 36.3
0 2841.302 9 4.1 36.3
0 2841.395 11 4.1 36.3
0 2841.589 5 4.1 36.3
0 2841.594 177 4.1 36.3
0 2841.706 9 4.1 36.3
0 2841.81 10 4.1 36.3
0 2841.998 5 4.1 36.3
0 2842.002 220 4.1 36.3
0 2842.12 8 4.1 36.3
0 2842.301 6 4.1 36.3
0 2842.305 212 4.1 36.3
0 2842.42 9 4.1 36.3
0 2842.512 11 4.1 36.3
0 2842.713 5 4.1 36.3
0 2842.717 237 4.1 36.3
0 2842.834 9 3.6 36.3
0 2842.932 10 3.6 36.3
0 2843.031 10 3.6 36.3
0 2843.192 6 3.6 36.3
0 2843.287 11 3.6 36.3
0 2843.33 23 3.6 36.3
0 2843.509 6 3.6 36.3
0 2843.517 117 3.6 36.3
0 2843.639 8 3.6 36.3
0 2843.721 12 3.6 36.3
0 2843.836 9 3.6 36.3
0 2844.022 5 3.6 36.3
0 2844.027 195 3.6 36.3
0 2844.145 8 3.6 36.3
0 2844.325 6 3.6 36.3
0 2844.401 13 3.6 36.3
0 2844.439 27 3.6 36.3
0 2844.633 5 3.6 36.3
0 2844.639 180 3.6 36.3
0 2844.753 9 3.6 36.3
0 2844.839 12 3.6 36.3
0 2844.95 9 3.6 36.3
0 2845.051 10 3.6 36.3
0 2845.301 4 3.6 36.3
0 2845.313 78 3.6 36.3
0 2845.555 4 3.6 36.3
0 2845.559 264 3.6 36.3
0 2845.671 9 3.6 36.3
0 2845.779 9 3.6 36.3
0 2845.875 10 3.6 36.3
0 2845.971 10 3.6 36.3
0 2846.158 5 3.6 36.3
0 2846.162 272 3.6 36.3
0 2846.282 8 3.6 36.3
0 2846.38 10 3.6 36.3
0 2846.476 10 3.6 36.3
0 2846.667 5 3.6 36.3
0 2846.672 200 3.6 36.3
0 2846.791 8 3.6 36.3
0 2846.889 10 3.6 36.3
0 2847.078 5 3.6 36.3
0 2847.082 244 3.6 36.3
0 2847.198 9 3.6 36.3
0 2847.431 4 3.6 36.3
0 2847.436 215 3.6 36.3
0 2847.548 9 3.6 36.3
0 2847.739 5 3.6 36.3
0 2847.744 223 3.6 36.3
0 2847.849 10 3.6 36.3
0 2847.961 9 3.6 36.3
0 2848.057 10 3.6 36.3
0 2848.156 10 3.6 36.3
0 2848.313 6 3.6 36.3
0 2848.355 24 3.6 36.3
0 2848.551 5 3.6 36.3
0 2848.564 75 3.6 36.3
0 2848.694 8 3.6 36.3
0 2848.791 10 3.6 36.3
0 2848.868 13 3.6 36.3
0 2849.06 5 3.6 36.3
0 2849.065 189 3.6 36.3
0 2849.177 9 3.6 36.3
0 2849.419 4 3.6 36.3
0 2849.518 10 3.6 36.3
0 2849.523 223 3.6 36.3
0 2849.723 5 3.6 36.3
0 2849.727 272 3.6 36.3
0 2849.836 9 3.6 36.3
0 2849.941 10 3.6 36.3
0 2850.046 10 3.6 36.3
0 2850.141 11 3.6 36.3
0 2850.326 5 3.6 36.3
0 2850.338 79 3.6 36.3
0 2850.6 4 3.6 36.3
0 2850.614 74 3.6 36.3
0 2850.747 8 3.6 36.3
0 2850.84 11 3.6 36.3
0 2850.949 9 3.6 36.3
0 2851.039 11 3.6 36.3
0 2851.212 6 3.6 36.3
0 2851.224 84 3.6 36.3
0 2851.345 8 3.6 36.3
0 2851.518 6 3.6 36.3
0 2851.539 46 3.6 36.3
0 2851.733 5 3.6 36.3
0 2851.747 70 3.6 36.3
0 2851.848 10 3.6 36.3
0 2851.969 8 3.6 36.3
0 2852.08 9 3.6 36.3
0 2852.177 10 3.6 36.3
0 2852.286 9 3.6 36.3
0 2852.354 15 3.6 36.3
0 2852.547 5 3.6 36.3
0 2852.56 81 3.6 36.3
0 2852.764 5 3.6 36.3
0 2852.779 68 3.6 36.3
0 2852.91 8 3.9 36.3
0 2853.005 11 3.9 36.3
0 2853.106 10 3.9 36.3
0 2853.211 10 3.9 36.3
0 2853.346 7 3.9 36.3
0 2853.393 22 3.9 36.3
0 2853.568 6 3.9 36.3
0 2853.671 10 3.9 36.3
0 2853.683 80 3.9 36.3
0 2853.818 7 3.9 36.3
0 2853.901 12 3.9 36.3
0 2854.098 5 3.9 36.3
0 2854.111 77 3.9 36.3
0 2854.213 10 3.9 36.3
0 2854.413 5 3.9 36.3
0 2854.425 84 3.9 36.3
0 2854.628 5 3.9 36.3
0 2854.64 83 3.9 36.3
0 2854.844 5 3.9 36.3
0 2854.857 78 3.9 36.3
0 2854.986 8 3.9 36.3
0 2855.089 10 3.9 36.3
0 2855.188 10 3.9 36.3
0 2855.357 6 3.9 36.3
0 2855.369 83 3.9 36.3
0 2855.725 3 3.9 36.3
0 2855.747 46 3.9 36.3
0 2855.848 10 3.9 36.3
0 2855.969 8 3.9 36.3
0 2856.071 10 3.9 36.3
0 2856.224 7 3.9 36.3
0 2856.239 68 3.9 36.3
0 2856.356 9 3.9 36.3
0 2856.475 8 3.9 36.3
0 2856.571 10 3.9 36.3
0 2856.741 6 3.9 36.3
0 2856.755 72 3.9 36.3
0 2856.854 10 3.9 36.3
0 2856.984 8 3.9 36.3
0 2857.086 10 3.9 36.3
0 2857.173 12 3.9 36.3
0 2857.288 9 3.9 36.3
0 2857.356 15 3.9 36.3
0 2857.541 5 3.9 36.3
0 2857.553 79 3.9 36.3
0 2857.826 4 3.9 36.3
0 2857.839 76 3.9 36.3
0 2857.971 8 3.9 36.3
0 2858.073 10 3.9 36.3
0 2858.17 10 3.9 36.3
0 2858.27 10 3.9 36.3
0 2858.424 6 3.9 36.3
0 2858.44 62 3.9 36.3
0 2858.567 8 3.9 36.3
0 2858.741 6 3.9 36.3
0 2858.753 81 3.9 36.3
0 2858.86 9 3.9 36.3
0 2858.982 8 3.9 36.3
0 2859.158 6 3.9 36.3
0 2859.17 82 3.9 36.3
0 2859.306 7 3.9 36.3
0 2859.458 7 3.9 36.3
0 2859.471 76 3.9 36.3
0 2859.751 4 3.9 36.3
0 2859.855 10 3.9 36.3
0 2859.868 76 3.9 36.3
0 2859.995 8 3.9 36.3
0 2860.094 10 3.9 36.3
0 2860.203 9 3.9 36.3
0 2860.37 6 3.9 36.3
0 2860.381 88 3.9 36.3
0 2860.643 4 3.9 36.3
0 2860.655 85 3.9 36.3
0 2860.792 7 3.9 36.3
0 2860.865 14 3.9 36.3
0 2860.991 8 3.9 36.3
0 2861.087 10 3.9 36.3
0 2861.257 6 3.9 36.3
0 2861.269 80 3.9 36.3
0 2861.388 8 3.9 36.3
0 2861.503 9 3.9 36.3
0 2861.593 11 3.9 36.3
0 2861.757 6 3.9 36.3
0 2861.772 67 3.9 36.3
0 2861.899 8 3.9 36.3
0 2862.007 9 3.9 36.3
0 2862.105 10 3.9 36.3
0 2862.184 13 3.9 36.3
0 2862.309 8 3.9 36.3
0 2862.4 11 3.9 36.3
0 2862.621 5 3.9 36.3
0 2862.626 198 3.9 36.3
0 2862.822 5 3.9 36.3
0 2862.828 181 3.9 36.3
0 2862.939 9 4.5 36.3
0 2863.037 10 4.5 36.3
0 2863.145 9 4.5 36.3
0 2863.238 11 4.5 36.3
0 2863.342 10 4.5 36.3
0 2863.521 6 4.5 36.3
0 2863.527 177 4.5 36.3
0 2863.645 8 4.5 36.3
0 2863.886 4 4.5 36.3
0 2863.903 59 4.5 36.3
0 2864.002 10 4.5 36.3
0 2864.193 5 4.5 36.3
0 2864.198 184 4.5 36.3
0 2864.309 9 4.5 36.3
0 2864.499 5 4.5 36.3
0 2864.502 268 4.5 36.3
0 2864.701 5 4.5 36.3
0 2864.704 302 4.5 36.3
0 2864.906 5 4.5 36.3
0 2864.911 210 4.5 36.3
0 2865.025 9 4.5 36.3
0 2865.12 11 4.5 36.3
0 2865.228 9 4.5 36.3
0 2865.406 6 4.5 36.3
0 2865.411 191 4.5 36.3
0 2865.679 4 4.5 36.3
0 2865.682 280 4.5 36.3
0 2865.802 8 4.5 36.3
0 2865.948 7 4.5 36.3
0 2865.996 21 4.5 36.3
0 2866.094 10 4.5 36.3
0 2866.28 5 4.5 36.3
0 2866.284 286 4.5 36.3
0 2866.402 8 4.5 36.3
0 2866.502 10 4.5 36.3
0 2866.594 11 4.5 36.3
0 2866.778 5 4.5 36.3
0 2866.786 133 4.5 36.3
0 2866.901 9 4.5 36.3
0 2866.999 10 4.5 36.3
0 2867.1 10 4.5 36.3
0 2867.194 11 4.5 36.3
0 2867.301 9 4.5 36.3
0 2867.391 11 4.5 36.3
0 2867.656 4 4.5 36.3
0 2867.661 222 4.5 36.3
0 2867.85 5 4.5 36.3
0 2867.861 90 4.5 36.3
0 2868.033 6 4.5 36.3
0 2868.073 25 4.5 36.3
0 2868.177 10 4.5 36.3
0 2868.271 11 4.5 36.3
0 2868.374 10 4.5 36.3
0 2868.551 6 4.5 36.3
0 2868.561 105 4.5 36.3
0 2868.678 9 4.5 36.3
0 2868.836 6 4.5 36.3
0 2868.87 30 4.5 36.3
0 2868.978 9 4.5 36.3
0 2869.076 10 4.5 36.3
0 2869.261 5 4.5 36.3
0 2869.264 252 4.5 36.3
0 2869.375 9 4.5 36.3
0 2869.57 5 4.5 36.3
0 2869.574 246 4.5 36.3
0 2869.775 5 4.5 36.3
0 2869.787 85 4.5 36.3
0 2869.986 5 4.5 36.3
0 2870.054 15 4.5 36.3
0 2870.119 15 4.5 36.3
0 2870.2 12 4.5 36.3
0 2870.323 8 4.5 36.3
0 2870.468 7 4.5 36.3
0 2870.511 23 4.5 36.3
0 2870.759 4 4.5 36.3
0 2870.772 76 4.5 36.3
0 2870.888 9 4.5 36.3
0 2870.988 10 4.5 36.3
0 2871.073 12 4.5 36.3
0 2871.185 9 4.5 36.3
0 2871.344 6 4.5 36.3
0 2871.375 32 4.5 36.3
0 2871.486 9 4.5 36.3
0 2871.578 11 4.5 36.3
0 2871.672 11 4.5 36.3
0 2871.848 6 4.5 36.3
0 2871.874 38 4.5 36.3
0 2871.972 10 4.5 36.3
0 2872.079 9 4.5 36.3
0 2872.173 11 4.5 36.3
0 2872.273 10 4.5 36.3
0 2872.388 9 4.5 36.3
0 2872.495 9 4.5 36.3
0 2872.716 5 4.5 36.3
0 2872.728 82 4.5 36.3
0 2872.92 5 4.5 36.3
0 2872.935 64 4.5 36.3
0 2873.045 9 4.1 36.3
0 2873.133 11 4.1 36.3
0 2873.236 10 4.1 36.3
0 2873.345 9 4.1 36.3
0 2873.445 10 4.1 36.3
0 2873.62 6 4.1 36.3
0 2873.634 74 4.1 36.3
0 2873.747 9 4.1 36.3
0 2873.912 6 4.1 36.3
0 2873.933 47 4.1 36.3
0 2874.048 9 4.1 36.3
0 2874.311 4 4.1 36.3
0 2874.325 73 4.1 36.3
0 2874.424 10 4.1 36.3
0 2874.524 10 4.1 36.3
0 2874.636 9 4.1 36.3
0 2874.817 6 4.1 36.3
0 2874.829 78 4.1 36.3
0 2875.013 5 4.1 36.3
0 2875.03 56 4.1 36.3
0 2875.147 9 4.1 36.3
0 2875.244 10 4.1 36.3
0 2875.345 10 4.1 36.3
0 2875.515 6 4.1 36.3
0 2875.53 68 4.1 36.3
0 2875.799 4 4.1 36.3
0 2875.812 74 4.1 36.3
0 2875.93 9 4.1 36.3
0 2876.039 9 4.1 36.3
0 2876.137 10 4.1 36.3
0 2876.34 5 4.1 36.3
0 2876.424 12 4.1 36.3
0 2876.461 27 4.1 36.3
0 2876.564 10 4.1 36.3
0 2876.681 9 4.1 36.3
0 2876.874 5 4.1 36.3
0 2876.888 70 4.1 36.3
0 2877.021 8 4.1 36.3
0 2877.117 10 4.1 36.3
0 2877.217 10 4.1 36.3
0 2877.313 10 4.1 36.3
0 2877.409 10 4.1 36.3
0 2877.508 10 4.1 36.3
0 2877.738 4 4.1 36.3
0 2877.751 78 4.1 36.3
0 2877.952 5 4.1 36.3
0 2877.965 75 4.1 36.3
0 2878.096 8 4.1 36.3
0 2878.191 10 4.1 36.3
0 2878.401 5 4.1 36.3
0 2878.444 23 4.1 36.3
0 2878.548 10 4.1 36.3
0 2878.7 7 4.1 36.3
0 2878.713 78 4.1 36.3
0 2878.84 8 4.1 36.3
0 2879.024 5 4.1 36.3
0 2879.036 82 4.1 36.3
0 2879.168 8 4.1 36.3
0 2879.355 5 4.1 36.3
0 2879.368 77 4.1 36.3
0 2879.501 8 4.1 36.3
0 2879.596 10 4.1 36.3
0 2879.701 10 4.1 36.3
0 2879.857 6 4.1 36.3
0 2879.869 80 4.1 36.3
0 2880.093 4 4.1 36.3
0 2880.107 71 4.1 36.3
0 2880.236 8 4.1 36.3
0 2880.437 5 4.1 36.3
0 2880.538 10 4.1 36.3
0 2880.551 77 4.1 36.3
0 2880.834 4 4.1 36.3
0 2880.847 74 4.1 36.3
0 2880.974 8 4.1 36.3
0 2881.078 10 4.1 36.3
0 2881.172 11 4.1 36.3
0 2881.262 11 4.1 36.3
0 2881.377 9 4.1 36.3
0 2881.509 8 4.1 36.3
0 2881.558 20 4.1 36.3
0 2881.66 10 4.1 36.3
0 2881.757 10 4.1 36.3
0 2881.91 7 4.1 36.3
0 2881.958 21 4.1 36.3
0 2882.059 10 4.1 36.3
0 2882.154 11 4.1 36.3
0 2882.259 10 4.1 36.3
0 2882.448 5 4.1 36.3
0 2882.469 47 4.1 36.3
0 2882.572 10 4.1 36.3
0 2882.789 5 4.1 36.3
0 2882.795 173 4.1 36.3
0 2882.95 6 4.1 36.3
0 2883.015 15 4.1 36.3
0 2883.116 10 4.4 36.2
0 2883.209 11 4.4 36.2
0 2883.297 11 4.4 36.2
0 2883.396 10 4.4 36.2
0 2883.517 8 4.4 36.2
0 2883.673 6 4.4 36.2
0 2883.738 15 4.4 36.2
0 2883.812 14 4.4 36.2
0 2883.896 12 4.4 36.2
0 2884.044 7 4.4 36.2
0 2884.114 14 4.4 36.2
0 2884.213 10 4.4 36.2
0 2884.343 8 4.4 36.2
0 2884.519 6 4.4 36.2
0 2884.535 62 4.4 36.2
0 2884.648 9 4.4 36.2
0 2884.742 11 4.4 36.2
0 2884.863 8 4.4 36.2
0 2884.94 13 4.4 36.2
0 2885.077 7 4.4 36.2
0 2885.139 16 4.4 36.2
0 2885.249 9 4.4 36.2
0 2885.339 11 4.4 36.2
0 2885.443 10 4.4 36.2
0 2885.567 8 4.4 36.2
0 2885.731 6 4.4 36.2
0 2885.737 172 4.4 36.2
0 2885.866 8 4.4 36.2
0 2885.937 14 4.4 36.2
0 2886.051 9 4.4 36.2
0 2886.151 10 4.4 36.2
0 2886.256 10 4.4 36.2
0 2886.346 11 4.4 36.2
0 2886.546 5 4.4 36.2
0 2886.583 27 4.4 36.2
0 2886.665 12 4.4 36.2
0 2886.772 9 4.4 36.2
0 2886.887 9 4.4 36.2
0 2886.969 12 4.4 36.2
0 2887.072 10 4.4 36.2
0 2887.167 11 4.4 36.2
0 2887.271 10 4.4 36.2
0 2887.36 11 4.4 36.2
0 2887.469 9 4.4 36.2
0 2887.572 10 4.4 36.2
0 2887.833 4 4.4 36.2
0 2887.839 164 4.4 36.2
0 2887.989 7 4.4 36.2
0 2888.054 15 4.4 36.2
0 2888.158 10 4.4 36.2
0 2888.254 10 4.4 36.2
0 2888.357 10 4.4 36.2
0 2888.559 5 4.4 36.2
0 2888.616 18 4.4 36.2
0 2888.688 14 4.4 36.2
0 2888.806 8 4.4 36.2
0 2888.884 13 4.4 36.2
0 2888.98 10 4.4 36.2
0 2889.108 8 4.4 36.2
0 2889.191 12 4.4 36.2
0 2889.284 11 4.4 36.2
0 2889.406 8 4.4 36.2
0 2889.484 13 4.4 36.2
0 2889.583 10 4.4 36.2
0 2889.752 6 4.4 36.2
0 2889.779 37 4.4 36.2
0 2889.884 9 4.4 36.2
0 2889.983 10 4.4 36.2
0 2890.115 8 4.4 36.2
0 2890.182 15 4.4 36.2
0 2890.292 9 4.4 36.2
0 2890.385 11 4.4 36.2
0 2890.592 5 4.4 36.2
0 2890.729 7 4.4 36.2
0 2890.735 180 4.4 36.2
0 2890.868 8 4.4 36.2
0 2890.953 12 4.4 36.2
0 2891.052 10 4.4 36.2
0 2891.152 10 4.4 36.2
0 2891.25 10 4.4 36.2
0 2891.349 10 4.4 36.2
0 2891.46 9 4.4 36.2
0 2891.554 11 4.4 36.2
0 2891.748 5 4.4 36.2
0 2891.763 65 4.4 36.2
0 2891.858 11 4.4 36.2
0 2892.005 7 4.4 36.2
0 2892.072 15 4.4 36.2
0 2892.17 10 4.4 36.2
0 2892.271 10 4.4 36.2
0 2892.371 10 4.4 36.2
0 2892.478 9 4.4 36.2
0 2892.679 5 4.4 36.2
0 2892.855 6 4.4 36.2
0 2892.861 167 4.4 36.2
0 2893.019 6 4.4 36.2
0 2893.079 17 4.4 36.2
0 2893.178 10 3.3 36.2
0 2893.278 10 3.3 36.2
0 2893.377 10 3.3 36.2
0 2893.483 9 3.3 36.2
0 2893.581 10 3.3 36.2
0 2893.68 10 3.3 36.2
0 2893.841 6 3.3 36.2
0 2893.905 16 3.3 36.2
0 2893.983 13 3.3 36.2
0 2894.085 10 3.3 36.2
0 2894.206 8 3.3 36.2
0 2894.278 14 3.3 36.2
0 2894.38 10 3.3 36.2
0 2894.517 7 3.3 36.2
0 2894.694 6 3.3 36.2
0 2894.779 12 3.3 36.2
0 2894.812 30 3.3 36.2
0 2894.916 10 3.3 36.2
0 2895.018 10 3.3 36.2
0 2895.156 7 3.3 36.2
0 2895.22 16 3.3 36.2
0 2895.319 10 3.3 36.2
0 2895.416 10 3.3 36.2
0 2895.52 10 3.3 36.2
0 2895.634 9 3.3 36.2
0 2895.748 9 3.3 36.2
0 2895.915 6 3.3 36.2
0 2895.921 160 3.3 36.2
0 2896.042 8 3.3 36.2
0 2896.141 10 3.3 36.2
0 2896.244 10 3.3 36.2
0 2896.348 10 3.3 36.2
0 2896.442 11 3.3 36.2
0 2896.543 10 3.3 36.2
0 2896.748 5 3.3 36.2
0 2896.864 9 3.3 36.2
0 2896.87 171 3.3 36.2
0 2897.027 6 3.3 36.2
0 2897.09 16 3.3 36.2
0 2897.189 10 3.3 36.2
0 2897.289 10 3.3 36.2
0 2897.388 10 3.3 36.2
0 2897.493 10 3.3 36.2
0 2897.594 10 3.3 36.2
0 2897.688 11 3.3 36.2
0 2897.831 7 3.3 36.2
0 2897.959 8 3.3 36.2
0 2898.023 16 3.3 36.2
0 2898.092 14 3.3 36.2
0 2898.19 10 3.3 36.2
0 2898.29 10 3.3 36.2
0 2898.388 10 3.3 36.2
0 2898.499 9 3.3 36.2
0 2898.59 11 3.3 36.2
0 2898.801 5 3.3 36.2
0 2898.885 12 3.3 36.2
0 2898.926 24 3.3 36.2
0 2899.033 9 3.3 36.2
0 2899.126 11 3.3 36.2
0 2899.254 8 3.3 36.2
0 2899.324 14 3.3 36.2
0 2899.425 10 3.3 36.2
0 2899.567 7 3.3 36.2
0 2899.628 17 3.3 36.2
0 2899.725 10 3.3 36.2
0 2899.825 10 3.3 36.2
0 2899.987 6 3.3 36.2
0 2900.025 26 3.3 36.2
0 2900.171 7 3.3 36.2
0 2900.224 19 3.3 36.2
0 2900.326 10 3.3 36.2
0 2900.424 10 3.3 36.2
0 2900.528 10 3.3 36.2
0 2900.634 9 3.3 36.2
0 2900.856 5 3.3 36.2
0 2900.963 9 3.3 36.2
0 2900.968 200 3.3 36.2
0 2901.087 8 3.3 36.2
0 2901.192 10 3.3 36.2
0 2901.284 11 3.3 36.2
0 2901.386 10 3.3 36.2
0 2901.484 10 3.3 36.2
0 2901.588 10 3.3 36.2
0 2901.686 10 3.3 36.2
0 2901.791 10 3.3 36.2
0 2901.914 8 3.3 36.2
0 2902.084 6 3.3 36.2
0 2902.09 162 3.3 36.2
0 2902.209 8 3.3 36.2
0 2902.311 10 3.3 36.2
0 2902.407 10 3.3 36.2
0 2902.51 10 3.3 36.2
0 2902.609 10 3.3 36.2
0 2902.691 12 3.3 36.2
0 2902.85 6 3.3 36.2
0 2902.965 9 3.3 36.2
0 2903.029 16 3.3 36.2
0 2903.104 13 3.3 36.2
0 2903.209 9 3.3 36.2
0 2903.307 10 3.3 36.2
0 2903.409 10 3.3 36.2
0 2903.506 10 3.3 36.2
0 2903.609 10 3.3 36.2
0 2903.707 10 3.3 36.2
0 2903.809 10 3.3 36.2
0 2903.902 11 3.3 36.2
0 2904.101 5 3.3 36.2
0 2904.114 73 3.3 36.2
0 2904.22 9 3.3 36.2
0 2904.324 10 3.3 36.2
0 2904.422 10 3.3 36.2
0 2904.571 7 3.3 36.2
0 2904.616 22 3.3 36.2
0 2904.721 9 3.3 36.2
0 2904.824 10 3.3 36.2
0 2904.918 11 3.3 36.2
0 2905.021 10 3.3 36.2
0 2905.13 9 3.3 36.2
0 2905.254 8 3.3 36.2
0 2905.315 17 3.3 36.2
0 2905.422 9 3.3 36.2
0 2905.525 10 3.3 36.2
0 2905.616 11 3.3 36.2
0 2905.711 11 3.3 36.2
0 2905.825 9 3.3 36.2
0 2905.909 12 3.3 36.2
0 2906.027 8 3.3 36.2
0 2906.156 8 3.3 36.2
0 2906.211 18 3.3 36.2
0 2906.308 10 3.3 36.2
0 2906.41 10 3.3 36.2
0 2906.514 10 3.3 36.2
0 2906.623 9 3.3 36.2
0 2906.732 9 3.3 36.2
0 2906.822 11 3.3 36.2
0 2907.009 5 3.3 36.2
0 2907.014 212 3.3 36.2
0 2907.168 6 3.3 36.2
0 2907.236 15 3.3 36.2
0 2907.327 11 3.3 36.2
0 2907.429 10 3.3 36.2
0 2907.532 10 3.3 36.2
0 2907.631 10 3.3 36.2
0 2907.739 9 3.3 36.2
0 2907.865 8 3.3 36.2
0 2907.931 15 3.3 36.2
0 2908.069 7 3.3 36.2
0 2908.191 8 3.3 36.2
0 2908.236 22 3.3 36.2
0 2908.333 10 3.3 36.2
0 2908.432 10 3.3 36.2
0 2908.534 10 3.3 36.2
0 2908.632 10 3.3 36.2
0 2908.74 9 3.3 36.2
0 2908.835 11 3.3 36.2
0 2908.991 6 3.3 36.2
0 2909.028 27 3.3 36.2
0 2909.134 9 3.3 36.2
0 2909.241 9 3.3 36.2
0 2909.333 11 3.3 36.2
0 2909.435 10 3.3 36.2
0 2909.533 10 3.3 36.2
0 2909.669 7 3.3 36.2
0 2909.734 15 3.3 36.2
0 2909.841 9 3.3 36.2
0 2909.937 10 3.3 36.2
0 2910.032 11 3.3 36.2
0 2910.194 6 3.3 36.2
0 2910.269 13 3.3 36.2
0 2910.333 16 3.3 36.2
0 2910.445 9 3.3 36.2
0 2910.531 12 3.3 36.2
0 2910.632 10 3.3 36.2
0 2910.737 10 3.3 36.2
0 2910.87 8 3.3 36.2
0 2911.008 7 3.3 36.2
0 2911.067 17 3.3 36.2
0 2911.137 14 3.3 36.2
0 2911.24 10 3.3 36.2
0 2911.338 10 3.3 36.2
0 2911.435 10 3.3 36.2
0 2911.547 9 3.3 36.2
0 2911.638 11 3.3 36.2
0 2911.742 10 3.3 36.2
0 2911.839 10 3.3 36.2
0 2911.938 10 3.3 36.2
0 2912.077 7 3.3 36.2
0 2912.241 6 3.3 36.2
0 2912.248 149 3.3 36.2
0 2912.349 10 3.3 36.2
0 2912.463 9 3.3 36.2
0 2912.563 10 3.3 36.2
0 2912.675 9 3.3 36.2
0 2912.768 11 3.3 36.2
0 2912.895 8 3.3 36.2
0 2913.026 8 3.3 36.2
0 2913.101 13 3.3 36.2
0 2913.164 16 3.3 36.2
0 2913.275 9 3.7 36.2
0 2913.351 13 3.7 36.2
0 2913.466 9 3.7 36.2
0 2913.566 10 3.7 36.2
0 2913.667 10 3.7 36.2
0 2913.778 9 3.7 36.2
0 2913.867 11 3.7 36.2
0 2913.964 10 3.7 36.2
0 2914.068 10 3.7 36.2
0 2914.228 6 3.7 36.2
0 2914.263 28 3.7 36.2
0 2914.369 9 3.7 36.2
0 2914.45 12 3.7 36.2
0 2914.568 9 3.7 36.2
0 2914.668 10 3.7 36.2
0 2914.769 10 3.7 36.2
0 2914.87 10 3.7 36.2
0 2915.077 5 3.7 36.2
0 2915.092 68 3.7 36.2
0 2915.202 9 3.7 36.2
0 2915.301 10 3.7 36.2
0 2915.399 10 3.7 36.2
0 2915.489 11 3.7 36.2
0 2915.603 9 3.7 36.2
0 2915.702 10 3.7 36.2
0 2915.802 10 3.7 36.2
0 2915.892 11 3.7 36.2
0 2916.012 8 3.7 36.2
0 2916.102 11 3.7 36.2
0 2916.264 6 3.7 36.2
0 2916.299 28 3.7 36.2
0 2916.385 12 3.7 36.2
0 2916.503 8 3.7 36.2
0 2916.606 10 3.7 36.2
0 2916.703 10 3.7 36.2
0 2916.803 10 3.7 36.2
0 2916.9 10 3.7 36.2
0 2917.115 5 3.7 36.2
0 2917.128 73 3.7 36.2
0 2917.238 9 3.7 36.2
0 2917.338 10 3.7 36.2
0 2917.436 10 3.7 36.2
0 2917.537 10 3.7 36.2
0 2917.65 9 3.7 36.2
0 2917.735 12 3.7 36.2
0 2917.839 10 3.7 36.2
0 2917.922 12 3.7 36.2
0 2918.024 10 3.7 36.2
0 2918.15 8 3.7 36.2
0 2918.247 10 3.7 36.2
0 2918.34 11 3.7 36.2
0 2918.424 12 3.7 36.2
0 2918.538 9 3.7 36.2
0 2918.652 9 3.7 36.2
0 2918.74 11 3.7 36.2
0 2918.839 10 3.7 36.2
0 2918.937 10 3.7 36.2
0 2919.156 5 3.7 36.2
0 2919.166 92 3.7 36.2
0 2919.278 9 3.7 36.2
0 2919.367 11 3.7 36.2
0 2919.479 9 3.7 36.2
0 2919.577 10 3.7 36.2
0 2919.763 5 3.7 36.2
0 2919.774 92 3.7 36.2
0 2919.888 9 3.7 36.2
0 2919.989 10 3.7 36.2
0 2920.088 10 3.7 36.2
0 2920.195 9 3.7 36.2
0 2920.353 6 3.7 36.2
0 2920.383 33 3.7 36.2
0 2920.49 9 3.7 36.2
0 2920.588 10 3.7 36.2
0 2920.699 9 3.7 36.2
0 2920.784 12 3.7 36.2
0 2920.894 9 3.7 36.2
0 2920.986 11 3.7 36.2
0 2921.206 5 3.7 36.2
0 2921.22 73 3.7 36.2
0 2921.332 9 3.7 36.2
0 2921.432 10 3.7 36.2
0 2921.531 10 3.7 36.2
0 2921.633 10 3.7 36.2
0 2921.74 9 3.7 36.2
0 2921.89 7 3.7 36.2
0 2921.927 27 3.7 36.2
0 2922.038 9 3.7 36.2
0 2922.134 10 3.7 36.2
0 2922.241 9 3.7 36.2
0 2922.348 9 3.7 36.2
0 2922.432 12 3.7 36.2
0 2922.533 10 3.7 36.2
0 2922.616 12 3.7 36.2
0 2922.743 8 3.7 36.2
0 2922.834 11 3.7 36.2
0 2922.933 10 3.7 36.2
0 2923.033 10 3.7 36.2
0 2923.255 5 3.7 36.2
0 2923.268 74 3.7 36.2
0 2923.387 8 3.3 36.2
0 2923.474 12 3.3 36.2
0 2923.566 11 3.3 36.2
0 2923.682 9 3.3 36.2
0 2923.795 9 3.3 36.2
0 2923.927 8 3.3 36.2
0 2923.963 28 3.3 36.2
0 2924.081 8 3.3 36.2
0 2924.183 10 3.3 36.2
0 2924.295 9 3.3 36.2
0 2924.433 7 3.3 36.2
0 2924.51 13 3.3 36.2
0 2924.579 15 3.3 36.2
0 2924.684 9 3.3 36.2
0 2924.8 9 3.3 36.2
0 2924.866 15 3.3 36.2
0 2924.985 8 3.3 36.2
0 2925.081 10 3.3 36.2
0 2925.289 5 3.3 36.2
0 2925.314 39 3.3 36.2
0 2925.454 7 3.3 36.2
0 2925.514 17 3.3 36.2
0 2925.598 12 3.3 36.2
0 2925.719 8 3.3 36.2
0 2925.831 9 3.3 36.2
0 2925.969 7 3.3 36.2
0 2925.998 34 3.3 36.2
0 2926.117 8 3.3 36.2
0 2926.218 10 3.3 36.2
0 2926.333 9 3.3 36.2
0 2926.463 8 3.3 36.2
0 2926.517 18 3.3 36.2
0 2926.667 7 3.3 36.2
0 2926.716 20 3.3 36.2
0 2926.835 8 3.3 36.2
0 2926.918 12 3.3 36.2
0 2927.011 11 3.3 36.2
0 2927.117 9 3.3 36.2
0 2927.346 4 3.3 36.2
0 2927.358 81 3.3 36.2
0 2927.533 6 3.3 36.2
0 2927.57 27 3.3 36.2
0 2927.671 10 3.3 36.2
0 2927.773 10 3.3 36.2
0 2927.867 11 3.3 36.2
0 2928.035 6 3.3 36.2
0 2928.069 29 3.3 36.2
0 2928.172 10 3.3 36.2
0 2928.273 10 3.3 36.2
0 2928.358 12 3.3 36.2
0 2928.545 5 3.3 36.2
0 2928.564 52 3.3 36.2
0 2928.733 6 3.3 36.2
0 2928.774 24 3.3 36.2
0 2928.863 11 3.3 36.2
0 2928.977 9 3.3 36.2
0 2929.082 10 3.3 36.2
0 2929.17 11 3.3 36.2
0 2929.274 10 3.3 36.2
0 2929.364 11 3.3 36.2
0 2929.542 6 3.3 36.2
0 2929.577 29 3.3 36.2
0 2929.685 9 3.3 36.2
0 2929.776 11 3.3 36.2
0 2929.871 11 3.3 36.2
0 2930.035 6 3.3 36.2
0 2930.071 28 3.3 36.2
0 2930.183 9 3.3 36.2
0 2930.275 11 3.3 36.2
0 2930.391 9 3.3 36.2
0 2930.54 7 3.3 36.2
0 2930.572 31 3.3 36.2
0 2930.742 6 3.3 36.2
0 2930.768 39 3.3 36.2
0 2930.867 10 3.3 36.2
0 2930.973 9 3.3 36.2
0 2931.079 9 3.3 36.2
0 2931.175 10 3.3 36.2
0 2931.285 9 3.3 36.2
0 2931.364 13 3.3 36.2
0 2931.475 9 3.3 36.2
0 2931.681 5 3.3 36.2
0 2931.707 38 3.3 36.2
0 2931.817 9 3.3 36.2
0 2931.894 13 3.3 36.2
0 2932.001 9 3.3 36.2
0 2932.108 9 3.3 36.2
0 2932.211 10 3.3 36.2
0 2932.318 9 3.3 36.2
0 2932.45 8 3.3 36.2
0 2932.571 8 3.3 36.2
0 2932.607 28 3.3 36.2
0 2932.774 6 3.3 36.2
0 2932.807 31 3.3 36.2
0 2932.911 10 3.3 36.2
0 2933.012 10 3.3 36.2
0 2933.113 10 3.3 36.2
0 2933.285 6 3.3 36.2
0 2933.308 45 3.3 36.2
0 2933.411 10 3.8 36.2
0 2933.516 9 3.8 36.2
0 2933.722 5 3.8 36.2
0 2933.75 37 3.8 36.2
0 2933.858 9 3.8 36.2
0 2933.959 10 3.8 36.2
0 2934.113 7 3.8 36.2
0 2934.147 29 3.8 36.2
0 2934.251 10 3.8 36.2
0 2934.357 9 3.8 36.2
0 2934.451 11 3.8 36.2
0 2934.68 4 3.8 36.2
0 2934.69 102 3.8 36.2
0 2934.814 8 3.8 36.2
0 2934.918 10 3.8 36.2
0 2935.009 11 3.8 36.2
0 2935.111 10 3.8 36.2
0 2935.254 7 3.8 36.2
0 2935.371 9 3.8 36.2
0 2935.437 15 3.8 36.2
0 2935.514 13 3.8 36.2
0 2935.613 10 3.8 36.2
0 2935.817 5 3.8 36.2
0 2935.853 27 3.8 36.2
0 2935.941 11 3.8 36.2
0 2936.037 10 3.8 36.2
0 2936.211 6 3.8 36.2
0 2936.246 29 3.8 36.2
0 2936.359 9 3.8 36.2
0 2936.433 13 3.8 36.2
0 2936.56 8 3.8 36.2
0 2936.826 4 3.8 36.2
0 2936.923 10 3.8 36.2
0 2936.951 35 3.8 36.2
0 2937.091 7 3.8 36.2
0 2937.161 14 3.8 36.2
0 2937.368 5 3.8 36.2
0 2937.377 105 3.8 36.2
0 2937.506 8 3.8 36.2
0 2937.584 13 3.8 36.2
0 2937.704 8 3.8 36.2
0 2937.888 5 3.8 36.2
0 2937.898 98 3.8 36.2
0 2938.029 8 3.8 36.2
0 2938.1 14 3.8 36.2
0 2938.285 5 3.8 36.2
0 2938.321 28 3.8 36.2
0 2938.422 10 3.8 36.2
0 2938.538 9 3.8 36.2
0 2938.63 11 3.8 36.2
0 2938.876 4 3.8 36.2
0 2939.007 8 3.8 36.2
0 2939.026 53 3.8 36.2
0 2939.221 5 3.8 36.2
0 2939.248 38 3.8 36.2
0 2939.467 5 3.8 36.2
0 2939.483 65 3.8 36.2
0 2939.601 8 3.8 36.2
0 2939.714 9 3.8 36.2
0 2939.91 5 3.8 36.2
0 2939.919 102 3.8 36.2
0 2940.048 8 3.8 36.2
0 2940.147 10 3.8 36.2
0 2940.304 6 3.8 36.2
0 2940.321 58 3.8 36.2
0 2940.488 6 3.8 36.2
0 2940.534 22 3.8 36.2
0 2940.642 9 3.8 36.2
0 2940.932 3 3.8 36.2
0 2941.064 8 3.8 36.2
0 2941.075 86 3.8 36.2
0 2941.247 6 3.8 36.2
0 2941.296 21 3.8 36.2
0 2941.518 4 3.8 36.2
0 2941.536 55 3.8 36.2
0 2941.637 10 3.8 36.2
0 2941.771 7 3.8 36.2
0 2941.979 5 3.8 36.2
0 2942.017 26 3.8 36.2
0 2942.115 10 3.8 36.2
0 2942.237 8 3.8 36.2
0 2942.394 6 3.8 36.2
0 2942.422 36 3.8 36.2
0 2942.559 7 3.8 36.2
0 2942.632 14 3.8 36.2
0 2942.751 8 3.8 36.2
0 2942.995 4 3.8 36.2
0 2943.147 7 3.8 36.2
0 2943.186 26 3.8 36.2
0 2943.367 5 3.8 36.2
0 2943.508 7 4.1 36.2
0 2943.527 53 4.1 36.2
0 2943.669 7 4.1 36.2
0 2943.748 13 4.1 36.2
0 2943.864 9 4.1 36.2
0 2944.122 4 4.1 36.2
0 2944.142 51 4.1 36.2
0 2944.284 7 4.1 36.2
0 2944.472 5 4.1 36.2
0 2944.521 20 4.1 36.2
0 2944.623 10 4.1 36.2
0 2944.726 10 4.1 36.2
0 2944.832 9 4.1 36.2
0 2945.096 4 4.1 36.2
0 2945.256 6 4.1 36.2
0 2945.289 30 4.1 36.2
0 2945.646 3 4.1 36.2
0 2945.664 55 4.1 36.2
0 2945.801 7 4.1 36.2
0 2945.878 13 4.1 36.2
0 2945.997 8 4.1 36.2
0 2946.106 9 4.1 36.2
0 2946.175 15 4.1 36.2
0 2946.303 8 4.1 36.2
0 2946.497 5 4.1 36.2
0 2946.538 25 4.1 36.2
0 2946.66 8 4.1 36.2
0 2946.752 11 4.1 36.2
0 2946.85 10 4.1 36.2
0 2947.153 3 4.1 36.2
0 2947.302 7 4.1 36.2
0 2947.316 71 4.1 36.2
0 2947.609 3 4.1 36.2
0 2947.7 11 4.1 36.2
0 2947.744 23 4.1 36.2
0 2947.855 9 4.1 36.2
0 2947.947 11 4.1 36.2
0 2948.047 10 4.1 36.2
0 2948.147 10 4.1 36.2
0 2948.248 10 4.1 36.2
0 2948.35 10 4.1 36.2
0 2948.563 5 4.1 36.2
0 2948.59 37 4.1 36.2
0 2948.681 11 4.1 36.2
0 2948.804 8 4.1 36.2
0 2948.879 13 4.1 36.2
0 2949.187 3 4.1 36.2
0 2949.201 70 4.1 36.2
0 2949.324 8 4.1 36.2
0 2949.399 13 4.1 36.2
0 2949.816 2 4.1 36.2
0 2949.849 30 4.1 36.2
0 2949.953 10 4.1 36.2
0 2950.051 10 4.1 36.2
0 2950.153 10 4.1 36.2
0 2950.255 10 4.1 36.2
0 2950.353 10 4.1 36.2
0 2950.554 5 4.1 36.2
0 2950.584 33 4.1 36.2
0 2950.694 9 4.1 36.2
0 2950.79 10 4.1 36.2
0 2950.883 11 4.1 36.2
0 2950.986 10 4.1 36.2
0 2951.083 10 4.1 36.2
0 2951.179 10 4.1 36.2
0 2951.377 5 4.1 36.2
0 2951.387 104 4.1 36.2
0 2951.51 8 4.1 36.2
0 2951.915 2 4.1 36.2
0 2951.948 31 4.1 36.2
0 2952.1 7 4.1 36.2
0 2952.142 24 4.1 36.2
0 2952.254 9 4.1 36.2
0 2952.353 10 4.1 36.2
0 2952.574 5 4.1 36.2
0 2952.585 90 4.1 36.2
0 2952.762 6 4.1 36.2
0 2952.796 30 4.1 36.2
0 2952.885 11 4.1 36.2
0 2953.015 8 4.1 36.2
0 2953.227 5 4.1 36.2
0 2953.237 103 4.1 36.2
0 2953.471 4 4.1 36.2
0 2953.487 60 4.1 36.2
0 2953.609 8 4.2 36.2
0 2953.998 3 4.2 36.2
0 2954.01 85 4.2 36.2
0 2954.128 9 4.2 36.2
0 2954.297 6 4.2 36.2
0 2954.308 95 4.2 36.2
0 2954.434 8 4.2 36.2
0 2954.617 5 4.2 36.2
0 2954.64 43 4.2 36.2
0 2954.748 9 4.2 36.2
0 2954.854 9 4.2 36.2
0 2955.005 7 4.2 36.2
0 2955.044 26 4.2 36.2
0 2955.264 5 4.2 36.2
0 2955.279 70 4.2 36.2
0 2955.376 10 4.2 36.2
0 2955.499 8 4.2 36.2
0 2955.604 9 4.2 36.2
0 2955.7 10 4.2 36.2
0 2956.143 2 4.2 36.2
0 2956.171 35 4.2 36.2
0 2956.279 9 4.2 36.2
0 2956.377 10 4.2 36.2
0 2956.479 10 4.2 36.2
0 2956.697 5 4.2 36.2
0 2956.721 40 4.2 36.2
0 2956.83 9 4.2 36.2
0 2956.932 10 4.2 36.2
0 2957.032 10 4.2 36.2
0 2957.188 6 4.2 36.2
0 2957.315 8 4.2 36.2
0 2957.332 60 4.2 36.2
0 2957.451 8 4.2 36.2
0 2957.552 10 4.2 36.2
0 2957.625 14 4.2 36.2
0 2957.808 5 4.2 36.2
0 2958.184 3 4.2 36.2
0 2958.216 31 4.2 36.2
0 2958.321 10 4.2 36.2
0 2958.397 13 4.2 36.2
0 2958.524 8 4.2 36.2
0 2958.73 5 4.2 36.2
0 2958.741 97 4.2 36.2
0 2958.872 8 4.2 36.2
0 2958.964 11 4.2 36.2
0 2959.07 9 4.2 36.2
0 2959.166 10 4.2 36.2
0 2959.428 4 4.2 36.2
0 2959.438 98 4.2 36.2
0 2959.565 8 4.2 36.2
0 2959.659 11 4.2 36.2
0 2959.749 11 4.2 36.2
0 2959.982 4 4.2 36.2
0 2960.276 3 4.2 36.2
0 2960.31 30 4.2 36.2
0 2960.397 11 4.2 36.2
0 2960.514 9 4.2 36.2
0 2960.612 10 4.2 36.2
0 2960.825 5 4.2 36.2
0 2960.853 36 4.2 36.2
0 2960.956 10 4.2 36.2
0 2961.061 9 4.2 36.2
0 2961.16 10 4.2 36.2
0 2961.258 10 4.2 36.2
0 2961.46 5 4.2 36.2
0 2961.487 36 4.2 36.2
0 2961.595 9 4.2 36.2
0 2961.691 10 4.2 36.2
0 2961.789 10 4.2 36.2
0 2962.075 4 4.2 36.2
0 2962.328 4 4.2 36.2
0 2962.42 11 4.2 36.2
0 2962.444 42 4.2 36.2
0 2962.565 8 4.2 36.2
0 2962.659 11 4.2 36.2
0 2962.819 6 4.2 36.2
0 2962.847 36 4.2 36.2
0 2962.961 9 4.2 36.2
0 2963.067 9 4.2 36.2
0 2963.174 9 4.2 36.2
0 2963.266 11 4.2 36.2
0 2963.463 5 4.2 36.2
0 2963.482 53 4.2 36.2
0 2963.598 9 4.2 36.2
0 2963.689 11 3.9 36.2
0 2963.798 9 3.9 36.2
0 2964.015 5 3.9 36.2
0 2964.101 12 3.9 36.2
0 2964.361 4 3.9 36.2
0 2964.44 13 3.9 36.2
0 2964.485 22 3.9 36.2
0 2964.594 9 3.9 36.2
0 2964.692 10 3.9 36.2
0 2964.775 12 3.9 36.2
0 2964.878 10 3.9 36.2
0 2964.979 10 3.9 36.2
0 2965.155 6 3.9 36.2
0 2965.169 74 3.9 36.2
0 2965.291 8 3.9 36.2
0 2965.564 4 3.9 36.2
0 2965.57 172 3.9 36.2
0 2965.698 8 3.9 36.2
0 2965.79 11 3.9 36.2
0 2965.877 11 3.9 36.2
0 2966.165 3 3.9 36.2
0 2966.183 57 3.9 36.2
0 2966.403 5 3.9 36.2
0 2966.426 44 3.9 36.2
0 2966.53 10 3.9 36.2
0 2966.631 10 3.9 36.2
0 2966.722 11 3.9 36.2
0 2966.834 9 3.9 36.2
0 2966.931 10 3.9 36.2
0 2967.03 10 3.9 36.2
0 2967.132 10 3.9 36.2
0 2967.233 10 3.9 36.2
0 2967.332 10 3.9 36.2
0 2967.484 7 3.9 36.2
0 2967.524 25 3.9 36.2
0 2967.703 6 3.9 36.2
0 2967.711 125 3.9 36.2
0 2967.954 4 3.9 36.2
0 2967.961 154 3.9 36.2
0 2968.255 3 3.9 36.2
0 2968.273 57 3.9 36.2
0 2968.484 5 3.9 36.2
0 2968.514 33 3.9 36.2
0 2968.611 10 3.9 36.2
0 2968.713 10 3.9 36.2
0 2968.8 11 3.9 36.2
0 2968.908 9 3.9 36.2
0 2969.019 9 3.9 36.2
0 2969.111 11 3.9 36.2
0 2969.214 10 3.9 36.2
0 2969.313 10 3.9 36.2
0 2969.47 6 3.9 36.2
0 2969.503 30 3.9 36.2
0 2969.603 10 3.9 36.2
0 2969.714 9 3.9 36.2
0 2969.814 10 3.9 36.2
0 2969.896 12 3.9 36.2
0 2970.004 9 3.9 36.2
0 2970.344 3 3.9 36.2
0 2970.353 112 3.9 36.2
0 2970.576 4 3.9 36.2
0 2970.654 13 3.9 36.2
0 2970.765 9 3.9 36.2
0 2970.788 43 3.9 36.2
0 2970.905 9 3.9 36.2
0 2970.995 11 3.9 36.2
0 2971.099 10 3.9 36.2
0 2971.202 10 3.9 36.2
0 2971.301 10 3.9 36.2
0 2971.407 9 3.9 36.2
0 2971.501 11 3.9 36.2
0 2971.6 10 3.9 36.2
0 2971.703 10 3.9 36.2
0 2971.802 10 3.9 36.2
0 2971.9 10 3.9 36.2
0 2972.006 9 3.9 36.2
0 2972.099 11 3.9 36.2
0 2972.204 10 3.9 36.2
0 2972.362 6 3.9 36.2
0 2972.385 43 3.9 36.2
0 2972.676 3 3.9 36.2
0 2972.766 11 3.9 36.2
0 2972.784 57 3.9 36.2
0 2972.998 5 3.9 36.2
0 2973.002 233 3.9 36.2
0 2973.123 8 3.9 36.2
0 2973.218 11 3.9 36.2
0 2973.319 10 3.9 36.2
0 2973.403 12 3.9 36.2
0 2973.519 9 3.9 36.2
0 2973.624 10 3.9 36.2
0 2973.719 10 3.6 36.2
0 2973.819 10 3.6 36.2
0 2973.914 10 3.6 36.2
0 2974.018 10 3.6 36.2
0 2974.125 9 3.6 36.2
0 2974.22 11 3.6 36.2
0 2974.376 6 3.6 36.2
0 2974.488 9 3.6 36.2
0 2974.505 61 3.6 36.2
0 2974.627 8 3.6 36.2
0 2974.738 9 3.6 36.2
0 2974.845 9 3.6 36.2
0 2974.938 11 3.6 36.2
0 2975.041 10 3.6 36.2
0 2975.196 6 3.6 36.2
0 2975.215 55 3.6 36.2
0 2975.341 8 3.6 36.2
0 2975.44 10 3.6 36.2
0 2975.543 10 3.6 36.2
0 2975.704 6 3.6 36.2
0 2975.771 15 3.6 36.2
0 2975.838 15 3.6 36.2
0 2976.013 6 3.6 36.2
0 2976.026 74 3.6 36.2
0 2976.154 8 3.6 36.2
0 2976.257 10 3.6 36.2
0 2976.417 6 3.6 36.2
0 2976.448 31 3.6 36.2
0 2976.557 9 3.6 36.2
0 2976.644 11 3.6 36.2
0 2976.762 9 3.6 36.2
0 2976.855 11 3.6 36.2
0 2976.95 11 3.6 36.2
0 2977.051 10 3.6 36.2
0 2977.151 10 3.6 36.2
0 2977.253 10 3.6 36.2
0 2977.368 9 3.6 36.2
0 2977.46 11 3.6 36.2
0 2977.559 10 3.6 36.2
0 2977.662 10 3.6 36.2
0 2977.829 6 3.6 36.2
0 2977.843 72 3.6 36.2
0 2978.075 4 3.6 36.2
0 2978.087 79 3.6 36.2
0 2978.22 8 3.6 36.2
0 2978.307 11 3.6 36.2
0 2978.453 7 3.6 36.2
0 2978.511 17 3.6 36.2
0 2978.624 9 3.6 36.2
0 2978.721 10 3.6 36.2
0 2978.816 11 3.6 36.2
0 2978.897 12 3.6 36.2
0 2979.013 9 3.6 36.2
0 2979.113 10 3.6 36.2
0 2979.219 9 3.6 36.2
0 2979.32 10 3.6 36.2
0 2979.392 14 3.6 36.2
0 2979.581 5 3.6 36.2
0 2979.594 74 3.6 36.2
0 2979.725 8 3.6 36.2
0 2979.821 10 3.6 36.2
0 2979.921 10 3.6 36.2
0 2980.008 11 3.6 36.2
0 2980.124 9 3.6 36.2
0 2980.281 6 3.6 36.2
0 2980.295 72 3.6 36.2
0 2980.402 9 3.6 36.2
0 2980.571 6 3.6 36.2
0 2980.612 24 3.6 36.2
0 2980.85 4 3.6 36.2
0 2980.863 73 3.6 36.2
0 2981.057 5 3.6 36.2
0 2981.07 75 3.6 36.2
0 2981.198 8 3.6 36.2
0 2981.297 10 3.6 36.2
0 2981.388 11 3.6 36.2
0 2981.497 9 3.6 36.2
0 2981.599 10 3.6 36.2
0 2981.701 10 3.6 36.2
0 2981.801 10 3.6 36.2
0 2981.89 11 3.6 36.2
0 2981.998 9 3.6 36.2
0 2982.095 10 3.6 36.2
0 2982.206 9 3.6 36.2
0 2982.294 11 3.6 36.2
0 2982.388 11 3.6 36.2
0 2982.502 9 3.6 36.2
0 2982.668 6 3.6 36.2
0 2982.71 24 3.6 36.2
0 2982.865 6 3.6 36.2
0 2982.883 56 3.6 36.2
0 2983.122 4 3.6 36.2
0 2983.135 76 3.6 36.2
0 2983.266 8 3.6 36.2
0 2983.366 10 3.6 36.2
0 2983.493 8 3.6 36.2
0 2983.538 22 3.6 36.2
0 2983.649 9 3.6 36.2
0 2983.743 11 4.1 36.2
0 2983.844 10 4.1 36.2
0 2983.942 10 4.1 36.2
0 2984.043 10 4.1 36.2
0 2984.151 9 4.1 36.2
0 2984.243 11 4.1 36.2
0 2984.343 10 4.1 36.2
0 2984.445 10 4.1 36.2
0 2984.613 6 4.1 36.2
0 2984.748 7 4.1 36.2
0 2984.759 89 4.1 36.2
0 2984.867 9 4.1 36.2
0 2984.968 10 4.1 36.2
0 2985.069 10 4.1 36.2
0 2985.167 10 4.1 36.2
0 2985.342 6 4.1 36.2
0 2985.355 72 4.1 36.2
0 2985.465 9 4.1 36.2
0 2985.57 10 4.1 36.2
0 2985.668 10 4.1 36.2
0 2985.899 4 4.1 36.2
0 2985.904 182 4.1 36.2
0 2986.087 5 4.1 36.2
0 2986.108 48 4.1 36.2
0 2986.219 9 4.1 36.2
0 2986.307 11 4.1 36.2
0 2986.428 8 4.1 36.2
0 2986.519 11 4.1 36.2
0 2986.669 7 4.1 36.2
0 2986.83 6 4.1 36.2
0 2986.841 86 4.1 36.2
0 2986.96 8 4.1 36.2
0 2987.056 10 4.1 36.2
0 2987.154 10 4.1 36.2
0 2987.256 10 4.1 36.2
0 2987.353 10 4.1 36.2
0 2987.453 10 4.1 36.2
0 2987.566 9 4.1 36.2
0 2987.654 11 4.1 36.2
0 2987.757 10 4.1 36.2
0 2987.878 8 4.1 36.2
0 2987.969 11 4.1 36.2
0 2988.173 5 4.1 36.2
0 2988.187 72 4.1 36.2
0 2988.325 7 4.1 36.2
0 2988.417 11 4.1 36.2
0 2988.571 7 4.1 36.2
0 2988.595 42 4.1 36.2
0 2988.799 5 4.1 36.2
0 2988.934 7 4.1 36.2
0 2988.948 72 4.1 36.2
0 2989.08 8 4.1 36.2
0 2989.185 10 4.1 36.2
0 2989.286 10 4.1 36.2
0 2989.385 10 4.1 36.2
0 2989.485 10 4.1 36.2
0 2989.641 6 4.1 36.2
0 2989.656 68 4.1 36.2
0 2989.796 7 4.1 36.2
0 2989.887 11 4.1 36.2
0 2989.99 10 4.1 36.2
0 2990.092 10 4.1 36.2
0 2990.191 10 4.1 36.2
0 2990.29 10 4.1 36.2
0 2990.431 7 4.1 36.2
0 2990.465 29 4.1 36.2
0 2990.591 8 4.1 36.2
0 2990.695 10 4.1 36.2
0 2990.855 6 4.1 36.2
0 2991.183 3 4.1 36.2
0 2991.198 68 4.1 36.2
0 2991.333 7 4.1 36.2
0 2991.401 15 4.1 36.2
0 2991.522 8 4.1 36.2
0 2991.604 12 4.1 36.2
0 2991.728 8 4.1 36.2
0 2991.833 10 4.1 36.2
0 2991.928 10 4.1 36.2
0 2992.025 10 4.1 36.2
0 2992.1 13 4.1 36.2
0 2992.222 8 4.1 36.2
0 2992.316 11 4.1 36.2
0 2992.4 12 4.1 36.2
0 2992.515 9 4.1 36.2
0 2992.603 11 4.1 36.2
0 2992.719 9 4.1 36.2
0 2992.888 6 4.1 36.2
0 2992.91 45 4.1 36.2
0 2993.123 5 4.1 36.2
0 2993.269 7 4.1 36.2
0 2993.284 69 4.1 36.2
0 2993.401 9 4.1 36.2
0 2993.508 9 4.1 36.2
0 2993.664 6 4.1 36.2
0 2993.689 41 4.1 36.2
0 2993.814 8 4.3 36.2
0 2993.892 13 4.3 36.2
0 2994.012 8 4.3 36.2
0 2994.11 10 4.3 36.2
0 2994.214 10 4.3 36.2
0 2994.307 11 4.3 36.2
0 2994.396 11 4.3 36.2
0 2994.485 11 4.3 36.2
0 2994.655 6 4.3 36.2
0 2994.685 33 4.3 36.2
0 2994.786 10 4.3 36.2
0 2994.957 6 4.3 36.2
0 2995.0 23 4.3 36.2
0 2995.221 5 4.3 36.2
0 2995.234 73 4.3 36.2
0 2995.357 8 4.3 36.2
0 2995.511 6 4.3 36.2
0 2995.542 33 4.3 36.2
0 2995.668 8 4.3 36.2
0 2995.772 10 4.3 36.2
0 2995.869 10 4.3 36.2
0 2996.02 7 4.3 36.2
0 2996.035 64 4.3 36.2
0 2996.281 4 4.3 36.2
0 2996.297 64 4.3 36.2
0 2996.401 10 4.3 36.2
0 2996.519 8 4.3 36.2
0 2996.628 9 4.3 36.2
0 2996.732 10 4.3 36.2
0 2996.832 10 4.3 36.2
0 2996.983 7 4.3 36.2
0 2997.012 35 4.3 36.2
0 2997.242 4 4.3 36.2
0 2997.264 46 4.3 36.2
0 2997.39 8 4.3 36.2
0 2997.488 10 4.3 36.2
0 2997.588 10 4.3 36.2
0 2997.69 10 4.3 36.2
0 2997.784 11 4.3 36.2
0 2997.889 9 4.3 36.2
0 2997.989 10 4.3 36.2
0 2998.086 10 4.3 36.2
0 2998.306 5 4.3 36.2
0 2998.321 68 4.3 36.2
0 2998.436 9 4.3 36.2
0 2998.538 10 4.3 36.2
0 2998.706 6 4.3 36.2
0 2998.721 64 4.3 36.2
0 2998.858 7 4.3 36.2
0 2999.023 6 4.3 36.2
0 2999.055 31 4.3 36.2
0 2999.277 5 4.3 36.2
0 2999.355 13 4.3 36.2
0 2999.395 25 4.3 36.2
0 2999.499 10 4.3 36.2
0 2999.681 5 4.3 36.2
0 2999.686 215 4.3 36.2
0 2999.801 9 4.3 36.2
0 2999.89 11 4.3 36.2
0 2999.995 9 4.3 36.2
0 3000.108 9 4.3 36.2
0 3000.201 11 4.3 36.2
0 3000.302 10 4.3 36.2
0 3000.387 12 4.3 36.2
0 3000.566 6 4.3 36.2
0 3000.595 35 4.3 36.2
0 3000.709 9 4.3 36.2
0 3000.803 11 4.3 36.2
0 3000.888 12 4.3 36.2
0 3001.328 2 4.3 36.2
0 3001.335 166 4.3 36.2
0 3001.446 9 4.3 36.2
0 3001.546 10 4.3 36.2
0 3001.652 9 4.3 36.2
0 3001.751 10 4.3 36.2
0 3001.859 9 4.3 36.2
0 3001.947 11 4.3 36.2
0 3002.049 10 4.3 36.2
0 3002.15 10 4.3 36.2
0 3002.253 10 4.3 36.2
0 3002.353 10 4.3 36.2
0 3002.454 10 4.3 36.2
0 3002.544 11 4.3 36.2
0 3002.65 9 4.3 36.2
0 3002.755 10 4.3 36.2
0 3002.852 10 4.3 36.2
0 3002.945 11 4.3 36.2
0 3003.055 9 4.3 36.2
0 3003.247 5 4.3 36.2
0 3003.383 7 4.3 36.2
0 3003.389 152 4.3 36.2
0 3003.504 9 4.3 36.2
0 3003.607 10 4.3 36.2
0 3003.776 6 4.3 36.2
0 3003.788 86 4.3 36.2
0 3003.891 10 3.9 36.2
0 3004.006 9 3.9 36.2
0 3004.188 5 3.9 36.2
0 3004.192 234 3.9 36.2
0 3004.384 5 3.9 36.2
0 3004.395 95 3.9 36.2
0 3004.509 9 3.9 36.2
0 3004.688 6 3.9 36.2
0 3004.695 148 3.9 36.2
0 3004.812 9 3.9 36.2
0 3004.915 10 3.9 36.2
0 3005.01 11 3.9 36.2
0 3005.106 10 3.9 36.2
0 3005.322 5 3.9 36.2
0 3005.333 91 3.9 36.2
0 3005.448 9 3.9 36.2
0 3005.606 6 3.9 36.2
0 3005.636 34 3.9 36.2
0 3005.741 9 3.9 36.2
0 3005.848 9 3.9 36.2
0 3005.949 10 3.9 36.2
0 3006.112 6 3.9 36.2
0 3006.131 53 3.9 36.2
0 3006.375 4 3.9 36.2
0 3006.381 154 3.9 36.2
0 3006.498 9 3.9 36.2
0 3006.594 11 3.9 36.2
0 3006.745 7 3.9 36.2
0 3006.796 20 3.9 36.2
0 3006.89 11 3.9 36.2
0 3007.004 9 3.9 36.2
0 3007.096 11 3.9 36.2
0 3007.194 10 3.9 36.2
0 3007.394 5 3.9 36.2
0 3007.404 99 3.9 36.2
0 3007.581 6 3.9 36.2
0 3007.613 32 3.9 36.2
0 3007.719 9 3.9 36.2
0 3007.811 11 3.9 36.2
0 3007.903 11 3.9 36.2
0 3008.024 8 3.9 36.2
0 3008.116 11 3.9 36.2
0 3008.219 10 3.9 36.2
0 3008.447 4 3.9 36.2
0 3008.453 172 3.9 36.2
0 3008.578 8 3.9 36.2
0 3008.671 11 3.9 36.2
0 3008.889 5 3.9 36.2
0 3008.895 176 3.9 36.2
0 3009.019 8 3.9 36.2
0 3009.116 10 3.9 36.2
0 3009.213 10 3.9 36.2
0 3009.496 4 3.9 36.2
0 3009.502 174 3.9 36.2
0 3009.768 4 3.9 36.2
0 3009.774 169 3.9 36.2
0 3009.887 9 3.9 36.2
0 3009.979 11 3.9 36.2
0 3010.076 10 3.9 36.2
0 3010.204 8 3.9 36.2
0 3010.293 11 3.9 36.2
0 3010.383 11 3.9 36.2
0 3010.494 9 3.9 36.2
0 3010.663 6 3.9 36.2
0 3010.674 91 3.9 36.2
0 3010.8 8 3.9 36.2
0 3010.952 7 3.9 36.2
0 3010.987 28 3.9 36.2
0 3011.151 6 3.9 36.2
0 3011.186 28 3.9 36.2
0 3011.426 4 3.9 36.2
0 3011.502 13 3.9 36.2
0 3011.544 24 3.9 36.2
0 3011.697 7 3.9 36.2
0 3011.753 18 3.9 36.2
0 3011.861 9 3.9 36.2
0 3011.955 11 3.9 36.2
0 3012.052 10 3.9 36.2
0 3012.133 12 3.9 36.2
0 3012.252 8 3.9 36.2
0 3012.355 10 3.9 36.2
0 3012.463 9 3.9 36.2
0 3012.55 12 3.9 36.2
0 3012.655 10 3.9 36.2
0 3012.755 10 3.9 36.2
0 3012.857 10 3.9 36.2
0 3012.98 8 3.9 36.2
0 3013.052 14 3.9 36.2
0 3013.152 10 3.9 36.2
0 3013.255 10 3.9 36.2
0 3013.618 3 3.9 36.2
0 3013.628 99 3.9 36.2
0 3013.848 5 3.9 36.2
0 3013.946 10 3.8 36.2
0 3013.953 140 3.8 36.2
0 3014.07 9 3.8 36.2
0 3014.175 10 3.8 36.2
0 3014.271 10 3.8 36.2
0 3014.374 10 3.8 36.2
0 3014.55 6 3.8 36.2
0 3014.555 204 3.8 36.2
0 3014.68 8 3.8 36.2
0 3014.827 7 3.8 36.2
0 3014.868 24 3.8 36.2
0 3015.029 6 3.8 36.2
0 3015.068 26 3.8 36.2
0 3015.18 9 3.8 36.2
0 3015.273 11 3.8 36.2
0 3015.374 10 3.8 36.2
0 3015.474 10 3.8 36.2
0 3015.57 10 3.8 36.2
0 3015.803 4 3.8 36.2
0 3015.815 89 3.8 36.2
0 3015.925 9 3.8 36.2
0 3016.028 10 3.8 36.2
0 3016.196 6 3.8 36.2
0 3016.209 77 3.8 36.2
0 3016.477 4 3.8 36.2
0 3016.483 177 3.8 36.2
0 3016.6 9 3.8 36.2
0 3016.693 11 3.8 36.2
0 3016.787 11 3.8 36.2
0 3016.893 9 3.8 36.2
0 3017.068 6 3.8 36.2
0 3017.096 35 3.8 36.2
0 3017.277 6 3.8 36.2
0 3017.283 167 3.8 36.2
0 3017.395 9 3.8 36.2
0 3017.503 9 3.8 36.2
0 3017.606 10 3.8 36.2
0 3017.701 11 3.8 36.2
0 3017.897 5 3.8 36.2
0 3017.904 153 3.8 36.2
0 3018.022 8 3.8 36.2
0 3018.127 10 3.8 36.2
0 3018.219 11 3.8 36.2
0 3018.32 10 3.8 36.2
0 3018.553 4 3.8 36.2
0 3018.559 188 3.8 36.2
0 3018.679 8 3.8 36.2
0 3018.774 11 3.8 36.2
0 3018.96 5 3.8 36.2
0 3018.965 207 3.8 36.2
0 3019.151 5 3.8 36.2
0 3019.185 29 3.8 36.2
0 3019.282 10 3.8 36.2
0 3019.381 10 3.8 36.2
0 3019.553 6 3.8 36.2
0 3019.566 78 3.8 36.2
0 3019.695 8 3.8 36.2
0 3019.87 6 3.8 36.2
0 3019.98 9 3.8 36.2
0 3019.995 63 3.8 36.2
0 3020.1 10 3.8 36.2
0 3020.212 9 3.8 36.2
0 3020.3 11 3.8 36.2
0 3020.393 11 3.8 36.2
0 3020.501 9 3.8 36.2
0 3020.6 10 3.8 36.2
0 3020.785 5 3.8 36.2
0 3020.789 223 3.8 36.2
0 3020.894 10 3.8 36.2
0 3021.002 9 3.8 36.2
0 3021.169 6 3.8 36.2
0 3021.28 9 3.8 36.2
0 3021.297 59 3.8 36.2
0 3021.524 4 3.8 36.2
0 3021.53 189 3.8 36.2
0 3021.644 9 3.8 36.2
0 3021.731 12 3.8 36.2
0 3021.848 8 3.8 36.2
0 3022.052 5 3.8 36.2
0 3022.066 69 3.8 36.2
0 3022.172 9 3.8 36.2
0 3022.352 6 3.8 36.2
0 3022.358 156 3.8 36.2
0 3022.472 9 3.8 36.2
0 3022.572 10 3.8 36.2
0 3022.672 10 3.8 36.2
0 3022.773 10 3.8 36.2
0 3022.884 9 3.8 36.2
0 3022.972 11 3.8 36.2
0 3023.073 10 3.8 36.2
0 3023.234 6 3.8 36.2
0 3023.27 28 3.8 36.2
0 3023.385 9 3.8 36.2
0 3023.599 5 3.8 36.2
0 3023.604 229 3.8 36.2
0 3023.721 9 3.8 36.2
0 3023.822 10 3.8 36.2
0 3023.987 6 3.7 36.2
0 3024.005 56 3.7 36.2
0 3024.118 9 3.7 36.2
0 3024.205 11 3.7 36.2
0 3024.321 9 3.7 36.2
0 3024.42 10 3.7 36.2
0 3024.614 5 3.7 36.2
0 3024.619 209 3.7 36.2
0 3024.736 9 3.7 36.2
0 3024.926 5 3.7 36.2
0 3024.932 166 3.7 36.2
0 3025.053 8 3.7 36.2
0 3025.153 10 3.7 36.2
0 3025.314 6 3.7 36.2
0 3025.347 30 3.7 36.2
0 3025.452 10 3.7 36.2
0 3025.558 9 3.7 36.2
0 3025.655 10 3.7 36.2
0 3025.831 6 3.7 36.2
0 3025.837 177 3.7 36.2
0 3025.956 8 3.7 36.2
0 3026.176 5 3.7 36.2
0 3026.196 51 3.7 36.2
0 3026.37 6 3.7 36.2
0 3026.382 82 3.7 36.2
0 3026.646 4 3.7 36.2
0 3026.654 131 3.7 36.2
0 3026.773 8 3.7 36.2
0 3026.871 10 3.7 36.2
0 3026.971 10 3.7 36.2
0 3027.073 10 3.7 36.2
0 3027.176 10 3.7 36.2
0 3027.38 5 3.7 36.2
0 3027.463 12 3.7 36.2
0 3027.491 36 3.7 36.2
0 3027.607 9 3.7 36.2
0 3027.712 10 3.7 36.2
0 3027.805 11 3.7 36.2
0 3027.897 11 3.7 36.2
0 3028.007 9 3.7 36.2
0 3028.243 4 3.7 36.2
0 3028.271 36 3.7 36.2
0 3028.385 9 3.7 36.2
0 3028.464 13 3.7 36.2
0 3028.731 4 3.7 36.2
0 3028.744 75 3.7 36.2
0 3028.878 7 3.7 36.2
0 3029.047 6 3.7 36.2
0 3029.06 76 3.7 36.2
0 3029.195 7 3.7 36.2
0 3029.396 5 3.7 36.2
0 3029.411 67 3.7 36.2
0 3029.545 7 3.7 36.2
0 3029.679 7 3.7 36.2
0 3029.734 18 3.7 36.2
0 3029.917 5 3.7 36.2
0 3029.933 63 3.7 36.2
0 3030.065 8 3.7 36.2
0 3030.159 11 3.7 36.2
0 3030.261 10 3.7 36.2
0 3030.366 9 3.7 36.2
0 3030.467 10 3.7 36.2
0 3030.561 11 3.7 36.2
0 3030.663 10 3.7 36.2
0 3030.762 10 3.7 36.2
0 3030.922 6 3.7 36.2
0 3030.927 214 3.7 36.2
0 3031.045 8 3.7 36.2
0 3031.143 10 3.7 36.2
0 3031.244 10 3.7 36.2
0 3031.689 2 3.7 36.2
0 3031.696 151 3.7 36.2
0 3031.809 9 3.7 36.2
0 3031.897 11 3.7 36.2
0 3032.01 9 3.7 36.2
0 3032.109 10 3.7 36.2
0 3032.222 9 3.7 36.2
0 3032.296 14 3.7 36.2
0 3032.488 5 3.7 36.2
0 3032.494 149 3.7 36.2
0 3032.605 9 3.7 36.2
0 3032.723 8 3.7 36.2
0 3032.797 14 3.7 36.2
0 3032.979 6 3.7 36.2
0 3033.0 46 3.7 36.2
0 3033.111 9 3.7 36.2
0 3033.217 9 3.7 36.2
0 3033.308 11 3.7 36.2
0 3033.398 11 3.7 36.2
0 3033.558 6 3.7 36.2
0 3033.763 5 3.7 36.2
0 3033.769 187 3.7 36.2
0 3033.89 8 3.7 36.2
0 3034.064 6 3.8 36.3
0 3034.078 73 3.8 36.3
0 3034.212 7 3.8 36.3
0 3034.291 13 3.8 36.3
0 3034.403 9 3.8 36.3
0 3034.511 9 3.8 36.3
0 3034.613 10 3.8 36.3
0 3034.778 6 3.8 36.3
0 3034.793 67 3.8 36.3
0 3034.982 5 3.8 36.3
0 3034.996 74 3.8 36.3
0 3035.131 7 3.8 36.3
0 3035.228 10 3.8 36.3
0 3035.332 10 3.8 36.3
0 3035.412 13 3.8 36.3
0 3035.531 8 3.8 36.3
0 3035.743 5 3.8 36.3
0 3035.764 48 3.8 36.3
0 3035.958 5 3.8 36.3
0 3035.971 74 3.8 36.3
0 3036.093 8 3.8 36.3
0 3036.182 11 3.8 36.3
0 3036.293 9 3.8 36.3
0 3036.468 6 3.8 36.3
0 3036.482 71 3.8 36.3
0 3036.75 4 3.8 36.3
0 3036.764 72 3.8 36.3
0 3036.869 10 3.8 36.3
0 3036.98 9 3.8 36.3
0 3037.075 11 3.8 36.3
0 3037.17 11 3.8 36.3
0 3037.269 10 3.8 36.3
0 3037.37 10 3.8 36.3
0 3037.563 5 3.8 36.3
0 3037.568 213 3.8 36.3
0 3037.79 5 3.8 36.3
0 3037.8 96 3.8 36.3
0 3037.98 6 3.8 36.3
0 3037.996 61 3.8 36.3
0 3038.117 8 3.8 36.3
0 3038.208 11 3.8 36.3
0 3038.298 11 3.8 36.3
0 3038.402 10 3.8 36.3
0 3038.514 9 3.8 36.3
0 3038.792 4 3.8 36.3
0 3038.796 247 3.8 36.3
0 3038.899 10 3.8 36.3
0 3039.103 5 3.8 36.3
0 3039.107 223 3.8 36.3
0 3039.218 9 3.8 36.3
0 3039.331 9 3.8 36.3
0 3039.414 12 3.8 36.3
0 3039.524 9 3.8 36.3
0 3039.627 10 3.8 36.3
0 3039.847 5 3.8 36.3
0 3039.853 165 3.8 36.3
0 3040.055 5 3.8 36.3
0 3040.06 199 3.8 36.3
0 3040.18 8 3.8 36.3
0 3040.274 11 3.8 36.3
0 3040.381 9 3.8 36.3
0 3040.476 11 3.8 36.3
0 3040.576 10 3.8 36.3
0 3040.681 9 3.8 36.3
0 3040.776 11 3.8 36.3
0 3040.958 5 3.8 36.3
0 3040.962 248 3.8 36.3
0 3041.081 8 3.8 36.3
0 3041.183 10 3.8 36.3
0 3041.277 11 3.8 36.3
0 3041.377 10 3.8 36.3
0 3041.555 6 3.8 36.3
0 3041.562 132 3.8 36.3
0 3041.842 4 3.8 36.3
0 3041.906 16 3.8 36.3
0 3041.96 18 3.8 36.3
0 3042.069 9 3.8 36.3
0 3042.163 11 3.8 36.3
0 3042.267 10 3.8 36.3
0 3042.362 11 3.8 36.3
0 3042.46 10 3.8 36.3
0 3042.645 5 3.8 36.3
0 3042.649 235 3.8 36.3
0 3042.77 8 3.8 36.3
0 3042.866 10 3.8 36.3
0 3043.051 5 3.8 36.3
0 3043.056 226 3.8 36.3
0 3043.178 8 3.8 36.3
0 3043.277 10 3.8 36.3
0 3043.368 11 3.8 36.3
0 3043.466 10 3.8 36.3
0 3043.572 9 3.8 36.3
0 3043.835 4 3.8 36.3
0 3043.84 192 3.8 36.3
0 3044.018 6 3.8 36.3
0 3044.134 9 3.9 36.2
0 3044.139 231 3.9 36.2
0 3044.252 9 3.9 36.2
0 3044.363 9 3.9 36.2
0 3044.454 11 3.9 36.2
0 3044.555 10 3.9 36.2
0 3044.656 10 3.9 36.2
0 3044.756 10 3.9 36.2
0 3044.939 5 3.9 36.2
0 3044.943 233 3.9 36.2
0 3045.146 5 3.9 36.2
0 3045.151 205 3.9 36.2
0 3045.256 9 3.9 36.2
0 3045.374 8 3.9 36.2
0 3045.469 10 3.9 36.2
0 3045.567 10 3.9 36.2
0 3045.668 10 3.9 36.2
0 3045.766 10 3.9 36.2
0 3045.875 9 3.9 36.2
0 3046.152 4 3.9 36.2
0 3046.167 66 3.9 36.2
0 3046.271 10 3.9 36.2
0 3046.38 9 3.9 36.2
0 3046.472 11 3.9 36.2
0 3046.651 6 3.9 36.2
0 3046.656 189 3.9 36.2
0 3046.927 4 3.9 36.2
0 3046.935 135 3.9 36.2
0 3047.045 9 3.9 36.2
0 3047.147 10 3.9 36.2
0 3047.25 10 3.9 36.2
0 3047.349 10 3.9 36.2
0 3047.452 10 3.9 36.2
0 3047.547 11 3.9 36.2
0 3047.735 5 3.9 36.2
0 3047.739 251 3.9 36.2
0 3047.861 8 3.9 36.2
0 3047.96 10 3.9 36.2
0 3048.246 3 3.9 36.2
0 3048.251 238 3.9 36.2
0 3048.374 8 3.9 36.2
0 3048.472 10 3.9 36.2
0 3048.565 11 3.9 36.2
0 3048.691 8 3.9 36.2
0 3048.848 6 3.9 36.2
0 3048.862 75 3.9 36.2
0 3049.0 7 3.9 36.2
0 3049.159 6 3.9 36.2
0 3049.172 76 3.9 36.2
0 3049.301 8 3.9 36.2
0 3049.392 11 3.9 36.2
0 3049.513 8 3.9 36.2
0 3049.6 11 3.9 36.2
0 3049.701 10 3.9 36.2
0 3049.8 10 3.9 36.2
0 3049.96 6 3.9 36.2
0 3050.039 13 3.9 36.2
0 3050.269 4 3.9 36.2
0 3050.274 217 3.9 36.2
0 3050.388 9 3.9 36.2
0 3050.488 10 3.9 36.2
0 3050.598 9 3.9 36.2
0 3050.689 11 3.9 36.2
0 3050.789 10 3.9 36.2
0 3050.887 10 3.9 36.2
0 3051.066 6 3.9 36.2
0 3051.074 135 3.9 36.2
0 3051.203 8 3.9 36.2
0 3051.287 12 3.9 36.2
0 3051.386 10 3.9 36.2
0 3051.488 10 3.9 36.2
0 3051.673 5 3.9 36.2
0 3051.677 217 3.9 36.2
0 3051.953 4 3.9 36.2
0 3051.957 218 3.9 36.2
0 3052.059 10 3.9 36.2
0 3052.285 4 3.9 36.2
0 3052.307 45 3.9 36.2
0 3052.402 11 3.9 36.2
0 3052.507 10 3.9 36.2
0 3052.602 11 3.9 36.2
0 3052.79 5 3.9 36.2
0 3052.795 190 3.9 36.2
0 3052.913 8 3.9 36.2
0 3053.011 10 3.9 36.2
0 3053.109 10 3.9 36.2
0 3053.298 5 3.9 36.2
0 3053.304 186 3.9 36.2
0 3053.407 10 3.9 36.2
0 3053.514 9 3.9 36.2
0 3053.618 10 3.9 36.2
0 3053.717 10 3.9 36.2
0 3053.899 6 3.9 36.2
0 3053.903 229 3.9 36.2
0 3054.031 8 3.9 36.2
0 3054.321 3 3.7 36.2
0 3054.334 77 3.7 36.2
0 3054.436 10 3.7 36.2
0 3054.549 9 3.7 36.2
0 3054.637 11 3.7 36.2
0 3054.737 10 3.7 36.2
0 3054.84 10 3.7 36.2
0 3055.026 5 3.7 36.2
0 3055.103 13 3.7 36.2
0 3055.139 27 3.7 36.2
0 3055.327 5 3.7 36.2
0 3055.331 231 3.7 36.2
0 3055.442 9 3.7 36.2
0 3055.594 7 3.7 36.2
0 3055.65 18 3.7 36.2
0 3055.745 11 3.7 36.2
0 3055.847 10 3.7 36.2
0 3055.945 10 3.7 36.2
0 3056.119 6 3.7 36.2
0 3056.134 67 3.7 36.2
0 3056.255 8 3.7 36.2
0 3056.343 11 3.7 36.2
0 3056.446 10 3.7 36.2
0 3056.545 10 3.7 36.2
0 3056.731 5 3.7 36.2
0 3056.735 262 3.7 36.2
0 3057.013 4 3.7 36.2
0 3057.018 204 3.7 36.2
0 3057.13 9 3.7 36.2
0 3057.231 10 3.7 36.2
0 3057.411 6 3.7 36.2
0 3057.419 123 3.7 36.2
0 3057.539 8 3.7 36.2
0 3057.694 6 3.7 36.2
0 3057.82 8 3.7 36.2
0 3057.824 254 3.7 36.2
0 3057.941 9 3.7 36.2
0 3058.046 10 3.7 36.2
0 3058.137 11 3.7 36.2
0 3058.323 5 3.7 36.2
0 3058.327 258 3.7 36.2
0 3058.444 9 3.7 36.2
0 3058.548 10 3.7 36.2
0 3058.64 11 3.7 36.2
0 3058.741 10 3.7 36.2
0 3058.923 6 3.7 36.2
0 3058.927 213 3.7 36.2
0 3059.054 8 3.7 36.2
0 3059.223 6 3.7 36.2
0 3059.228 212 3.7 36.2
0 3059.366 7 3.7 36.2
0 3059.466 10 3.7 36.2
0 3059.576 9 3.7 36.2
0 3059.73 7 3.7 36.2
0 3059.77 25 3.7 36.2
0 3059.871 10 3.7 36.2
0 3060.014 7 3.7 36.2
0 3060.139 8 3.7 36.2
0 3060.152 77 3.7 36.2
0 3060.367 5 3.7 36.2
0 3060.382 68 3.7 36.2
0 3060.506 8 3.7 36.2
0 3060.611 9 3.7 36.2
0 3060.717 9 3.7 36.2
0 3060.801 12 3.7 36.2
0 3060.899 10 3.7 36.2
0 3061.001 10 3.7 36.2
0 3061.173 6 3.7 36.2
0 3061.187 72 3.7 36.2
0 3061.307 8 3.7 36.2
0 3061.398 11 3.7 36.2
0 3061.515 9 3.7 36.2
0 3061.616 10 3.7 36.2
0 3061.824 5 3.7 36.2
0 3062.014 5 3.7 36.2
0 3062.027 73 3.7 36.2
0 3062.157 8 3.7 36.2
0 3062.257 10 3.7 36.2
0 3062.437 6 3.7 36.2
0 3062.451 71 3.7 36.2
0 3062.572 8 3.7 36.2
0 3062.681 9 3.7 36.2
0 3062.851 6 3.7 36.2
0 3062.864 75 3.7 36.2
0 3062.996 8 3.7 36.2
0 3063.092 10 3.7 36.2
0 3063.194 10 3.7 36.2
0 3063.374 6 3.7 36.2
0 3063.387 72 3.7 36.2
0 3063.503 9 3.7 36.2
0 3063.617 9 3.7 36.2
0 3063.718 10 3.7 36.2
0 3063.869 7 3.7 36.2
0 3063.98 9 3.7 36.2
0 3063.992 80 3.7 36.2
0 3064.129 7 3.7 36.2
0 3064.222 11 3.7 36.2
0 3064.323 10 4.0 36.3
0 3064.412 11 4.0 36.3
0 3064.516 10 4.0 36.3
0 3064.629 9 4.0 36.3
0 3064.724 10 4.0 36.3
0 3064.825 10 4.0 36.3
0 3064.913 11 4.0 36.3
0 3065.109 5 4.0 36.3
0 3065.195 12 4.0 36.3
0 3065.232 27 4.0 36.3
0 3065.443 5 4.0 36.3
0 3065.456 74 4.0 36.3
0 3065.586 8 4.0 36.3
0 3065.687 10 4.0 36.3
0 3065.794 9 4.0 36.3
0 3065.912 8 4.0 36.3
0 3065.983 14 4.0 36.3
0 3066.081 10 4.0 36.3
0 3066.25 6 4.0 36.3
0 3066.263 75 4.0 36.3
0 3066.395 8 4.0 36.3
0 3066.485 11 4.0 36.3
0 3066.585 10 4.0 36.3
0 3066.778 5 4.0 36.3
0 3066.792 72 4.0 36.3
0 3067.067 4 4.0 36.3
0 3067.081 73 4.0 36.3
0 3067.209 8 4.0 36.3
0 3067.312 10 4.0 36.3
0 3067.466 6 4.0 36.3
0 3067.481 66 4.0 36.3
0 3067.613 8 4.0 36.3
0 3067.71 10 4.0 36.3
0 3067.885 6 4.0 36.3
0 3067.962 13 4.0 36.3
0 3068.027 15 4.0 36.3
0 3068.13 10 4.0 36.3
0 3068.227 10 4.0 36.3
0 3068.425 5 4.0 36.3
0 3068.439 71 4.0 36.3
0 3068.565 8 4.0 36.3
0 3068.671 9 4.0 36.3
0 3068.768 10 4.0 36.3
0 3068.868 10 4.0 36.3
0 3069.032 6 4.0 36.3
0 3069.045 78 4.0 36.3
0 3069.158 9 4.0 36.3
0 3069.277 8 4.0 36.3
0 3069.376 10 4.0 36.3
0 3069.474 10 4.0 36.3
0 3069.634 6 4.0 36.3
0 3069.637 275 4.0 36.3
0 3069.74 10 4.0 36.3
0 3069.858 8 4.0 36.3
0 3070.018 6 4.0 36.3
0 3070.139 8 4.0 36.3
0 3070.212 14 4.0 36.3
0 3070.245 31 4.0 36.3
0 3070.345 10 4.0 36.3
0 3070.559 5 4.0 36.3
0 3070.564 189 4.0 36.3
0 3070.677 9 4.0 36.3
0 3070.782 10 4.0 36.3
0 3070.879 10 4.0 36.3
0 3070.986 9 4.0 36.3
0 3071.082 10 4.0 36.3
0 3071.257 6 4.0 36.3
0 3071.264 146 4.0 36.3
0 3071.382 8 4.0 36.3
0 3071.488 10 4.0 36.3
0 3071.577 11 4.0 36.3
0 3071.68 10 4.0 36.3
0 3071.862 6 4.0 36.3
0 3071.866 251 4.0 36.3
0 3072.247 3 4.0 36.3
0 3072.253 187 4.0 36.3
0 3072.367 9 4.0 36.3
0 3072.551 5 4.0 36.3
0 3072.556 187 4.0 36.3
0 3072.672 9 4.0 36.3
0 3072.779 9 4.0 36.3
0 3072.957 6 4.0 36.3
0 3072.961 247 4.0 36.3
0 3073.079 8 4.0 36.3
0 3073.178 10 4.0 36.3
0 3073.287 9 4.0 36.3
0 3073.457 6 4.0 36.3
0 3073.462 203 4.0 36.3
0 3073.575 9 4.0 36.3
0 3073.683 9 4.0 36.3
0 3073.787 10 4.0 36.3
0 3073.877 11 4.0 36.3
0 3074.169 3 4.0 36.3
0 3074.189 51 4.0 36.3
0 3074.296 9 4.0 36.3
0 3074.384 11 4.0 36.3
0 3074.489 9 4.0 36.3
0 3074.674 5 4.0 36.3
0 3074.679 178 4.0 36.3
0 3074.804 8 4.0 36.3
0 3074.893 11 4.0 36.3
0 3074.993 10 4.0 36.3
0 3075.182 5 4.0 36.3
0 3075.257 13 4.0 36.3
0 3075.306 20 4.0 36.3
0 3075.402 10 4.0 36.3
0 3075.58 6 4.0 36.3
0 3075.588 124 4.0 36.3
0 3075.705 8 4.0 36.3
0 3075.814 9 4.0 36.3
0 3075.904 11 4.0 36.3
0 3076.004 10 4.0 36.3
0 3076.211 5 4.0 36.3
0 3076.314 10 4.0 36.3
0 3076.318 243 4.0 36.3
0 3076.419 10 4.0 36.3
0 3076.534 9 4.0 36.3
0 3076.626 11 4.0 36.3
0 3076.733 9 4.0 36.3
0 3076.927 5 4.0 36.3
0 3076.931 227 4.0 36.3
0 3077.046 9 4.0 36.3
0 3077.275 4 4.0 36.3
0 3077.28 210 4.0 36.3
0 3077.397 9 4.0 36.3
0 3077.588 5 4.0 36.3
0 3077.592 246 4.0 36.3
0 3077.708 9 4.0 36.3
0 3077.81 10 4.0 36.3
0 3077.992 6 4.0 36.3
0 3077.997 175 4.0 36.3
0 3078.227 4 4.0 36.3
0 3078.239 81 4.0 36.3
0 3078.336 10 4.0 36.3
0 3078.526 5 4.0 36.3
0 3078.532 148 4.0 36.3
0 3078.647 9 4.0 36.3
0 3078.755 9 4.0 36.3
0 3078.85 11 4.0 36.3
0 3078.949 10 4.0 36.3
0 3079.135 5 4.0 36.3
0 3079.139 230 4.0 36.3
0 3079.262 8 4.0 36.3
0 3079.356 11 4.0 36.3
0 3079.458 10 4.0 36.3
0 3079.553 11 4.0 36.3
0 3079.711 6 4.0 36.3
0 3079.752 24 4.0 36.3
0 3079.864 9 4.0 36.3
0 3079.957 11 4.0 36.3
0 3080.056 10 4.0 36.3
0 3080.35 3 4.0 36.3
0 3080.433 12 4.0 36.3
0 3080.466 30 4.0 36.3
0 3080.65 5 4.0 36.3
0 3080.655 182 4.0 36.3
0 3080.773 9 4.0 36.3
0 3080.872 10 4.0 36.3
0 3080.98 9 4.0 36.3
0 3081.072 11 4.0 36.3
0 3081.171 10 4.0 36.3
0 3081.35 6 4.0 36.3
0 3081.356 180 4.0 36.3
0 3081.473 9 4.0 36.3
0 3081.605 8 4.0 36.3
0 3081.699 11 4.0 36.3
0 3081.802 10 4.0 36.3
0 3081.966 6 4.0 36.3
0 3081.982 64 4.0 36.3
0 3082.119 7 4.0 36.3
0 3082.385 4 4.0 36.3
0 3082.398 77 4.0 36.3
0 3082.612 5 4.0 36.3
0 3082.626 73 4.0 36.3
0 3082.76 7 4.0 36.3
0 3082.863 10 4.0 36.3
0 3083.018 6 4.0 36.3
0 3083.034 66 4.0 36.3
0 3083.164 8 4.0 36.3
0 3083.267 10 4.0 36.3
0 3083.367 10 4.0 36.3
0 3083.439 14 4.0 36.3
0 3083.605 6 4.0 36.3
0 3083.657 19 4.0 36.3
0 3083.772 9 4.0 36.3
0 3083.869 10 4.0 36.3
0 3083.956 12 4.0 36.3
0 3084.073 9 4.0 36.3
0 3084.371 3 4.0 36.3
0 3084.396 41 3.9 36.3
0 3084.513 9 3.9 36.3
0 3084.627 9 3.9 36.3
0 3084.779 7 3.9 36.3
0 3084.792 77 3.9 36.3
0 3084.918 8 3.9 36.3
0 3085.013 11 3.9 36.3
0 3085.127 9 3.9 36.3
0 3085.224 10 3.9 36.3
0 3085.399 6 3.9 36.3
0 3085.488 11 3.9 36.3
0 3085.519 33 3.9 36.3
0 3085.727 5 3.9 36.3
0 3085.74 73 3.9 36.3
0 3085.875 7 3.9 36.3
0 3085.973 10 3.9 36.3
0 3086.08 9 3.9 36.3
0 3086.179 10 3.9 36.3
0 3086.383 5 3.9 36.3
0 3086.473 11 3.9 36.3
0 3086.502 35 3.9 36.3
0 3086.635 8 3.9 36.3
0 3086.737 10 3.9 36.3
0 3086.832 10 3.9 36.3
0 3086.986 6 3.9 36.3
0 3086.999 77 3.9 36.3
0 3087.14 7 3.9 36.3
0 3087.222 12 3.9 36.3
0 3087.406 5 3.9 36.3
0 3087.42 72 3.9 36.3
0 3087.625 5 3.9 36.3
0 3087.638 76 3.9 36.3
0 3087.776 7 3.9 36.3
0 3087.874 10 3.9 36.3
0 3088.045 6 3.9 36.3
0 3088.058 75 3.9 36.3
0 3088.197 7 3.9 36.3
0 3088.474 4 3.9 36.3
0 3088.477 289 3.9 36.3
0 3088.681 5 3.9 36.3
0 3088.686 211 3.9 36.3
0 3088.803 8 3.9 36.3
0 3088.899 10 3.9 36.3
0 3088.996 10 3.9 36.3
0 3089.096 10 3.9 36.3
0 3089.275 6 3.9 36.3
0 3089.285 95 3.9 36.3
0 3089.405 8 3.9 36.3
0 3089.497 11 3.9 36.3
0 3089.596 10 3.9 36.3
0 3089.786 5 3.9 36.3
0 3089.789 328 3.9 36.3
0 3089.909 8 3.9 36.3
0 3090.002 11 3.9 36.3
0 3090.09 11 3.9 36.3
0 3090.2 9 3.9 36.3
0 3090.395 5 3.9 36.3
0 3090.4 186 3.9 36.3
0 3090.594 5 3.9 36.3
0 3090.599 234 3.9 36.3
0 3090.802 5 3.9 36.3
0 3090.807 232 3.9 36.3
0 3090.921 9 3.9 36.3
0 3091.011 11 3.9 36.3
0 3091.209 5 3.9 36.3
0 3091.212 323 3.9 36.3
0 3091.325 9 3.9 36.3
0 3091.496 6 3.9 36.3
0 3091.516 50 3.9 36.3
0 3091.623 9 3.9 36.3
0 3091.727 10 3.9 36.3
0 3091.823 10 3.9 36.3
0 3091.991 6 3.9 36.3
0 3092.028 27 3.9 36.3
0 3092.125 10 3.9 36.3
0 3092.224 10 3.9 36.3
0 3092.421 5 3.9 36.3
0 3092.425 261 3.9 36.3
0 3092.621 5 3.9 36.3
0 3092.625 237 3.9 36.3
0 3092.737 9 3.9 36.3
0 3092.836 10 3.9 36.3
0 3092.938 10 3.9 36.3
0 3093.134 5 3.9 36.3
0 3093.137 316 3.9 36.3
0 3093.25 9 3.9 36.3
0 3093.349 10 3.9 36.3
0 3093.54 5 3.9 36.3
0 3093.545 208 3.9 36.3
0 3093.743 5 3.9 36.3
0 3093.747 250 3.9 36.3
0 3093.858 9 3.9 36.3
0 3093.958 10 3.9 36.3
0 3094.064 9 3.9 36.3
0 3094.161 10 3.9 36.3
0 3094.345 5 3.9 36.3
0 3094.349 318 3.9 36.3
0 3094.457 9 4.1 36.3
0 3094.565 9 4.1 36.3
0 3094.663 10 4.1 36.3
0 3094.851 5 4.1 36.3
0 3094.855 306 4.1 36.3
0 3094.966 9 4.1 36.3
0 3095.073 9 4.1 36.3
0 3095.17 10 4.1 36.3
0 3095.265 11 4.1 36.3
0 3095.464 5 4.1 36.3
0 3095.468 277 4.1 36.3
0 3095.675 5 4.1 36.3
0 3095.678 320 4.1 36.3
0 3095.883 5 4.1 36.3
0 3095.887 227 4.1 36.3
0 3096.0 9 4.1 36.3
0 3096.1 10 4.1 36.3
0 3096.29 5 4.1 36.3
0 3096.294 299 4.1 36.3
0 3096.395 10 4.1 36.3
0 3096.584 5 4.1 36.3
0 3096.595 89 4.1 36.3
0 3096.706 9 4.1 36.3
0 3096.811 9 4.1 36.3
0 3096.895 12 4.1 36.3
0 3097.097 5 4.1 36.3
0 3097.101 253 4.1 36.3
0 3097.212 9 4.1 36.3
0 3097.317 10 4.1 36.3
0 3097.486 6 4.1 36.3
0 3097.501 66 4.1 36.3
0 3097.708 5 4.1 36.3
0 3097.711 285 4.1 36.3
0 3097.828 9 4.1 36.3
0 3097.916 11 4.1 36.3
0 3098.024 9 4.1 36.3
0 3098.216 5 4.1 36.3
0 3098.22 284 4.1 36.3
0 3098.335 9 4.1 36.3
0 3098.433 10 4.1 36.3
0 3098.599 6 4.1 36.3
0 3098.632 30 4.1 36.3
0 3098.823 5 4.1 36.3
0 3098.827 264 4.1 36.3
0 3098.941 9 4.1 36.3
0 3099.038 10 4.1 36.3
0 3099.142 10 4.1 36.3
0 3099.239 10 4.1 36.3
0 3099.43 5 4.1 36.3
0 3099.434 277 4.1 36.3
0 3099.549 9 4.1 36.3
0 3099.647 10 4.1 36.3
0 3099.746 10 4.1 36.3
0 3099.937 5 4.1 36.3
0 3099.94 330 4.1 36.3
0 3100.057 9 4.1 36.3
0 3100.156 10 4.1 36.3
0 3100.252 10 4.1 36.3
0 3100.351 10 4.1 36.3
0 3100.549 5 4.1 36.3
0 3100.553 245 4.1 36.3
0 3100.758 5 4.1 36.3
0 3100.762 297 4.1 36.3
0 3100.957 5 4.1 36.3
0 3100.964 149 4.1 36.3
0 3101.08 9 4.1 36.3
0 3101.178 10 4.1 36.3
0 3101.363 5 4.1 36.3
0 3101.366 306 4.1 36.3
0 3101.479 9 4.1 36.3
0 3101.665 5 4.1 36.3
0 3101.669 260 4.1 36.3
0 3101.781 9 4.1 36.3
0 3101.88 10 4.1 36.3
0 3101.983 10 4.1 36.3
0 3102.17 5 4.1 36.3
0 3102.174 255 4.1 36.3
0 3102.284 9 4.1 36.3
0 3102.386 10 4.1 36.3
0 3102.571 5 4.1 36.3
0 3102.575 266 4.1 36.3
0 3102.781 5 4.1 36.3
0 3102.784 271 4.1 36.3
0 3102.895 9 4.1 36.3
0 3102.998 10 4.1 36.3
0 3103.098 10 4.1 36.3
0 3103.289 5 4.1 36.3
0 3103.293 271 4.1 36.3
0 3103.403 9 4.1 36.3
0 3103.505 10 4.1 36.3
0 3103.693 5 4.1 36.3
0 3103.697 239 4.1 36.3
0 3103.906 5 4.1 36.3
0 3103.911 237 4.1 36.3
0 3104.024 9 4.1 36.3
0 3104.123 10 4.1 36.3
0 3104.226 10 4.1 36.3
0 3104.325 10 4.1 36.3
0 3104.497 6 3.6 36.3
0 3104.511 72 3.6 36.3
0 3104.613 10 3.6 36.3
0 3104.728 9 3.6 36.3
0 3104.825 10 3.6 36.3
0 3104.988 6 3.6 36.3
0 3105.02 32 3.6 36.3
0 3105.124 10 3.6 36.3
0 3105.229 10 3.6 36.3
0 3105.326 10 3.6 36.3
0 3105.419 11 3.6 36.3
0 3105.622 5 3.6 36.3
0 3105.626 235 3.6 36.3
0 3105.829 5 3.6 36.3
0 3105.832 297 3.6 36.3
0 3106.038 5 3.6 36.3
0 3106.041 280 3.6 36.3
0 3106.159 8 3.6 36.3
0 3106.257 10 3.6 36.3
0 3106.444 5 3.6 36.3
0 3106.447 298 3.6 36.3
0 3106.557 9 3.6 36.3
0 3106.739 5 3.6 36.3
0 3106.748 112 3.6 36.3
0 3106.861 9 3.6 36.3
0 3106.96 10 3.6 36.3
0 3107.058 10 3.6 36.3
0 3107.25 5 3.6 36.3
0 3107.254 226 3.6 36.3
0 3107.366 9 3.6 36.3
0 3107.466 10 3.6 36.3
0 3107.656 5 3.6 36.3
0 3107.659 296 3.6 36.3
0 3107.869 5 3.6 36.3
0 3107.873 268 3.6 36.3
0 3107.986 9 3.6 36.3
0 3108.084 10 3.6 36.3
0 3108.182 10 3.6 36.3
0 3108.384 5 3.6 36.3
0 3108.388 238 3.6 36.3
0 3108.5 9 3.6 36.3
0 3108.598 10 3.6 36.3
0 3108.788 5 3.6 36.3
0 3108.793 195 3.6 36.3
0 3108.992 5 3.6 36.3
0 3108.996 252 3.6 36.3
0 3109.106 9 3.6 36.3
0 3109.222 9 3.6 36.3
0 3109.337 9 3.6 36.3
0 3109.421 12 3.6 36.3
0 3109.598 6 3.6 36.3
0 3109.611 82 3.6 36.3
0 3109.74 8 3.6 36.3
0 3109.835 11 3.6 36.3
0 3109.935 10 3.6 36.3
0 3110.113 6 3.6 36.3
0 3110.125 84 3.6 36.3
0 3110.255 8 3.6 36.3
0 3110.359 10 3.6 36.3
0 3110.43 14 3.6 36.3
0 3110.638 5 3.6 36.3
0 3110.677 25 3.6 36.3
0 3110.846 6 3.6 36.3
0 3110.86 72 3.6 36.3
0 3111.048 5 3.6 36.3
0 3111.062 71 3.6 36.3
0 3111.185 8 3.6 36.3
0 3111.278 11 3.6 36.3
0 3111.456 6 3.6 36.3
0 3111.47 70 3.6 36.3
0 3111.585 9 3.6 36.3
0 3111.769 5 3.6 36.3
0 3111.782 79 3.6 36.3
0 3111.905 8 3.6 36.3
0 3112.021 9 3.6 36.3
0 3112.1 13 3.6 36.3
0 3112.272 6 3.6 36.3
0 3112.285 79 3.6 36.3
0 3112.419 7 3.6 36.3
0 3112.517 10 3.6 36.3
0 3112.761 4 3.6 36.3
0 3112.88 8 3.6 36.3
0 3112.895 68 3.6 36.3
0 3113.024 8 3.6 36.3
0 3113.123 10 3.6 36.3
0 3113.194 14 3.6 36.3
0 3113.323 8 3.6 36.3
0 3113.426 10 3.6 36.3
0 3113.526 10 3.6 36.3
0 3113.623 10 3.6 36.3
0 3113.807 5 3.6 36.3
0 3113.821 72 3.6 36.3
0 3114.01 5 3.6 36.3
0 3114.024 70 3.6 36.3
0 3114.155 8 3.6 36.3
0 3114.233 13 3.6 36.3
0 3114.343 9 3.6 36.3
0 3114.433 11 3.6 36.3
0 3114.615 5 4.5 36.2
0 3114.638 44 4.5 36.2
0 3114.806 6 4.5 36.2
0 3114.851 22 4.5 36.2
0 3114.942 11 4.5 36.2
0 3115.054 9 4.5 36.2
0 3115.162 9 4.5 36.2
0 3115.243 12 4.5 36.2
0 3115.357 9 4.5 36.2
0 3115.443 12 4.5 36.2
0 3115.63 5 4.5 36.2
0 3115.652 45 4.5 36.2
0 3115.852 5 4.5 36.2
0 3115.875 43 4.5 36.2
0 3116.061 5 4.5 36.2
0 3116.084 44 4.5 36.2
0 3116.198 9 4.5 36.2
0 3116.308 9 4.5 36.2
0 3116.498 5 4.5 36.2
0 3116.523 40 4.5 36.2
0 3116.657 7 4.5 36.2
0 3116.876 5 4.5 36.2
0 3116.928 19 4.5 36.2
0 3117.033 10 4.5 36.2
0 3117.137 10 4.5 36.2
0 3117.295 6 4.5 36.2
0 3117.318 43 4.5 36.2
0 3117.437 8 4.5 36.2
0 3117.565 8 4.5 36.2
0 3117.722 6 4.5 36.2
0 3117.749 37 4.5 36.2
0 3117.956 5 4.5 36.2
0 3117.978 45 4.5 36.2
0 3118.164 5 4.5 36.2
0 3118.179 69 4.5 36.2
0 3118.306 8 4.5 36.2
0 3118.404 10 4.5 36.2
0 3118.506 10 4.5 36.2
0 3118.604 10 4.5 36.2
0 3118.692 11 4.5 36.2
0 3118.954 4 4.5 36.2
0 3119.083 8 4.5 36.2
0 3119.097 75 4.5 36.2
0 3119.234 7 4.5 36.2
0 3119.327 11 4.5 36.2
0 3119.426 10 4.5 36.2
0 3119.526 10 4.5 36.2
0 3119.704 6 4.5 36.2
0 3119.72 62 4.5 36.2
0 3119.854 7 4.5 36.2
0 3119.93 13 4.5 36.2
0 3120.047 9 4.5 36.2
0 3120.147 10 4.5 36.2
0 3120.24 11 4.5 36.2
0 3120.345 10 4.5 36.2
0 3120.438 11 4.5 36.2
0 3120.546 9 4.5 36.2
0 3120.734 5 4.5 36.2
0 3120.749 67 4.5 36.2
0 3121.109 3 4.5 36.2
0 3121.122 77 4.5 36.2
0 3121.248 8 4.5 36.2
0 3121.346 10 4.5 36.2
0 3121.516 6 4.5 36.2
0 3121.529 80 4.5 36.2
0 3121.658 8 4.5 36.2
0 3121.827 6 4.5 36.2
0 3121.839 80 4.5 36.2
0 3121.968 8 4.5 36.2
0 3122.072 10 4.5 36.2
0 3122.168 10 4.5 36.2
0 3122.34 6 4.5 36.2
0 3122.354 70 4.5 36.2
0 3122.479 8 4.5 36.2
0 3122.587 9 4.5 36.2
0 3122.765 6 4.5 36.2
0 3122.777 81 4.5 36.2
0 3123.046 4 4.5 36.2
0 3123.091 22 4.5 36.2
0 3123.264 6 4.5 36.2
0 3123.276 82 4.5 36.2
0 3123.394 8 4.5 36.2
0 3123.504 9 4.5 36.2
0 3123.578 14 4.5 36.2
0 3123.712 7 4.5 36.2
0 3123.898 5 4.5 36.2
0 3123.911 75 4.5 36.2
0 3124.133 5 4.5 36.2
0 3124.146 77 4.5 36.2
0 3124.29 7 4.5 36.2
0 3124.367 13 4.5 36.2
0 3124.471 10 4.5 36.2
0 3124.579 9 4.5 36.2
0 3124.739 6 4.7 36.2
0 3124.752 77 4.7 36.2
0 3124.883 8 4.7 36.2
0 3124.979 10 4.7 36.2
0 3125.147 6 4.7 36.2
0 3125.175 36 4.7 36.2
0 3125.29 9 4.7 36.2
0 3125.396 9 4.7 36.2
0 3125.488 11 4.7 36.2
0 3125.591 10 4.7 36.2
0 3125.774 5 4.7 36.2
0 3125.787 75 4.7 36.2
0 3125.997 5 4.7 36.2
0 3126.011 75 4.7 36.2
0 3126.241 4 4.7 36.2
0 3126.254 76 4.7 36.2
0 3126.384 8 4.7 36.2
0 3126.567 5 4.7 36.2
0 3126.58 76 4.7 36.2
0 3126.712 8 4.7 36.2
0 3126.878 6 4.7 36.2
0 3126.892 73 4.7 36.2
0 3127.019 8 4.7 36.2
0 3127.229 5 4.7 36.2
0 3127.26 33 4.7 36.2
0 3127.456 5 4.7 36.2
0 3127.469 77 4.7 36.2
0 3127.597 8 4.7 36.2
0 3127.782 5 4.7 36.2
0 3127.795 74 4.7 36.2
0 3127.997 5 4.7 36.2
0 3128.01 78 4.7 36.2
0 3128.129 8 4.7 36.2
0 3128.32 5 4.7 36.2
0 3128.334 71 4.7 36.2
0 3128.442 9 4.7 36.2
0 3128.561 8 4.7 36.2
0 3128.663 10 4.7 36.2
0 3128.74 13 4.7 36.2
0 3128.958 5 4.7 36.2
0 3128.971 77 4.7 36.2
0 3129.289 3 4.7 36.2
0 3129.331 24 4.7 36.2
0 3129.432 10 4.7 36.2
0 3129.535 10 4.7 36.2
0 3129.631 10 4.7 36.2
0 3129.798 6 4.7 36.2
0 3129.811 77 4.7 36.2
0 3129.934 8 4.7 36.2
0 3130.043 9 4.7 36.2
0 3130.139 10 4.7 36.2
0 3130.232 11 4.7 36.2
0 3130.335 10 4.7 36.2
0 3130.436 10 4.7 36.2
0 3130.541 10 4.7 36.2
0 3130.642 10 4.7 36.2
0 3130.822 6 4.7 36.2
0 3130.835 74 4.7 36.2
0 3131.025 5 4.7 36.2
0 3131.038 74 4.7 36.2
0 3131.249 5 4.7 36.2
0 3131.365 9 4.7 36.2
0 3131.386 47 4.7 36.2
0 3131.652 4 4.7 36.2
0 3131.656 261 4.7 36.2
0 3131.763 9 4.7 36.2
0 3131.955 5 4.7 36.2
0 3131.959 272 4.7 36.2
0 3132.078 8 4.7 36.2
0 3132.182 10 4.7 36.2
0 3132.275 11 4.7 36.2
0 3132.375 10 4.7 36.2
0 3132.564 5 4.7 36.2
0 3132.569 215 4.7 36.2
0 3132.692 8 4.7 36.2
0 3132.854 6 4.7 36.2
0 3132.872 56 4.7 36.2
0 3133.075 5 4.7 36.2
0 3133.08 211 4.7 36.2
0 3133.202 8 4.7 36.2
0 3133.429 4 4.7 36.2
0 3133.434 208 4.7 36.2
0 3133.548 9 4.7 36.2
0 3133.651 10 4.7 36.2
0 3133.759 9 4.7 36.2
0 3133.849 11 4.7 36.2
0 3134.024 6 4.7 36.2
0 3134.034 94 4.7 36.2
0 3134.235 5 4.7 36.2
0 3134.239 226 4.7 36.2
0 3134.363 8 4.7 36.2
0 3134.442 13 4.7 36.2
0 3134.556 9 4.7 36.2
0 3134.657 10 4.7 36.2
0 3134.83 6 4.2 36.2
0 3134.839 113 4.2 36.2
0 3134.956 9 4.2 36.2
0 3135.057 10 4.2 36.2
0 3135.15 11 4.2 36.2
0 3135.253 10 4.2 36.2
0 3135.355 10 4.2 36.2
0 3135.553 5 4.2 36.2
0 3135.577 41 4.2 36.2
0 3135.676 10 4.2 36.2
0 3135.841 6 4.2 36.2
0 3135.859 57 4.2 36.2
0 3136.077 5 4.2 36.2
0 3136.081 242 4.2 36.2
0 3136.299 5 4.2 36.2
0 3136.303 215 4.2 36.2
0 3136.417 9 4.2 36.2
0 3136.69 4 4.2 36.2
0 3136.695 212 4.2 36.2
0 3136.808 9 4.2 36.2
0 3136.991 5 4.2 36.2
0 3136.995 262 4.2 36.2
0 3137.109 9 4.2 36.2
0 3137.222 9 4.2 36.2
0 3137.309 12 4.2 36.2
0 3137.41 10 4.2 36.2
0 3137.696 3 4.2 36.2
0 3137.708 87 4.2 36.2
0 3137.912 5 4.2 36.2
0 3137.941 34 4.2 36.2
0 3138.099 6 4.2 36.2
0 3138.12 50 4.2 36.2
0 3138.235 9 4.2 36.2
0 3138.426 5 4.2 36.2
0 3138.43 212 4.2 36.2
0 3138.545 9 4.2 36.2
0 3138.646 10 4.2 36.2
0 3138.751 10 4.2 36.2
0 3138.849 10 4.2 36.2
0 3138.934 12 4.2 36.2
0 3139.152 5 4.2 36.2
0 3139.243 11 4.2 36.2
0 3139.271 35 4.2 36.2
0 3139.399 8 4.2 36.2
0 3139.502 10 4.2 36.2
0 3139.704 5 4.2 36.2
0 3139.747 23 4.2 36.2
0 3139.92 6 4.2 36.2
0 3139.994 13 4.2 36.2
0 3140.069 13 4.2 36.2
0 3140.165 11 4.2 36.2
0 3140.261 10 4.2 36.2
0 3140.345 12 4.2 36.2
0 3140.431 12 4.2 36.2
0 3140.542 9 4.2 36.2
0 3140.652 9 4.2 36.2
0 3140.743 11 4.2 36.2
0 3140.931 5 4.2 36.2
0 3140.938 143 4.2 36.2
0 3141.143 5 4.2 36.2
0 3141.148 193 4.2 36.2
0 3141.355 5 4.2 36.2
0 3141.36 189 4.2 36.2
0 3141.479 8 4.2 36.2
0 3141.848 3 4.2 36.2
0 3141.866 55 4.2 36.2
0 3142.052 5 4.2 36.2
0 3142.073 47 4.2 36.2
0 3142.177 10 4.2 36.2
0 3142.26 12 4.2 36.2
0 3142.43 6 4.2 36.2
0 3142.473 23 4.2 36.2
0 3142.668 5 4.2 36.2
0 3142.673 197 4.2 36.2
0 3142.796 8 4.2 36.2
0 3142.987 5 4.2 36.2
0 3142.993 169 4.2 36.2
0 3143.139 7 4.2 36.2
0 3143.213 13 4.2 36.2
0 3143.317 10 4.2 36.2
0 3143.413 10 4.2 36.2
0 3143.513 10 4.2 36.2
0 3143.597 12 4.2 36.2
0 3143.718 8 4.2 36.2
0 3143.928 5 4.2 36.2
0 3143.934 164 4.2 36.2
0 3144.253 3 4.2 36.2
0 3144.337 12 4.2 36.2
0 3144.367 33 4.2 36.2
0 3144.476 9 4.2 36.2
0 3144.589 9 4.2 36.2
0 3144.681 11 4.2 36.2
0 3144.801 8 4.2 36.2
0 3144.914 9 4.0 36.2
0 3144.997 12 4.0 36.2
0 3145.097 10 4.0 36.2
0 3145.198 10 4.0 36.2
0 3145.305 9 4.0 36.2
0 3145.397 11 4.0 36.2
0 3145.493 10 4.0 36.2
0 3145.598 10 4.0 36.2
0 3145.698 10 4.0 36.2
0 3145.805 9 4.0 36.2
0 3145.961 6 4.0 36.2
0 3145.966 207 4.0 36.2
0 3146.231 4 4.0 36.2
0 3146.244 81 4.0 36.2
0 3146.525 4 4.0 36.2
0 3146.529 242 4.0 36.2
0 3146.798 4 4.0 36.2
0 3146.802 284 4.0 36.2
0 3146.954 7 4.0 36.2
0 3147.016 16 4.0 36.2
0 3147.118 10 4.0 36.2
0 3147.217 10 4.0 36.2
0 3147.324 9 4.0 36.2
0 3147.404 12 4.0 36.2
0 3147.523 8 4.0 36.2
0 3147.706 5 4.0 36.2
0 3147.71 238 4.0 36.2
0 3147.832 8 4.0 36.2
0 3148.011 6 4.0 36.2
0 3148.017 167 4.0 36.2
0 3148.283 4 4.0 36.2
0 3148.296 76 4.0 36.2
0 3148.409 9 4.0 36.2
0 3148.584 6 4.0 36.2
0 3148.59 164 4.0 36.2
0 3148.698 9 4.0 36.2
0 3148.804 9 4.0 36.2
0 3148.91 9 4.0 36.2
0 3149.03 8 4.0 36.2
0 3149.128 10 4.0 36.2
0 3149.309 6 4.0 36.2
0 3149.399 11 4.0 36.2
0 3149.432 30 4.0 36.2
0 3149.549 9 4.0 36.2
0 3149.654 10 4.0 36.2
0 3149.725 14 4.0 36.2
0 3149.851 8 4.0 36.2
0 3150.018 6 4.0 36.2
0 3150.03 80 4.0 36.2
0 3150.163 8 4.0 36.2
0 3150.317 7 4.0 36.2
0 3150.357 25 4.0 36.2
0 3150.44 12 4.0 36.2
0 3150.561 8 4.0 36.2
0 3150.661 10 4.0 36.2
0 3150.758 10 4.0 36.2
0 3150.858 10 4.0 36.2
0 3151.026 6 4.0 36.2
0 3151.039 75 4.0 36.2
0 3151.258 5 4.0 36.2
0 3151.271 79 4.0 36.2
0 3151.546 4 4.0 36.2
0 3151.559 78 4.0 36.2
0 3151.851 3 4.0 36.2
0 3151.864 79 4.0 36.2
0 3151.991 8 4.0 36.2
0 3152.093 10 4.0 36.2
0 3152.194 10 4.0 36.2
0 3152.352 6 4.0 36.2
0 3152.391 25 4.0 36.2
0 3152.493 10 4.0 36.2
0 3152.594 10 4.0 36.2
0 3152.775 6 4.0 36.2
0 3152.788 79 4.0 36.2
0 3152.902 9 4.0 36.2
0 3153.09 5 4.0 36.2
0 3153.102 79 4.0 36.2
0 3153.317 5 4.0 36.2
0 3153.331 71 4.0 36.2
0 3153.448 9 4.0 36.2
0 3153.646 5 4.0 36.2
0 3153.659 79 4.0 36.2
0 3153.788 8 4.0 36.2
0 3153.886 10 4.0 36.2
0 3153.991 10 4.0 36.2
0 3154.087 10 4.0 36.2
0 3154.188 10 4.0 36.2
0 3154.38 5 4.0 36.2
0 3154.534 7 4.0 36.2
0 3154.574 25 4.0 36.2
0 3154.675 10 4.0 36.2
0 3154.774 10 4.0 36.2
0 3154.874 10 4.0 36.2
0 3155.034 6 4.5 36.2
0 3155.047 80 4.5 36.2
0 3155.182 7 4.5 36.2
0 3155.275 11 4.5 36.2
0 3155.374 10 4.5 36.2
0 3155.45 13 4.5 36.2
0 3155.63 6 4.5 36.2
0 3155.638 121 4.5 36.2
0 3155.76 8 4.5 36.2
0 3155.853 11 4.5 36.2
0 3155.941 11 4.5 36.2
0 3156.136 5 4.5 36.2
0 3156.14 270 4.5 36.2
0 3156.348 5 4.5 36.2
0 3156.352 250 4.5 36.2
0 3156.639 3 4.5 36.2
0 3156.704 15 4.5 36.2
0 3156.917 5 4.5 36.2
0 3156.921 236 4.5 36.2
0 3157.031 9 4.5 36.2
0 3157.133 10 4.5 36.2
0 3157.237 10 4.5 36.2
0 3157.332 11 4.5 36.2
0 3157.443 9 4.5 36.2
0 3157.534 11 4.5 36.2
0 3157.633 10 4.5 36.2
0 3157.841 5 4.5 36.2
0 3157.844 292 4.5 36.2
0 3157.952 9 4.5 36.2
0 3158.086 8 4.5 36.2
0 3158.157 14 4.5 36.2
0 3158.352 5 4.5 36.2
0 3158.355 285 4.5 36.2
0 3158.474 8 4.5 36.2
0 3158.6 8 4.5 36.2
0 3158.738 7 4.5 36.2
0 3158.772 29 4.5 36.2
0 3158.87 10 4.5 36.2
0 3158.98 9 4.5 36.2
0 3159.071 11 4.5 36.2
0 3159.171 10 4.5 36.2
0 3159.274 10 4.5 36.2
0 3159.403 8 4.5 36.2
0 3159.498 11 4.5 36.2
0 3159.576 13 4.5 36.2
0 3159.672 10 4.5 36.2
0 3159.775 10 4.5 36.2
0 3159.867 11 4.5 36.2
0 3160.006 7 4.5 36.2
0 3160.068 16 4.5 36.2
0 3160.171 10 4.5 36.2
0 3160.274 10 4.5 36.2
0 3160.373 10 4.5 36.2
0 3160.471 10 4.5 36.2
0 3160.599 8 4.5 36.2
0 3160.664 15 4.5 36.2
0 3160.885 5 4.5 36.2
0 3160.902 59 4.5 36.2
0 3161.002 10 4.5 36.2
0 3161.138 7 4.5 36.2
0 3161.206 15 4.5 36.2
0 3161.335 8 4.5 36.2
0 3161.393 17 4.5 36.2
0 3161.543 7 4.5 36.2
0 3161.63 12 4.5 36.2
0 3161.712 12 4.5 36.2
0 3161.837 8 4.5 36.2
0 3161.913 13 4.5 36.2
0 3162.004 11 4.5 36.2
0 3162.105 10 4.5 36.2
0 3162.207 10 4.5 36.2
0 3162.312 10 4.5 36.2
0 3162.401 11 4.5 36.2
0 3162.505 10 4.5 36.2
0 3162.606 10 4.5 36.2
0 3162.708 10 4.5 36.2
0 3162.944 4 4.5 36.2
0 3163.011 15 4.5 36.2
0 3163.094 12 4.5 36.2
0 3163.166 14 4.5 36.2
0 3163.299 7 4.5 36.2
0 3163.362 16 4.5 36.2
0 3163.453 11 4.5 36.2
0 3163.571 8 4.5 36.2
0 3163.695 8 4.5 36.2
0 3163.767 14 4.5 36.2
0 3163.869 10 4.5 36.2
0 3163.968 10 4.5 36.2
0 3164.073 10 4.5 36.2
0 3164.166 11 4.5 36.2
0 3164.268 10 4.5 36.2
0 3164.37 10 4.5 36.2
0 3164.465 10 4.5 36.2
0 3164.595 8 4.5 36.2
0 3164.669 13 4.5 36.2
0 3164.77 10 4.5 36.2
0 3164.974 5 4.5 36.2
0 3165.082 9 3.5 36.2
0 3165.105 44 3.5 36.2
0 3165.205 10 3.5 36.2
0 3165.304 10 3.5 36.2
0 3165.393 11 3.5 36.2
0 3165.504 9 3.5 36.2
0 3165.624 8 3.5 36.2
0 3165.707 12 3.5 36.2
0 3165.806 10 3.5 36.2
0 3165.896 11 3.5 36.2
0 3166.003 9 3.5 36.2
0 3166.103 10 3.5 36.2
0 3166.242 7 3.5 36.2
0 3166.305 16 3.5 36.2
0 3166.422 9 3.5 36.2
0 3166.541 8 3.5 36.2
0 3166.63 11 3.5 36.2
0 3166.71 12 3.5 36.2
0 3166.81 10 3.5 36.2
0 3167.117 3 3.5 36.2
0 3167.135 54 3.5 36.2
0 3167.244 9 3.5 36.2
0 3167.344 10 3.5 36.2
0 3167.435 11 3.5 36.2
0 3167.54 10 3.5 36.2
0 3167.638 10 3.5 36.2
0 3167.745 9 3.5 36.2
0 3167.864 8 3.5 36.2
0 3167.936 14 3.5 36.2
0 3168.041 10 3.5 36.2
0 3168.168 8 3.5 36.2
0 3168.245 13 3.5 36.2
0 3168.368 8 3.5 36.2
0 3168.436 15 3.5 36.2
0 3168.54 10 3.5 36.2
0 3168.632 11 3.5 36.2
0 3168.775 7 3.5 36.2
0 3168.84 15 3.5 36.2
0 3168.939 10 3.5 36.2
0 3169.201 4 3.5 36.2
0 3169.219 55 3.5 36.2
0 3169.33 9 3.5 36.2
0 3169.426 10 3.5 36.2
0 3169.531 10 3.5 36.2
0 3169.654 8 3.5 36.2
0 3169.71 18 3.5 36.2
0 3169.831 8 3.5 36.2
0 3169.928 10 3.5 36.2
0 3170.059 8 3.5 36.2
0 3170.124 16 3.5 36.2
0 3170.227 10 3.5 36.2
0 3170.332 9 3.5 36.2
0 3170.428 10 3.5 36.2
0 3170.549 8 3.5 36.2
0 3170.669 8 3.5 36.2
0 3170.751 12 3.5 36.2
0 3170.842 11 3.5 36.2
0 3170.941 10 3.5 36.2
0 3171.266 3 3.5 36.2
0 3171.337 14 3.5 36.2
0 3171.443 9 3.5 36.2
0 3171.497 19 3.5 36.2
0 3171.658 6 3.5 36.2
0 3171.686 36 3.5 36.2
0 3171.818 8 3.5 36.2
0 3171.916 10 3.5 36.2
0 3172.047 8 3.5 36.2
0 3172.099 19 3.5 36.2
0 3172.213 9 3.5 36.2
0 3172.314 10 3.5 36.2
0 3172.42 9 3.5 36.2
0 3172.509 11 3.5 36.2
0 3172.617 9 3.5 36.2
0 3172.716 10 3.5 36.2
0 3172.816 10 3.5 36.2
0 3172.922 9 3.5 36.2
0 3173.007 12 3.5 36.2
0 3173.331 3 3.5 36.2
0 3173.398 15 3.5 36.2
0 3173.455 18 3.5 36.2
0 3173.577 8 3.5 36.2
0 3173.673 10 3.5 36.2
0 3173.779 9 3.5 36.2
0 3173.869 11 3.5 36.2
0 3173.962 11 3.5 36.2
0 3174.078 9 3.5 36.2
0 3174.179 10 3.5 36.2
0 3174.278 10 3.5 36.2
0 3174.378 10 3.5 36.2
0 3174.469 11 3.5 36.2
0 3174.576 9 3.5 36.2
0 3174.68 10 3.5 36.2
0 3174.779 10 3.5 36.2
0 3174.878 10 3.5 36.2
0 3174.956 13 3.5 36.2
0 3175.085 8 3.5 36.2
0 3175.398 3 3.5 36.2
0 3175.44 24 3.5 36.2
0 3175.543 10 3.5 36.2
0 3175.652 9 3.5 36.2
0 3175.746 11 3.5 36.2
0 3175.84 11 3.5 36.2
0 3175.944 10 3.5 36.2
0 3176.045 10 3.5 36.2
0 3176.145 10 3.5 36.2
0 3176.254 9 3.5 36.2
0 3176.387 8 3.5 36.2
0 3176.43 24 3.5 36.2
0 3176.546 9 3.5 36.2
0 3176.683 7 3.5 36.2
0 3176.742 17 3.5 36.2
0 3176.857 9 3.5 36.2
0 3176.944 11 3.5 36.2
0 3177.078 7 3.5 36.2
0 3177.146 15 3.5 36.2
0 3177.457 3 3.5 36.2
0 3177.489 31 3.5 36.2
0 3177.608 8 3.5 36.2
0 3177.697 11 3.5 36.2
0 3177.808 9 3.5 36.2
0 3177.899 11 3.5 36.2
0 3178.013 9 3.5 36.2
0 3178.106 11 3.5 36.2
0 3178.204 10 3.5 36.2
0 3178.295 11 3.5 36.2
0 3178.446 7 3.5 36.2
0 3178.49 23 3.5 36.2
0 3178.601 9 3.5 36.2
0 3178.695 11 3.5 36.2
0 3178.807 9 3.5 36.2
0 3178.907 10 3.5 36.2
0 3179.007 10 3.5 36.2
0 3179.117 9 3.5 36.2
0 3179.2 12 3.5 36.2
0 3179.477 4 3.5 36.2
0 3179.515 27 3.5 36.2
0 3179.636 8 3.5 36.2
0 3179.722 12 3.5 36.2
0 3179.838 9 3.5 36.2
0 3179.904 15 3.5 36.2
0 3180.001 10 3.5 36.2
0 3180.107 9 3.5 36.2
0 3180.212 10 3.5 36.2
0 3180.302 11 3.5 36.2
0 3180.406 10 3.5 36.2
0 3180.511 10 3.5 36.2
0 3180.607 10 3.5 36.2
0 3180.708 10 3.5 36.2
0 3180.812 10 3.5 36.2
0 3180.906 11 3.5 36.2
0 3181.003 10 3.5 36.2
0 3181.108 10 3.5 36.2
0 3181.207 10 3.5 36.2
0 3181.313 10 3.5 36.2
0 3181.67 3 3.5 36.2
0 3181.677 134 3.5 36.2
0 3181.8 8 3.5 36.2
0 3181.901 10 3.5 36.2
0 3181.996 11 3.5 36.2
0 3182.135 7 3.5 36.2
0 3182.197 16 3.5 36.2
0 3182.3 10 3.5 36.2
0 3182.403 10 3.5 36.2
0 3182.494 11 3.5 36.2
0 3182.661 6 3.5 36.2
0 3182.697 28 3.5 36.2
0 3182.8 10 3.5 36.2
0 3182.9 10 3.5 36.2
0 3182.991 11 3.5 36.2
0 3183.099 9 3.5 36.2
0 3183.201 10 3.5 36.2
0 3183.303 10 3.5 36.2
0 3183.403 10 3.5 36.2
0 3183.715 3 3.5 36.2
0 3183.739 43 3.5 36.2
0 3183.846 9 3.5 36.2
0 3183.942 10 3.5 36.2
0 3184.041 10 3.5 36.2
0 3184.144 10 3.5 36.2
0 3184.245 10 3.5 36.2
0 3184.344 10 3.5 36.2
0 3184.443 10 3.5 36.2
0 3184.542 10 3.5 36.2
0 3184.708 6 3.5 36.2
0 3184.738 33 3.5 36.2
0 3184.847 9 3.5 36.2
0 3184.944 10 3.5 36.2
0 3185.042 10 3.5 36.2
0 3185.146 10 3.4 36.2
0 3185.248 10 3.4 36.2
0 3185.345 10 3.4 36.2
0 3185.444 10 3.4 36.2
0 3185.758 3 3.4 36.2
0 3185.779 47 3.4 36.2
0 3185.881 10 3.4 36.2
0 3185.988 9 3.4 36.2
0 3186.081 11 3.4 36.2
0 3186.182 10 3.4 36.2
0 3186.282 10 3.4 36.2
0 3186.384 10 3.4 36.2
0 3186.52 7 3.4 36.2
0 3186.581 17 3.4 36.2
0 3186.789 5 3.4 36.2
0 3186.796 149 3.4 36.2
0 3186.913 9 3.4 36.2
0 3187.018 10 3.4 36.2
0 3187.165 7 3.4 36.2
0 3187.209 23 3.4 36.2
0 3187.316 9 3.4 36.2
0 3187.415 10 3.4 36.2
0 3187.505 11 3.4 36.2
0 3187.616 9 3.4 36.2
0 3187.824 5 3.4 36.2
0 3187.846 46 3.4 36.2
0 3187.95 10 3.4 36.2
0 3188.05 10 3.4 36.2
0 3188.151 10 3.4 36.2
0 3188.25 10 3.4 36.2
0 3188.352 10 3.4 36.2
0 3188.451 10 3.4 36.2
0 3188.55 10 3.4 36.2
0 3188.66 9 3.4 36.2
0 3188.814 7 3.4 36.2
0 3188.848 29 3.4 36.2
0 3188.952 10 3.4 36.2
0 3189.052 10 3.4 36.2
0 3189.149 10 3.4 36.2
0 3189.249 10 3.4 36.2
0 3189.357 9 3.4 36.2
0 3189.452 11 3.4 36.2
0 3189.553 10 3.4 36.2
0 3189.652 10 3.4 36.2
0 3189.863 5 3.4 36.2
0 3189.889 39 3.4 36.2
0 3189.986 10 3.4 36.2
0 3190.09 10 3.4 36.2
0 3190.189 10 3.4 36.2
0 3190.288 10 3.4 36.2
0 3190.396 9 3.4 36.2
0 3190.489 11 3.4 36.2
0 3190.584 10 3.4 36.2
0 3190.68 10 3.4 36.2
0 3190.851 6 3.4 36.2
0 3190.887 28 3.4 36.2
0 3190.998 9 3.4 36.2
0 3191.087 11 3.4 36.2
0 3191.19 10 3.4 36.2
0 3191.289 10 3.4 36.2
0 3191.391 10 3.4 36.2
0 3191.49 10 3.4 36.2
0 3191.598 9 3.4 36.2
0 3191.69 11 3.4 36.2
0 3191.902 5 3.4 36.2
0 3191.92 55 3.4 36.2
0 3192.024 10 3.4 36.2
0 3192.159 7 3.4 36.2
0 3192.221 16 3.4 36.2
0 3192.323 10 3.4 36.2
0 3192.421 10 3.4 36.2
0 3192.525 10 3.4 36.2
0 3192.608 12 3.4 36.2
0 3192.734 8 3.4 36.2
0 3192.883 7 3.4 36.2
0 3192.922 26 3.4 36.2
0 3193.025 10 3.4 36.2
0 3193.114 11 3.4 36.2
0 3193.219 10 3.4 36.2
0 3193.332 9 3.4 36.2
0 3193.425 11 3.4 36.2
0 3193.528 10 3.4 36.2
0 3193.617 11 3.4 36.2
0 3193.725 9 3.4 36.2
0 3193.834 9 3.4 36.2
0 3193.926 11 3.4 36.2
0 3194.027 10 3.4 36.2
0 3194.123 10 3.4 36.2
0 3194.226 10 3.4 36.2
0 3194.31 12 3.4 36.2
0 3194.436 8 3.4 36.2
0 3194.528 11 3.4 36.2
0 3194.626 10 3.4 36.2
0 3194.728 10 3.4 36.2
0 3194.91 5 3.4 36.2
0 3194.915 191 3.4 36.2
0 3195.04 8 3.4 36.2
0 3195.131 11 3.4 36.2
0 3195.234 10 3.1 36.2
0 3195.331 10 3.1 36.2
0 3195.432 10 3.1 36.2
0 3195.543 9 3.1 36.2
0 3195.631 11 3.1 36.2
0 3195.734 10 3.1 36.2
0 3195.83 10 3.1 36.2
0 3195.932 10 3.1 36.2
0 3196.044 9 3.1 36.2
0 3196.13 12 3.1 36.2
0 3196.233 10 3.1 36.2
0 3196.332 10 3.1 36.2
0 3196.43 10 3.1 36.2
0 3196.531 10 3.1 36.2
0 3196.629 10 3.1 36.2
0 3196.735 9 3.1 36.2
0 3196.896 6 3.1 36.2
0 3196.932 28 3.1 36.2
0 3197.032 10 3.1 36.2
0 3197.126 11 3.1 36.2
0 3197.245 8 3.1 36.2
0 3197.332 12 3.1 36.2
0 3197.433 10 3.1 36.2
0 3197.534 10 3.1 36.2
0 3197.634 10 3.1 36.2
0 3197.746 9 3.1 36.2
0 3197.834 11 3.1 36.2
0 3197.934 10 3.1 36.2
0 3198.033 10 3.1 36.2
0 3198.136 10 3.1 36.2
0 3198.238 10 3.1 36.2
0 3198.342 10 3.1 36.2
0 3198.434 11 3.1 36.2
0 3198.532 10 3.1 36.2
0 3198.635 10 3.1 36.2
0 3198.739 10 3.1 36.2
0 3198.904 6 3.1 36.2
0 3198.931 38 3.1 36.2
0 3199.033 10 3.1 36.2
0 3199.12 11 3.1 36.2
0 3199.24 8 3.1 36.2
0 3199.335 11 3.1 36.2
0 3199.443 9 3.1 36.2
0 3199.535 11 3.1 36.2
0 3199.635 10 3.1 36.2
0 3199.741 9 3.1 36.2
0 3199.835 11 3.1 36.2
0 3199.984 7 3.1 36.2
0 3200.035 20 3.1 36.2
0 3200.136 10 3.1 36.2
0 3200.243 9 3.1 36.2
0 3200.337 11 3.1 36.2
0 3200.437 10 3.1 36.2
0 3200.544 9 3.1 36.2
0 3200.638 11 3.1 36.2
0 3200.743 9 3.1 36.2
0 3200.823 13 3.1 36.2
0 3201.001 6 3.1 36.2
0 3201.034 30 3.1 36.2
0 3201.146 9 3.1 36.2
0 3201.243 10 3.1 36.2
0 3201.338 11 3.1 36.2
0 3201.439 10 3.1 36.2
0 3201.537 10 3.1 36.2
0 3201.638 10 3.1 36.2
0 3201.75 9 3.1 36.2
0 3201.839 11 3.1 36.2
0 3201.941 10 3.1 36.2
0 3202.09 7 3.1 36.2
0 3202.138 21 3.1 36.2
0 3202.24 10 3.1 36.2
0 3202.351 9 3.1 36.2
0 3202.438 11 3.1 36.2
0 3202.539 10 3.1 36.2
0 3202.639 10 3.1 36.2
0 3202.743 10 3.1 36.2
0 3202.852 9 3.1 36.2
0 3203.001 7 3.1 36.2
0 3203.038 27 3.1 36.2
0 3203.139 10 3.1 36.2
0 3203.241 10 3.1 36.2
0 3203.353 9 3.1 36.2
0 3203.442 11 3.1 36.2
0 3203.541 10 3.1 36.2
0 3203.627 12 3.1 36.2
0 3203.742 9 3.1 36.2
0 3203.854 9 3.1 36.2
0 3203.943 11 3.1 36.2
0 3204.09 7 3.1 36.2
0 3204.135 22 3.1 36.2
0 3204.242 9 3.1 36.2
0 3204.346 10 3.1 36.2
0 3204.45 10 3.1 36.2
0 3204.542 11 3.1 36.2
0 3204.642 10 3.1 36.2
0 3204.743 10 3.1 36.2
0 3204.846 10 3.1 36.2
0 3205.055 5 3.1 36.2
0 3205.061 189 3.1 36.2
0 3205.176 9 3.1 36.2
0 3205.277 10 3.2 36.3
0 3205.379 10 3.2 36.3
0 3205.478 10 3.2 36.3
0 3205.585 9 3.2 36.3
0 3205.678 11 3.2 36.3
0 3205.78 10 3.2 36.3
0 3205.881 10 3.2 36.3
0 3205.98 10 3.2 36.3
0 3206.102 8 3.2 36.3
0 3206.178 13 3.2 36.3
0 3206.278 10 3.2 36.3
0 3206.383 9 3.2 36.3
0 3206.481 10 3.2 36.3
0 3206.577 10 3.2 36.3
0 3206.687 9 3.2 36.3
0 3206.78 11 3.2 36.3
0 3206.88 10 3.2 36.3
0 3207.041 6 3.2 36.3
0 3207.076 29 3.2 36.3
0 3207.181 10 3.2 36.3
0 3207.286 9 3.2 36.3
0 3207.382 10 3.2 36.3
0 3207.483 10 3.2 36.3
0 3207.579 10 3.2 36.3
0 3207.679 10 3.2 36.3
0 3207.788 9 3.2 36.3
0 3207.883 11 3.2 36.3
0 3207.983 10 3.2 36.3
0 3208.141 6 3.2 36.3
0 3208.179 26 3.2 36.3
0 3208.279 10 3.2 36.3
0 3208.391 9 3.2 36.3
0 3208.486 11 3.2 36.3
0 3208.581 11 3.2 36.3
0 3208.666 12 3.2 36.3
0 3208.781 9 3.2 36.3
0 3208.89 9 3.2 36.3
0 3208.968 13 3.2 36.3
0 3209.146 6 3.2 36.3
0 3209.178 31 3.2 36.3
0 3209.282 10 3.2 36.3
0 3209.39 9 3.2 36.3
0 3209.483 11 3.2 36.3
0 3209.587 10 3.2 36.3
0 3209.683 11 3.2 36.3
0 3209.782 10 3.2 36.3
0 3209.889 9 3.2 36.3
0 3209.984 11 3.2 36.3
0 3210.185 5 3.2 36.3
0 3210.19 191 3.2 36.3
0 3210.306 9 3.2 36.3
0 3210.417 9 3.2 36.3
0 3210.509 11 3.2 36.3
0 3210.607 10 3.2 36.3
0 3210.71 10 3.2 36.3
0 3210.804 11 3.2 36.3
0 3210.916 9 3.2 36.3
0 3211.006 11 3.2 36.3
0 3211.172 6 3.2 36.3
0 3211.208 28 3.2 36.3
0 3211.306 10 3.2 36.3
0 3211.399 11 3.2 36.3
0 3211.512 9 3.2 36.3
0 3211.61 10 3.2 36.3
0 3211.714 10 3.2 36.3
0 3211.809 11 3.2 36.3
0 3211.911 10 3.2 36.3
0 3212.013 10 3.2 36.3
0 3212.171 6 3.2 36.3
0 3212.205 29 3.2 36.3
0 3212.313 9 3.2 36.3
0 3212.399 12 3.2 36.3
0 3212.514 9 3.2 36.3
0 3212.603 11 3.2 36.3
0 3212.71 9 3.2 36.3
0 3212.815 10 3.2 36.3
0 3212.91 10 3.2 36.3
0 3213.002 11 3.2 36.3
0 3213.164 6 3.2 36.3
0 3213.211 21 3.2 36.3
0 3213.318 9 3.2 36.3
0 3213.413 11 3.2 36.3
0 3213.514 10 3.2 36.3
0 3213.614 10 3.2 36.3
0 3213.71 10 3.2 36.3
0 3213.81 10 3.2 36.3
0 3213.92 9 3.2 36.3
0 3214.016 10 3.2 36.3
0 3214.169 7 3.2 36.3
0 3214.217 21 3.2 36.3
0 3214.313 10 3.2 36.3
0 3214.415 10 3.2 36.3
0 3214.517 10 3.2 36.3
0 3214.615 10 3.2 36.3
0 3214.721 9 3.2 36.3
0 3214.813 11 3.2 36.3
0 3214.914 10 3.2 36.3
0 3215.019 10 3.2 36.3
0 3215.232 5 3.2 36.3
0 3215.24 126 3.2 36.3
0 3215.355 9 3.3 36.3
0 3215.458 10 3.3 36.3
0 3215.562 10 3.3 36.3
0 3215.652 11 3.3 36.3
0 3215.762 9 3.3 36.3
0 3215.856 11 3.3 36.3
0 3215.958 10 3.3 36.3
0 3216.055 10 3.3 36.3
0 3216.225 6 3.3 36.3
0 3216.25 39 3.3 36.3
0 3216.36 9 3.3 36.3
0 3216.458 10 3.3 36.3
0 3216.543 12 3.3 36.3
0 3216.651 9 3.3 36.3
0 3216.764 9 3.3 36.3
0 3216.863 10 3.3 36.3
0 3216.959 10 3.3 36.3
0 3217.058 10 3.3 36.3
0 3217.26 5 3.3 36.3
0 3217.281 49 3.3 36.3
0 3217.391 9 3.3 36.3
0 3217.483 11 3.3 36.3
0 3217.586 10 3.3 36.3
0 3217.686 10 3.3 36.3
0 3217.839 7 3.3 36.3
0 3217.884 22 3.3 36.3
0 3217.991 9 3.3 36.3
0 3218.087 10 3.3 36.3
0 3218.25 6 3.3 36.3
0 3218.285 29 3.3 36.3
0 3218.393 9 3.3 36.3
0 3218.47 13 3.3 36.3
0 3218.592 8 3.3 36.3
0 3218.671 13 3.3 36.3
0 3218.79 8 3.3 36.3
0 3218.889 10 3.3 36.3
0 3218.986 10 3.3 36.3
0 3219.075 11 3.3 36.3
0 3219.292 5 3.3 36.3
0 3219.298 151 3.3 36.3
0 3219.42 8 3.3 36.3
0 3219.571 7 3.3 36.3
0 3219.62 21 3.3 36.3
0 3219.719 10 3.3 36.3
0 3219.816 10 3.3 36.3
0 3219.955 7 3.3 36.3
0 3220.02 15 3.3 36.3
0 3220.122 10 3.3 36.3
0 3220.328 5 3.3 36.3
0 3220.337 111 3.3 36.3
0 3220.453 9 3.3 36.3
0 3220.556 10 3.3 36.3
0 3220.66 10 3.3 36.3
0 3220.756 10 3.3 36.3
0 3220.857 10 3.3 36.3
0 3220.953 10 3.3 36.3
0 3221.055 10 3.3 36.3
0 3221.161 9 3.3 36.3
0 3221.365 5 3.3 36.3
0 3221.373 138 3.3 36.3
0 3221.49 9 3.3 36.3
0 3221.656 6 3.3 36.3
0 3221.692 28 3.3 36.3
0 3221.793 10 3.3 36.3
0 3221.898 10 3.3 36.3
0 3222.043 7 3.3 36.3
0 3222.091 21 3.3 36.3
0 3222.199 9 3.3 36.3
0 3222.358 6 3.3 36.3
0 3222.389 32 3.3 36.3
0 3222.494 10 3.3 36.3
0 3222.593 10 3.3 36.3
0 3222.699 9 3.3 36.3
0 3222.796 10 3.3 36.3
0 3222.896 10 3.3 36.3
0 3222.993 10 3.3 36.3
0 3223.097 10 3.3 36.3
0 3223.2 10 3.3 36.3
0 3223.399 5 3.3 36.3
0 3223.417 55 3.3 36.3
0 3223.527 9 3.3 36.3
0 3223.676 7 3.3 36.3
0 3223.727 20 3.3 36.3
0 3223.827 10 3.3 36.3
0 3223.928 10 3.3 36.3
0 3224.091 6 3.3 36.3
0 3224.124 31 3.3 36.3
0 3224.237 9 3.3 36.3
0 3224.386 7 3.3 36.3
0 3224.412 40 3.3 36.3
0 3224.531 8 3.3 36.3
0 3224.628 10 3.3 36.3
0 3224.732 10 3.3 36.3
0 3224.832 10 3.3 36.3
0 3224.927 11 3.3 36.3
0 3225.032 10 3.3 36.3
0 3225.126 11 3.3 36.3
0 3225.229 10 3.3 36.3
0 3225.486 4 3.7 36.3
0 3225.493 151 3.7 36.3
0 3225.615 8 3.7 36.3
0 3225.769 6 3.7 36.3
0 3225.811 24 3.7 36.3
0 3225.914 10 3.7 36.3
0 3226.02 9 3.7 36.3
0 3226.178 6 3.7 36.3
0 3226.213 29 3.7 36.3
0 3226.314 10 3.7 36.3
0 3226.401 12 3.7 36.3
0 3226.521 8 3.7 36.3
0 3226.614 11 3.7 36.3
0 3226.717 10 3.7 36.3
0 3226.812 11 3.7 36.3
0 3226.898 12 3.7 36.3
0 3227.022 8 3.7 36.3
0 3227.097 13 3.7 36.3
0 3227.217 8 3.7 36.3
0 3227.316 10 3.7 36.3
0 3227.531 5 3.7 36.3
0 3227.548 59 3.7 36.3
0 3227.656 9 3.7 36.3
0 3227.828 6 3.7 36.3
0 3227.848 51 3.7 36.3
0 3227.955 9 3.7 36.3
0 3228.07 9 3.7 36.3
0 3228.218 7 3.7 36.3
0 3228.304 12 3.7 36.3
0 3228.359 18 3.7 36.3
0 3228.522 6 3.7 36.3
0 3228.564 24 3.7 36.3
0 3228.665 10 3.7 36.3
0 3228.765 10 3.7 36.3
0 3228.864 10 3.7 36.3
0 3228.958 11 3.7 36.3
0 3229.069 9 3.7 36.3
0 3229.166 10 3.7 36.3
0 3229.263 10 3.7 36.3
0 3229.36 10 3.7 36.3
0 3229.592 4 3.7 36.3
0 3229.622 34 3.7 36.3
0 3229.74 8 3.7 36.3
0 3229.904 6 3.7 36.3
0 3229.93 39 3.7 36.3
0 3230.053 8 3.7 36.3
0 3230.218 6 3.7 36.3
0 3230.261 23 3.7 36.3
0 3230.425 6 3.7 36.3
0 3230.442 60 3.7 36.3
0 3230.726 4 3.7 36.3
0 3230.743 58 3.7 36.3
0 3230.883 7 3.7 36.3
0 3230.967 12 3.7 36.3
0 3231.043 13 3.7 36.3
0 3231.149 9 3.7 36.3
0 3231.27 8 3.7 36.3
0 3231.369 10 3.7 36.3
0 3231.465 10 3.7 36.3
0 3231.563 10 3.7 36.3
0 3231.669 9 3.7 36.3
0 3231.767 10 3.7 36.3
0 3231.922 6 3.7 36.3
0 3231.958 28 3.7 36.3
0 3232.08 8 3.7 36.3
0 3232.227 7 3.7 36.3
0 3232.264 27 3.7 36.3
0 3232.405 7 3.7 36.3
0 3232.461 18 3.7 36.3
0 3232.677 5 3.7 36.3
0 3232.695 56 3.7 36.3
0 3232.829 7 3.7 36.3
0 3232.905 13 3.7 36.3
0 3233.025 8 3.7 36.3
0 3233.133 9 3.7 36.3
0 3233.226 11 3.7 36.3
0 3233.33 10 3.7 36.3
0 3233.458 8 3.7 36.3
0 3233.498 25 3.7 36.3
0 3233.654 6 3.7 36.3
0 3233.688 29 3.7 36.3
0 3233.812 8 3.7 36.3
0 3233.961 7 3.7 36.3
0 3234.001 25 3.7 36.3
0 3234.108 9 3.7 36.3
0 3234.301 5 3.7 36.3
0 3234.336 29 3.7 36.3
0 3234.473 7 3.7 36.3
0 3234.528 18 3.7 36.3
0 3234.702 6 3.7 36.3
0 3234.719 60 3.7 36.3
0 3234.824 10 3.7 36.3
0 3234.934 9 3.7 36.3
0 3235.032 10 3.7 36.3
0 3235.135 10 3.7 36.3
0 3235.234 10 3.7 36.3
0 3235.337 10 3.7 36.3
0 3235.435 10 3.7 36.3
0 3235.533 10 4.3 36.3
0 3235.636 10 4.3 36.3
0 3235.851 5 4.3 36.3
0 3235.859 117 4.3 36.3
0 3236.034 6 4.3 36.3
0 3236.077 23 4.3 36.3
0 3236.335 4 4.3 36.3
0 3236.362 38 4.3 36.3
0 3236.534 6 4.3 36.3
0 3236.549 66 4.3 36.3
0 3236.773 4 4.3 36.3
0 3236.802 35 4.3 36.3
0 3236.891 11 4.3 36.3
0 3236.999 9 4.3 36.3
0 3237.109 9 4.3 36.3
0 3237.204 10 4.3 36.3
0 3237.291 11 4.3 36.3
0 3237.456 6 4.3 36.3
0 3237.483 37 4.3 36.3
0 3237.585 10 4.3 36.3
0 3237.709 8 4.3 36.3
0 3237.874 6 4.3 36.3
0 3237.898 42 4.3 36.3
0 3238.071 6 4.3 36.3
0 3238.101 34 4.3 36.3
0 3238.213 9 4.3 36.3
0 3238.481 4 4.3 36.3
0 3238.631 7 4.3 36.3
0 3238.64 113 4.3 36.3
0 3238.879 4 4.3 36.3
0 3238.898 52 4.3 36.3
0 3238.997 10 4.3 36.3
0 3239.114 9 4.3 36.3
0 3239.217 10 4.3 36.3
0 3239.316 10 4.3 36.3
0 3239.421 10 4.3 36.3
0 3239.564 7 4.3 36.3
0 3239.613 20 4.3 36.3
0 3239.72 9 4.3 36.3
0 3239.879 6 4.3 36.3
0 3239.908 35 4.3 36.3
0 3240.058 7 4.3 36.3
0 3240.112 19 4.3 36.3
0 3240.216 10 4.3 36.3
0 3240.498 4 4.3 36.3
0 3240.602 10 4.3 36.3
0 3240.623 49 4.3 36.3
0 3240.741 8 4.3 36.3
0 3241.002 4 4.3 36.3
0 3241.011 107 4.3 36.3
0 3241.143 8 4.3 36.3
0 3241.235 11 4.3 36.3
0 3241.339 10 4.3 36.3
0 3241.434 11 4.3 36.3
0 3241.61 6 4.3 36.3
0 3241.638 35 4.3 36.3
0 3241.748 9 4.3 36.3
0 3241.907 6 4.3 36.3
0 3241.935 36 4.3 36.3
0 3242.158 4 4.3 36.3
0 3242.174 60 4.3 36.3
0 3242.299 8 4.3 36.3
0 3242.563 4 4.3 36.3
0 3242.609 22 4.3 36.3
0 3242.707 10 4.3 36.3
0 3242.801 11 4.3 36.3
0 3243.005 5 4.3 36.3
0 3243.023 56 4.3 36.3
0 3243.14 9 4.3 36.3
0 3243.242 10 4.3 36.3
0 3243.344 10 4.3 36.3
0 3243.44 10 4.3 36.3
0 3243.539 10 4.3 36.3
0 3243.771 4 4.3 36.3
0 3243.796 39 4.3 36.3
0 3243.965 6 4.3 36.3
0 3244.002 27 4.3 36.3
0 3244.215 5 4.3 36.3
0 3244.233 58 4.3 36.3
0 3244.351 8 4.3 36.3
0 3244.675 3 4.3 36.3
0 3244.769 11 4.3 36.3
0 3244.799 33 4.3 36.3
0 3244.964 6 4.3 36.3
0 3245.001 27 4.3 36.3
0 3245.113 9 4.3 36.3
0 3245.209 10 4.3 36.3
0 3245.306 10 4.3 36.3
0 3245.401 11 4.3 36.3
0 3245.512 9 4.3 36.3
0 3245.653 7 4.2 36.3
0 3245.705 19 4.2 36.3
0 3245.877 6 4.2 36.3
0 3245.899 45 4.2 36.3
0 3246.144 4 4.2 36.3
0 3246.274 8 4.2 36.3
0 3246.286 82 4.2 36.3
0 3246.397 9 4.2 36.3
0 3246.675 4 4.2 36.3
0 3246.704 35 4.2 36.3
0 3246.871 6 4.2 36.3
0 3246.894 43 4.2 36.3
0 3246.999 10 4.2 36.3
0 3247.102 10 4.2 36.3
0 3247.21 9 4.2 36.3
0 3247.304 11 4.2 36.3
0 3247.408 10 4.2 36.3
0 3247.508 10 4.2 36.3
0 3247.605 10 4.2 36.3
0 3247.711 9 4.2 36.3
0 3247.868 6 4.2 36.3
0 3247.9 32 4.2 36.3
0 3248.078 6 4.2 36.3
0 3248.098 49 4.2 36.3
0 3248.381 4 4.2 36.3
0 3248.389 125 4.2 36.3
0 3248.626 4 4.2 36.3
0 3248.694 15 4.2 36.3
0 3248.753 17 4.2 36.3
0 3248.921 6 4.2 36.3
0 3248.95 35 4.2 36.3
0 3249.057 9 4.2 36.3
0 3249.162 10 4.2 36.3
0 3249.258 10 4.2 36.3
0 3249.358 10 4.2 36.3
0 3249.459 10 4.2 36.3
0 3249.559 10 4.2 36.3
0 3249.646 11 4.2 36.3
0 3249.765 8 4.2 36.3
0 3249.96 5 4.2 36.3
0 3249.971 92 4.2 36.3
0 3250.154 5 4.2 36.3
0 3250.186 32 4.2 36.3
0 3250.396 5 4.2 36.3
0 3250.403 140 4.2 36.3
0 3250.604 5 4.2 36.3
0 3250.674 14 4.2 36.3
0 3250.734 17 4.2 36.3
0 3250.836 10 4.2 36.3
0 3250.974 7 4.2 36.3
0 3251.021 21 4.2 36.3
0 3251.207 5 4.2 36.3
0 3251.215 127 4.2 36.3
0 3251.341 8 4.2 36.3
0 3251.439 10 4.2 36.3
0 3251.55 9 4.2 36.3
0 3251.643 11 4.2 36.3
0 3251.744 10 4.2 36.3
0 3251.845 10 4.2 36.3
0 3252.06 5 4.2 36.3
0 3252.09 33 4.2 36.3
0 3252.254 6 4.2 36.3
0 3252.29 28 4.2 36.3
0 3252.483 5 4.2 36.3
0 3252.49 153 4.2 36.3
0 3252.738 4 4.2 36.3
0 3252.756 54 4.2 36.3
0 3252.868 9 4.2 36.3
0 3253.074 5 4.2 36.3
0 3253.094 49 4.2 36.3
0 3253.207 9 4.2 36.3
0 3253.308 10 4.2 36.3
0 3253.484 6 4.2 36.3
0 3253.492 133 4.2 36.3
0 3253.612 8 4.2 36.3
0 3253.771 6 4.2 36.3
0 3253.802 32 4.2 36.3
0 3253.917 9 4.2 36.3
0 3254.123 5 4.2 36.3
0 3254.144 46 4.2 36.3
0 3254.321 6 4.2 36.3
0 3254.351 34 4.2 36.3
0 3254.455 10 4.2 36.3
0 3254.554 10 4.2 36.3
0 3254.77 5 4.2 36.3
0 3254.791 47 4.2 36.3
0 3254.892 10 4.2 36.3
0 3255.163 4 4.2 36.3
0 3255.181 54 4.2 36.3
0 3255.289 9 4.2 36.3
0 3255.394 10 4.2 36.3
0 3255.481 11 4.2 36.3
0 3255.591 9 4.2 36.3
0 3255.765 6 3.8 36.3
0 3255.771 168 3.8 36.3
0 3255.895 8 3.8 36.3
0 3255.974 13 3.8 36.3
0 3256.286 3 3.8 36.3
0 3256.401 9 3.8 36.3
0 3256.419 55 3.8 36.3
0 3256.529 9 3.8 36.3
0 3256.631 10 3.8 36.3
0 3256.811 6 3.8 36.3
0 3256.818 142 3.8 36.3
0 3256.943 8 3.8 36.3
0 3257.04 10 3.8 36.3
0 3257.253 5 3.8 36.3
0 3257.272 53 3.8 36.3
0 3257.389 9 3.8 36.3
0 3257.476 11 3.8 36.3
0 3257.581 9 3.8 36.3
0 3257.683 10 3.8 36.3
0 3257.783 10 3.8 36.3
0 3257.89 9 3.8 36.3
0 3257.97 13 3.8 36.3
0 3258.085 9 3.8 36.3
0 3258.293 5 3.8 36.3
0 3258.49 5 3.8 36.3
0 3258.499 114 3.8 36.3
0 3258.622 8 3.8 36.3
0 3258.78 6 3.8 36.3
0 3258.805 41 3.8 36.3
0 3258.898 11 3.8 36.3
0 3259.023 8 3.8 36.3
0 3259.12 10 3.8 36.3
0 3259.333 5 3.8 36.3
0 3259.352 54 3.8 36.3
0 3259.462 9 3.8 36.3
0 3259.57 9 3.8 36.3
0 3259.658 11 3.8 36.3
0 3259.761 10 3.8 36.3
0 3259.865 10 3.8 36.3
0 3259.957 11 3.8 36.3
0 3260.139 5 3.8 36.3
0 3260.145 165 3.8 36.3
0 3260.481 3 3.8 36.3
0 3260.505 42 3.8 36.3
0 3260.612 9 3.8 36.3
0 3260.785 6 3.8 36.3
0 3260.791 158 3.8 36.3
0 3260.896 10 3.8 36.3
0 3261.015 8 3.8 36.3
0 3261.118 10 3.8 36.3
0 3261.301 5 3.8 36.3
0 3261.433 8 3.8 36.3
0 3261.448 64 3.8 36.3
0 3261.56 9 3.8 36.3
0 3261.665 10 3.8 36.3
0 3261.835 6 3.8 36.3
0 3261.842 141 3.8 36.3
0 3261.966 8 3.8 36.3
0 3262.066 10 3.8 36.3
0 3262.166 10 3.8 36.3
0 3262.26 11 3.8 36.3
0 3262.587 3 3.8 36.3
0 3262.607 51 3.8 36.3
0 3262.716 9 3.8 36.3
0 3262.887 6 3.8 36.3
0 3262.894 140 3.8 36.3
0 3263.011 9 3.8 36.3
0 3263.118 9 3.8 36.3
0 3263.214 10 3.8 36.3
0 3263.314 10 3.8 36.3
0 3263.602 3 3.8 36.3
0 3263.609 144 3.8 36.3
0 3263.787 6 3.8 36.3
0 3263.817 33 3.8 36.3
0 3263.928 9 3.8 36.3
0 3264.029 10 3.8 36.3
0 3264.129 10 3.8 36.3
0 3264.228 10 3.8 36.3
0 3264.334 9 3.8 36.3
0 3264.452 9 3.8 36.3
0 3264.656 5 3.8 36.3
0 3264.685 35 3.8 36.3
0 3264.809 8 3.8 36.3
0 3264.899 11 3.8 36.3
0 3264.983 12 3.8 36.3
0 3265.156 6 3.8 36.3
0 3265.172 64 3.8 36.3
0 3265.314 7 3.8 36.3
0 3265.407 11 3.8 36.3
0 3265.614 5 3.8 36.3
0 3265.633 53 3.8 36.3
0 3265.812 6 3.9 36.3
0 3265.829 59 3.9 36.3
0 3265.99 6 3.9 36.3
0 3266.056 15 3.9 36.3
0 3266.158 10 3.9 36.3
0 3266.361 5 3.9 36.3
0 3266.378 58 3.9 36.3
0 3266.489 9 3.9 36.3
0 3266.723 4 3.9 36.3
0 3266.745 44 3.9 36.3
0 3266.93 5 3.9 36.3
0 3266.946 62 3.9 36.3
0 3267.085 7 3.9 36.3
0 3267.181 10 3.9 36.3
0 3267.276 10 3.9 36.3
0 3267.379 10 3.9 36.3
0 3267.474 11 3.9 36.3
0 3267.581 9 3.9 36.3
0 3267.674 11 3.9 36.3
0 3267.766 11 3.9 36.3
0 3267.948 6 3.9 36.3
0 3267.965 58 3.9 36.3
0 3268.152 5 3.9 36.3
0 3268.201 20 3.9 36.3
0 3268.302 10 3.9 36.3
0 3268.452 7 3.9 36.3
0 3268.478 39 3.9 36.3
0 3268.605 8 3.9 36.3
0 3268.81 5 3.9 36.3
0 3268.961 7 3.9 36.3
0 3268.978 57 3.9 36.3
0 3269.115 7 3.9 36.3
0 3269.207 11 3.9 36.3
0 3269.313 9 3.9 36.3
0 3269.397 12 3.9 36.3
0 3269.559 6 3.9 36.3
0 3269.575 62 3.9 36.3
0 3269.712 7 3.9 36.3
0 3269.794 12 3.9 36.3
0 3269.902 9 3.9 36.3
0 3269.983 12 3.9 36.3
0 3270.219 4 3.9 36.3
0 3270.255 28 3.9 36.3
0 3270.358 10 3.9 36.3
0 3270.472 9 3.9 36.3
0 3270.565 11 3.9 36.3
0 3270.668 10 3.9 36.3
0 3270.831 6 3.9 36.3
0 3270.845 70 3.9 36.3
0 3270.975 8 3.9 36.3
0 3271.079 10 3.9 36.3
0 3271.18 10 3.9 36.3
0 3271.282 10 3.9 36.3
0 3271.496 5 3.9 36.3
0 3271.502 198 3.9 36.3
0 3271.617 9 3.9 36.3
0 3271.717 10 3.9 36.3
0 3271.818 10 3.9 36.3
0 3272.0 5 3.9 36.3
0 3272.005 213 3.9 36.3
0 3272.121 9 3.9 36.3
0 3272.279 6 3.9 36.3
0 3272.318 25 3.9 36.3
0 3272.425 9 3.9 36.3
0 3272.587 6 3.9 36.3
0 3272.619 31 3.9 36.3
0 3272.718 10 3.9 36.3
0 3272.823 10 3.9 36.3
0 3272.998 6 3.9 36.3
0 3273.006 123 3.9 36.3
0 3273.13 8 3.9 36.3
0 3273.215 12 3.9 36.3
0 3273.324 9 3.9 36.3
0 3273.425 10 3.9 36.3
0 3273.521 10 3.9 36.3
0 3273.626 10 3.9 36.3
0 3273.723 10 3.9 36.3
0 3273.824 10 3.9 36.3
0 3274.059 4 3.9 36.3
0 3274.063 229 3.9 36.3
0 3274.186 8 3.9 36.3
0 3274.342 6 3.9 36.3
0 3274.379 27 3.9 36.3
0 3274.478 10 3.9 36.3
0 3274.726 4 3.9 36.3
0 3274.733 162 3.9 36.3
0 3274.834 10 3.9 36.3
0 3274.949 9 3.9 36.3
0 3275.048 10 3.9 36.3
0 3275.221 6 3.9 36.3
0 3275.234 79 3.9 36.3
0 3275.348 9 3.9 36.3
0 3275.449 10 3.9 36.3
0 3275.548 10 3.9 36.3
0 3275.647 10 3.9 36.3
0 3275.818 6 4.3 36.3
0 3275.835 61 4.3 36.3
0 3275.963 8 4.3 36.3
0 3276.073 9 4.3 36.3
0 3276.169 10 4.3 36.3
0 3276.274 9 4.3 36.3
0 3276.427 7 4.3 36.3
0 3276.523 10 4.3 36.3
0 3276.544 48 4.3 36.3
0 3276.677 7 4.3 36.3
0 3276.836 6 4.3 36.3
0 3276.866 34 4.3 36.3
0 3277.035 6 4.3 36.3
0 3277.052 62 4.3 36.3
0 3277.186 7 4.3 36.3
0 3277.274 11 4.3 36.3
0 3277.381 9 4.3 36.3
0 3277.475 11 4.3 36.3
0 3277.589 9 4.3 36.3
0 3277.685 10 4.3 36.3
0 3277.787 10 4.3 36.3
0 3277.881 11 4.3 36.3
0 3278.049 6 4.3 36.3
0 3278.074 40 4.3 36.3
0 3278.215 7 4.3 36.3
0 3278.289 14 4.3 36.3
0 3278.461 6 4.3 36.3
0 3278.496 29 4.3 36.3
0 3278.624 8 4.3 36.3
0 3278.734 9 4.3 36.3
0 3278.88 7 4.3 36.3
0 3278.911 32 4.3 36.3
0 3279.132 5 4.3 36.3
0 3279.157 40 4.3 36.3
0 3279.276 8 4.3 36.3
0 3279.39 9 4.3 36.3
0 3279.486 10 4.3 36.3
0 3279.672 5 4.3 36.3
0 3279.697 39 4.3 36.3
0 3279.844 7 4.3 36.3
0 3279.928 12 4.3 36.3
0 3280.009 12 4.3 36.3
0 3280.135 8 4.3 36.3
0 3280.301 6 4.3 36.3
0 3280.328 38 4.3 36.3
0 3280.534 5 4.3 36.3
0 3280.598 16 4.3 36.3
0 3280.692 11 4.3 36.3
0 3280.787 10 4.3 36.3
0 3280.976 5 4.3 36.3
0 3281.0 40 4.3 36.3
0 3281.133 8 4.3 36.3
0 3281.232 10 4.3 36.3
0 3281.324 11 4.3 36.3
0 3281.428 10 4.3 36.3
0 3281.584 6 4.3 36.3
0 3281.608 42 4.3 36.3
0 3281.744 7 4.3 36.3
0 3281.84 10 4.3 36.3
0 3281.942 10 4.3 36.3
0 3282.106 6 4.3 36.3
0 3282.13 42 4.3 36.3
0 3282.261 8 4.3 36.3
0 3282.364 10 4.3 36.3
0 3282.551 5 4.3 36.3
0 3282.606 18 4.3 36.3
0 3282.709 10 4.3 36.3
0 3282.809 10 4.3 36.3
0 3282.98 6 4.3 36.3
0 3283.068 11 4.3 36.3
0 3283.123 18 4.3 36.3
0 3283.235 9 4.3 36.3
0 3283.345 9 4.3 36.3
0 3283.424 13 4.3 36.3
0 3283.524 10 4.3 36.3
0 3283.635 9 4.3 36.3
0 3283.738 10 4.3 36.3
0 3283.829 11 4.3 36.3
0 3283.943 9 4.3 36.3
0 3284.167 4 4.3 36.3
0 3284.194 37 4.3 36.3
0 3284.318 8 4.3 36.3
0 3284.41 11 4.3 36.3
0 3284.615 5 4.3 36.3
0 3284.734 8 4.3 36.3
0 3284.758 41 4.3 36.3
0 3284.892 7 4.3 36.3
0 3285.065 6 4.3 36.3
0 3285.102 27 4.3 36.3
0 3285.218 9 4.3 36.3
0 3285.398 6 4.3 36.3
0 3285.422 41 4.3 36.3
0 3285.546 8 4.3 36.3
0 3285.651 10 4.3 36.3
0 3285.76 9 4.3 36.3
0 3285.866 10 5.0 36.3
0 3285.965 10 5.0 36.3
0 3286.047 12 5.0 36.3
0 3286.165 8 5.0 36.3
0 3286.242 13 5.0 36.3
0 3286.338 10 5.0 36.3
0 3286.453 9 5.0 36.3
0 3286.67 5 5.0 36.3
0 3286.697 37 5.0 36.3
0 3286.834 7 5.0 36.3
0 3286.94 9 5.0 36.3
0 3287.083 7 5.0 36.3
0 3287.207 8 5.0 36.3
0 3287.233 40 5.0 36.3
0 3287.367 7 5.0 36.3
0 3287.451 12 5.0 36.3
0 3287.609 6 5.0 36.3
0 3287.623 69 5.0 36.3
0 3287.753 8 5.0 36.3
0 3287.852 10 5.0 36.3
0 3287.959 9 5.0 36.3
0 3288.1 7 5.0 36.3
0 3288.204 10 5.0 36.3
0 3288.215 92 5.0 36.3
0 3288.33 9 5.0 36.3
0 3288.432 10 5.0 36.3
0 3288.533 10 5.0 36.3
0 3288.741 5 5.0 36.3
0 3288.759 55 5.0 36.3
0 3288.87 9 5.0 36.3
0 3288.954 12 5.0 36.3
0 3289.265 3 5.0 36.3
0 3289.279 72 5.0 36.3
0 3289.394 9 5.0 36.3
0 3289.481 11 5.0 36.3
0 3289.587 9 5.0 36.3
0 3289.768 6 5.0 36.3
0 3289.773 213 5.0 36.3
0 3289.898 8 5.0 36.3
0 3289.979 12 5.0 36.3
0 3290.093 9 5.0 36.3
0 3290.191 10 5.0 36.3
0 3290.293 10 5.0 36.3
0 3290.476 5 5.0 36.3
0 3290.481 197 5.0 36.3
0 3290.596 9 5.0 36.3
0 3290.807 5 5.0 36.3
0 3290.827 51 5.0 36.3
0 3290.921 11 5.0 36.3
0 3291.036 9 5.0 36.3
0 3291.132 10 5.0 36.3
0 3291.291 6 5.0 36.3
0 3291.33 26 5.0 36.3
0 3291.432 10 5.0 36.3
0 3291.534 10 5.0 36.3
0 3291.717 5 5.0 36.3
0 3291.722 201 5.0 36.3
0 3291.844 8 5.0 36.3
0 3291.942 10 5.0 36.3
0 3292.045 10 5.0 36.3
0 3292.221 6 5.0 36.3
0 3292.226 204 5.0 36.3
0 3292.347 8 5.0 36.3
0 3292.448 10 5.0 36.3
0 3292.622 6 5.0 36.3
0 3292.626 206 5.0 36.3
0 3292.85 4 5.0 36.3
0 3292.872 47 5.0 36.3
0 3292.975 10 5.0 36.3
0 3293.202 4 5.0 36.3
0 3293.208 167 5.0 36.3
0 3293.394 5 5.0 36.3
0 3293.413 52 5.0 36.3
0 3293.528 9 5.0 36.3
0 3293.628 10 5.0 36.3
0 3293.731 10 5.0 36.3
0 3293.829 10 5.0 36.3
0 3293.931 10 5.0 36.3
0 3294.03 10 5.0 36.3
0 3294.264 4 5.0 36.3
0 3294.27 193 5.0 36.3
0 3294.389 8 5.0 36.3
0 3294.484 11 5.0 36.3
0 3294.591 9 5.0 36.3
0 3294.688 10 5.0 36.3
0 3294.987 3 5.0 36.3
0 3295.003 63 5.0 36.3
0 3295.138 7 5.0 36.3
0 3295.235 10 5.0 36.3
0 3295.336 10 5.0 36.3
0 3295.581 4 5.0 36.3
0 3295.604 44 5.0 36.3
0 3295.72 9 5.0 36.3
0 3295.825 10 5.0 36.3
0 3295.935 9 4.2 36.3
0 3296.017 12 4.2 36.3
0 3296.128 9 4.2 36.3
0 3296.231 10 4.2 36.3
0 3296.332 10 4.2 36.3
0 3296.405 14 4.2 36.3
0 3296.498 11 4.2 36.3
0 3296.621 8 4.2 36.3
0 3296.808 5 4.2 36.3
0 3296.823 65 4.2 36.3
0 3296.945 8 4.2 36.3
0 3297.043 10 4.2 36.3
0 3297.155 9 4.2 36.3
0 3297.329 6 4.2 36.3
0 3297.344 67 4.2 36.3
0 3297.48 7 4.2 36.3
0 3297.764 4 4.2 36.3
0 3297.788 42 4.2 36.3
0 3297.919 8 4.2 36.3
0 3297.993 14 4.2 36.3
0 3298.244 4 4.2 36.3
0 3298.258 69 4.2 36.3
0 3298.397 7 4.2 36.3
0 3298.483 12 4.2 36.3
0 3298.596 9 4.2 36.3
0 3298.676 13 4.2 36.3
0 3298.778 10 4.2 36.3
0 3298.884 9 4.2 36.3
0 3298.986 10 4.2 36.3
0 3299.101 9 4.2 36.3
0 3299.337 4 4.2 36.3
0 3299.352 67 4.2 36.3
0 3299.472 8 4.2 36.3
0 3299.574 10 4.2 36.3
0 3299.792 5 4.2 36.3
0 3299.878 12 4.2 36.3
0 3299.913 29 4.2 36.3
0 3300.03 9 4.2 36.3
0 3300.129 10 4.2 36.3
0 3300.245 9 4.2 36.3
0 3300.333 11 4.2 36.3
0 3300.496 6 4.2 36.3
0 3300.512 65 4.2 36.3
0 3300.631 8 4.2 36.3
0 3300.729 10 4.2 36.3
0 3300.835 9 4.2 36.3
0 3300.934 10 4.2 36.3
0 3301.05 9 4.2 36.3
0 3301.148 10 4.2 36.3
0 3301.243 11 4.2 36.3
0 3301.33 11 4.2 36.3
0 3301.438 9 4.2 36.3
0 3301.544 10 4.2 36.3
0 3301.642 10 4.2 36.3
0 3301.914 4 4.2 36.3
0 3301.93 66 4.2 36.3
0 3302.07 7 4.2 36.3
0 3302.16 11 4.2 36.3
0 3302.324 6 4.2 36.3
0 3302.339 70 4.2 36.3
0 3302.475 7 4.2 36.3
0 3302.573 10 4.2 36.3
0 3302.74 6 4.2 36.3
0 3302.754 74 4.2 36.3
0 3302.891 7 4.2 36.3
0 3302.979 11 4.2 36.3
0 3303.092 9 4.2 36.3
0 3303.322 4 4.2 36.3
0 3303.335 72 4.2 36.3
0 3303.461 8 4.2 36.3
0 3303.569 9 4.2 36.3
0 3303.674 10 4.2 36.3
0 3303.87 5 4.2 36.3
0 3303.892 45 4.2 36.3
0 3304.004 9 4.2 36.3
0 3304.123 8 4.2 36.3
0 3304.352 4 4.2 36.3
0 3304.366 70 4.2 36.3
0 3304.491 8 4.2 36.3
0 3304.602 9 4.2 36.3
0 3304.702 10 4.2 36.3
0 3304.803 10 4.2 36.3
0 3304.966 6 4.2 36.3
0 3305.04 14 4.2 36.3
0 3305.084 23 4.2 36.3
0 3305.19 10 4.2 36.3
0 3305.293 10 4.2 36.3
0 3305.39 10 4.2 36.3
0 3305.553 6 4.2 36.3
0 3305.576 42 4.2 36.3
0 3305.678 10 4.2 36.3
0 3305.909 4 4.2 36.3
0 3305.928 54 4.2 36.3
0 3306.029 10 4.5 36.3
0 3306.128 10 4.5 36.3
0 3306.229 10 4.5 36.3
0 3306.337 9 4.5 36.3
0 3306.455 9 4.5 36.3
0 3306.55 10 4.5 36.3
0 3306.659 9 4.5 36.3
0 3306.758 10 4.5 36.3
0 3306.939 6 4.5 36.3
0 3306.957 56 4.5 36.3
0 3307.085 8 4.5 36.3
0 3307.183 10 4.5 36.3
0 3307.35 6 4.5 36.3
0 3307.364 71 4.5 36.3
0 3307.491 8 4.5 36.3
0 3307.597 9 4.5 36.3
0 3307.766 6 4.5 36.3
0 3307.779 74 4.5 36.3
0 3308.009 4 4.5 36.3
0 3308.054 22 4.5 36.3
0 3308.157 10 4.5 36.3
0 3308.243 12 4.5 36.3
0 3308.442 5 4.5 36.3
0 3308.467 39 4.5 36.3
0 3308.594 8 4.5 36.3
0 3308.687 11 4.5 36.3
0 3308.786 10 4.5 36.3
0 3308.925 7 4.5 36.3
0 3308.988 16 4.5 36.3
0 3309.124 7 4.5 36.3
0 3309.202 13 4.5 36.3
0 3309.353 7 4.5 36.3
0 3309.377 42 4.5 36.3
0 3309.506 8 4.5 36.3
0 3309.628 8 4.5 36.3
0 3309.711 12 4.5 36.3
0 3309.82 9 4.5 36.3
0 3310.15 3 4.5 36.3
0 3310.179 34 4.5 36.3
0 3310.306 8 4.5 36.3
0 3310.464 6 4.5 36.3
0 3310.48 63 4.5 36.3
0 3310.68 5 4.5 36.3
0 3310.697 59 4.5 36.3
0 3310.827 8 4.5 36.3
0 3310.929 10 4.5 36.3
0 3311.08 7 4.5 36.3
0 3311.108 36 4.5 36.3
0 3311.237 8 4.5 36.3
0 3311.327 11 4.5 36.3
0 3311.412 12 4.5 36.3
0 3311.505 11 4.5 36.3
0 3311.623 9 4.5 36.3
0 3311.731 9 4.5 36.3
0 3311.829 10 4.5 36.3
0 3312.011 6 4.5 36.3
0 3312.138 8 4.5 36.3
0 3312.172 30 4.5 36.3
0 3312.369 5 4.5 36.3
0 3312.383 72 4.5 36.3
0 3312.497 9 4.5 36.3
0 3312.615 8 4.5 36.3
0 3312.789 6 4.5 36.3
0 3312.803 70 4.5 36.3
0 3312.911 9 4.5 36.3
0 3313.088 6 4.5 36.3
0 3313.11 45 4.5 36.3
0 3313.227 9 4.5 36.3
0 3313.341 9 4.5 36.3
0 3313.516 6 4.5 36.3
0 3313.53 70 4.5 36.3
0 3313.657 8 4.5 36.3
0 3313.76 10 4.5 36.3
0 3313.864 10 4.5 36.3
0 3313.963 10 4.5 36.3
0 3314.059 10 4.5 36.3
0 3314.16 10 4.5 36.3
0 3314.26 10 4.5 36.3
0 3314.437 6 4.5 36.3
0 3314.45 76 4.5 36.3
0 3314.582 8 4.5 36.3
0 3314.681 10 4.5 36.3
0 3314.759 13 4.5 36.3
0 3314.889 8 4.5 36.3
0 3315.054 6 4.5 36.3
0 3315.242 5 4.5 36.3
0 3315.256 70 4.5 36.3
0 3315.476 5 4.5 36.3
0 3315.5 42 4.5 36.3
0 3315.709 5 4.5 36.3
0 3315.732 43 4.5 36.3
0 3315.876 7 4.5 36.3
0 3315.975 10 4.5 36.3
0 3316.076 10 4.8 36.3
0 3316.157 12 4.8 36.3
0 3316.278 8 4.8 36.3
0 3316.34 16 4.8 36.3
0 3316.465 8 4.8 36.3
0 3316.559 11 4.8 36.3
0 3316.665 9 4.8 36.3
0 3316.775 9 4.8 36.3
0 3316.879 10 4.8 36.3
0 3317.12 4 4.8 36.3
0 3317.266 7 4.8 36.3
0 3317.291 39 4.8 36.3
0 3317.412 8 4.8 36.3
0 3317.508 10 4.8 36.3
0 3317.612 10 4.8 36.3
0 3317.714 10 4.8 36.3
0 3317.908 5 4.8 36.3
0 3317.935 38 4.8 36.3
0 3318.057 8 4.8 36.3
0 3318.179 8 4.8 36.3
0 3318.267 11 4.8 36.3
0 3318.381 9 4.8 36.3
0 3318.533 7 4.8 36.3
0 3318.558 40 4.8 36.3
0 3318.72 6 4.8 36.3
0 3318.8 12 4.8 36.3
0 3318.978 6 4.8 36.3
0 3319.004 38 4.8 36.3
0 3319.15 7 4.8 36.3
0 3319.308 6 4.8 36.3
0 3319.424 9 4.8 36.3
0 3319.456 31 4.8 36.3
0 3319.578 8 4.8 36.3
0 3319.691 9 4.8 36.3
0 3319.786 11 4.8 36.3
0 3319.882 10 4.8 36.3
0 3319.959 13 4.8 36.3
0 3320.249 3 4.8 36.3
0 3320.275 39 4.8 36.3
0 3320.492 5 4.8 36.3
0 3320.517 41 4.8 36.3
0 3320.744 4 4.8 36.3
0 3320.769 40 4.8 36.3
0 3320.91 7 4.8 36.3
0 3320.992 12 4.8 36.3
0 3321.103 9 4.8 36.3
0 3321.201 10 4.8 36.3
0 3321.411 5 4.8 36.3
0 3321.435 41 4.8 36.3
0 3321.573 7 4.8 36.3
0 3321.678 10 4.8 36.3
0 3321.773 11 4.8 36.3
0 3321.863 11 4.8 36.3
0 3322.145 4 4.8 36.3
0 3322.17 40 4.8 36.3
0 3322.286 9 4.8 36.3
0 3322.402 9 4.8 36.3
0 3322.5 10 4.8 36.3
0 3322.595 10 4.8 36.3
0 3322.694 10 4.8 36.3
0 3322.82 8 4.8 36.3
0 3322.913 11 4.8 36.3
0 3323.003 11 4.8 36.3
0 3323.094 11 4.8 36.3
0 3323.213 8 4.8 36.3
0 3323.41 5 4.8 36.3
0 3323.451 25 4.8 36.3
0 3323.656 5 4.8 36.3
0 3323.685 35 4.8 36.3
0 3323.811 8 4.8 36.3
0 3323.995 5 4.8 36.3
0 3324.029 30 4.8 36.3
0 3324.134 10 4.8 36.3
0 3324.249 9 4.8 36.3
0 3324.425 6 4.8 36.3
0 3324.449 42 4.8 36.3
0 3324.595 7 4.8 36.3
0 3324.68 12 4.8 36.3
0 3324.79 9 4.8 36.3
0 3324.89 10 4.8 36.3
0 3324.984 11 4.8 36.3
0 3325.249 4 4.8 36.3
0 3325.403 6 4.8 36.3
0 3325.511 9 4.8 36.3
0 3325.538 37 4.8 36.3
0 3325.754 5 4.8 36.3
0 3325.779 40 4.8 36.3
0 3325.926 7 4.8 36.3
0 3326.002 13 4.8 36.3
0 3326.089 11 5.3 36.3
0 3326.224 7 5.3 36.3
0 3326.321 10 5.3 36.3
0 3326.402 12 5.3 36.3
0 3326.505 10 5.3 36.3
0 3326.613 9 5.3 36.3
0 3326.722 9 5.3 36.3
0 3326.806 12 5.3 36.3
0 3326.906 10 5.3 36.3
0 3327.15 4 5.3 36.3
0 3327.177 37 5.3 36.3
0 3327.423 4 5.3 36.3
0 3327.467 23 5.3 36.3
0 3327.595 8 5.3 36.3
0 3327.691 10 5.3 36.3
0 3327.792 10 5.3 36.3
0 3327.895 10 5.3 36.3
0 3327.985 11 5.3 36.3
0 3328.083 10 5.3 36.3
0 3328.251 6 5.3 36.3
0 3328.265 70 5.3 36.3
0 3328.396 8 5.3 36.3
0 3328.495 10 5.3 36.3
0 3328.688 5 5.3 36.3
0 3328.704 60 5.3 36.3
0 3328.816 9 5.3 36.3
0 3328.992 6 5.3 36.3
0 3329.009 58 5.3 36.3
0 3329.131 8 5.3 36.3
0 3329.231 10 5.3 36.3
0 3329.527 3 5.3 36.3
0 3329.543 63 5.3 36.3
0 3329.658 9 5.3 36.3
0 3329.767 9 5.3 36.3
0 3329.864 10 5.3 36.3
0 3330.04 6 5.3 36.3
0 3330.046 169 5.3 36.3
0 3330.326 4 5.3 36.3
0 3330.332 163 5.3 36.3
0 3330.542 5 5.3 36.3
0 3330.547 169 5.3 36.3
0 3330.753 5 5.3 36.3
0 3330.757 234 5.3 36.3
0 3330.876 8 5.3 36.3
0 3330.972 10 5.3 36.3
0 3331.083 9 5.3 36.3
0 3331.173 11 5.3 36.3
0 3331.273 10 5.3 36.3
0 3331.441 6 5.3 36.3
0 3331.466 40 5.3 36.3
0 3331.571 10 5.3 36.3
0 3331.679 9 5.3 36.3
0 3331.77 11 5.3 36.3
0 3331.869 10 5.3 36.3
0 3331.975 9 5.3 36.3
0 3332.24 4 5.3 36.3
0 3332.245 174 5.3 36.3
0 3332.353 9 5.3 36.3
0 3332.456 10 5.3 36.3
0 3332.56 10 5.3 36.3
0 3332.658 10 5.3 36.3
0 3332.764 9 5.3 36.3
0 3332.854 11 5.3 36.3
0 3332.955 10 5.3 36.3
0 3333.056 10 5.3 36.3
0 3333.162 9 5.3 36.3
0 3333.351 5 5.3 36.3
0 3333.355 290 5.3 36.3
0 3333.466 9 5.3 36.3
0 3333.567 10 5.3 36.3
0 3333.763 5 5.3 36.3
0 3333.767 237 5.3 36.3
0 3333.885 8 5.3 36.3
0 3334.069 5 5.3 36.3
0 3334.073 268 5.3 36.3
0 3334.261 5 5.3 36.3
0 3334.275 69 5.3 36.3
0 3334.393 9 5.3 36.3
0 3334.57 6 5.3 36.3
0 3334.574 276 5.3 36.3
0 3334.685 9 5.3 36.3
0 3334.793 9 5.3 36.3
0 3334.884 11 5.3 36.3
0 3335.061 6 5.3 36.3
0 3335.074 76 5.3 36.3
0 3335.346 4 5.3 36.3
0 3335.352 172 5.3 36.3
0 3335.543 5 5.3 36.3
0 3335.55 154 5.3 36.3
0 3335.765 5 5.3 36.3
0 3335.768 274 5.3 36.3
0 3335.886 9 5.3 36.3
0 3335.975 11 5.3 36.3
0 3336.081 10 5.3 36.3
0 3336.182 10 4.1 36.4
0 3336.288 9 4.1 36.4
0 3336.388 10 4.1 36.4
0 3336.48 11 4.1 36.4
0 3336.581 10 4.1 36.4
0 3336.682 10 4.1 36.4
0 3336.79 9 4.1 36.4
0 3336.89 10 4.1 36.4
0 3336.975 12 4.1 36.4
0 3337.249 4 4.1 36.4
0 3337.253 257 4.1 36.4
0 3337.373 8 4.1 36.4
0 3337.471 10 4.1 36.4
0 3337.565 11 4.1 36.4
0 3337.665 10 4.1 36.4
0 3337.767 10 4.1 36.4
0 3337.873 9 4.1 36.4
0 3337.966 11 4.1 36.4
0 3338.069 10 4.1 36.4
0 3338.165 10 4.1 36.4
0 3338.366 5 4.1 36.4
0 3338.37 210 4.1 36.4
0 3338.482 9 4.1 36.4
0 3338.587 9 4.1 36.4
0 3338.77 5 4.1 36.4
0 3338.774 250 4.1 36.4
0 3338.892 8 4.1 36.4
0 3339.078 5 4.1 36.4
0 3339.084 191 4.1 36.4
0 3339.28 5 4.1 36.4
0 3339.283 314 4.1 36.4
0 3339.402 8 4.1 36.4
0 3339.588 5 4.1 36.4
0 3339.593 223 4.1 36.4
0 3339.703 9 4.1 36.4
0 3339.803 10 4.1 36.4
0 3339.911 9 4.1 36.4
0 3340.093 5 4.1 36.4
0 3340.097 237 4.1 36.4
0 3340.372 4 4.1 36.4
0 3340.376 242 4.1 36.4
0 3340.567 5 4.1 36.4
0 3340.576 108 4.1 36.4
0 3340.797 5 4.1 36.4
0 3340.8 300 4.1 36.4
0 3340.914 9 4.1 36.4
0 3341.002 11 4.1 36.4
0 3341.12 8 4.1 36.4
0 3341.216 10 4.1 36.4
0 3341.308 11 4.1 36.4
0 3341.413 10 4.1 36.4
0 3341.503 11 4.1 36.4
0 3341.62 9 4.1 36.4
0 3341.715 11 4.1 36.4
0 3341.816 10 4.1 36.4
0 3341.915 10 4.1 36.4
0 3342.015 10 4.1 36.4
0 3342.286 4 4.1 36.4
0 3342.291 233 4.1 36.4
0 3342.395 10 4.1 36.4
0 3342.496 10 4.1 36.4
0 3342.604 9 4.1 36.4
0 3342.706 10 4.1 36.4
0 3342.809 10 4.1 36.4
0 3342.906 10 4.1 36.4
0 3343.0 11 4.1 36.4
0 3343.106 9 4.1 36.4
0 3343.207 10 4.1 36.4
0 3343.395 5 4.1 36.4
0 3343.4 220 4.1 36.4
0 3343.51 9 4.1 36.4
0 3343.614 10 4.1 36.4
0 3343.797 5 4.1 36.4
0 3343.801 235 4.1 36.4
0 3343.919 8 4.1 36.4
0 3344.121 5 4.1 36.4
0 3344.134 73 4.1 36.4
0 3344.333 5 4.1 36.4
0 3344.347 75 4.1 36.4
0 3344.479 8 4.1 36.4
0 3344.683 5 4.1 36.4
0 3344.697 68 4.1 36.4
0 3344.827 8 4.1 36.4
0 3344.906 13 4.1 36.4
0 3345.008 10 4.1 36.4
0 3345.204 5 4.1 36.4
0 3345.289 12 4.1 36.4
0 3345.418 8 4.1 36.4
0 3345.433 67 4.1 36.4
0 3345.632 5 4.1 36.4
0 3345.645 73 4.1 36.4
0 3345.774 8 4.1 36.4
0 3345.875 10 4.1 36.4
0 3345.977 10 4.1 36.4
0 3346.075 10 4.1 36.4
0 3346.172 10 4.1 36.4
0 3346.276 10 3.7 36.4
0 3346.373 10 3.7 36.4
0 3346.47 10 3.7 36.4
0 3346.561 11 3.7 36.4
0 3346.739 6 3.7 36.4
0 3346.783 23 3.7 36.4
0 3346.874 11 3.7 36.4
0 3346.975 10 3.7 36.4
0 3347.074 10 3.7 36.4
0 3347.328 4 3.7 36.4
0 3347.344 63 3.7 36.4
0 3347.463 8 3.7 36.4
0 3347.574 9 3.7 36.4
0 3347.673 10 3.7 36.4
0 3347.771 10 3.7 36.4
0 3347.853 12 3.7 36.4
0 3347.973 8 3.7 36.4
0 3348.07 10 3.7 36.4
0 3348.172 10 3.7 36.4
0 3348.267 10 3.7 36.4
0 3348.464 5 3.7 36.4
0 3348.479 70 3.7 36.4
0 3348.609 8 3.7 36.4
0 3348.758 7 3.7 36.4
0 3348.892 7 3.7 36.4
0 3348.908 65 3.7 36.4
0 3349.029 8 3.7 36.4
0 3349.204 6 3.7 36.4
0 3349.218 73 3.7 36.4
0 3349.423 5 3.7 36.4
0 3349.437 73 3.7 36.4
0 3349.553 9 3.7 36.4
0 3349.755 5 3.7 36.4
0 3349.783 35 3.7 36.4
0 3349.908 8 3.7 36.4
0 3350.001 11 3.7 36.4
0 3350.098 10 3.7 36.4
0 3350.203 9 3.7 36.4
0 3350.46 4 3.7 36.4
0 3350.484 42 3.7 36.4
0 3350.695 5 3.7 36.4
0 3350.724 34 3.7 36.4
0 3350.836 9 3.7 36.4
0 3350.952 9 3.7 36.4
0 3351.029 13 3.7 36.4
0 3351.138 9 3.7 36.4
0 3351.234 10 3.7 36.4
0 3351.331 10 3.7 36.4
0 3351.432 10 3.7 36.4
0 3351.521 11 3.7 36.4
0 3351.637 9 3.7 36.4
0 3351.753 9 3.7 36.4
0 3351.859 9 3.7 36.4
0 3351.952 11 3.7 36.4
0 3352.052 10 3.7 36.4
0 3352.374 3 3.7 36.4
0 3352.39 63 3.7 36.4
0 3352.502 9 3.7 36.4
0 3352.614 9 3.7 36.4
0 3352.713 10 3.7 36.4
0 3352.808 11 3.7 36.4
0 3352.909 10 3.7 36.4
0 3353.003 11 3.7 36.4
0 3353.108 10 3.7 36.4
0 3353.221 9 3.7 36.4
0 3353.304 12 3.7 36.4
0 3353.49 5 3.7 36.4
0 3353.505 69 3.7 36.4
0 3353.616 9 3.7 36.4
0 3353.718 10 3.7 36.4
0 3353.901 5 3.7 36.4
0 3353.916 67 3.7 36.4
0 3354.018 10 3.7 36.4
0 3354.221 5 3.7 36.4
0 3354.235 69 3.7 36.4
0 3354.434 5 3.7 36.4
0 3354.449 70 3.7 36.4
0 3354.565 9 3.7 36.4
0 3354.76 5 3.7 36.4
0 3354.775 68 3.7 36.4
0 3355.0 4 3.7 36.4
0 3355.042 24 3.7 36.4
0 3355.146 10 3.7 36.4
0 3355.234 11 3.7 36.4
0 3355.503 4 3.7 36.4
0 3355.517 69 3.7 36.4
0 3355.733 5 3.7 36.4
0 3355.747 72 3.7 36.4
0 3355.87 8 3.7 36.4
0 3355.977 9 3.7 36.4
0 3356.079 10 3.7 36.4
0 3356.165 12 3.7 36.4
0 3356.28 9 5.1 36.4
0 3356.377 10 5.1 36.4
0 3356.466 11 5.1 36.4
0 3356.58 9 5.1 36.4
0 3356.684 10 5.1 36.4
0 3356.784 10 5.1 36.4
0 3356.888 10 5.1 36.4
0 3357.089 5 5.1 36.4
0 3357.121 31 5.1 36.4
0 3357.473 3 5.1 36.4
0 3357.497 41 5.1 36.4
0 3357.628 8 5.1 36.4
0 3357.729 10 5.1 36.4
0 3357.831 10 5.1 36.4
0 3357.928 10 5.1 36.4
0 3358.02 11 5.1 36.4
0 3358.12 10 5.1 36.4
0 3358.224 10 5.1 36.4
0 3358.32 10 5.1 36.4
0 3358.522 5 5.1 36.4
0 3358.546 42 5.1 36.4
0 3358.676 8 5.1 36.4
0 3358.756 12 5.1 36.4
0 3358.933 6 5.1 36.4
0 3358.958 40 5.1 36.4
0 3359.191 4 5.1 36.4
0 3359.33 7 5.1 36.4
0 3359.437 9 5.1 36.4
0 3359.462 40 5.1 36.4
0 3359.595 7 5.1 36.4
0 3359.787 5 5.1 36.4
0 3359.824 27 5.1 36.4
0 3359.95 8 5.1 36.4
0 3360.049 10 5.1 36.4
0 3360.163 9 5.1 36.4
0 3360.254 11 5.1 36.4
0 3360.362 9 5.1 36.4
0 3360.422 17 5.1 36.4
0 3360.617 5 5.1 36.4
0 3360.719 10 5.1 36.4
0 3360.819 10 5.1 36.4
0 3360.842 43 5.1 36.4
0 3360.974 8 5.1 36.4
0 3361.083 9 5.1 36.4
0 3361.244 6 5.1 36.4
0 3361.304 17 5.1 36.4
0 3361.39 12 5.1 36.4
0 3361.504 9 5.1 36.4
0 3361.607 10 5.1 36.4
0 3361.714 9 5.1 36.4
0 3361.799 12 5.1 36.4
0 3361.904 10 5.1 36.4
0 3362.003 10 5.1 36.4
0 3362.108 10 5.1 36.4
0 3362.21 10 5.1 36.4
0 3362.556 3 5.1 36.4
0 3362.582 38 5.1 36.4
0 3362.722 7 5.1 36.4
0 3362.811 11 5.1 36.4
0 3362.925 9 5.1 36.4
0 3363.001 13 5.1 36.4
0 3363.099 10 5.1 36.4
0 3363.315 5 5.1 36.4
0 3363.366 20 5.1 36.4
0 3363.545 6 5.1 36.4
0 3363.559 71 5.1 36.4
0 3363.69 8 5.1 36.4
0 3363.795 10 5.1 36.4
0 3363.944 7 5.1 36.4
0 3363.961 60 5.1 36.4
0 3364.091 8 5.1 36.4
0 3364.176 12 5.1 36.4
0 3364.377 5 5.1 36.4
0 3364.479 10 5.1 36.4
0 3364.493 70 5.1 36.4
0 3364.624 8 5.1 36.4
0 3364.821 5 5.1 36.4
0 3364.835 71 5.1 36.4
0 3364.968 8 5.1 36.4
0 3365.065 10 5.1 36.4
0 3365.167 10 5.1 36.4
0 3365.371 5 5.1 36.4
0 3365.403 31 5.1 36.4
0 3365.506 10 5.1 36.4
0 3365.694 5 5.1 36.4
0 3365.786 11 5.1 36.4
0 3365.887 10 5.1 36.4
0 3365.909 46 5.1 36.4
0 3366.02 9 5.1 36.4
0 3366.141 8 5.1 36.4
0 3366.233 11 5.1 36.4
0 3366.342 9 5.0 36.4
0 3366.425 12 5.0 36.4
0 3366.515 11 5.0 36.4
0 3366.644 8 5.0 36.4
0 3366.74 10 5.0 36.4
0 3366.83 11 5.0 36.4
0 3366.927 10 5.0 36.4
0 3367.01 12 5.0 36.4
0 3367.118 9 5.0 36.4
0 3367.24 8 5.0 36.4
0 3367.688 2 5.0 36.4
0 3367.734 22 5.0 36.4
0 3367.839 10 5.0 36.4
0 3367.929 11 5.0 36.4
0 3368.014 12 5.0 36.4
0 3368.125 9 5.0 36.4
0 3368.231 9 5.0 36.4
0 3368.34 9 5.0 36.4
0 3368.422 12 5.0 36.4
0 3368.589 6 5.0 36.4
0 3368.603 72 5.0 36.4
0 3368.735 8 5.0 36.4
0 3368.835 10 5.0 36.4
0 3369.003 6 5.0 36.4
0 3369.017 72 5.0 36.4
0 3369.15 8 5.0 36.4
0 3369.26 9 5.0 36.4
0 3369.443 5 5.0 36.4
0 3369.553 9 5.0 36.4
0 3369.703 7 5.0 36.4
0 3369.918 5 5.0 36.4
0 3369.942 41 5.0 36.4
0 3370.101 6 5.0 36.4
0 3370.193 11 5.0 36.4
0 3370.305 9 5.0 36.4
0 3370.397 11 5.0 36.4
0 3370.502 10 5.0 36.4
0 3370.572 14 5.0 36.4
0 3370.791 5 5.0 36.4
0 3370.904 9 5.0 36.4
0 3370.937 31 5.0 36.4
0 3371.04 10 5.0 36.4
0 3371.187 7 5.0 36.4
0 3371.268 12 5.0 36.4
0 3371.425 6 5.0 36.4
0 3371.449 42 5.0 36.4
0 3371.576 8 5.0 36.4
0 3371.687 9 5.0 36.4
0 3371.773 12 5.0 36.4
0 3371.868 10 5.0 36.4
0 3371.982 9 5.0 36.4
0 3372.098 9 5.0 36.4
0 3372.184 12 5.0 36.4
0 3372.282 10 5.0 36.4
0 3372.389 9 5.0 36.4
0 3372.719 3 5.0 36.4
0 3372.744 40 5.0 36.4
0 3372.883 7 5.0 36.4
0 3372.954 14 5.0 36.4
0 3373.076 8 5.0 36.4
0 3373.178 10 5.0 36.4
0 3373.284 10 5.0 36.4
0 3373.376 11 5.0 36.4
0 3373.46 12 5.0 36.4
0 3373.591 8 5.0 36.4
0 3373.682 11 5.0 36.4
0 3373.788 9 5.0 36.4
0 3373.873 12 5.0 36.4
0 3374.047 6 5.0 36.4
0 3374.071 41 5.0 36.4
0 3374.202 8 5.0 36.4
0 3374.306 10 5.0 36.4
0 3374.476 6 5.0 36.4
0 3374.578 10 5.0 36.4
0 3374.601 44 5.0 36.4
0 3374.731 8 5.0 36.4
0 3374.994 4 5.0 36.4
0 3375.018 42 5.0 36.4
0 3375.153 7 5.0 36.4
0 3375.252 10 5.0 36.4
0 3375.363 9 5.0 36.4
0 3375.452 11 5.0 36.4
0 3375.529 13 5.0 36.4
0 3375.809 4 5.0 36.4
0 3375.905 10 5.0 36.4
0 3375.924 55 5.0 36.4
0 3376.038 9 5.0 36.4
0 3376.155 9 5.0 36.4
0 3376.245 11 5.0 36.4
0 3376.443 5 5.2 36.4
0 3376.462 53 5.2 36.4
0 3376.587 8 5.2 36.4
0 3376.686 10 5.2 36.4
0 3376.786 10 5.2 36.4
0 3376.891 10 5.2 36.4
0 3376.99 10 5.2 36.4
0 3377.085 11 5.2 36.4
0 3377.161 13 5.2 36.4
0 3377.288 8 5.2 36.4
0 3377.392 10 5.2 36.4
0 3377.721 3 5.2 36.4
0 3377.736 69 5.2 36.4
0 3377.868 8 5.2 36.4
0 3377.959 11 5.2 36.4
0 3378.065 9 5.2 36.4
0 3378.169 10 5.2 36.4
0 3378.266 10 5.2 36.4
0 3378.367 10 5.2 36.4
0 3378.445 13 5.2 36.4
0 3378.569 8 5.2 36.4
0 3378.663 11 5.2 36.4
0 3378.766 10 5.2 36.4
0 3378.868 10 5.2 36.4
0 3378.943 13 5.2 36.4
0 3379.158 5 5.2 36.4
0 3379.174 64 5.2 36.4
0 3379.306 8 5.2 36.4
0 3379.475 6 5.2 36.4
0 3379.496 48 5.2 36.4
0 3379.696 5 5.2 36.4
0 3379.71 71 5.2 36.4
0 3380.001 3 5.2 36.4
0 3380.016 67 5.2 36.4
0 3380.146 8 5.2 36.4
0 3380.238 11 5.2 36.4
0 3380.341 10 5.2 36.4
0 3380.415 14 5.2 36.4
0 3380.523 9 5.2 36.4
0 3380.73 5 5.2 36.4
0 3380.824 11 5.2 36.4
0 3380.925 10 5.2 36.4
0 3380.944 52 5.2 36.4
0 3381.07 8 5.2 36.4
0 3381.176 9 5.2 36.4
0 3381.276 10 5.2 36.4
0 3381.443 6 5.2 36.4
0 3381.455 80 5.2 36.4
0 3381.585 8 5.2 36.4
0 3381.688 10 5.2 36.4
0 3381.792 10 5.2 36.4
0 3381.889 10 5.2 36.4
0 3381.975 12 5.2 36.4
0 3382.09 9 5.2 36.4
0 3382.189 10 5.2 36.4
0 3382.286 10 5.2 36.4
0 3382.394 9 5.2 36.4
0 3382.726 3 5.2 36.4
0 3382.741 67 5.2 36.4
0 3382.872 8 5.2 36.4
0 3382.975 10 5.2 36.4
0 3383.069 11 5.2 36.4
0 3383.172 10 5.2 36.4
0 3383.274 10 5.2 36.4
0 3383.372 10 5.2 36.4
0 3383.441 15 5.2 36.4
0 3383.573 8 5.2 36.4
0 3383.673 10 5.2 36.4
0 3383.771 10 5.2 36.4
0 3383.872 10 5.2 36.4
0 3383.943 14 5.2 36.4
0 3384.151 5 5.2 36.4
0 3384.166 69 5.2 36.4
0 3384.298 8 5.2 36.4
0 3384.394 10 5.2 36.4
0 3384.564 6 5.2 36.4
0 3384.578 71 5.2 36.4
0 3384.783 5 5.2 36.4
0 3384.798 65 5.2 36.4
0 3385.07 4 5.2 36.4
0 3385.084 70 5.2 36.4
0 3385.214 8 5.2 36.4
0 3385.384 6 5.2 36.4
0 3385.388 254 5.2 36.4
0 3385.5 9 5.2 36.4
0 3385.604 10 5.2 36.4
0 3385.878 4 5.2 36.4
0 3385.962 12 5.2 36.4
0 3385.986 42 5.2 36.4
0 3386.096 9 5.2 36.4
0 3386.197 10 5.2 36.4
0 3386.293 11 5.2 36.4
0 3386.484 5 4.6 36.4
0 3386.488 225 4.6 36.4
0 3386.601 9 4.6 36.4
0 3386.703 10 4.6 36.4
0 3386.799 10 4.6 36.4
0 3386.899 10 4.6 36.4
0 3387.008 9 4.6 36.4
0 3387.103 11 4.6 36.4
0 3387.205 10 4.6 36.4
0 3387.299 11 4.6 36.4
0 3387.4 10 4.6 36.4
0 3387.745 3 4.6 36.4
0 3387.75 192 4.6 36.4
0 3387.86 9 4.6 36.4
0 3387.96 10 4.6 36.4
0 3388.063 10 4.6 36.4
0 3388.164 10 4.6 36.4
0 3388.27 9 4.6 36.4
0 3388.36 11 4.6 36.4
0 3388.461 10 4.6 36.4
0 3388.564 10 4.6 36.4
0 3388.664 10 4.6 36.4
0 3388.772 9 4.6 36.4
0 3388.86 11 4.6 36.4
0 3388.961 10 4.6 36.4
0 3389.065 10 4.6 36.4
0 3389.26 5 4.6 36.4
0 3389.266 182 4.6 36.4
0 3389.378 9 4.6 36.4
0 3389.573 5 4.6 36.4
0 3389.577 237 4.6 36.4
0 3389.785 5 4.6 36.4
0 3389.788 326 4.6 36.4
0 3389.902 9 4.6 36.4
0 3390.162 4 4.6 36.4
0 3390.167 216 4.6 36.4
0 3390.276 9 4.6 36.4
0 3390.48 5 4.6 36.4
0 3390.484 310 4.6 36.4
0 3390.589 10 4.6 36.4
0 3390.698 9 4.6 36.4
0 3390.974 4 4.6 36.4
0 3391.058 12 4.6 36.4
0 3391.081 44 4.6 36.4
0 3391.189 9 4.6 36.4
0 3391.291 10 4.6 36.4
0 3391.388 10 4.6 36.4
0 3391.581 5 4.6 36.4
0 3391.584 312 4.6 36.4
0 3391.689 9 4.6 36.4
0 3391.799 9 4.6 36.4
0 3391.897 10 4.6 36.4
0 3391.998 10 4.6 36.4
0 3392.107 9 4.6 36.4
0 3392.197 11 4.6 36.4
0 3392.3 10 4.6 36.4
0 3392.391 11 4.6 36.4
0 3392.499 9 4.6 36.4
0 3392.854 3 4.6 36.4
0 3392.859 226 4.6 36.4
0 3392.969 9 4.6 36.4
0 3393.07 10 4.6 36.4
0 3393.17 10 4.6 36.4
0 3393.278 9 4.6 36.4
0 3393.375 10 4.6 36.4
0 3393.469 11 4.6 36.4
0 3393.564 11 4.6 36.4
0 3393.671 9 4.6 36.4
0 3393.777 9 4.6 36.4
0 3393.877 10 4.6 36.4
0 3393.971 11 4.6 36.4
0 3394.072 10 4.6 36.4
0 3394.271 5 4.6 36.4
0 3394.276 182 4.6 36.4
0 3394.392 9 4.6 36.4
0 3394.583 5 4.6 36.4
0 3394.587 268 4.6 36.4
0 3394.793 5 4.6 36.4
0 3394.796 321 4.6 36.4
0 3394.914 8 4.6 36.4
0 3395.171 4 4.6 36.4
0 3395.176 242 4.6 36.4
0 3395.286 9 4.6 36.4
0 3395.479 5 4.6 36.4
0 3395.483 228 4.6 36.4
0 3395.591 9 4.6 36.4
0 3395.695 10 4.6 36.4
0 3395.793 10 4.6 36.4
0 3396.08 3 4.6 36.4
0 3396.164 12 4.6 36.4
0 3396.188 41 4.6 36.4
0 3396.296 9 4.6 36.4
0 3396.399 10 4.6 36.4
0 3396.594 5 3.6 36.4
0 3396.598 249 3.6 36.4
0 3396.71 9 3.6 36.4
0 3396.81 10 3.6 36.4
0 3396.914 10 3.6 36.4
0 3397.006 11 3.6 36.4
0 3397.102 10 3.6 36.4
0 3397.205 10 3.6 36.4
0 3397.311 9 3.6 36.4
0 3397.411 10 3.6 36.4
0 3397.507 10 3.6 36.4
0 3397.869 3 3.6 36.4
0 3397.873 268 3.6 36.4
0 3397.985 9 3.6 36.4
0 3398.086 10 3.6 36.4
0 3398.187 10 3.6 36.4
0 3398.287 10 3.6 36.4
0 3398.389 10 3.6 36.4
0 3398.486 10 3.6 36.4
0 3398.588 10 3.6 36.4
0 3398.689 10 3.6 36.4
0 3398.788 10 3.6 36.4
0 3398.883 11 3.6 36.4
0 3398.99 9 3.6 36.4
0 3399.088 10 3.6 36.4
0 3399.282 5 3.6 36.4
0 3399.286 227 3.6 36.4
0 3399.395 9 3.6 36.4
0 3399.582 5 3.6 36.4
0 3399.586 237 3.6 36.4
0 3399.785 5 3.6 36.4
0 3399.79 233 3.6 36.4
0 3399.894 10 3.6 36.4
0 3400.002 9 3.6 36.4
0 3400.277 4 3.6 36.4
0 3400.281 243 3.6 36.4
0 3400.484 5 3.6 36.4
0 3400.488 273 3.6 36.4
0 3400.601 9 3.6 36.4
0 3400.699 10 3.6 36.4
0 3400.808 9 3.6 36.4
0 3400.998 5 3.6 36.4
0 3401.079 12 3.6 36.4
0 3401.198 8 3.6 36.4
0 3401.201 286 3.6 36.4
0 3401.32 8 3.6 36.4
0 3401.411 11 3.6 36.4
0 3401.591 6 3.6 36.4
0 3401.602 94 3.6 36.4
0 3401.716 9 3.6 36.4
0 3401.821 10 3.6 36.4
0 3401.914 11 3.6 36.4
0 3402.009 11 3.6 36.4
0 3402.117 9 3.6 36.4
0 3402.218 10 3.6 36.4
0 3402.321 10 3.6 36.4
0 3402.412 11 3.6 36.4
0 3402.509 10 3.6 36.4
0 3402.873 3 3.6 36.4
0 3402.878 199 3.6 36.4
0 3402.99 9 3.6 36.4
0 3403.088 10 3.6 36.4
0 3403.187 10 3.6 36.4
0 3403.292 10 3.6 36.4
0 3403.391 10 3.6 36.4
0 3403.489 10 3.6 36.4
0 3403.589 10 3.6 36.4
0 3403.688 10 3.6 36.4
0 3403.794 9 3.6 36.4
0 3403.895 10 3.6 36.4
0 3403.991 10 3.6 36.4
0 3404.09 10 3.6 36.4
0 3404.278 5 3.6 36.4
0 3404.281 284 3.6 36.4
0 3404.406 8 3.6 36.4
0 3404.494 11 3.6 36.4
0 3404.681 5 3.6 36.4
0 3404.685 310 3.6 36.4
0 3404.878 5 3.6 36.4
0 3404.885 139 3.6 36.4
0 3405.009 8 3.6 36.4
0 3405.098 11 3.6 36.4
0 3405.38 4 3.6 36.4
0 3405.383 266 3.6 36.4
0 3405.59 5 3.6 36.4
0 3405.595 196 3.6 36.4
0 3405.704 9 3.6 36.4
0 3405.805 10 3.6 36.4
0 3405.996 5 3.6 36.4
0 3406.0 251 3.6 36.4
0 3406.288 3 3.6 36.4
0 3406.291 276 3.6 36.4
0 3406.401 9 3.6 36.4
0 3406.502 10 3.6 36.4
0 3406.695 5 3.5 36.4
0 3406.699 256 3.5 36.4
0 3406.816 9 3.5 36.4
0 3406.911 11 3.5 36.4
0 3407.009 10 3.5 36.4
0 3407.113 10 3.5 36.4
0 3407.218 10 3.5 36.4
0 3407.316 10 3.5 36.4
0 3407.411 11 3.5 36.4
0 3407.522 9 3.5 36.4
0 3407.631 9 3.5 36.4
0 3407.975 3 3.5 36.4
0 3407.989 74 3.5 36.4
0 3408.117 8 3.5 36.4
0 3408.22 10 3.5 36.4
0 3408.323 10 3.5 36.4
0 3408.426 10 3.5 36.4
0 3408.494 15 3.5 36.4
0 3408.615 8 3.5 36.4
0 3408.72 10 3.5 36.4
0 3408.823 10 3.5 36.4
0 3408.898 13 3.5 36.4
0 3408.986 11 3.5 36.4
0 3409.094 9 3.5 36.4
0 3409.287 5 3.5 36.4
0 3409.291 222 3.5 36.4
0 3409.409 9 3.5 36.4
0 3409.505 10 3.5 36.4
0 3409.706 5 3.5 36.4
0 3409.71 260 3.5 36.4
0 3409.93 5 3.5 36.4
0 3409.933 329 3.5 36.4
0 3410.044 9 3.5 36.4
0 3410.144 10 3.5 36.4
0 3410.427 4 3.5 36.4
0 3410.434 153 3.5 36.4
0 3410.633 5 3.5 36.4
0 3410.636 302 3.5 36.4
0 3410.75 9 3.5 36.4
0 3410.848 10 3.5 36.4
0 3411.028 6 3.5 36.4
0 3411.037 110 3.5 36.4
0 3411.324 3 3.5 36.4
0 3411.328 240 3.5 36.4
0 3411.428 10 3.5 36.4
0 3411.549 8 3.5 36.4
0 3411.739 5 3.5 36.4
0 3411.743 277 3.5 36.4
0 3411.858 9 3.5 36.4
0 3411.955 10 3.5 36.4
0 3412.066 9 3.5 36.4
0 3412.154 11 3.5 36.4
0 3412.255 10 3.5 36.4
0 3412.352 10 3.5 36.4
0 3412.458 9 3.5 36.4
0 3412.566 9 3.5 36.4
0 3412.645 13 3.5 36.4
0 3413.021 3 3.5 36.4
0 3413.025 211 3.5 36.4
0 3413.147 8 3.5 36.4
0 3413.235 11 3.5 36.4
0 3413.336 10 3.5 36.4
0 3413.435 10 3.5 36.4
0 3413.541 9 3.5 36.4
0 3413.649 9 3.5 36.4
0 3413.736 11 3.5 36.4
0 3413.837 10 3.5 36.4
0 3413.928 11 3.5 36.4
0 3414.041 9 3.5 36.4
0 3414.138 10 3.5 36.4
0 3414.343 5 3.5 36.4
0 3414.346 289 3.5 36.4
0 3414.456 9 3.5 36.4
0 3414.56 10 3.5 36.4
0 3414.759 5 3.5 36.4
0 3414.764 214 3.5 36.4
0 3414.971 5 3.5 36.4
0 3414.974 290 3.5 36.4
0 3415.09 9 3.5 36.4
0 3415.188 10 3.5 36.4
0 3415.471 4 3.5 36.4
0 3415.476 211 3.5 36.4
0 3415.674 5 3.5 36.4
0 3415.677 283 3.5 36.4
0 3415.793 9 3.5 36.4
0 3415.889 10 3.5 36.4
0 3416.085 5 3.5 36.4
0 3416.088 257 3.5 36.4
0 3416.374 4 3.5 36.4
0 3416.379 204 3.5 36.4
0 3416.489 9 3.5 36.4
0 3416.596 9 3.5 36.4
0 3416.782 5 3.8 36.4
0 3416.785 295 3.8 36.4
0 3416.894 9 3.8 36.4
0 3416.992 10 3.8 36.4
0 3417.105 9 3.8 36.4
0 3417.194 11 3.8 36.4
0 3417.297 10 3.8 36.4
0 3417.395 10 3.8 36.4
0 3417.502 9 3.8 36.4
0 3417.606 10 3.8 36.4
0 3417.7 11 3.8 36.4
0 3418.059 3 3.8 36.4
0 3418.064 201 3.8 36.4
0 3418.182 8 3.8 36.4
0 3418.277 11 3.8 36.4
0 3418.374 10 3.8 36.4
0 3418.474 10 3.8 36.4
0 3418.582 9 3.8 36.4
0 3418.683 10 3.8 36.4
0 3418.773 11 3.8 36.4
0 3418.877 10 3.8 36.4
0 3418.975 10 3.8 36.4
0 3419.082 9 3.8 36.4
0 3419.184 10 3.8 36.4
0 3419.37 5 3.8 36.4
0 3419.374 264 3.8 36.4
0 3419.485 9 3.8 36.4
0 3419.592 9 3.8 36.4
0 3419.778 5 3.8 36.4
0 3419.782 262 3.8 36.4
0 3419.98 5 3.8 36.4
0 3419.983 289 3.8 36.4
0 3420.102 8 3.8 36.4
0 3420.196 11 3.8 36.4
0 3420.481 4 3.8 36.4
0 3420.485 252 3.8 36.4
0 3420.689 5 3.8 36.4
0 3420.694 206 3.8 36.4
0 3420.805 9 3.8 36.4
0 3420.893 11 3.8 36.4
0 3421.092 5 3.8 36.4
0 3421.095 284 3.8 36.4
0 3421.38 4 3.8 36.4
0 3421.384 252 3.8 36.4
0 3421.494 9 3.8 36.4
0 3421.602 9 3.8 36.4
0 3421.782 6 3.8 36.4
0 3421.786 229 3.8 36.4
0 3421.895 9 3.8 36.4
0 3421.996 10 3.8 36.4
0 3422.104 9 3.8 36.4
0 3422.198 11 3.8 36.4
0 3422.302 10 3.8 36.4
0 3422.39 11 3.8 36.4
0 3422.498 9 3.8 36.4
0 3422.606 9 3.8 36.4
0 3422.697 11 3.8 36.4
0 3422.892 5 3.8 36.4
0 3423.058 6 3.8 36.4
0 3423.062 249 3.8 36.4
0 3423.174 9 3.8 36.4
0 3423.272 10 3.8 36.4
0 3423.376 10 3.8 36.4
0 3423.467 11 3.8 36.4
0 3423.57 10 3.8 36.4
0 3423.68 9 3.8 36.4
0 3423.773 11 3.8 36.4
0 3423.876 10 3.8 36.4
0 3423.977 10 3.8 36.4
0 3424.076 10 3.8 36.4
0 3424.18 10 3.8 36.4
0 3424.273 11 3.8 36.4
0 3424.465 5 3.8 36.4
0 3424.469 237 3.8 36.4
0 3424.583 9 3.8 36.4
0 3424.687 10 3.8 36.4
0 3424.877 5 3.8 36.4
0 3424.881 261 3.8 36.4
0 3425.098 5 3.8 36.4
0 3425.101 304 3.8 36.4
0 3425.22 8 3.8 36.4
0 3425.399 6 3.8 36.4
0 3425.485 12 3.8 36.4
0 3425.512 38 3.8 36.4
0 3425.719 5 3.8 36.4
0 3425.723 253 3.8 36.4
0 3425.834 9 3.8 36.4
0 3425.936 10 3.8 36.4
0 3426.128 5 3.8 36.4
0 3426.132 231 3.8 36.4
0 3426.413 4 3.8 36.4
0 3426.417 292 3.8 36.4
0 3426.526 9 3.8 36.4
0 3426.63 10 3.8 36.4
0 3426.831 5 3.6 36.4
0 3426.836 188 3.6 36.4
0 3426.941 10 3.6 36.4
0 3427.047 9 3.6 36.4
0 3427.148 10 3.6 36.4
0 3427.245 10 3.6 36.4
0 3427.356 9 3.6 36.4
0 3427.447 11 3.6 36.4
0 3427.548 10 3.6 36.4
0 3427.648 10 3.6 36.4
0 3427.742 11 3.6 36.4
0 3428.11 3 3.6 36.4
0 3428.114 252 3.6 36.4
0 3428.227 9 3.6 36.4
0 3428.372 7 3.6 36.4
0 3428.426 18 3.6 36.4
0 3428.52 11 3.6 36.4
0 3428.632 9 3.6 36.4
0 3428.729 10 3.6 36.4
0 3428.827 10 3.6 36.4
0 3428.919 11 3.6 36.4
0 3429.025 9 3.6 36.4
0 3429.134 9 3.6 36.4
0 3429.23 11 3.6 36.4
0 3429.327 10 3.6 36.4
0 3429.531 5 3.6 36.4
0 3429.536 187 3.6 36.4
0 3429.654 9 3.6 36.4
0 3429.748 11 3.6 36.4
0 3429.949 5 3.6 36.4
0 3429.953 238 3.6 36.4
0 3430.159 5 3.6 36.4
0 3430.162 285 3.6 36.4
0 3430.274 9 3.6 36.4
0 3430.618 3 3.6 36.4
0 3430.703 12 3.6 36.4
0 3430.727 43 3.6 36.4
0 3430.834 9 3.6 36.4
0 3430.934 10 3.6 36.4
0 3431.023 11 3.6 36.4
0 3431.24 5 3.6 36.4
0 3431.322 12 3.6 36.4
0 3431.443 8 3.6 36.4
0 3431.447 260 3.6 36.4
0 3431.558 9 3.6 36.4
0 3431.663 10 3.6 36.4
0 3431.861 5 3.6 36.4
0 3431.865 262 3.6 36.4
0 3431.978 9 3.6 36.4
0 3432.078 10 3.6 36.4
0 3432.18 10 3.6 36.4
0 3432.279 10 3.6 36.4
0 3432.448 6 3.6 36.4
0 3432.477 34 3.6 36.4
0 3432.576 10 3.6 36.4
0 3432.681 10 3.6 36.4
0 3432.783 10 3.6 36.4
0 3433.13 3 3.6 36.4
0 3433.134 261 3.6 36.4
0 3433.245 9 3.6 36.4
0 3433.349 10 3.6 36.4
0 3433.447 10 3.6 36.4
0 3433.555 9 3.6 36.4
0 3433.649 11 3.6 36.4
0 3433.751 10 3.6 36.4
0 3433.849 10 3.6 36.4
0 3433.936 11 3.6 36.4
0 3434.056 8 3.6 36.4
0 3434.149 11 3.6 36.4
0 3434.25 10 3.6 36.4
0 3434.349 10 3.6 36.4
0 3434.597 4 3.6 36.4
0 3434.603 167 3.6 36.4
0 3434.715 9 3.6 36.4
0 3434.813 10 3.6 36.4
0 3435.013 5 3.6 36.4
0 3435.016 257 3.6 36.4
0 3435.226 5 3.6 36.4
0 3435.23 288 3.6 36.4
0 3435.343 9 3.6 36.4
0 3435.538 5 3.6 36.4
0 3435.626 11 3.6 36.4
0 3435.731 10 3.6 36.4
0 3435.743 88 3.6 36.4
0 3435.856 9 3.6 36.4
0 3435.957 10 3.6 36.4
0 3436.054 10 3.6 36.4
0 3436.256 5 3.6 36.4
0 3436.34 12 3.6 36.4
0 3436.454 9 3.6 36.4
0 3436.521 15 3.6 36.4
0 3436.571 20 3.6 36.4
0 3436.675 10 3.6 36.4
0 3436.876 5 3.7 36.4
0 3436.88 254 3.7 36.4
0 3436.993 9 3.7 36.4
0 3437.094 10 3.7 36.4
0 3437.194 10 3.7 36.4
0 3437.291 10 3.7 36.4
0 3437.404 9 3.7 36.4
0 3437.492 11 3.7 36.4
0 3437.592 10 3.7 36.4
0 3437.696 10 3.7 36.4
0 3437.782 12 3.7 36.4
0 3438.152 3 3.7 36.4
0 3438.156 239 3.7 36.4
0 3438.268 9 3.7 36.4
0 3438.367 10 3.7 36.4
0 3438.469 10 3.7 36.4
0 3438.589 8 3.7 36.4
0 3438.672 12 3.7 36.4
0 3438.757 12 3.7 36.4
0 3438.87 9 3.7 36.4
0 3438.971 10 3.7 36.4
0 3439.068 10 3.7 36.4
0 3439.181 9 3.7 36.4
0 3439.269 11 3.7 36.4
0 3439.368 10 3.7 36.4
0 3439.471 10 3.7 36.4
0 3439.671 5 3.7 36.4
0 3439.678 153 3.7 36.4
0 3439.79 9 3.7 36.4
0 3439.889 10 3.7 36.4
0 3440.089 5 3.7 36.4
0 3440.092 260 3.7 36.4
0 3440.307 5 3.7 36.4
0 3440.311 279 3.7 36.4
0 3440.424 9 3.7 36.4
0 3440.688 4 3.7 36.4
0 3440.857 6 3.7 36.4
0 3440.862 207 3.7 36.4
0 3440.975 9 3.7 36.4
0 3441.079 10 3.7 36.4
0 3441.27 5 3.7 36.4
0 3441.353 12 3.7 36.4
0 3441.477 8 3.7 36.4
0 3441.481 241 3.7 36.4
0 3441.596 9 3.7 36.4
0 3441.693 10 3.7 36.4
0 3441.887 5 3.7 36.4
0 3441.891 251 3.7 36.4
0 3442.006 9 3.7 36.4
0 3442.106 10 3.7 36.4
0 3442.204 10 3.7 36.4
0 3442.304 10 3.7 36.4
0 3442.415 9 3.7 36.4
0 3442.506 11 3.7 36.4
0 3442.608 10 3.7 36.4
0 3442.768 6 3.7 36.4
0 3442.805 27 3.7 36.4
0 3443.167 3 3.7 36.4
0 3443.181 69 3.7 36.4
0 3443.3 8 3.7 36.4
0 3443.405 10 3.7 36.4
0 3443.501 10 3.7 36.4
0 3443.606 10 3.7 36.4
0 3443.705 10 3.7 36.4
0 3443.802 10 3.7 36.4
0 3443.902 10 3.7 36.4
0 3444.004 10 3.7 36.4
0 3444.107 10 3.7 36.4
0 3444.203 10 3.7 36.4
0 3444.303 10 3.7 36.4
0 3444.398 11 3.7 36.4
0 3444.506 9 3.7 36.4
0 3444.71 5 3.7 36.4
0 3444.795 12 3.7 36.4
0 3444.835 25 3.7 36.4
0 3444.943 9 3.7 36.4
0 3445.122 6 3.7 36.4
0 3445.137 69 3.7 36.4
0 3445.348 5 3.7 36.4
0 3445.361 75 3.7 36.4
0 3445.492 8 3.7 36.4
0 3445.741 4 3.7 36.4
0 3445.756 67 3.7 36.4
0 3445.963 5 3.7 36.4
0 3445.976 78 3.7 36.4
0 3446.105 8 3.7 36.4
0 3446.299 5 3.7 36.4
0 3446.314 65 3.7 36.4
0 3446.538 4 3.7 36.4
0 3446.552 72 3.7 36.4
0 3446.679 8 3.7 36.4
0 3446.921 4 4.1 36.4
0 3446.936 69 4.1 36.4
0 3447.061 8 4.1 36.4
0 3447.154 11 4.1 36.4
0 3447.258 10 4.1 36.4
0 3447.357 10 4.1 36.4
0 3447.46 10 4.1 36.4
0 3447.539 13 4.1 36.4
0 3447.659 8 4.1 36.4
0 3447.758 10 4.1 36.4
0 3447.852 11 4.1 36.4
0 3448.207 3 4.1 36.4
0 3448.222 67 4.1 36.4
0 3448.33 9 4.1 36.4
0 3448.448 8 4.1 36.4
0 3448.532 12 4.1 36.4
0 3448.662 8 4.1 36.4
0 3448.755 11 4.1 36.4
0 3448.914 6 4.1 36.4
0 3448.932 57 4.1 36.4
0 3449.036 10 4.1 36.4
0 3449.151 9 4.1 36.4
0 3449.262 9 4.1 36.4
0 3449.359 10 4.1 36.4
0 3449.448 11 4.1 36.4
0 3449.536 11 4.1 36.4
0 3449.739 5 4.1 36.4
0 3449.754 68 4.1 36.4
0 3449.877 8 4.1 36.4
0 3449.974 10 4.1 36.4
0 3450.167 5 4.1 36.4
0 3450.182 69 4.1 36.4
0 3450.468 3 4.1 36.4
0 3450.472 243 4.1 36.4
0 3450.759 3 4.1 36.4
0 3450.764 213 4.1 36.4
0 3451.037 4 4.1 36.4
0 3451.041 241 4.1 36.4
0 3451.157 9 4.1 36.4
0 3451.365 5 4.1 36.4
0 3451.369 234 4.1 36.4
0 3451.584 5 4.1 36.4
0 3451.589 174 4.1 36.4
0 3451.698 9 4.1 36.4
0 3451.805 9 4.1 36.4
0 3452.001 5 4.1 36.4
0 3452.005 243 4.1 36.4
0 3452.125 8 4.1 36.4
0 3452.245 8 4.1 36.4
0 3452.347 10 4.1 36.4
0 3452.435 11 4.1 36.4
0 3452.542 9 4.1 36.4
0 3452.652 9 4.1 36.4
0 3452.75 10 4.1 36.4
0 3452.851 10 4.1 36.4
0 3453.236 3 4.1 36.4
0 3453.252 64 4.1 36.4
0 3453.379 8 4.1 36.4
0 3453.481 10 4.1 36.4
0 3453.572 11 4.1 36.4
0 3453.686 9 4.1 36.4
0 3453.789 10 4.1 36.4
0 3453.881 11 4.1 36.4
0 3453.96 13 4.1 36.4
0 3454.077 9 4.1 36.4
0 3454.185 9 4.1 36.4
0 3454.29 9 4.1 36.4
0 3454.383 11 4.1 36.4
0 3454.482 10 4.1 36.4
0 3454.574 11 4.1 36.4
0 3454.762 5 4.1 36.4
0 3454.777 66 4.1 36.4
0 3454.908 8 4.1 36.4
0 3455.042 7 4.1 36.4
0 3455.196 6 4.1 36.4
0 3455.211 68 4.1 36.4
0 3455.506 3 4.1 36.4
0 3455.52 72 4.1 36.4
0 3455.816 3 4.1 36.4
0 3455.832 64 4.1 36.4
0 3456.046 5 4.1 36.4
0 3456.06 71 4.1 36.4
0 3456.192 8 4.1 36.4
0 3456.297 9 4.1 36.4
0 3456.393 10 4.1 36.4
0 3456.587 5 4.1 36.4
0 3456.603 65 4.1 36.4
0 3456.735 8 4.1 36.4
0 3456.838 10 4.1 36.4
0 3456.911 14 4.1 36.4
0 3457.229 3 4.5 36.5
0 3457.242 74 4.5 36.5
0 3457.378 7 4.5 36.5
0 3457.468 11 4.5 36.5
0 3457.555 11 4.5 36.5
0 3457.679 8 4.5 36.5
0 3457.781 10 4.5 36.5
0 3457.879 10 4.5 36.5
0 3457.976 10 4.5 36.5
0 3458.299 3 4.5 36.5
0 3458.315 64 4.5 36.5
0 3458.443 8 4.5 36.5
0 3458.54 10 4.5 36.5
0 3458.649 9 4.5 36.5
0 3458.746 10 4.5 36.5
0 3458.919 6 4.5 36.5
0 3458.924 190 4.5 36.5
0 3459.098 6 4.5 36.5
0 3459.139 25 4.5 36.5
0 3459.239 10 4.5 36.5
0 3459.337 10 4.5 36.5
0 3459.444 9 4.5 36.5
0 3459.531 11 4.5 36.5
0 3459.641 9 4.5 36.5
0 3459.845 5 4.5 36.5
0 3459.85 197 4.5 36.5
0 3459.971 8 4.5 36.5
0 3460.063 11 4.5 36.5
0 3460.264 5 4.5 36.5
0 3460.268 239 4.5 36.5
0 3460.569 3 4.5 36.5
0 3460.574 200 4.5 36.5
0 3460.865 3 4.5 36.5
0 3460.87 236 4.5 36.5
0 3461.083 5 4.5 36.5
0 3461.209 8 4.5 36.5
0 3461.223 71 4.5 36.5
0 3461.329 9 4.5 36.5
0 3461.429 10 4.5 36.5
0 3461.622 5 4.5 36.5
0 3461.629 154 4.5 36.5
0 3461.748 8 4.5 36.5
0 3461.842 11 4.5 36.5
0 3461.939 10 4.5 36.5
0 3462.032 11 4.5 36.5
0 3462.245 5 4.5 36.5
0 3462.249 211 4.5 36.5
0 3462.362 9 4.5 36.5
0 3462.465 10 4.5 36.5
0 3462.562 10 4.5 36.5
0 3462.666 10 4.5 36.5
0 3462.754 11 4.5 36.5
0 3462.864 9 4.5 36.5
0 3462.966 10 4.5 36.5
0 3463.327 3 4.5 36.5
0 3463.455 8 4.5 36.5
0 3463.471 62 4.5 36.5
0 3463.573 10 4.5 36.5
0 3463.675 10 4.5 36.5
0 3463.774 10 4.5 36.5
0 3463.978 5 4.5 36.5
0 3463.984 164 4.5 36.5
0 3464.097 9 4.5 36.5
0 3464.197 10 4.5 36.5
0 3464.298 10 4.5 36.5
0 3464.393 11 4.5 36.5
0 3464.509 9 4.5 36.5
0 3464.596 11 4.5 36.5
0 3464.695 10 4.5 36.5
0 3464.904 5 4.5 36.5
0 3464.909 193 4.5 36.5
0 3465.029 8 4.5 36.5
0 3465.123 11 4.5 36.5
0 3465.317 5 4.5 36.5
0 3465.321 239 4.5 36.5
0 3465.757 2 4.5 36.5
0 3465.929 6 4.5 36.5
0 3465.933 210 4.5 36.5
0 3466.117 5 4.5 36.5
0 3466.137 50 4.5 36.5
0 3466.254 9 4.5 36.5
0 3466.354 10 4.5 36.5
0 3466.448 11 4.5 36.5
0 3466.623 6 4.5 36.5
0 3466.634 85 4.5 36.5
0 3466.755 8 4.5 36.5
0 3466.856 10 4.5 36.5
0 3466.95 11 4.5 36.5
0 3467.035 12 4.5 36.5
0 3467.237 5 4.0 36.5
0 3467.242 203 4.0 36.5
0 3467.367 8 4.0 36.5
0 3467.454 12 4.0 36.5
0 3467.664 5 4.0 36.5
0 3467.676 81 4.0 36.5
0 3467.784 9 4.0 36.5
0 3467.893 9 4.0 36.5
0 3467.981 11 4.0 36.5
0 3468.344 3 4.0 36.5
0 3468.349 198 4.0 36.5
0 3468.471 8 4.0 36.5
0 3468.563 11 4.0 36.5
0 3468.662 10 4.0 36.5
0 3468.763 10 4.0 36.5
0 3468.865 10 4.0 36.5
0 3469.053 5 4.0 36.5
0 3469.058 212 4.0 36.5
0 3469.172 9 4.0 36.5
0 3469.272 10 4.0 36.5
0 3469.373 10 4.0 36.5
0 3469.474 10 4.0 36.5
0 3469.685 5 4.0 36.5
0 3469.701 65 4.0 36.5
0 3469.903 5 4.0 36.5
0 3469.908 211 4.0 36.5
0 3470.026 8 4.0 36.5
0 3470.122 10 4.0 36.5
0 3470.225 10 4.0 36.5
0 3470.425 5 4.0 36.5
0 3470.52 11 4.0 36.5
0 3470.53 103 4.0 36.5
0 3470.645 9 4.0 36.5
0 3470.937 3 4.0 36.5
0 3471.03 11 4.0 36.5
0 3471.131 10 4.0 36.5
0 3471.142 91 4.0 36.5
0 3471.256 9 4.0 36.5
0 3471.362 9 4.0 36.5
0 3471.454 11 4.0 36.5
0 3471.665 5 4.0 36.5
0 3471.784 8 4.0 36.5
0 3471.795 90 4.0 36.5
0 3471.903 9 4.0 36.5
0 3471.999 11 4.0 36.5
0 3472.106 9 4.0 36.5
0 3472.29 5 4.0 36.5
0 3472.293 332 4.0 36.5
0 3472.408 9 4.0 36.5
0 3472.504 10 4.0 36.5
0 3472.612 9 4.0 36.5
0 3472.703 11 4.0 36.5
0 3472.806 10 4.0 36.5
0 3472.911 10 4.0 36.5
0 3473.005 11 4.0 36.5
0 3473.38 3 4.0 36.5
0 3473.384 242 4.0 36.5
0 3473.499 9 4.0 36.5
0 3473.589 11 4.0 36.5
0 3473.698 9 4.0 36.5
0 3473.901 5 4.0 36.5
0 3473.905 275 4.0 36.5
0 3474.114 5 4.0 36.5
0 3474.117 296 4.0 36.5
0 3474.234 9 4.0 36.5
0 3474.328 11 4.0 36.5
0 3474.435 9 4.0 36.5
0 3474.522 11 4.0 36.5
0 3474.633 9 4.0 36.5
0 3474.731 10 4.0 36.5
0 3474.939 5 4.0 36.5
0 3474.945 181 4.0 36.5
0 3475.045 10 4.0 36.5
0 3475.157 9 4.0 36.5
0 3475.252 11 4.0 36.5
0 3475.446 5 4.0 36.5
0 3475.533 11 4.0 36.5
0 3475.549 62 4.0 36.5
0 3475.664 9 4.0 36.5
0 3475.955 3 4.0 36.5
0 3476.139 5 4.0 36.5
0 3476.143 285 4.0 36.5
0 3476.257 9 4.0 36.5
0 3476.355 10 4.0 36.5
0 3476.45 11 4.0 36.5
0 3476.556 9 4.0 36.5
0 3476.767 5 4.0 36.5
0 3476.772 212 4.0 36.5
0 3476.884 9 4.0 36.5
0 3476.981 10 4.0 36.5
0 3477.087 9 4.0 36.5
0 3477.186 10 4.0 36.5
0 3477.389 5 4.0 36.5
0 3477.393 259 4.0 36.5
0 3477.497 10 4.0 36.5
0 3477.607 9 4.0 36.5
0 3477.708 10 4.0 36.5
0 3477.803 10 4.0 36.5
0 3477.913 9 4.0 36.5
0 3478.005 11 4.0 36.5
0 3478.109 10 4.0 36.5
0 3478.475 3 4.0 36.5
0 3478.48 208 4.0 36.5
0 3478.588 9 4.0 36.5
0 3478.694 9 4.0 36.5
0 3478.788 11 4.0 36.5
0 3478.996 5 4.0 36.5
0 3478.999 282 4.0 36.5
0 3479.219 5 4.0 36.5
0 3479.224 196 4.0 36.5
0 3479.333 9 4.0 36.5
0 3479.434 10 4.0 36.5
0 3479.535 10 4.0 36.5
0 3479.634 10 4.0 36.5
0 3479.728 11 4.0 36.5
0 3479.938 5 4.0 36.5
0 3479.942 312 4.0 36.5
0 3480.062 8 4.0 36.5
0 3480.155 11 4.0 36.5
0 3480.258 10 4.0 36.5
0 3480.353 11 4.0 36.5
0 3480.556 5 4.0 36.5
0 3480.645 11 4.0 36.5
0 3480.662 59 4.0 36.5
0 3480.968 3 4.0 36.5
0 3481.138 6 4.0 36.5
0 3481.142 269 4.0 36.5
0 3481.26 8 4.0 36.5
0 3481.358 10 4.0 36.5
0 3481.452 11 4.0 36.5
0 3481.542 11 4.0 36.5
0 3481.656 9 4.0 36.5
0 3481.869 5 4.0 36.5
0 3481.874 212 4.0 36.5
0 3481.981 9 4.0 36.5
0 3482.083 10 4.0 36.5
0 3482.187 10 4.0 36.5
0 3482.384 5 4.0 36.5
0 3482.388 267 4.0 36.5
0 3482.492 10 4.0 36.5
0 3482.597 10 4.0 36.5
0 3482.701 10 4.0 36.5
0 3482.801 10 4.0 36.5
0 3482.909 9 4.0 36.5
0 3482.998 11 4.0 36.5
0 3483.098 10 4.0 36.5
0 3483.201 10 4.0 36.5
0 3483.566 3 4.0 36.5
0 3483.57 243 4.0 36.5
0 3483.68 9 4.0 36.5
0 3483.783 10 4.0 36.5
0 3483.883 10 4.0 36.5
0 3484.068 5 4.0 36.5
0 3484.072 246 4.0 36.5
0 3484.289 5 4.0 36.5
0 3484.293 262 4.0 36.5
0 3484.405 9 4.0 36.5
0 3484.503 10 4.0 36.5
0 3484.612 9 4.0 36.5
0 3484.703 11 4.0 36.5
0 3484.808 10 4.0 36.5
0 3485.014 5 4.0 36.5
0 3485.017 311 4.0 36.5
0 3485.137 8 4.0 36.5
0 3485.227 11 4.0 36.5
0 3485.331 10 4.0 36.5
0 3485.428 10 4.0 36.5
0 3485.62 5 4.0 36.5
0 3485.713 11 4.0 36.5
0 3485.724 89 4.0 36.5
0 3486.021 3 4.0 36.5
0 3486.188 6 4.0 36.5
0 3486.192 262 4.0 36.5
0 3486.311 8 4.0 36.5
0 3486.403 11 4.0 36.5
0 3486.504 10 4.0 36.5
0 3486.604 10 4.0 36.5
0 3486.704 10 4.0 36.5
0 3486.913 5 4.0 36.5
0 3486.917 270 4.0 36.5
0 3487.029 9 4.0 36.5
0 3487.129 10 4.0 36.5
0 3487.23 10 4.0 36.5
0 3487.428 5 3.6 36.5
0 3487.431 297 3.6 36.5
0 3487.537 9 3.6 36.5
0 3487.645 9 3.6 36.5
0 3487.744 10 3.6 36.5
0 3487.843 10 3.6 36.5
0 3487.953 9 3.6 36.5
0 3488.038 12 3.6 36.5
0 3488.144 9 3.6 36.5
0 3488.245 10 3.6 36.5
0 3488.618 3 3.6 36.5
0 3488.622 239 3.6 36.5
0 3488.734 9 3.6 36.5
0 3488.835 10 3.6 36.5
0 3488.931 10 3.6 36.5
0 3489.12 5 3.6 36.5
0 3489.124 248 3.6 36.5
0 3489.34 5 3.6 36.5
0 3489.344 260 3.6 36.5
0 3489.454 9 3.6 36.5
0 3489.548 11 3.6 36.5
0 3489.666 8 3.6 36.5
0 3489.758 11 3.6 36.5
0 3489.857 10 3.6 36.5
0 3490.061 5 3.6 36.5
0 3490.074 73 3.6 36.5
0 3490.211 7 3.6 36.5
0 3490.306 11 3.6 36.5
0 3490.406 10 3.6 36.5
0 3490.504 10 3.6 36.5
0 3490.678 6 3.6 36.5
0 3490.778 10 3.6 36.5
0 3490.802 41 3.6 36.5
0 3490.938 7 3.6 36.5
0 3491.119 6 3.6 36.5
0 3491.315 5 3.6 36.5
0 3491.352 27 3.6 36.5
0 3491.486 7 3.6 36.5
0 3491.567 12 3.6 36.5
0 3491.681 9 3.6 36.5
0 3491.776 11 3.6 36.5
0 3491.977 5 3.6 36.5
0 3492.0 42 3.6 36.5
0 3492.15 7 3.6 36.5
0 3492.241 11 3.6 36.5
0 3492.336 10 3.6 36.5
0 3492.518 5 3.6 36.5
0 3492.543 41 3.6 36.5
0 3492.687 7 3.6 36.5
0 3492.785 10 3.6 36.5
0 3492.876 11 3.6 36.5
0 3492.982 9 3.6 36.5
0 3493.066 12 3.6 36.5
0 3493.148 12 3.6 36.5
0 3493.26 9 3.6 36.5
0 3493.371 9 3.6 36.5
0 3493.721 3 3.6 36.5
0 3493.745 41 3.6 36.5
0 3493.866 8 3.6 36.5
0 3493.956 11 3.6 36.5
0 3494.144 5 3.6 36.5
0 3494.167 42 3.6 36.5
0 3494.312 7 3.6 36.5
0 3494.385 14 3.6 36.5
0 3494.51 8 3.6 36.5
0 3494.609 10 3.6 36.5
0 3494.712 10 3.6 36.5
0 3494.814 10 3.6 36.5
0 3494.912 10 3.6 36.5
0 3495.099 5 3.6 36.5
0 3495.122 43 3.6 36.5
0 3495.252 8 3.6 36.5
0 3495.361 9 3.6 36.5
0 3495.466 10 3.6 36.5
0 3495.541 13 3.6 36.5
0 3495.73 5 3.6 36.5
0 3495.84 9 3.6 36.5
0 3495.866 39 3.6 36.5
0 3496.005 7 3.6 36.5
0 3496.186 6 3.6 36.5
0 3496.382 5 3.6 36.5
0 3496.407 41 3.6 36.5
0 3496.533 8 3.6 36.5
0 3496.64 9 3.6 36.5
0 3496.748 9 3.6 36.5
0 3496.853 10 3.6 36.5
0 3497.064 5 3.6 36.5
0 3497.088 43 3.6 36.5
0 3497.207 8 3.6 36.5
0 3497.314 9 3.6 36.5
0 3497.421 9 3.6 36.5
0 3497.607 5 4.7 36.5
0 3497.632 40 4.7 36.5
0 3497.764 8 4.7 36.5
0 3497.868 10 4.7 36.5
0 3497.974 9 4.7 36.5
0 3498.056 12 4.7 36.5
0 3498.179 8 4.7 36.5
0 3498.272 11 4.7 36.5
0 3498.373 10 4.7 36.5
0 3498.475 10 4.7 36.5
0 3498.806 3 4.7 36.5
0 3498.83 42 4.7 36.5
0 3498.972 7 4.7 36.5
0 3499.041 15 4.7 36.5
0 3499.244 5 4.7 36.5
0 3499.267 44 4.7 36.5
0 3499.403 7 4.7 36.5
0 3499.509 9 4.7 36.5
0 3499.601 11 4.7 36.5
0 3499.698 10 4.7 36.5
0 3499.873 6 4.7 36.5
0 3499.888 69 4.7 36.5
0 3500.111 4 4.7 36.5
0 3500.125 72 4.7 36.5
0 3500.257 8 4.7 36.5
0 3500.359 10 4.7 36.5
0 3500.458 10 4.7 36.5
0 3500.544 12 4.7 36.5
0 3500.739 5 4.7 36.5
0 3500.837 10 4.7 36.5
0 3500.86 43 4.7 36.5
0 3500.977 9 4.7 36.5
0 3501.065 11 4.7 36.5
0 3501.271 5 4.7 36.5
0 3501.451 6 4.7 36.5
0 3501.465 70 4.7 36.5
0 3501.577 9 4.7 36.5
0 3501.697 8 4.7 36.5
0 3501.794 10 4.7 36.5
0 3501.891 10 4.7 36.5
0 3502.101 5 4.7 36.5
0 3502.115 71 4.7 36.5
0 3502.237 8 4.7 36.5
0 3502.346 9 4.7 36.5
0 3502.448 10 4.7 36.5
0 3502.631 5 4.7 36.5
0 3502.644 77 4.7 36.5
0 3502.772 8 4.7 36.5
0 3502.876 10 4.7 36.5
0 3502.978 10 4.7 36.5
0 3503.127 7 4.7 36.5
0 3503.138 92 4.7 36.5
0 3503.247 9 4.7 36.5
0 3503.346 10 4.7 36.5
0 3503.449 10 4.7 36.5
0 3503.624 6 4.7 36.5
0 3503.807 5 4.7 36.5
0 3503.811 263 4.7 36.5
0 3503.921 9 4.7 36.5
0 3504.014 11 4.7 36.5
0 3504.123 9 4.7 36.5
0 3504.32 5 4.7 36.5
0 3504.323 299 4.7 36.5
0 3504.434 9 4.7 36.5
0 3504.536 10 4.7 36.5
0 3504.636 10 4.7 36.5
0 3504.734 10 4.7 36.5
0 3504.939 5 4.7 36.5
0 3504.942 299 4.7 36.5
0 3505.149 5 4.7 36.5
0 3505.153 282 4.7 36.5
0 3505.262 9 4.7 36.5
0 3505.369 9 4.7 36.5
0 3505.469 10 4.7 36.5
0 3505.567 10 4.7 36.5
0 3505.761 5 4.7 36.5
0 3505.847 12 4.7 36.5
0 3505.873 38 4.7 36.5
0 3505.982 9 4.7 36.5
0 3506.078 10 4.7 36.5
0 3506.177 10 4.7 36.5
0 3506.374 5 4.7 36.5
0 3506.548 6 4.7 36.5
0 3506.551 298 4.7 36.5
0 3506.666 9 4.7 36.5
0 3506.764 10 4.7 36.5
0 3506.863 10 4.7 36.5
0 3506.966 10 4.7 36.5
0 3507.169 5 4.7 36.5
0 3507.174 236 4.7 36.5
0 3507.274 10 4.7 36.5
0 3507.379 10 4.7 36.5
0 3507.487 9 4.7 36.5
0 3507.669 5 4.3 36.5
0 3507.674 191 4.3 36.5
0 3507.785 9 4.3 36.5
0 3507.884 10 4.3 36.5
0 3507.988 10 4.3 36.5
0 3508.191 5 4.3 36.5
0 3508.196 199 4.3 36.5
0 3508.307 9 4.3 36.5
0 3508.405 10 4.3 36.5
0 3508.51 10 4.3 36.5
0 3508.872 3 4.3 36.5
0 3508.877 224 4.3 36.5
0 3508.981 10 4.3 36.5
0 3509.088 9 4.3 36.5
0 3509.182 11 4.3 36.5
0 3509.391 5 4.3 36.5
0 3509.395 255 4.3 36.5
0 3509.506 9 4.3 36.5
0 3509.608 10 4.3 36.5
0 3509.706 10 4.3 36.5
0 3509.807 10 4.3 36.5
0 3510.018 5 4.3 36.5
0 3510.021 308 4.3 36.5
0 3510.241 5 4.3 36.5
0 3510.244 309 4.3 36.5
0 3510.354 9 4.3 36.5
0 3510.461 9 4.3 36.5
0 3510.548 11 4.3 36.5
0 3510.659 9 4.3 36.5
0 3510.852 5 4.3 36.5
0 3510.94 11 4.3 36.5
0 3510.962 46 4.3 36.5
0 3511.071 9 4.3 36.5
0 3511.17 10 4.3 36.5
0 3511.266 10 4.3 36.5
0 3511.468 5 4.3 36.5
0 3511.646 6 4.3 36.5
0 3511.65 300 4.3 36.5
0 3511.764 9 4.3 36.5
0 3511.861 10 4.3 36.5
0 3511.961 10 4.3 36.5
0 3512.066 9 4.3 36.5
0 3512.271 5 4.3 36.5
0 3512.275 236 4.3 36.5
0 3512.386 9 4.3 36.5
0 3512.485 10 4.3 36.5
0 3512.691 5 4.3 36.5
0 3512.694 303 4.3 36.5
0 3512.81 9 4.3 36.5
0 3512.906 10 4.3 36.5
0 3513.006 10 4.3 36.5
0 3513.214 5 4.3 36.5
0 3513.219 222 4.3 36.5
0 3513.333 9 4.3 36.5
0 3513.428 11 4.3 36.5
0 3513.529 10 4.3 36.5
0 3513.903 3 4.3 36.5
0 3513.907 229 4.3 36.5
0 3514.017 9 4.3 36.5
0 3514.119 10 4.3 36.5
0 3514.222 10 4.3 36.5
0 3514.418 5 4.3 36.5
0 3514.422 255 4.3 36.5
0 3514.531 9 4.3 36.5
0 3514.632 10 4.3 36.5
0 3514.736 10 4.3 36.5
0 3514.834 10 4.3 36.5
0 3515.045 5 4.3 36.5
0 3515.048 302 4.3 36.5
0 3515.258 5 4.3 36.5
0 3515.263 227 4.3 36.5
0 3515.372 9 4.3 36.5
0 3515.479 9 4.3 36.5
0 3515.577 10 4.3 36.5
0 3515.668 11 4.3 36.5
0 3515.877 5 4.3 36.5
0 3515.964 11 4.3 36.5
0 3515.989 41 4.3 36.5
0 3516.098 9 4.3 36.5
0 3516.191 11 4.3 36.5
0 3516.295 10 4.3 36.5
0 3516.5 5 4.3 36.5
0 3516.675 6 4.3 36.5
0 3516.678 319 4.3 36.5
0 3516.787 9 4.3 36.5
0 3516.894 9 4.3 36.5
0 3516.989 10 4.3 36.5
0 3517.092 10 4.3 36.5
0 3517.31 5 4.3 36.5
0 3517.313 303 4.3 36.5
0 3517.426 9 4.3 36.5
0 3517.525 10 4.3 36.5
0 3517.744 5 3.6 36.5
0 3517.748 311 3.6 36.5
0 3517.86 9 3.6 36.5
0 3517.963 10 3.6 36.5
0 3518.054 11 3.6 36.5
0 3518.269 5 3.6 36.5
0 3518.274 204 3.6 36.5
0 3518.385 9 3.6 36.5
0 3518.489 10 3.6 36.5
0 3518.584 11 3.6 36.5
0 3518.959 3 3.6 36.5
0 3518.963 262 3.6 36.5
0 3519.075 9 3.6 36.5
0 3519.174 10 3.6 36.5
0 3519.275 10 3.6 36.5
0 3519.48 5 3.6 36.5
0 3519.483 323 3.6 36.5
0 3519.598 9 3.6 36.5
0 3519.694 10 3.6 36.5
0 3519.796 10 3.6 36.5
0 3519.894 10 3.6 36.5
0 3520.102 5 3.6 36.5
0 3520.106 247 3.6 36.5
0 3520.317 5 3.6 36.5
0 3520.321 252 3.6 36.5
0 3520.432 9 3.6 36.5
0 3520.537 9 3.6 36.5
0 3520.642 10 3.6 36.5
0 3520.732 11 3.6 36.5
0 3520.928 5 3.6 36.5
0 3521.015 12 3.6 36.5
0 3521.041 39 3.6 36.5
0 3521.152 9 3.6 36.5
0 3521.243 11 3.6 36.5
0 3521.344 10 3.6 36.5
0 3521.552 5 3.6 36.5
0 3521.723 6 3.6 36.5
0 3521.728 236 3.6 36.5
0 3521.837 9 3.6 36.5
0 3521.939 10 3.6 36.5
0 3522.038 10 3.6 36.5
0 3522.14 10 3.6 36.5
0 3522.352 5 3.6 36.5
0 3522.356 297 3.6 36.5
0 3522.468 9 3.6 36.5
0 3522.56 11 3.6 36.5
0 3522.76 5 3.6 36.5
0 3522.764 247 3.6 36.5
0 3522.877 9 3.6 36.5
0 3522.976 10 3.6 36.5
0 3523.075 10 3.6 36.5
0 3523.281 5 3.6 36.5
0 3523.287 171 3.6 36.5
0 3523.395 9 3.6 36.5
0 3523.497 10 3.6 36.5
0 3523.595 10 3.6 36.5
0 3523.968 3 3.6 36.5
0 3523.972 219 3.6 36.5
0 3524.083 9 3.6 36.5
0 3524.183 10 3.6 36.5
0 3524.282 10 3.6 36.5
0 3524.471 5 3.6 36.5
0 3524.475 231 3.6 36.5
0 3524.585 9 3.6 36.5
0 3524.687 10 3.6 36.5
0 3524.786 10 3.6 36.5
0 3524.886 10 3.6 36.5
0 3525.001 9 3.6 36.5
0 3525.193 5 3.6 36.5
0 3525.197 300 3.6 36.5
0 3525.41 5 3.6 36.5
0 3525.413 309 3.6 36.5
0 3525.537 8 3.6 36.5
0 3525.625 11 3.6 36.5
0 3525.719 11 3.6 36.5
0 3525.825 9 3.6 36.5
0 3526.02 5 3.6 36.5
0 3526.108 11 3.6 36.5
0 3526.128 50 3.6 36.5
0 3526.235 9 3.6 36.5
0 3526.336 10 3.6 36.5
0 3526.434 10 3.6 36.5
0 3526.635 5 3.6 36.5
0 3526.808 6 3.6 36.5
0 3526.811 293 3.6 36.5
0 3526.922 9 3.6 36.5
0 3527.022 10 3.6 36.5
0 3527.124 10 3.6 36.5
0 3527.227 10 3.6 36.5
0 3527.437 5 3.6 36.5
0 3527.44 284 3.6 36.5
0 3527.547 9 3.6 36.5
0 3527.653 9 3.6 36.5
0 3527.867 5 3.6 36.5
0 3527.87 332 3.6 36.5
0 3527.983 9 3.6 36.5
0 3528.081 10 3.6 36.5
0 3528.283 5 3.6 36.5
0 3528.287 246 3.6 36.5
0 3528.408 8 3.6 36.5
0 3528.499 11 3.6 36.5
0 3528.597 10 3.6 36.5
0 3528.789 5 3.6 36.5
0 3528.793 261 3.6 36.5
0 3529.085 3 3.6 36.5
0 3529.088 300 3.6 36.5
0 3529.201 9 3.6 36.5
0 3529.299 10 3.6 36.5
0 3529.493 5 3.6 36.5
0 3529.496 321 3.6 36.5
0 3529.611 9 3.6 36.5
0 3529.71 10 3.6 36.5
0 3529.808 10 3.6 36.5
0 3529.91 10 3.6 36.5
0 3530.017 9 3.6 36.5
0 3530.214 5 3.6 36.5
0 3530.218 257 3.6 36.5
0 3530.43 5 3.6 36.5
0 3530.434 269 3.6 36.5
0 3530.549 9 3.6 36.5
0 3530.644 11 3.6 36.5
0 3530.749 10 3.6 36.5
0 3530.843 11 3.6 36.5
0 3531.038 5 3.6 36.5
0 3531.128 11 3.6 36.5
0 3531.144 65 3.6 36.5
0 3531.257 9 3.6 36.5
0 3531.352 10 3.6 36.5
0 3531.452 10 3.6 36.5
0 3531.636 5 3.6 36.5
0 3531.809 6 3.6 36.5
0 3531.813 278 3.6 36.5
0 3531.923 9 3.6 36.5
0 3532.025 10 3.6 36.5
0 3532.123 10 3.6 36.5
0 3532.226 10 3.6 36.5
0 3532.437 5 3.6 36.5
0 3532.44 307 3.6 36.5
0 3532.549 9 3.6 36.5
0 3532.65 10 3.6 36.5
0 3532.754 10 3.6 36.5
0 3532.957 5 3.6 36.5
0 3532.96 334 3.6 36.5
0 3533.071 9 3.6 36.5
0 3533.171 10 3.6 36.5
0 3533.374 5 3.6 36.5
0 3533.378 266 3.6 36.5
0 3533.497 8 3.6 36.5
0 3533.589 11 3.6 36.5
0 3533.688 10 3.6 36.5
0 3533.901 5 3.6 36.5
0 3533.904 282 3.6 36.5
0 3534.21 3 3.6 36.5
0 3534.214 280 3.6 36.5
0 3534.326 9 3.6 36.5
0 3534.514 5 3.6 36.5
0 3534.517 270 3.6 36.5
0 3534.627 9 3.6 36.5
0 3534.734 9 3.6 36.5
0 3534.827 11 3.6 36.5
0 3534.93 10 3.6 36.5
0 3535.036 10 3.6 36.5
0 3535.221 5 3.6 36.5
0 3535.225 283 3.6 36.5
0 3535.448 4 3.6 36.5
0 3535.452 261 3.6 36.5
0 3535.559 9 3.6 36.5
0 3535.658 10 3.6 36.5
0 3535.764 9 3.6 36.5
0 3535.866 10 3.6 36.5
0 3536.064 5 3.6 36.5
0 3536.152 11 3.6 36.5
0 3536.169 59 3.6 36.5
0 3536.279 9 3.6 36.5
0 3536.382 10 3.6 36.5
0 3536.48 10 3.6 36.5
0 3536.691 5 3.6 36.5
0 3536.858 6 3.6 36.5
0 3536.861 287 3.6 36.5
0 3536.974 9 3.6 36.5
0 3537.065 11 3.6 36.5
0 3537.178 9 3.6 36.5
0 3537.274 10 3.6 36.5
0 3537.476 5 3.6 36.5
0 3537.48 235 3.6 36.5
0 3537.591 9 3.6 36.5
0 3537.698 9 3.6 36.5
0 3537.791 11 3.6 36.5
0 3537.993 5 3.8 36.5
0 3537.996 296 3.8 36.5
0 3538.103 9 3.8 36.5
0 3538.216 9 3.8 36.5
0 3538.413 5 3.8 36.5
0 3538.417 277 3.8 36.5
0 3538.532 9 3.8 36.5
0 3538.629 10 3.8 36.5
0 3538.735 9 3.8 36.5
0 3538.929 5 3.8 36.5
0 3538.932 288 3.8 36.5
0 3539.216 4 3.8 36.5
0 3539.22 252 3.8 36.5
0 3539.338 8 3.8 36.5
0 3539.532 5 3.8 36.5
0 3539.536 260 3.8 36.5
0 3539.651 9 3.8 36.5
0 3539.751 10 3.8 36.5
0 3539.856 10 3.8 36.5
0 3539.94 12 3.8 36.5
0 3540.051 9 3.8 36.5
0 3540.245 5 3.8 36.5
0 3540.249 236 3.8 36.5
0 3540.471 5 3.8 36.5
0 3540.475 282 3.8 36.5
0 3540.589 9 3.8 36.5
0 3540.687 10 3.8 36.5
0 3540.791 10 3.8 36.5
0 3540.891 10 3.8 36.5
0 3541.09 5 3.8 36.5
0 3541.18 11 3.8 36.5
0 3541.196 61 3.8 36.5
0 3541.308 9 3.8 36.5
0 3541.398 11 3.8 36.5
0 3541.505 9 3.8 36.5
0 3541.712 5 3.8 36.5
0 3541.883 6 3.8 36.5
0 3541.887 239 3.8 36.5
0 3542.001 9 3.8 36.5
0 3542.096 10 3.8 36.5
0 3542.201 10 3.8 36.5
0 3542.302 10 3.8 36.5
0 3542.48 6 3.8 36.5
0 3542.487 136 3.8 36.5
0 3542.601 9 3.8 36.5
0 3542.702 10 3.8 36.5
0 3542.803 10 3.8 36.5
0 3542.982 6 3.8 36.5
0 3542.988 176 3.8 36.5
0 3543.093 10 3.8 36.5
0 3543.205 9 3.8 36.5
0 3543.3 11 3.8 36.5
0 3543.503 5 3.8 36.5
0 3543.507 257 3.8 36.5
0 3543.619 9 3.8 36.5
0 3543.725 9 3.8 36.5
0 3543.82 10 3.8 36.5
0 3544.024 5 3.8 36.5
0 3544.027 287 3.8 36.5
0 3544.329 3 3.8 36.5
0 3544.334 201 3.8 36.5
0 3544.553 5 3.8 36.5
0 3544.556 286 3.8 36.5
0 3544.668 9 3.8 36.5
0 3544.769 10 3.8 36.5
0 3544.875 9 3.8 36.5
0 3544.968 11 3.8 36.5
0 3545.059 11 3.8 36.5
0 3545.272 5 3.8 36.5
0 3545.276 301 3.8 36.5
0 3545.494 5 3.8 36.5
0 3545.497 286 3.8 36.5
0 3545.613 9 3.8 36.5
0 3545.709 10 3.8 36.5
0 3545.809 10 3.8 36.5
0 3545.913 10 3.8 36.5
0 3546.103 5 3.8 36.5
0 3546.192 11 3.8 36.5
0 3546.211 52 3.8 36.5
0 3546.319 9 3.8 36.5
0 3546.423 10 3.8 36.5
0 3546.519 10 3.8 36.5
0 3546.73 5 3.8 36.5
0 3546.899 6 3.8 36.5
0 3546.903 306 3.8 36.5
0 3547.019 9 3.8 36.5
0 3547.113 11 3.8 36.5
0 3547.217 10 3.8 36.5
0 3547.316 10 3.8 36.5
0 3547.518 5 3.8 36.5
0 3547.523 211 3.8 36.5
0 3547.633 9 3.8 36.5
0 3547.735 10 3.8 36.5
0 3547.836 10 3.8 36.5
0 3548.038 5 3.7 36.5
0 3548.042 259 3.7 36.5
0 3548.153 9 3.7 36.5
0 3548.256 10 3.7 36.5
0 3548.355 10 3.7 36.5
0 3548.539 5 3.7 36.5
0 3548.544 202 3.7 36.5
0 3548.655 9 3.7 36.5
0 3548.758 10 3.7 36.5
0 3548.856 10 3.7 36.5
0 3549.046 5 3.7 36.5
0 3549.049 258 3.7 36.5
0 3549.358 3 3.7 36.5
0 3549.362 234 3.7 36.5
0 3549.579 5 3.7 36.5
0 3549.583 283 3.7 36.5
0 3549.695 9 3.7 36.5
0 3549.795 10 3.7 36.5
0 3549.9 10 3.7 36.5
0 3549.995 11 3.7 36.5
0 3550.103 9 3.7 36.5
0 3550.291 5 3.7 36.5
0 3550.295 281 3.7 36.5
0 3550.481 5 3.7 36.5
0 3550.495 70 3.7 36.5
0 3550.616 8 3.7 36.5
0 3550.708 11 3.7 36.5
0 3550.807 10 3.7 36.5
0 3550.896 11 3.7 36.5
0 3551.007 9 3.7 36.5
0 3551.194 5 3.7 36.5
0 3551.284 11 3.7 36.5
0 3551.3 62 3.7 36.5
0 3551.411 9 3.7 36.5
0 3551.511 10 3.7 36.5
0 3551.602 11 3.7 36.5
0 3551.811 5 3.7 36.5
0 3551.983 6 3.7 36.5
0 3551.987 236 3.7 36.5
0 3552.099 9 3.7 36.5
0 3552.197 10 3.7 36.5
0 3552.305 9 3.7 36.5
0 3552.401 10 3.7 36.5
0 3552.605 5 3.7 36.5
0 3552.608 267 3.7 36.5
0 3552.714 9 3.7 36.5
0 3552.827 9 3.7 36.5
0 3552.92 11 3.7 36.5
0 3553.114 5 3.7 36.5
0 3553.117 325 3.7 36.5
0 3553.228 9 3.7 36.5
0 3553.337 9 3.7 36.5
0 3553.43 11 3.7 36.5
0 3553.612 5 3.7 36.5
0 3553.619 139 3.7 36.5
0 3553.729 9 3.7 36.5
0 3553.835 9 3.7 36.5
0 3553.933 10 3.7 36.5
0 3554.121 5 3.7 36.5
0 3554.125 296 3.7 36.5
0 3554.415 3 3.7 36.5
0 3554.42 210 3.7 36.5
0 3554.624 5 3.7 36.5
0 3554.628 261 3.7 36.5
0 3554.74 9 3.7 36.5
0 3554.841 10 3.7 36.5
0 3554.945 10 3.7 36.5
0 3555.04 11 3.7 36.5
0 3555.147 9 3.7 36.5
0 3555.336 5 3.7 36.5
0 3555.34 296 3.7 36.5
0 3555.538 5 3.7 36.5
0 3555.542 242 3.7 36.5
0 3555.661 8 3.7 36.5
0 3555.747 12 3.7 36.5
0 3555.855 9 3.7 36.5
0 3555.957 10 3.7 36.5
0 3556.054 10 3.7 36.5
0 3556.256 5 3.7 36.5
0 3556.344 11 3.7 36.5
0 3556.362 53 3.7 36.5
0 3556.462 10 3.7 36.5
0 3556.561 10 3.7 36.5
0 3556.672 9 3.7 36.5
0 3556.883 5 3.7 36.5
0 3557.059 6 3.7 36.5
0 3557.063 266 3.7 36.5
0 3557.175 9 3.7 36.5
0 3557.277 10 3.7 36.5
0 3557.373 10 3.7 36.5
0 3557.475 10 3.7 36.5
0 3557.666 5 3.7 36.5
0 3557.67 256 3.7 36.5
0 3557.783 9 3.7 36.5
0 3557.88 10 3.7 36.5
0 3557.981 10 3.7 36.5
0 3558.186 5 3.6 36.5
0 3558.19 281 3.6 36.5
0 3558.303 9 3.6 36.5
0 3558.395 11 3.6 36.5
0 3558.502 9 3.6 36.5
0 3558.687 5 3.6 36.5
0 3558.692 205 3.6 36.5
0 3558.805 9 3.6 36.5
0 3558.894 11 3.6 36.5
0 3559.004 9 3.6 36.5
0 3559.181 6 3.6 36.5
0 3559.193 78 3.6 36.5
0 3559.493 3 3.6 36.5
0 3559.497 257 3.6 36.5
0 3559.717 5 3.6 36.5
0 3559.721 285 3.6 36.5
0 3559.832 9 3.6 36.5
0 3559.928 10 3.6 36.5
0 3560.037 9 3.6 36.5
0 3560.134 10 3.6 36.5
0 3560.341 5 3.6 36.5
0 3560.344 308 3.6 36.5
0 3560.545 5 3.6 36.5
0 3560.549 257 3.6 36.5
0 3560.662 9 3.6 36.5
0 3560.766 10 3.6 36.5
0 3560.863 10 3.6 36.5
0 3560.959 10 3.6 36.5
0 3561.059 10 3.6 36.5
0 3561.246 5 3.6 36.5
0 3561.249 305 3.6 36.5
0 3561.457 5 3.6 36.5
0 3561.46 320 3.6 36.5
0 3561.566 9 3.6 36.5
0 3561.673 9 3.6 36.5
0 3561.772 10 3.6 36.5
0 3561.98 5 3.6 36.5
0 3562.151 6 3.6 36.5
0 3562.155 255 3.6 36.5
0 3562.267 9 3.6 36.5
0 3562.366 10 3.6 36.5
0 3562.467 10 3.6 36.5
0 3562.56 11 3.6 36.5
0 3562.785 4 3.6 36.5
0 3562.789 260 3.6 36.5
0 3562.894 10 3.6 36.5
0 3563.0 9 3.6 36.5
0 3563.205 5 3.6 36.5
0 3563.208 311 3.6 36.5
0 3563.322 9 3.6 36.5
0 3563.409 12 3.6 36.5
0 3563.521 9 3.6 36.5
0 3563.727 5 3.6 36.5
0 3563.732 200 3.6 36.5
0 3563.845 9 3.6 36.5
0 3563.941 10 3.6 36.5
0 3564.043 10 3.6 36.5
0 3564.248 5 3.6 36.5
0 3564.252 291 3.6 36.5
0 3564.548 3 3.6 36.5
0 3564.552 255 3.6 36.5
0 3564.771 5 3.6 36.5
0 3564.774 303 3.6 36.5
0 3564.887 9 3.6 36.5
0 3564.986 10 3.6 36.5
0 3565.087 10 3.6 36.5
0 3565.185 10 3.6 36.5
0 3565.395 5 3.6 36.5
0 3565.399 252 3.6 36.5
0 3565.62 5 3.6 36.5
0 3565.624 265 3.6 36.5
0 3565.735 9 3.6 36.5
0 3565.842 9 3.6 36.5
0 3565.942 10 3.6 36.5
0 3566.036 11 3.6 36.5
0 3566.138 10 3.6 36.5
0 3566.338 5 3.6 36.5
0 3566.343 230 3.6 36.5
0 3566.543 5 3.6 36.5
0 3566.546 331 3.6 36.5
0 3566.66 9 3.6 36.5
0 3566.757 10 3.6 36.5
0 3566.864 9 3.6 36.5
0 3567.058 5 3.6 36.5
0 3567.234 6 3.6 36.5
0 3567.237 290 3.6 36.5
0 3567.348 9 3.6 36.5
0 3567.456 9 3.6 36.5
0 3567.549 11 3.6 36.5
0 3567.65 10 3.6 36.5
0 3567.861 5 3.6 36.5
0 3567.864 299 3.6 36.5
0 3567.981 9 3.6 36.5
0 3568.065 12 3.6 36.5
0 3568.27 5 3.6 36.5
0 3568.273 290 3.6 36.5
0 3568.388 9 3.6 36.5
0 3568.491 10 3.6 36.5
0 3568.578 11 3.6 36.5
0 3568.777 5 3.6 36.5
0 3568.781 252 3.6 36.5
0 3568.89 9 3.6 36.5
0 3568.998 9 3.6 36.5
0 3569.083 12 3.6 36.5
0 3569.291 5 3.6 36.5
0 3569.295 282 3.6 36.5
0 3569.589 3 3.6 36.5
0 3569.594 183 3.6 36.5
0 3569.802 5 3.6 36.5
0 3569.806 291 3.6 36.5
0 3569.916 9 3.6 36.5
0 3570.017 10 3.6 36.5
0 3570.124 9 3.6 36.5
0 3570.219 11 3.6 36.5
0 3570.42 5 3.6 36.5
0 3570.424 308 3.6 36.5
0 3570.637 5 3.6 36.5
0 3570.642 187 3.6 36.5
0 3570.752 9 3.6 36.5
0 3570.853 10 3.6 36.5
0 3570.958 9 3.6 36.5
0 3571.051 11 3.6 36.5
0 3571.161 9 3.6 36.5
0 3571.35 5 3.6 36.5
0 3571.353 279 3.6 36.5
0 3571.552 5 3.6 36.5
0 3571.555 330 3.6 36.5
0 3571.675 8 3.6 36.5
0 3571.767 11 3.6 36.5
0 3571.867 10 3.6 36.5
0 3572.07 5 3.6 36.5
0 3572.244 6 3.6 36.5
0 3572.249 199 3.6 36.5
0 3572.359 9 3.6 36.5
0 3572.46 10 3.6 36.5
0 3572.558 10 3.6 36.5
0 3572.658 10 3.6 36.5
0 3572.873 5 3.6 36.5
0 3572.876 277 3.6 36.5
0 3572.986 9 3.6 36.5
0 3573.084 10 3.6 36.5
0 3573.291 5 3.6 36.5
0 3573.294 277 3.6 36.5
0 3573.407 9 3.6 36.5
0 3573.506 10 3.6 36.5
0 3573.604 10 3.6 36.5
0 3573.814 5 3.6 36.5
0 3573.819 182 3.6 36.5
0 3573.929 9 3.6 36.5
0 3574.031 10 3.6 36.5
0 3574.129 10 3.6 36.5
0 3574.326 5 3.6 36.5
0 3574.33 252 3.6 36.5
0 3574.629 3 3.6 36.5
0 3574.632 267 3.6 36.5
0 3574.842 5 3.6 36.5
0 3574.845 301 3.6 36.5
0 3574.957 9 3.6 36.5
0 3575.055 10 3.6 36.5
0 3575.158 10 3.6 36.5
0 3575.254 10 3.6 36.5
0 3575.466 5 3.6 36.5
0 3575.47 274 3.6 36.5
0 3575.659 5 3.6 36.5
0 3575.671 84 3.6 36.5
0 3575.781 9 3.6 36.5
0 3575.889 9 3.6 36.5
0 3575.988 10 3.6 36.5
0 3576.075 11 3.6 36.5
0 3576.183 9 3.6 36.5
0 3576.388 5 3.6 36.5
0 3576.393 192 3.6 36.5
0 3576.599 5 3.6 36.5
0 3576.602 322 3.6 36.5
0 3576.715 9 3.6 36.5
0 3576.813 10 3.6 36.5
0 3576.921 9 3.6 36.5
0 3577.112 5 3.6 36.5
0 3577.29 6 3.6 36.5
0 3577.294 273 3.6 36.5
0 3577.405 9 3.6 36.5
0 3577.511 9 3.6 36.5
0 3577.604 11 3.6 36.5
0 3577.707 10 3.6 36.5
0 3577.917 5 3.6 36.5
0 3577.921 289 3.6 36.5
0 3578.039 8 3.6 36.5
0 3578.131 11 3.6 36.5
0 3578.339 5 3.8 36.5
0 3578.342 286 3.8 36.5
0 3578.448 9 3.8 36.5
0 3578.558 9 3.8 36.5
0 3578.648 11 3.8 36.5
0 3578.845 5 3.8 36.5
0 3578.849 264 3.8 36.5
0 3578.96 9 3.8 36.5
0 3579.067 9 3.8 36.5
0 3579.159 11 3.8 36.5
0 3579.351 5 3.8 36.5
0 3579.355 293 3.8 36.5
0 3579.657 3 3.8 36.5
0 3579.662 184 3.8 36.5
0 3579.865 5 3.8 36.5
0 3579.869 298 3.8 36.5
0 3579.981 9 3.8 36.5
0 3580.071 11 3.8 36.5
0 3580.186 9 3.8 36.5
0 3580.281 11 3.8 36.5
0 3580.478 5 3.8 36.5
0 3580.481 302 3.8 36.5
0 3580.671 5 3.8 36.5
0 3580.683 83 3.8 36.5
0 3580.795 9 3.8 36.5
0 3580.893 10 3.8 36.5
0 3580.998 10 3.8 36.5
0 3581.089 11 3.8 36.5
0 3581.2 9 3.8 36.5
0 3581.394 5 3.8 36.5
0 3581.398 278 3.8 36.5
0 3581.609 5 3.8 36.5
0 3581.612 317 3.8 36.5
0 3581.731 8 3.8 36.5
0 3581.825 11 3.8 36.5
0 3581.927 10 3.8 36.5
0 3582.13 5 3.8 36.5
0 3582.302 6 3.8 36.5
0 3582.307 205 3.8 36.5
0 3582.418 9 3.8 36.5
0 3582.517 10 3.8 36.5
0 3582.612 11 3.8 36.5
0 3582.717 10 3.8 36.5
0 3582.934 5 3.8 36.5
0 3582.938 249 3.8 36.5
0 3583.051 9 3.8 36.5
0 3583.148 10 3.8 36.5
0 3583.348 5 3.8 36.5
0 3583.352 277 3.8 36.5
0 3583.461 9 3.8 36.5
0 3583.563 10 3.8 36.5
0 3583.662 10 3.8 36.5
0 3583.867 5 3.8 36.5
0 3583.873 178 3.8 36.5
0 3583.983 9 3.8 36.5
0 3584.075 11 3.8 36.5
0 3584.182 9 3.8 36.5
0 3584.387 5 3.8 36.5
0 3584.39 257 3.8 36.5
0 3584.679 3 3.8 36.5
0 3584.682 281 3.8 36.5
0 3584.887 5 3.8 36.5
0 3584.891 245 3.8 36.5
0 3585.003 9 3.8 36.5
0 3585.1 10 3.8 36.5
0 3585.204 10 3.8 36.5
0 3585.302 10 3.8 36.5
0 3585.508 5 3.8 36.5
0 3585.512 290 3.8 36.5
0 3585.699 5 3.8 36.5
0 3585.713 69 3.8 36.5
0 3585.822 9 3.8 36.5
0 3585.92 10 3.8 36.5
0 3586.03 9 3.8 36.5
0 3586.121 11 3.8 36.5
0 3586.226 10 3.8 36.5
0 3586.415 5 3.8 36.5
0 3586.42 183 3.8 36.5
0 3586.607 5 3.8 36.5
0 3586.62 75 3.8 36.5
0 3586.732 9 3.8 36.5
0 3586.829 10 3.8 36.5
0 3586.937 9 3.8 36.5
0 3587.128 5 3.8 36.5
0 3587.133 185 3.8 36.5
0 3587.422 3 3.8 36.5
0 3587.427 228 3.8 36.5
0 3587.532 9 3.8 36.5
0 3587.634 10 3.8 36.5
0 3587.74 9 3.8 36.5
0 3587.93 5 3.8 36.5
0 3587.934 229 3.8 36.5
0 3588.046 9 3.8 36.5
0 3588.14 11 3.8 36.5
0 3588.235 11 3.8 36.5
0 3588.437 5 3.8 36.5
0 3588.441 270 3.8 36.5
0 3588.555 9 3.8 36.5
0 3588.65 10 3.8 36.5
0 3588.754 10 3.8 36.5
0 3588.928 6 3.8 36.5
0 3588.944 63 3.8 36.5
0 3589.049 10 3.8 36.5
0 3589.154 10 3.8 36.5
0 3589.25 10 3.8 36.5
0 3589.441 5 3.8 36.5
0 3589.446 191 3.8 36.5
0 3589.729 4 3.8 36.5
0 3589.734 209 3.8 36.5
0 3589.932 5 3.8 36.5
0 3589.935 271 3.8 36.5
0 3590.052 9 3.8 36.5
0 3590.144 11 3.8 36.5
0 3590.247 10 3.8 36.5
0 3590.336 11 3.8 36.5
0 3590.555 5 3.8 36.5
0 3590.559 238 3.8 36.5
0 3590.774 5 3.8 36.5
0 3590.778 226 3.8 36.5
0 3590.888 9 3.8 36.5
0 3591.001 9 3.8 36.5
0 3591.094 11 3.8 36.5
0 3591.213 8 3.8 36.5
0 3591.313 10 3.8 36.5
0 3591.502 5 3.8 36.5
0 3591.516 76 3.8 36.5
0 3591.719 5 3.8 36.5
0 3591.731 82 3.8 36.5
0 3591.857 8 3.8 36.5
0 3591.961 10 3.8 36.5
0 3592.151 5 3.8 36.5
0 3592.174 43 3.8 36.5
0 3592.498 3 3.8 36.5
0 3592.523 40 3.8 36.5
0 3592.636 9 3.8 36.5
0 3592.745 9 3.8 36.5
0 3592.943 5 3.8 36.5
0 3592.968 39 3.8 36.5
0 3593.082 9 3.8 36.5
0 3593.179 10 3.8 36.5
0 3593.31 8 3.8 36.5
0 3593.471 6 3.8 36.5
0 3593.508 27 3.8 36.5
0 3593.607 10 3.8 36.5
0 3593.734 8 3.8 36.5
0 3593.835 10 3.8 36.5
0 3594.021 5 3.8 36.5
0 3594.046 40 3.8 36.5
0 3594.155 9 3.8 36.5
0 3594.282 8 3.8 36.5
0 3594.362 12 3.8 36.5
0 3594.462 10 3.8 36.5
0 3594.735 4 3.8 36.5
0 3594.76 39 3.8 36.5
0 3594.885 8 3.8 36.5
0 3594.989 10 3.8 36.5
0 3595.081 11 3.8 36.5
0 3595.176 11 3.8 36.5
0 3595.273 10 3.8 36.5
0 3595.376 10 3.8 36.5
0 3595.578 5 3.8 36.5
0 3595.602 41 3.8 36.5
0 3595.828 4 3.8 36.5
0 3595.854 38 3.8 36.5
0 3595.981 8 3.8 36.5
0 3596.076 11 3.8 36.5
0 3596.183 9 3.8 36.5
0 3596.279 10 3.8 36.5
0 3596.383 10 3.8 36.5
0 3596.566 5 3.8 36.5
0 3596.588 44 3.8 36.5
0 3596.803 5 3.8 36.5
0 3596.826 43 3.8 36.5
0 3596.961 7 3.8 36.5
0 3597.055 11 3.8 36.5
0 3597.238 5 3.8 36.5
0 3597.26 45 3.8 36.5
0 3597.576 3 3.8 36.5
0 3597.6 41 3.8 36.5
0 3597.726 8 3.8 36.5
0 3597.983 4 3.8 36.5
0 3597.998 70 3.8 36.5
0 3598.124 8 3.8 36.5
0 3598.225 10 3.8 36.5
0 3598.307 12 3.8 36.5
0 3598.525 5 5.1 36.5
0 3598.538 74 5.1 36.5
0 3598.667 8 5.1 36.5
0 3598.761 11 5.1 36.5
0 3598.864 10 5.1 36.5
0 3599.069 5 5.1 36.5
0 3599.085 66 5.1 36.5
0 3599.215 8 5.1 36.5
0 3599.311 10 5.1 36.5
0 3599.401 11 5.1 36.5
0 3599.51 9 5.1 36.5
0 3599.78 4 5.1 36.5
0 3599.796 65 5.1 36.5
0 3599.922 8 5.1 36.5
0 3600.022 10 5.1 36.5
0 3600.117 11 5.1 36.5
0 3600.216 10 5.1 36.5
0 3600.321 9 5.1 36.5
0 3600.413 11 5.1 36.5
0 3600.609 5 5.1 36.5
0 3600.623 70 5.1 36.5
0 3600.848 4 5.1 36.5
0 3600.863 64 5.1 36.5
0 3600.987 8 5.1 36.5
0 3601.082 11 5.1 36.5
0 3601.19 9 5.1 36.5
0 3601.289 10 5.1 36.5
0 3601.386 10 5.1 36.5
0 3601.601 5 5.1 36.5
0 3601.614 74 5.1 36.5
0 3601.825 5 5.1 36.5
0 3601.838 80 5.1 36.5
0 3601.972 7 5.1 36.5
0 3602.067 10 5.1 36.5
0 3602.252 5 5.1 36.5
0 3602.266 75 5.1 36.5
0 3602.48 5 5.1 36.5
0 3602.579 10 5.1 36.5
0 3602.593 73 5.1 36.5
0 3602.721 8 5.1 36.5
0 3602.99 4 5.1 36.5
0 3603.008 58 5.1 36.5
0 3603.132 8 5.1 36.5
0 3603.232 10 5.1 36.5
0 3603.405 6 5.1 36.5
0 3603.408 307 5.1 36.5
0 3603.625 5 5.1 36.5
0 3603.628 316 5.1 36.5
0 3603.739 9 5.1 36.5
0 3603.838 10 5.1 36.5
0 3603.938 10 5.1 36.5
0 3604.148 5 5.1 36.5
0 3604.153 205 5.1 36.5
0 3604.261 9 5.1 36.5
0 3604.362 10 5.1 36.5
0 3604.462 10 5.1 36.5
0 3604.569 9 5.1 36.5
0 3604.854 4 5.1 36.5
0 3604.858 299 5.1 36.5
0 3604.968 9 5.1 36.5
0 3605.074 9 5.1 36.5
0 3605.177 10 5.1 36.5
0 3605.269 11 5.1 36.5
0 3605.373 10 5.1 36.5
0 3605.469 10 5.1 36.5
0 3605.664 5 5.1 36.5
0 3605.668 212 5.1 36.5
0 3605.884 5 5.1 36.5
0 3605.888 268 5.1 36.5
0 3605.998 9 5.1 36.5
0 3606.101 10 5.1 36.5
0 3606.204 10 5.1 36.5
0 3606.302 10 5.1 36.5
0 3606.403 10 5.1 36.5
0 3606.593 5 5.1 36.5
0 3606.597 230 5.1 36.5
0 3606.712 9 5.1 36.5
0 3606.908 5 5.1 36.5
0 3606.911 329 5.1 36.5
0 3607.022 9 5.1 36.5
0 3607.127 10 5.1 36.5
0 3607.334 5 5.1 36.5
0 3607.337 280 5.1 36.5
0 3607.634 3 5.1 36.5
0 3607.638 231 5.1 36.5
0 3607.754 9 5.1 36.5
0 3608.03 4 5.1 36.5
0 3608.034 287 5.1 36.5
0 3608.153 8 5.1 36.5
0 3608.239 12 5.1 36.5
0 3608.448 5 5.1 36.5
0 3608.451 316 5.1 36.5
0 3608.668 5 4.3 36.5
0 3608.671 301 4.3 36.5
0 3608.786 9 4.3 36.5
0 3608.883 10 4.3 36.5
0 3608.984 10 4.3 36.5
0 3609.161 6 4.3 36.5
0 3609.174 76 4.3 36.5
0 3609.288 9 4.3 36.5
0 3609.382 11 4.3 36.5
0 3609.486 10 4.3 36.5
0 3609.575 11 4.3 36.5
0 3609.863 3 4.3 36.5
0 3609.868 230 4.3 36.5
0 3609.972 10 4.3 36.5
0 3610.075 10 4.3 36.5
0 3610.178 10 4.3 36.5
0 3610.282 10 4.3 36.5
0 3610.387 10 4.3 36.5
0 3610.478 11 4.3 36.5
0 3610.674 5 4.3 36.5
0 3610.677 318 4.3 36.5
0 3610.893 5 4.3 36.5
0 3610.897 221 4.3 36.5
0 3610.997 10 4.3 36.5
0 3611.111 9 4.3 36.5
0 3611.208 10 4.3 36.5
0 3611.311 10 4.3 36.5
0 3611.414 10 4.3 36.5
0 3611.611 5 4.3 36.5
0 3611.615 247 4.3 36.5
0 3611.725 9 4.3 36.5
0 3611.922 5 4.3 36.5
0 3611.925 292 4.3 36.5
0 3612.036 9 4.3 36.5
0 3612.141 10 4.3 36.5
0 3612.343 5 4.3 36.5
0 3612.347 271 4.3 36.5
0 3612.659 3 4.3 36.5
0 3612.664 222 4.3 36.5
0 3612.768 10 4.3 36.5
0 3613.076 3 4.3 36.5
0 3613.09 71 4.3 36.5
0 3613.222 8 4.3 36.5
0 3613.309 11 4.3 36.5
0 3613.491 6 4.3 36.5
0 3613.504 78 4.3 36.5
0 3613.694 5 4.3 36.5
0 3613.709 67 4.3 36.5
0 3613.816 9 4.3 36.5
0 3613.934 9 4.3 36.5
0 3614.039 10 4.3 36.5
0 3614.23 5 4.3 36.5
0 3614.245 70 4.3 36.5
0 3614.366 8 4.3 36.5
0 3614.471 10 4.3 36.5
0 3614.569 10 4.3 36.5
0 3614.678 9 4.3 36.5
0 3614.861 5 4.3 36.5
0 3614.875 72 4.3 36.5
0 3615.005 8 4.3 36.5
0 3615.083 13 4.3 36.5
0 3615.203 8 4.3 36.5
0 3615.318 9 4.3 36.5
0 3615.403 12 4.3 36.5
0 3615.505 10 4.3 36.5
0 3615.583 13 4.3 36.5
0 3615.785 5 4.3 36.5
0 3615.886 10 4.3 36.5
0 3615.899 78 4.3 36.5
0 3616.019 8 4.3 36.5
0 3616.131 9 4.3 36.5
0 3616.234 10 4.3 36.5
0 3616.331 10 4.3 36.5
0 3616.404 14 4.3 36.5
0 3616.524 8 4.3 36.5
0 3616.705 6 4.3 36.5
0 3616.719 70 4.3 36.5
0 3616.855 7 4.3 36.5
0 3617.03 6 4.3 36.5
0 3617.043 79 4.3 36.5
0 3617.175 8 4.3 36.5
0 3617.364 5 4.3 36.5
0 3617.39 39 4.3 36.5
0 3617.702 3 4.3 36.5
0 3617.726 42 4.3 36.5
0 3617.864 7 4.3 36.5
0 3618.123 4 4.3 36.5
0 3618.146 44 4.3 36.5
0 3618.289 7 4.3 36.5
0 3618.382 11 4.3 36.5
0 3618.555 6 4.3 36.5
0 3618.578 43 4.3 36.5
0 3618.791 5 4.3 36.5
0 3618.814 42 4.3 36.5
0 3618.92 9 4.3 36.5
0 3619.043 8 4.3 36.5
0 3619.234 5 4.3 36.5
0 3619.258 42 4.3 36.5
0 3619.368 9 4.3 36.5
0 3619.503 7 4.3 36.5
0 3619.585 12 4.3 36.5
0 3619.702 9 4.3 36.5
0 3619.87 6 4.3 36.5
0 3619.893 43 4.3 36.5
0 3620.037 7 4.3 36.5
0 3620.108 14 4.3 36.5
0 3620.225 9 4.3 36.5
0 3620.328 10 4.3 36.5
0 3620.416 11 4.3 36.5
0 3620.529 9 4.3 36.5
0 3620.626 10 4.3 36.5
0 3620.905 4 4.3 36.5
0 3620.94 29 4.3 36.5
0 3621.068 8 4.3 36.5
0 3621.141 14 4.3 36.5
0 3621.267 8 4.3 36.5
0 3621.361 11 4.3 36.5
0 3621.469 9 4.3 36.5
0 3621.566 10 4.3 36.5
0 3621.649 12 4.3 36.5
0 3621.768 8 4.3 36.5
0 3621.864 10 4.3 36.5
0 3622.039 6 4.3 36.5
0 3622.063 43 4.3 36.5
0 3622.198 7 4.3 36.5
0 3622.365 6 4.3 36.5
0 3622.388 43 4.3 36.5
0 3622.602 5 4.3 36.5
0 3622.718 9 4.3 36.5
0 3622.745 37 4.3 36.5
0 3622.888 7 4.3 36.5
0 3623.141 4 4.3 36.5
0 3623.167 39 4.3 36.5
0 3623.287 8 4.3 36.5
0 3623.387 10 4.3 36.5
0 3623.574 5 4.3 36.5
0 3623.598 43 4.3 36.5
0 3623.814 5 4.3 36.5
0 3623.912 10 4.3 36.5
0 3623.929 60 4.3 36.5
0 3624.049 8 4.3 36.5
0 3624.236 5 4.3 36.5
0 3624.251 69 4.3 36.5
0 3624.379 8 4.3 36.5
0 3624.483 10 4.3 36.5
0 3624.556 14 4.3 36.5
0 3624.678 8 4.3 36.5
0 3624.871 5 4.3 36.5
0 3624.885 71 4.3 36.5
0 3625.018 8 4.3 36.5
0 3625.092 13 4.3 36.5
0 3625.214 8 4.3 36.5
0 3625.315 10 4.3 36.5
0 3625.406 11 4.3 36.5
0 3625.513 9 4.3 36.5
0 3625.592 13 4.3 36.5
0 3625.715 8 4.3 36.5
0 3625.992 4 4.3 36.5
0 3626.006 75 4.3 36.5
0 3626.133 8 4.3 36.5
0 3626.234 10 4.3 36.5
0 3626.338 10 4.3 36.5
0 3626.423 12 4.3 36.5
0 3626.539 9 4.3 36.5
0 3626.626 12 4.3 36.5
0 3626.733 9 4.3 36.5
0 3626.837 10 4.3 36.5
0 3626.908 14 4.3 36.5
0 3627.126 5 4.3 36.5
0 3627.138 81 4.3 36.5
0 3627.245 9 4.3 36.5
0 3627.464 5 4.3 36.5
0 3627.477 78 4.3 36.5
0 3627.766 3 4.3 36.5
0 3627.779 74 4.3 36.5
0 3627.903 8 4.3 36.5
0 3628.162 4 4.3 36.5
0 3628.175 76 4.3 36.5
0 3628.31 7 4.3 36.5
0 3628.396 12 4.3 36.5
0 3628.595 5 4.3 36.5
0 3628.608 77 4.3 36.5
0 3628.821 5 4.9 36.5
0 3628.919 10 4.9 36.5
0 3628.935 60 4.9 36.5
0 3629.058 8 4.9 36.5
0 3629.245 5 4.9 36.5
0 3629.259 73 4.9 36.5
0 3629.385 8 4.9 36.5
0 3629.499 9 4.9 36.5
0 3629.601 10 4.9 36.5
0 3629.716 9 4.9 36.5
0 3629.9 5 4.9 36.5
0 3629.925 41 4.9 36.5
0 3630.067 7 4.9 36.5
0 3630.149 12 4.9 36.5
0 3630.268 8 4.9 36.5
0 3630.367 10 4.9 36.5
0 3630.445 13 4.9 36.5
0 3630.543 10 4.9 36.5
0 3630.667 8 4.9 36.5
0 3630.734 15 4.9 36.5
0 3630.947 5 4.9 36.5
0 3630.971 42 4.9 36.5
0 3631.104 8 4.9 36.5
0 3631.219 9 4.9 36.5
0 3631.312 11 4.9 36.5
0 3631.396 12 4.9 36.5
0 3631.509 9 4.9 36.5
0 3631.592 12 4.9 36.5
0 3631.713 8 4.9 36.5
0 3631.812 10 4.9 36.5
0 3631.914 10 4.9 36.5
0 3632.019 10 4.9 36.5
0 3632.184 6 4.9 36.5
0 3632.21 39 4.9 36.5
0 3632.34 8 4.9 36.5
0 3632.511 6 4.9 36.5
0 3632.538 37 4.9 36.5
0 3632.833 3 4.9 36.5
0 3632.857 41 4.9 36.5
0 3632.993 7 4.9 36.5
0 3633.261 4 4.9 36.5
0 3633.284 43 4.9 36.5
0 3633.408 8 4.9 36.5
0 3633.521 9 4.9 36.5
0 3633.691 6 4.9 36.5
0 3633.715 42 4.9 36.5
0 3633.995 4 4.9 36.5
0 3634.018 42 4.9 36.5
0 3634.159 7 4.9 36.5
0 3634.32 6 4.9 36.5
0 3634.349 34 4.9 36.5
0 3634.483 7 4.9 36.5
0 3634.578 11 4.9 36.5
0 3634.68 10 4.9 36.5
0 3634.784 10 4.9 36.5
0 3634.968 5 4.9 36.5
0 3634.992 41 4.9 36.5
0 3635.101 9 4.9 36.5
0 3635.229 8 4.9 36.5
0 3635.331 10 4.9 36.5
0 3635.43 10 4.9 36.5
0 3635.529 10 4.9 36.5
0 3635.602 14 4.9 36.5
0 3635.731 8 4.9 36.5
0 3635.831 10 4.9 36.5
0 3636.006 6 4.9 36.5
0 3636.03 41 4.9 36.5
0 3636.171 7 4.9 36.5
0 3636.262 11 4.9 36.5
0 3636.369 9 4.9 36.5
0 3636.461 11 4.9 36.5
0 3636.57 9 4.9 36.5
0 3636.664 11 4.9 36.5
0 3636.744 12 4.9 36.5
0 3636.868 8 4.9 36.5
0 3636.964 10 4.9 36.5
0 3637.072 9 4.9 36.5
0 3637.315 4 4.9 36.5
0 3637.329 69 4.9 36.5
0 3637.539 5 4.9 36.5
0 3637.552 76 4.9 36.5
0 3637.846 3 4.9 36.5
0 3637.861 68 4.9 36.5
0 3637.995 7 4.9 36.5
0 3638.17 6 4.9 36.5
0 3638.262 11 4.9 36.5
0 3638.283 48 4.9 36.5
0 3638.414 8 4.9 36.5
0 3638.513 10 4.9 36.5
0 3638.677 6 4.9 36.5
0 3638.69 77 4.9 36.5
0 3638.822 8 5.2 36.5
0 3639.098 4 5.2 36.5
0 3639.111 73 5.2 36.5
0 3639.217 9 5.2 36.5
0 3639.421 5 5.2 36.5
0 3639.434 73 5.2 36.5
0 3639.564 8 5.2 36.5
0 3639.651 12 5.2 36.5
0 3639.755 10 5.2 36.5
0 3639.85 11 5.2 36.5
0 3640.025 6 5.2 36.5
0 3640.037 80 5.2 36.5
0 3640.173 7 5.2 36.5
0 3640.26 12 5.2 36.5
0 3640.371 9 5.2 36.5
0 3640.453 12 5.2 36.5
0 3640.563 9 5.2 36.5
0 3640.675 9 5.2 36.5
0 3640.77 10 5.2 36.5
0 3640.872 10 5.2 36.5
0 3641.059 5 5.2 36.5
0 3641.071 79 5.2 36.5
0 3641.198 8 5.2 36.5
0 3641.292 11 5.2 36.5
0 3641.39 10 5.2 36.5
0 3641.493 10 5.2 36.5
0 3641.59 10 5.2 36.5
0 3641.698 9 5.2 36.5
0 3641.791 11 5.2 36.5
0 3641.891 10 5.2 36.5
0 3641.996 10 5.2 36.5
0 3642.091 11 5.2 36.5
0 3642.37 4 5.2 36.5
0 3642.384 74 5.2 36.5
0 3642.604 5 5.2 36.5
0 3642.617 74 5.2 36.5
0 3642.916 3 5.2 36.5
0 3642.931 69 5.2 36.5
0 3643.062 8 5.2 36.5
0 3643.324 4 5.2 36.5
0 3643.337 74 5.2 36.5
0 3643.473 7 5.2 36.5
0 3643.571 10 5.2 36.5
0 3643.741 6 5.2 36.5
0 3643.753 83 5.2 36.5
0 3643.883 8 5.2 36.5
0 3644.145 4 5.2 36.5
0 3644.159 73 5.2 36.5
0 3644.29 8 5.2 36.5
0 3644.535 4 5.2 36.5
0 3644.538 255 5.2 36.5
0 3644.658 8 5.2 36.5
0 3644.752 11 5.2 36.5
0 3644.851 10 5.2 36.5
0 3645.052 5 5.2 36.5
0 3645.055 261 5.2 36.5
0 3645.175 8 5.2 36.5
0 3645.268 11 5.2 36.5
0 3645.367 10 5.2 36.5
0 3645.468 10 5.2 36.5
0 3645.567 10 5.2 36.5
0 3645.675 9 5.2 36.5
0 3645.771 10 5.2 36.5
0 3645.868 10 5.2 36.5
0 3646.061 5 5.2 36.5
0 3646.064 280 5.2 36.5
0 3646.182 8 5.2 36.5
0 3646.279 10 5.2 36.5
0 3646.377 10 5.2 36.5
0 3646.476 10 5.2 36.5
0 3646.577 10 5.2 36.5
0 3646.684 9 5.2 36.5
0 3646.78 10 5.2 36.5
0 3646.877 10 5.2 36.5
0 3646.977 10 5.2 36.5
0 3647.078 10 5.2 36.5
0 3647.267 5 5.2 36.5
0 3647.271 272 5.2 36.5
0 3647.48 5 5.2 36.5
0 3647.484 285 5.2 36.5
0 3647.666 5 5.2 36.5
0 3647.686 50 5.2 36.5
0 3648.008 3 5.2 36.5
0 3648.012 241 5.2 36.5
0 3648.121 9 5.2 36.5
0 3648.41 3 5.2 36.5
0 3648.415 228 5.2 36.5
0 3648.534 8 5.2 36.5
0 3648.626 11 5.2 36.5
0 3648.83 5 4.2 36.5
0 3648.833 328 4.2 36.5
0 3648.948 9 4.2 36.5
0 3649.229 4 4.2 36.5
0 3649.232 280 4.2 36.5
0 3649.344 9 4.2 36.5
0 3649.62 4 4.2 36.5
0 3649.625 199 4.2 36.5
0 3649.745 8 4.2 36.5
0 3649.837 11 4.2 36.5
0 3649.936 10 4.2 36.5
0 3650.136 5 4.2 36.5
0 3650.14 222 4.2 36.5
0 3650.259 8 4.2 36.5
0 3650.351 11 4.2 36.5
0 3650.451 10 4.2 36.5
0 3650.549 10 4.2 36.5
0 3650.655 9 4.2 36.5
0 3650.76 9 4.2 36.5
0 3650.853 11 4.2 36.5
0 3650.952 10 4.2 36.5
0 3651.147 5 4.2 36.5
0 3651.152 214 4.2 36.5
0 3651.271 8 4.2 36.5
0 3651.363 11 4.2 36.5
0 3651.463 10 4.2 36.5
0 3651.562 10 4.2 36.5
0 3651.668 9 4.2 36.5
0 3651.772 10 4.2 36.5
0 3651.864 11 4.2 36.5
0 3651.963 10 4.2 36.5
0 3652.062 10 4.2 36.5
0 3652.168 9 4.2 36.5
0 3652.364 5 4.2 36.5
0 3652.367 283 4.2 36.5
0 3652.574 5 4.2 36.5
0 3652.578 299 4.2 36.5
0 3652.79 5 4.2 36.5
0 3652.88 11 4.2 36.5
0 3652.896 61 4.2 36.5
0 3653.106 5 4.2 36.5
0 3653.109 304 4.2 36.5
0 3653.321 5 4.2 36.5
0 3653.324 322 4.2 36.5
0 3653.539 5 4.2 36.5
0 3653.543 277 4.2 36.5
0 3653.653 9 4.2 36.5
0 3653.851 5 4.2 36.5
0 3653.854 304 4.2 36.5
0 3653.973 8 4.2 36.5
0 3654.259 3 4.2 36.5
0 3654.263 252 4.2 36.5
0 3654.376 9 4.2 36.5
0 3654.656 4 4.2 36.5
0 3654.659 307 4.2 36.5
0 3654.773 9 4.2 36.5
0 3654.874 10 4.2 36.5
0 3654.972 10 4.2 36.5
0 3655.168 5 4.2 36.5
0 3655.171 291 4.2 36.5
0 3655.284 9 4.2 36.5
0 3655.385 10 4.2 36.5
0 3655.485 10 4.2 36.5
0 3655.585 10 4.2 36.5
0 3655.687 10 4.2 36.5
0 3655.785 10 4.2 36.5
0 3655.884 10 4.2 36.5
0 3655.985 10 4.2 36.5
0 3656.169 5 4.2 36.5
0 3656.172 274 4.2 36.5
0 3656.289 9 4.2 36.5
0 3656.386 10 4.2 36.5
0 3656.485 10 4.2 36.5
0 3656.59 10 4.2 36.5
0 3656.685 10 4.2 36.5
0 3656.791 9 4.2 36.5
0 3656.888 10 4.2 36.5
0 3656.986 10 4.2 36.5
0 3657.079 11 4.2 36.5
0 3657.189 9 4.2 36.5
0 3657.388 5 4.2 36.5
0 3657.391 301 4.2 36.5
0 3657.609 5 4.2 36.5
0 3657.612 269 4.2 36.5
0 3657.837 4 4.2 36.5
0 3657.925 11 4.2 36.5
0 3657.944 53 4.2 36.5
0 3658.146 5 4.2 36.5
0 3658.151 229 4.2 36.5
0 3658.369 5 4.2 36.5
0 3658.382 78 4.2 36.5
0 3658.605 4 4.2 36.5
0 3658.619 73 4.2 36.5
0 3658.754 7 4.2 36.5
0 3658.92 6 3.7 36.5
0 3658.934 70 3.7 36.5
0 3659.067 8 3.7 36.5
0 3659.251 5 3.7 36.5
0 3659.265 70 3.7 36.5
0 3659.391 8 3.7 36.5
0 3659.498 9 3.7 36.5
0 3659.736 4 3.7 36.5
0 3659.75 71 3.7 36.5
0 3659.884 7 3.7 36.5
0 3659.979 11 3.7 36.5
0 3660.084 9 3.7 36.5
0 3660.24 6 3.7 36.5
0 3660.254 73 3.7 36.5
0 3660.388 7 3.7 36.5
0 3660.486 10 3.7 36.5
0 3660.563 13 3.7 36.5
0 3660.686 8 3.7 36.5
0 3660.789 10 3.7 36.5
0 3660.887 10 3.7 36.5
0 3660.988 10 3.7 36.5
0 3661.088 10 3.7 36.5
0 3661.266 6 3.7 36.5
0 3661.28 70 3.7 36.5
0 3661.412 8 3.7 36.5
0 3661.507 10 3.7 36.5
0 3661.598 11 3.7 36.5
0 3661.715 9 3.7 36.5
0 3661.815 10 3.7 36.5
0 3661.916 10 3.7 36.5
0 3662.013 10 3.7 36.5
0 3662.095 12 3.7 36.5
0 3662.208 9 3.7 36.5
0 3662.308 10 3.7 36.5
0 3662.493 5 3.7 36.5
0 3662.507 72 3.7 36.5
0 3662.706 5 3.7 36.5
0 3662.719 75 3.7 36.5
0 3662.931 5 3.7 36.5
0 3663.034 10 3.7 36.5
0 3663.047 76 3.7 36.5
0 3663.253 5 3.7 36.5
0 3663.355 10 3.7 36.5
0 3663.367 79 3.7 36.5
0 3663.502 7 3.7 36.5
0 3663.678 6 3.7 36.5
0 3663.691 72 3.7 36.5
0 3663.824 8 3.7 36.5
0 3664.006 5 3.7 36.5
0 3664.021 66 3.7 36.5
0 3664.154 8 3.7 36.5
0 3664.332 6 3.7 36.5
0 3664.345 77 3.7 36.5
0 3664.478 8 3.7 36.5
0 3664.567 11 3.7 36.5
0 3664.84 4 3.7 36.5
0 3664.853 73 3.7 36.5
0 3664.984 8 3.7 36.5
0 3665.077 11 3.7 36.5
0 3665.263 5 3.7 36.5
0 3665.276 76 3.7 36.5
0 3665.408 8 3.7 36.5
0 3665.509 10 3.7 36.5
0 3665.596 11 3.7 36.5
0 3665.713 9 3.7 36.5
0 3665.81 10 3.7 36.5
0 3665.91 10 3.7 36.5
0 3666.011 10 3.7 36.5
0 3666.081 14 3.7 36.5
0 3666.372 3 3.7 36.5
0 3666.376 250 3.7 36.5
0 3666.492 9 3.7 36.5
0 3666.579 12 3.7 36.5
0 3666.691 9 3.7 36.5
0 3666.787 10 3.7 36.5
0 3666.892 9 3.7 36.5
0 3666.993 10 3.7 36.5
0 3667.087 11 3.7 36.5
0 3667.192 9 3.7 36.5
0 3667.287 11 3.7 36.5
0 3667.492 5 3.7 36.5
0 3667.495 332 3.7 36.5
0 3667.597 10 3.7 36.5
0 3667.807 5 3.7 36.5
0 3667.81 317 3.7 36.5
0 3668.025 5 3.7 36.5
0 3668.113 11 3.7 36.5
0 3668.131 57 3.7 36.5
0 3668.343 5 3.7 36.5
0 3668.431 11 3.7 36.5
0 3668.448 57 3.7 36.5
0 3668.558 9 3.7 36.5
0 3668.771 5 3.7 36.5
0 3668.776 233 3.7 36.5
0 3668.888 9 3.7 36.5
0 3669.093 5 4.4 36.5
0 3669.096 295 4.4 36.5
0 3669.2 10 4.4 36.5
0 3669.405 5 4.4 36.5
0 3669.409 327 4.4 36.5
0 3669.521 9 4.4 36.5
0 3669.62 10 4.4 36.5
0 3669.918 3 4.4 36.5
0 3669.922 235 4.4 36.5
0 3670.033 9 4.4 36.5
0 3670.133 10 4.4 36.5
0 3670.344 5 4.4 36.5
0 3670.347 260 4.4 36.5
0 3670.464 9 4.4 36.5
0 3670.548 12 4.4 36.5
0 3670.66 9 4.4 36.5
0 3670.762 10 4.4 36.5
0 3670.861 10 4.4 36.5
0 3670.966 10 4.4 36.5
0 3671.06 11 4.4 36.5
0 3671.15 11 4.4 36.5
0 3671.445 3 4.4 36.5
0 3671.448 294 4.4 36.5
0 3671.566 9 4.4 36.5
0 3671.654 11 4.4 36.5
0 3671.765 9 4.4 36.5
0 3671.86 10 4.4 36.5
0 3671.963 10 4.4 36.5
0 3672.069 10 4.4 36.5
0 3672.158 11 4.4 36.5
0 3672.266 9 4.4 36.5
0 3672.361 11 4.4 36.5
0 3672.561 5 4.4 36.5
0 3672.565 245 4.4 36.5
0 3672.676 9 4.4 36.5
0 3672.872 5 4.4 36.5
0 3672.875 321 4.4 36.5
0 3673.093 5 4.4 36.5
0 3673.185 11 4.4 36.5
0 3673.197 84 4.4 36.5
0 3673.414 5 4.4 36.5
0 3673.5 12 4.4 36.5
0 3673.523 43 4.4 36.5
0 3673.631 9 4.4 36.5
0 3673.84 5 4.4 36.5
0 3673.845 238 4.4 36.5
0 3673.955 9 4.4 36.5
0 3674.149 5 4.4 36.5
0 3674.152 297 4.4 36.5
0 3674.268 9 4.4 36.5
0 3674.467 5 4.4 36.5
0 3674.47 306 4.4 36.5
0 3674.581 9 4.4 36.5
0 3674.685 10 4.4 36.5
0 3674.96 4 4.4 36.5
0 3674.964 260 4.4 36.5
0 3675.078 9 4.4 36.5
0 3675.174 10 4.4 36.5
0 3675.379 5 4.4 36.5
0 3675.383 244 4.4 36.5
0 3675.498 9 4.4 36.5
0 3675.591 11 4.4 36.5
0 3675.693 10 4.4 36.5
0 3675.799 9 4.4 36.5
0 3675.897 10 4.4 36.5
0 3675.998 10 4.4 36.5
0 3676.091 11 4.4 36.5
0 3676.193 10 4.4 36.5
0 3676.487 3 4.4 36.5
0 3676.491 245 4.4 36.5
0 3676.601 9 4.4 36.5
0 3676.702 10 4.4 36.5
0 3676.807 9 4.4 36.5
0 3676.902 11 4.4 36.5
0 3677.006 10 4.4 36.5
0 3677.095 11 4.4 36.5
0 3677.206 9 4.4 36.5
0 3677.308 10 4.4 36.5
0 3677.402 11 4.4 36.5
0 3677.592 5 4.4 36.5
0 3677.596 273 4.4 36.5
0 3677.711 9 4.4 36.5
0 3677.906 5 4.4 36.5
0 3677.909 312 4.4 36.5
0 3678.118 5 4.4 36.5
0 3678.209 11 4.4 36.5
0 3678.222 80 4.4 36.5
0 3678.439 5 4.4 36.5
0 3678.526 11 4.4 36.5
0 3678.545 52 4.4 36.5
0 3678.653 9 4.4 36.5
0 3678.867 5 4.4 36.5
0 3678.871 216 4.4 36.5
0 3678.981 9 4.4 36.5
0 3679.18 5 3.9 36.5
0 3679.183 266 3.9 36.5
0 3679.296 9 3.9 36.5
0 3679.496 5 3.9 36.5
0 3679.499 327 3.9 36.5
0 3679.611 9 3.9 36.5
0 3679.712 10 3.9 36.5
0 3679.997 4 3.9 36.5
0 3680.001 229 3.9 36.5
0 3680.112 9 3.9 36.5
0 3680.212 10 3.9 36.5
0 3680.41 5 3.9 36.5
0 3680.414 233 3.9 36.5
0 3680.532 9 3.9 36.5
0 3680.625 11 3.9 36.5
0 3680.727 10 3.9 36.5
0 3680.828 10 3.9 36.5
0 3680.929 10 3.9 36.5
0 3681.032 10 3.9 36.5
0 3681.126 11 3.9 36.5
0 3681.228 10 3.9 36.5
0 3681.5 4 3.9 36.5
0 3681.505 201 3.9 36.5
0 3681.62 9 3.9 36.5
0 3681.715 11 3.9 36.5
0 3681.816 10 3.9 36.5
0 3681.915 10 3.9 36.5
0 3682.021 9 3.9 36.5
0 3682.122 10 3.9 36.5
0 3682.216 11 3.9 36.5
0 3682.318 10 3.9 36.5
0 3682.415 10 3.9 36.5
0 3682.62 5 3.9 36.5
0 3682.624 257 3.9 36.5
0 3682.724 10 3.9 36.5
0 3682.939 5 3.9 36.5
0 3682.942 322 3.9 36.5
0 3683.146 5 3.9 36.5
0 3683.239 11 3.9 36.5
0 3683.25 87 3.9 36.5
0 3683.464 5 3.9 36.5
0 3683.548 12 3.9 36.5
0 3683.571 45 3.9 36.5
0 3683.685 9 3.9 36.5
0 3683.894 5 3.9 36.5
0 3683.897 268 3.9 36.5
0 3684.008 9 3.9 36.5
0 3684.209 5 3.9 36.5
0 3684.212 290 3.9 36.5
0 3684.329 9 3.9 36.5
0 3684.531 5 3.9 36.5
0 3684.535 307 3.9 36.5
0 3684.646 9 3.9 36.5
0 3684.752 9 3.9 36.5
0 3685.04 3 3.9 36.5
0 3685.044 277 3.9 36.5
0 3685.154 9 3.9 36.5
0 3685.26 9 3.9 36.5
0 3685.458 5 3.9 36.5
0 3685.461 268 3.9 36.5
0 3685.576 9 3.9 36.5
0 3685.672 10 3.9 36.5
0 3685.778 9 3.9 36.5
0 3685.878 10 3.9 36.5
0 3685.975 10 3.9 36.5
0 3686.078 10 3.9 36.5
0 3686.173 10 3.9 36.5
0 3686.279 9 3.9 36.5
0 3686.568 3 3.9 36.5
0 3686.572 273 3.9 36.5
0 3686.686 9 3.9 36.5
0 3686.789 10 3.9 36.5
0 3686.879 11 3.9 36.5
0 3686.987 9 3.9 36.5
0 3687.085 10 3.9 36.5
0 3687.186 10 3.9 36.5
0 3687.289 10 3.9 36.5
0 3687.386 10 3.9 36.5
0 3687.487 10 3.9 36.5
0 3687.674 5 3.9 36.5
0 3687.677 309 3.9 36.5
0 3687.796 8 3.9 36.5
0 3687.987 5 3.9 36.5
0 3687.99 299 3.9 36.5
0 3688.176 5 3.9 36.5
0 3688.276 10 3.9 36.5
0 3688.295 53 3.9 36.5
0 3688.508 5 3.9 36.5
0 3688.597 11 3.9 36.5
0 3688.613 63 3.9 36.5
0 3688.723 9 3.9 36.5
0 3688.936 5 3.9 36.5
0 3688.94 256 3.9 36.5
0 3689.055 9 3.9 36.5
0 3689.252 5 3.7 36.5
0 3689.256 278 3.7 36.5
0 3689.375 8 3.7 36.5
0 3689.567 5 3.7 36.5
0 3689.57 302 3.7 36.5
0 3689.681 9 3.7 36.5
0 3689.783 10 3.7 36.5
0 3690.066 4 3.7 36.5
0 3690.071 192 3.7 36.5
0 3690.178 9 3.7 36.5
0 3690.279 10 3.7 36.5
0 3690.472 5 3.7 36.5
0 3690.477 198 3.7 36.5
0 3690.594 9 3.7 36.5
0 3690.687 11 3.7 36.5
0 3690.786 10 3.7 36.5
0 3690.888 10 3.7 36.5
0 3690.992 10 3.7 36.5
0 3691.094 10 3.7 36.5
0 3691.187 11 3.7 36.5
0 3691.287 10 3.7 36.5
0 3691.569 4 3.7 36.5
0 3691.573 203 3.7 36.5
0 3691.692 8 3.7 36.5
0 3691.783 11 3.7 36.5
0 3691.883 10 3.7 36.5
0 3691.986 10 3.7 36.5
0 3692.09 10 3.7 36.5
0 3692.192 10 3.7 36.5
0 3692.282 11 3.7 36.5
0 3692.384 10 3.7 36.5
0 3692.484 10 3.7 36.5
0 3692.679 5 3.7 36.5
0 3692.683 235 3.7 36.5
0 3692.799 9 3.7 36.5
0 3692.983 5 3.7 36.5
0 3692.986 315 3.7 36.5
0 3693.182 5 3.7 36.5
0 3693.189 135 3.7 36.5
0 3693.486 3 3.7 36.5
0 3693.489 303 3.7 36.5
0 3693.679 5 3.7 36.5
0 3693.692 75 3.7 36.5
0 3693.8 9 3.7 36.5
0 3693.998 5 3.7 36.5
0 3694.003 217 3.7 36.5
0 3694.105 10 3.7 36.5
0 3694.306 5 3.7 36.5
0 3694.309 318 3.7 36.5
0 3694.42 9 3.7 36.5
0 3694.625 5 3.7 36.5
0 3694.629 284 3.7 36.5
0 3694.743 9 3.7 36.5
0 3694.849 9 3.7 36.5
0 3695.132 4 3.7 36.5
0 3695.137 221 3.7 36.5
0 3695.247 9 3.7 36.5
0 3695.354 9 3.7 36.5
0 3695.547 5 3.7 36.5
0 3695.551 285 3.7 36.5
0 3695.667 9 3.7 36.5
0 3695.764 10 3.7 36.5
0 3695.87 9 3.7 36.5
0 3695.962 11 3.7 36.5
0 3696.062 10 3.7 36.5
0 3696.168 9 3.7 36.5
0 3696.264 10 3.7 36.5
0 3696.371 9 3.7 36.5
0 3696.659 3 3.7 36.5
0 3696.664 201 3.7 36.5
0 3696.776 9 3.7 36.5
0 3696.881 9 3.7 36.5
0 3696.973 11 3.7 36.5
0 3697.074 10 3.7 36.5
0 3697.177 10 3.7 36.5
0 3697.277 10 3.7 36.5
0 3697.382 10 3.7 36.5
0 3697.474 11 3.7 36.5
0 3697.564 11 3.7 36.5
0 3697.776 5 3.7 36.5
0 3697.779 289 3.7 36.5
0 3698.003 4 3.7 36.5
0 3698.006 296 3.7 36.5
0 3698.197 5 3.7 36.5
0 3698.207 103 3.7 36.5
0 3698.501 3 3.7 36.5
0 3698.507 192 3.7 36.5
0 3698.713 5 3.7 36.5
0 3698.716 279 3.7 36.5
0 3698.829 9 3.7 36.5
0 3699.033 5 3.7 36.5
0 3699.039 161 3.7 36.5
0 3699.147 9 3.7 36.5
0 3699.328 6 3.7 36.5
0 3699.337 112 3.7 36.5
0 3699.449 9 3.7 36.5
0 3699.659 5 3.7 36.5
0 3699.663 298 3.7 36.5
0 3699.775 9 3.7 36.5
0 3699.876 10 3.7 36.5
0 3700.16 4 3.7 36.5
0 3700.165 183 3.7 36.5
0 3700.272 9 3.7 36.5
0 3700.378 9 3.7 36.5
0 3700.584 5 3.7 36.5
0 3700.588 271 3.7 36.5
0 3700.708 8 3.7 36.5
0 3700.797 11 3.7 36.5
0 3700.898 10 3.7 36.5
0 3700.998 10 3.7 36.5
0 3701.094 10 3.7 36.5
0 3701.21 9 3.7 36.5
0 3701.299 11 3.7 36.5
0 3701.402 10 3.7 36.5
0 3701.691 3 3.7 36.5
0 3701.696 233 3.7 36.5
0 3701.814 8 3.7 36.5
0 3701.909 11 3.7 36.5
0 3702.007 10 3.7 36.5
0 3702.099 11 3.7 36.5
0 3702.207 9 3.7 36.5
0 3702.312 10 3.7 36.5
0 3702.412 10 3.7 36.5
0 3702.508 10 3.7 36.5
0 3702.599 11 3.7 36.5
0 3702.813 5 3.7 36.5
0 3702.816 323 3.7 36.5
0 3703.023 5 3.7 36.5
0 3703.027 296 3.7 36.5
0 3703.244 5 3.7 36.5
0 3703.248 282 3.7 36.5
0 3703.54 3 3.7 36.5
0 3703.544 235 3.7 36.5
0 3703.755 5 3.7 36.5
0 3703.759 299 3.7 36.5
0 3703.873 9 3.7 36.5
0 3704.076 5 3.7 36.5
0 3704.083 162 3.7 36.5
0 3704.19 9 3.7 36.5
0 3704.386 5 3.7 36.5
0 3704.389 321 3.7 36.5
0 3704.501 9 3.7 36.5
0 3704.688 5 3.7 36.5
0 3704.691 330 3.7 36.5
0 3704.802 9 3.7 36.5
0 3704.907 10 3.7 36.5
0 3705.193 3 3.7 36.5
0 3705.199 177 3.7 36.5
0 3705.307 9 3.7 36.5
0 3705.443 7 3.7 36.5
0 3705.538 11 3.7 36.5
0 3705.611 14 3.7 36.5
0 3705.745 7 3.7 36.5
0 3705.839 11 3.7 36.5
0 3705.932 11 3.7 36.5
0 3706.04 9 3.7 36.5
0 3706.116 13 3.7 36.5
0 3706.248 8 3.7 36.5
0 3706.325 13 3.7 36.5
0 3706.43 10 3.7 36.5
0 3706.715 4 3.7 36.5
0 3706.73 66 3.7 36.5
0 3706.85 8 3.7 36.5
0 3706.962 9 3.7 36.5
0 3707.061 10 3.7 36.5
0 3707.157 10 3.7 36.5
0 3707.264 9 3.7 36.5
0 3707.355 11 3.7 36.5
0 3707.456 10 3.7 36.5
0 3707.56 10 3.7 36.5
0 3707.66 10 3.7 36.5
0 3707.841 6 3.7 36.5
0 3707.855 72 3.7 36.5
0 3708.066 5 3.7 36.5
0 3708.079 73 3.7 36.5
0 3708.296 5 3.7 36.5
0 3708.309 72 3.7 36.5
0 3708.599 3 3.7 36.5
0 3708.613 69 3.7 36.5
0 3708.827 5 3.7 36.5
0 3708.841 73 3.7 36.5
0 3709.07 4 3.7 36.5
0 3709.084 73 3.7 36.5
0 3709.217 8 3.7 36.5
0 3709.314 10 3.7 36.5
0 3709.49 6 3.9 36.5
0 3709.508 56 3.9 36.5
0 3709.706 5 3.9 36.5
0 3709.721 67 3.9 36.5
0 3709.84 8 3.9 36.5
0 3709.942 10 3.9 36.5
0 3710.223 4 3.9 36.5
0 3710.239 63 3.9 36.5
0 3710.356 9 3.9 36.5
0 3710.457 10 3.9 36.5
0 3710.556 10 3.9 36.5
0 3710.658 10 3.9 36.5
0 3710.764 9 3.9 36.5
0 3710.851 11 3.9 36.5
0 3710.964 9 3.9 36.5
0 3711.059 11 3.9 36.5
0 3711.165 9 3.9 36.5
0 3711.268 10 3.9 36.5
0 3711.36 11 3.9 36.5
0 3711.457 10 3.9 36.5
0 3711.731 4 3.9 36.5
0 3711.746 65 3.9 36.5
0 3711.866 8 3.9 36.5
0 3711.975 9 3.9 36.5
0 3712.075 10 3.9 36.5
0 3712.166 11 3.9 36.5
0 3712.267 10 3.9 36.5
0 3712.369 10 3.9 36.5
0 3712.55 6 3.9 36.5
0 3712.554 290 3.9 36.5
0 3712.664 9 3.9 36.5
0 3712.867 5 3.9 36.5
0 3712.871 246 3.9 36.5
0 3713.087 5 3.9 36.5
0 3713.09 324 3.9 36.5
0 3713.196 9 3.9 36.5
0 3713.411 5 3.9 36.5
0 3713.502 11 3.9 36.5
0 3713.612 9 3.9 36.5
0 3713.615 317 3.9 36.5
0 3713.826 5 3.9 36.5
0 3713.829 331 3.9 36.5
0 3713.944 9 3.9 36.5
0 3714.15 5 3.9 36.5
0 3714.154 290 3.9 36.5
0 3714.254 10 3.9 36.5
0 3714.364 9 3.9 36.5
0 3714.576 5 3.9 36.5
0 3714.58 270 3.9 36.5
0 3714.795 5 3.9 36.5
0 3714.799 302 3.9 36.5
0 3714.91 9 3.9 36.5
0 3715.011 10 3.9 36.5
0 3715.278 4 3.9 36.5
0 3715.282 299 3.9 36.5
0 3715.393 9 3.9 36.5
0 3715.491 10 3.9 36.5
0 3715.59 10 3.9 36.5
0 3715.704 9 3.9 36.5
0 3715.796 11 3.9 36.5
0 3715.893 10 3.9 36.5
0 3715.993 10 3.9 36.5
0 3716.095 10 3.9 36.5
0 3716.205 9 3.9 36.5
0 3716.297 11 3.9 36.5
0 3716.388 11 3.9 36.5
0 3716.496 9 3.9 36.5
0 3716.769 4 3.9 36.5
0 3716.775 148 3.9 36.5
0 3716.878 10 3.9 36.5
0 3716.983 10 3.9 36.5
0 3717.083 10 3.9 36.5
0 3717.185 10 3.9 36.5
0 3717.294 9 3.9 36.5
0 3717.386 11 3.9 36.5
0 3717.597 5 3.9 36.5
0 3717.601 296 3.9 36.5
0 3717.713 9 3.9 36.5
0 3717.917 5 3.9 36.5
0 3717.92 335 3.9 36.5
0 3718.135 5 3.9 36.5
0 3718.138 324 3.9 36.5
0 3718.251 9 3.9 36.5
0 3718.458 5 3.9 36.5
0 3718.631 6 3.9 36.5
0 3718.634 270 3.9 36.5
0 3718.837 5 3.9 36.5
0 3718.84 287 3.9 36.5
0 3718.953 9 3.9 36.5
0 3719.154 5 3.9 36.5
0 3719.159 199 3.9 36.5
0 3719.258 10 3.9 36.5
0 3719.359 10 3.9 36.5
0 3719.564 5 4.0 36.5
0 3719.567 313 4.0 36.5
0 3719.684 9 4.0 36.5
0 3719.879 5 4.0 36.5
0 3719.882 294 4.0 36.5
0 3719.995 9 4.0 36.5
0 3720.085 11 4.0 36.5
0 3720.385 3 4.0 36.5
0 3720.388 268 4.0 36.5
0 3720.501 9 4.0 36.5
0 3720.603 10 4.0 36.5
0 3720.702 10 4.0 36.5
0 3720.8 10 4.0 36.5
0 3720.906 9 4.0 36.5
0 3721.0 11 4.0 36.5
0 3721.104 10 4.0 36.5
0 3721.202 10 4.0 36.5
0 3721.3 10 4.0 36.5
0 3721.404 10 4.0 36.5
0 3721.505 10 4.0 36.5
0 3721.777 4 4.0 36.5
0 3721.781 222 4.0 36.5
0 3721.886 10 4.0 36.5
0 3721.996 9 4.0 36.5
0 3722.091 11 4.0 36.5
0 3722.197 9 4.0 36.5
0 3722.294 10 4.0 36.5
0 3722.387 11 4.0 36.5
0 3722.603 5 4.0 36.5
0 3722.607 249 4.0 36.5
0 3722.714 9 4.0 36.5
0 3722.912 5 4.0 36.5
0 3722.915 323 4.0 36.5
0 3723.028 9 4.0 36.5
0 3723.217 5 4.0 36.5
0 3723.221 224 4.0 36.5
0 3723.331 9 4.0 36.5
0 3723.536 5 4.0 36.5
0 3723.709 6 4.0 36.5
0 3723.713 246 4.0 36.5
0 3723.923 5 4.0 36.5
0 3723.926 273 4.0 36.5
0 3724.039 9 4.0 36.5
0 3724.231 5 4.0 36.5
0 3724.235 236 4.0 36.5
0 3724.348 9 4.0 36.5
0 3724.453 10 4.0 36.5
0 3724.645 5 4.0 36.5
0 3724.649 289 4.0 36.5
0 3724.757 9 4.0 36.5
0 3724.966 5 4.0 36.5
0 3724.969 306 4.0 36.5
0 3725.08 9 4.0 36.5
0 3725.183 10 4.0 36.5
0 3725.48 3 4.0 36.5
0 3725.486 188 4.0 36.5
0 3725.593 9 4.0 36.5
0 3725.698 10 4.0 36.5
0 3725.797 10 4.0 36.5
0 3725.894 10 4.0 36.5
0 3726.006 9 4.0 36.5
0 3726.09 12 4.0 36.5
0 3726.198 9 4.0 36.5
0 3726.298 10 4.0 36.5
0 3726.396 10 4.0 36.5
0 3726.496 10 4.0 36.5
0 3726.603 9 4.0 36.5
0 3726.885 4 4.0 36.5
0 3726.889 259 4.0 36.5
0 3727.001 9 4.0 36.5
0 3727.107 10 4.0 36.5
0 3727.2 11 4.0 36.5
0 3727.299 10 4.0 36.5
0 3727.402 10 4.0 36.5
0 3727.609 5 4.0 36.5
0 3727.615 190 4.0 36.5
0 3727.725 9 4.0 36.5
0 3727.928 5 4.0 36.5
0 3727.933 237 4.0 36.5
0 3728.045 9 4.0 36.5
0 3728.25 5 4.0 36.5
0 3728.253 281 4.0 36.5
0 3728.364 9 4.0 36.5
0 3728.553 5 4.0 36.5
0 3728.726 6 4.0 36.5
0 3728.73 286 4.0 36.5
0 3728.934 5 4.0 36.5
0 3728.937 309 4.0 36.5
0 3729.051 9 4.0 36.5
0 3729.258 5 4.0 36.5
0 3729.261 262 4.0 36.5
0 3729.373 9 4.0 36.5
0 3729.476 10 4.0 36.5
0 3729.677 5 3.7 36.5
0 3729.68 327 3.7 36.5
0 3729.793 9 3.7 36.5
0 3729.987 5 3.7 36.5
0 3729.99 294 3.7 36.5
0 3730.1 9 3.7 36.5
0 3730.206 9 3.7 36.5
0 3730.48 4 3.7 36.5
0 3730.484 259 3.7 36.5
0 3730.593 9 3.7 36.5
0 3730.696 10 3.7 36.5
0 3730.799 10 3.7 36.5
0 3730.896 10 3.7 36.5
0 3730.995 10 3.7 36.5
0 3731.102 9 3.7 36.5
0 3731.197 11 3.7 36.5
0 3731.3 10 3.7 36.5
0 3731.397 10 3.7 36.5
0 3731.497 10 3.7 36.5
0 3731.595 10 3.7 36.5
0 3731.801 5 3.7 36.5
0 3731.891 11 3.7 36.5
0 3731.907 65 3.7 36.5
0 3732.017 9 3.7 36.5
0 3732.115 10 3.7 36.5
0 3732.219 10 3.7 36.5
0 3732.326 9 3.7 36.5
0 3732.418 11 3.7 36.5
0 3732.626 5 3.7 36.5
0 3732.63 271 3.7 36.5
0 3732.745 9 3.7 36.5
0 3732.941 5 3.7 36.5
0 3732.944 319 3.7 36.5
0 3733.058 9 3.7 36.5
0 3733.256 5 3.7 36.5
0 3733.26 279 3.7 36.5
0 3733.37 9 3.7 36.5
0 3733.578 5 3.7 36.5
0 3733.75 6 3.7 36.5
0 3733.753 322 3.7 36.5
0 3733.977 4 3.7 36.5
0 3733.981 231 3.7 36.5
0 3734.093 9 3.7 36.5
0 3734.292 5 3.7 36.5
0 3734.296 302 3.7 36.5
0 3734.407 9 3.7 36.5
0 3734.519 9 3.7 36.5
0 3734.69 6 3.7 36.5
0 3734.696 162 3.7 36.5
0 3734.807 9 3.7 36.5
0 3735.01 5 3.7 36.5
0 3735.015 233 3.7 36.5
0 3735.116 10 3.7 36.5
0 3735.224 9 3.7 36.5
0 3735.515 3 3.7 36.5
0 3735.522 155 3.7 36.5
0 3735.625 10 3.7 36.5
0 3735.729 10 3.7 36.5
0 3735.83 10 3.7 36.5
0 3735.929 10 3.7 36.5
0 3736.042 9 3.7 36.5
0 3736.132 11 3.7 36.5
0 3736.23 10 3.7 36.5
0 3736.33 10 3.7 36.5
0 3736.43 10 3.7 36.5
0 3736.543 9 3.7 36.5
0 3736.634 11 3.7 36.5
0 3736.914 4 3.7 36.5
0 3736.917 302 3.7 36.5
0 3737.024 9 3.7 36.5
0 3737.14 9 3.7 36.5
0 3737.227 11 3.7 36.5
0 3737.329 10 3.7 36.5
0 3737.426 10 3.7 36.5
0 3737.615 5 3.7 36.5
0 3737.619 299 3.7 36.5
0 3737.739 8 3.7 36.5
0 3737.829 11 3.7 36.5
0 3738.027 5 3.7 36.5
0 3738.031 311 3.7 36.5
0 3738.14 9 3.7 36.5
0 3738.352 5 3.7 36.5
0 3738.355 301 3.7 36.5
0 3738.464 9 3.7 36.5
0 3738.672 5 3.7 36.5
0 3738.843 6 3.7 36.5
0 3738.847 204 3.7 36.5
0 3739.069 5 3.7 36.5
0 3739.072 318 3.7 36.5
0 3739.182 9 3.7 36.5
0 3739.358 6 3.7 36.5
0 3739.374 63 3.7 36.5
0 3739.483 9 3.7 36.5
0 3739.592 9 3.7 36.5
0 3739.782 5 3.6 36.5
0 3739.785 332 3.6 36.5
0 3739.903 9 3.6 36.5
0 3740.101 5 3.6 36.5
0 3740.104 311 3.6 36.5
0 3740.215 9 3.6 36.5
0 3740.317 10 3.6 36.5
0 3740.613 3 3.6 36.5
0 3740.628 67 3.6 36.5
0 3740.753 8 3.6 36.5
0 3740.855 10 3.6 36.5
0 3740.958 10 3.6 36.5
0 3741.051 11 3.6 36.5
0 3741.16 9 3.6 36.5
0 3741.255 11 3.6 36.5
0 3741.354 10 3.6 36.5
0 3741.459 10 3.6 36.5
0 3741.554 10 3.6 36.5
0 3741.649 11 3.6 36.5
0 3741.94 3 3.6 36.5
0 3741.953 75 3.6 36.5
0 3742.084 8 3.6 36.5
0 3742.173 11 3.6 36.5
0 3742.28 9 3.6 36.5
0 3742.383 10 3.6 36.5
0 3742.484 10 3.6 36.5
0 3742.675 5 3.6 36.5
0 3742.688 77 3.6 36.5
0 3742.818 8 3.6 36.5
0 3742.916 10 3.6 36.5
0 3743.016 10 3.6 36.5
0 3743.116 10 3.6 36.5
0 3743.213 10 3.6 36.5
0 3743.412 5 3.6 36.5
0 3743.426 71 3.6 36.5
0 3743.543 9 3.6 36.5
0 3743.735 5 3.6 36.5
0 3743.913 6 3.6 36.5
0 3743.928 70 3.6 36.5
0 3744.153 4 3.6 36.5
0 3744.167 69 3.6 36.5
0 3744.379 5 3.6 36.5
0 3744.392 75 3.6 36.5
0 3744.523 8 3.6 36.5
0 3744.605 12 3.6 36.5
0 3744.813 5 3.6 36.5
0 3744.825 80 3.6 36.5
0 3744.953 8 3.6 36.5
0 3745.126 6 3.6 36.5
0 3745.14 71 3.6 36.5
0 3745.264 8 3.6 36.5
0 3745.368 10 3.6 36.5
0 3745.657 3 3.6 36.5
0 3745.672 66 3.6 36.5
0 3745.799 8 3.6 36.5
0 3745.901 10 3.6 36.5
0 3745.997 10 3.6 36.5
0 3746.098 10 3.6 36.5
0 3746.193 11 3.6 36.5
0 3746.298 9 3.6 36.5
0 3746.402 10 3.6 36.5
0 3746.498 10 3.6 36.5
0 3746.597 10 3.6 36.5
0 3746.702 10 3.6 36.5
0 3746.979 4 3.6 36.5
0 3746.993 70 3.6 36.5
0 3747.117 8 3.6 36.5
0 3747.223 9 3.6 36.5
0 3747.32 10 3.6 36.5
0 3747.419 10 3.6 36.5
0 3747.525 9 3.6 36.5
0 3747.708 5 3.6 36.5
0 3747.723 64 3.6 36.5
0 3747.849 8 3.6 36.5
0 3747.947 10 3.6 36.5
0 3748.055 9 3.6 36.5
0 3748.135 12 3.6 36.5
0 3748.254 8 3.6 36.5
0 3748.449 5 3.6 36.5
0 3748.462 75 3.6 36.5
0 3748.591 8 3.6 36.5
0 3748.785 5 3.6 36.5
0 3748.966 6 3.6 36.5
0 3748.979 77 3.6 36.5
0 3749.199 5 3.6 36.5
0 3749.212 78 3.6 36.5
0 3749.41 5 3.6 36.5
0 3749.424 76 3.6 36.5
0 3749.549 8 3.6 36.5
0 3749.63 12 3.6 36.5
0 3749.855 4 4.6 36.5
0 3749.868 76 4.6 36.5
0 3749.998 8 4.6 36.5
0 3750.185 5 4.6 36.5
0 3750.2 65 4.6 36.5
0 3750.321 8 4.6 36.5
0 3750.424 10 4.6 36.5
0 3750.701 4 4.6 36.5
0 3750.717 65 4.6 36.5
0 3750.836 8 4.6 36.5
0 3751.019 5 4.6 36.5
0 3751.022 286 4.6 36.5
0 3751.132 9 4.6 36.5
0 3751.241 9 4.6 36.5
0 3751.334 11 4.6 36.5
0 3751.435 10 4.6 36.5
0 3751.539 10 4.6 36.5
0 3751.624 12 4.6 36.5
0 3751.742 8 4.6 36.5
0 3752.027 4 4.6 36.5
0 3752.032 211 4.6 36.5
0 3752.142 9 4.6 36.5
0 3752.251 9 4.6 36.5
0 3752.337 12 4.6 36.5
0 3752.441 10 4.6 36.5
0 3752.538 10 4.6 36.5
0 3752.746 5 4.6 36.5
0 3752.751 182 4.6 36.5
0 3752.861 9 4.6 36.5
0 3752.96 10 4.6 36.5
0 3753.065 10 4.6 36.5
0 3753.16 11 4.6 36.5
0 3753.272 9 4.6 36.5
0 3753.459 5 4.6 36.5
0 3753.463 313 4.6 36.5
0 3753.579 9 4.6 36.5
0 3753.674 11 4.6 36.5
0 3753.882 5 4.6 36.5
0 3754.055 6 4.6 36.5
0 3754.059 310 4.6 36.5
0 3754.276 5 4.6 36.5
0 3754.281 192 4.6 36.5
0 3754.49 5 4.6 36.5
0 3754.493 304 4.6 36.5
0 3754.603 9 4.6 36.5
0 3754.705 10 4.6 36.5
0 3754.911 5 4.6 36.5
0 3754.914 272 4.6 36.5
0 3755.02 9 4.6 36.5
0 3755.204 5 4.6 36.5
0 3755.215 93 4.6 36.5
0 3755.316 10 4.6 36.5
0 3755.436 8 4.6 36.5
0 3755.618 5 4.6 36.5
0 3755.709 11 4.6 36.5
0 3755.724 65 4.6 36.5
0 3755.824 10 4.6 36.5
0 3756.03 5 4.6 36.5
0 3756.033 315 4.6 36.5
0 3756.145 9 4.6 36.5
0 3756.246 10 4.6 36.5
0 3756.345 10 4.6 36.5
0 3756.445 10 4.6 36.5
0 3756.556 9 4.6 36.5
0 3756.645 11 4.6 36.5
0 3756.747 10 4.6 36.5
0 3757.058 3 4.6 36.5
0 3757.073 64 4.6 36.5
0 3757.179 9 4.6 36.5
0 3757.293 9 4.6 36.5
0 3757.402 9 4.6 36.5
0 3757.498 10 4.6 36.5
0 3757.605 9 4.6 36.5
0 3757.801 5 4.6 36.5
0 3757.815 72 4.6 36.5
0 3757.947 8 4.6 36.5
0 3758.044 10 4.6 36.5
0 3758.137 11 4.6 36.5
0 3758.244 9 4.6 36.5
0 3758.344 10 4.6 36.5
0 3758.541 5 4.6 36.5
0 3758.554 77 4.6 36.5
0 3758.687 8 4.6 36.5
0 3758.781 11 4.6 36.5
0 3758.974 5 4.6 36.5
0 3759.174 5 4.6 36.5
0 3759.191 61 4.6 36.5
0 3759.306 9 4.6 36.5
0 3759.514 5 4.6 36.5
0 3759.527 75 4.6 36.5
0 3759.638 9 4.6 36.5
0 3759.762 8 4.6 36.5
0 3759.938 6 4.0 36.5
0 3759.951 74 4.0 36.5
0 3760.083 8 4.0 36.5
0 3760.265 5 4.0 36.5
0 3760.279 74 4.0 36.5
0 3760.409 8 4.0 36.5
0 3760.509 10 4.0 36.5
0 3760.78 4 4.0 36.5
0 3760.873 11 4.0 36.5
0 3760.884 85 4.0 36.5
0 3761.102 5 4.0 36.5
0 3761.105 325 4.0 36.5
0 3761.217 9 4.0 36.5
0 3761.322 10 4.0 36.5
0 3761.424 10 4.0 36.5
0 3761.519 11 4.0 36.5
0 3761.616 10 4.0 36.5
0 3761.717 10 4.0 36.5
0 3761.824 9 4.0 36.5
0 3762.101 4 4.0 36.5
0 3762.105 254 4.0 36.5
0 3762.217 9 4.0 36.5
0 3762.315 10 4.0 36.5
0 3762.425 9 4.0 36.5
0 3762.516 11 4.0 36.5
0 3762.617 10 4.0 36.5
0 3762.821 5 4.0 36.5
0 3762.824 315 4.0 36.5
0 3762.944 8 4.0 36.5
0 3763.035 11 4.0 36.5
0 3763.137 10 4.0 36.5
0 3763.237 10 4.0 36.5
0 3763.335 10 4.0 36.5
0 3763.446 9 4.0 36.5
0 3763.638 5 4.0 36.5
0 3763.642 257 4.0 36.5
0 3763.754 9 4.0 36.5
0 3763.852 10 4.0 36.5
0 3764.058 5 4.0 36.5
0 3764.237 6 4.0 36.5
0 3764.241 249 4.0 36.5
0 3764.352 9 4.0 36.5
0 3764.56 5 4.0 36.5
0 3764.566 175 4.0 36.5
0 3764.675 9 4.0 36.5
0 3764.78 9 4.0 36.5
0 3764.973 5 4.0 36.5
0 3764.976 325 4.0 36.5
0 3765.097 8 4.0 36.5
0 3765.278 5 4.0 36.5
0 3765.282 253 4.0 36.5
0 3765.394 9 4.0 36.5
0 3765.493 10 4.0 36.5
0 3765.601 9 4.0 36.5
0 3765.87 4 4.0 36.5
0 3765.956 12 4.0 36.5
0 3765.977 48 4.0 36.5
0 3766.192 5 4.0 36.5
0 3766.196 290 4.0 36.5
0 3766.303 9 4.0 36.5
0 3766.409 9 4.0 36.5
0 3766.509 10 4.0 36.5
0 3766.607 10 4.0 36.5
0 3766.716 9 4.0 36.5
0 3766.81 11 4.0 36.5
0 3766.91 10 4.0 36.5
0 3767.2 3 4.0 36.5
0 3767.204 232 4.0 36.5
0 3767.323 8 4.0 36.5
0 3767.417 11 4.0 36.5
0 3767.515 10 4.0 36.5
0 3767.616 10 4.0 36.5
0 3767.824 5 4.0 36.5
0 3767.828 228 4.0 36.5
0 3767.94 9 4.0 36.5
0 3768.039 10 4.0 36.5
0 3768.137 10 4.0 36.5
0 3768.243 9 4.0 36.5
0 3768.348 10 4.0 36.5
0 3768.44 11 4.0 36.5
0 3768.631 5 4.0 36.5
0 3768.634 297 4.0 36.5
0 3768.75 9 4.0 36.5
0 3768.854 10 4.0 36.5
0 3768.949 11 4.0 36.5
0 3769.138 5 4.0 36.5
0 3769.313 6 4.0 36.5
0 3769.317 246 4.0 36.5
0 3769.433 9 4.0 36.5
0 3769.64 5 4.0 36.5
0 3769.645 242 4.0 36.5
0 3769.745 10 4.0 36.5
0 3769.859 9 4.0 36.5
0 3770.058 5 4.0 36.5
0 3770.061 273 4.0 36.5
0 3770.172 9 4.0 36.5
0 3770.375 5 4.0 36.5
0 3770.378 268 4.0 36.5
0 3770.484 9 4.0 36.5
0 3770.599 9 4.0 36.5
0 3770.691 11 4.0 36.5
0 3770.97 4 4.0 36.5
0 3771.057 11 4.0 36.5
0 3771.076 52 4.0 36.5
0 3771.29 5 4.0 36.5
0 3771.293 326 4.0 36.5
0 3771.404 9 4.0 36.5
0 3771.506 10 4.0 36.5
0 3771.607 10 4.0 36.5
0 3771.707 10 4.0 36.5
0 3771.813 9 4.0 36.5
0 3771.905 11 4.0 36.5
0 3772.008 10 4.0 36.5
0 3772.288 4 4.0 36.5
0 3772.292 254 4.0 36.5
0 3772.41 8 4.0 36.5
0 3772.503 11 4.0 36.5
0 3772.604 10 4.0 36.5
0 3772.703 10 4.0 36.5
0 3772.911 5 4.0 36.5
0 3772.916 201 4.0 36.5
0 3773.025 9 4.0 36.5
0 3773.121 10 4.0 36.5
0 3773.227 9 4.0 36.5
0 3773.328 10 4.0 36.5
0 3773.427 10 4.0 36.5
0 3773.526 10 4.0 36.5
0 3773.705 6 4.0 36.5
0 3773.715 95 4.0 36.5
0 3773.83 9 4.0 36.5
0 3773.916 12 4.0 36.5
0 3774.036 8 4.0 36.5
0 3774.203 6 4.0 36.5
0 3774.4 5 4.0 36.5
0 3774.405 223 4.0 36.5
0 3774.514 9 4.0 36.5
0 3774.707 5 4.0 36.5
0 3774.71 279 4.0 36.5
0 3774.822 9 4.0 36.5
0 3774.926 10 4.0 36.5
0 3775.124 5 4.0 36.5
0 3775.127 302 4.0 36.5
0 3775.239 9 4.0 36.5
0 3775.432 5 4.0 36.5
0 3775.436 276 4.0 36.5
0 3775.546 9 4.0 36.5
0 3775.655 9 4.0 36.5
0 3775.748 11 4.0 36.5
0 3776.049 3 4.0 36.5
0 3776.14 11 4.0 36.5
0 3776.155 68 4.0 36.5
0 3776.356 5 4.0 36.5
0 3776.36 321 4.0 36.5
0 3776.47 9 4.0 36.5
0 3776.573 10 4.0 36.5
0 3776.679 10 4.0 36.5
0 3776.761 12 4.0 36.5
0 3776.87 9 4.0 36.5
0 3776.972 10 4.0 36.5
0 3777.074 10 4.0 36.5
0 3777.367 3 4.0 36.5
0 3777.371 234 4.0 36.5
0 3777.481 9 4.0 36.5
0 3777.584 10 4.0 36.5
0 3777.687 10 4.0 36.5
0 3777.78 11 4.0 36.5
0 3777.993 5 4.0 36.5
0 3777.996 300 4.0 36.5
0 3778.109 9 4.0 36.5
0 3778.203 11 4.0 36.5
0 3778.307 10 4.0 36.5
0 3778.41 10 4.0 36.5
0 3778.513 10 4.0 36.5
0 3778.611 10 4.0 36.5
0 3778.792 6 4.0 36.5
0 3778.797 229 4.0 36.5
0 3778.912 9 4.0 36.5
0 3779.007 10 4.0 36.5
0 3779.117 9 4.0 36.5
0 3779.314 5 4.0 36.5
0 3779.498 5 4.0 36.5
0 3779.511 78 4.0 36.5
0 3779.724 5 4.0 36.5
0 3779.737 73 4.0 36.5
0 3779.871 7 4.0 36.5
0 3779.952 12 4.0 36.5
0 3780.136 5 3.6 36.5
0 3780.149 76 3.6 36.5
0 3780.272 8 3.6 36.5
0 3780.465 5 3.6 36.5
0 3780.478 75 3.6 36.5
0 3780.611 8 3.6 36.5
0 3780.707 10 3.6 36.5
0 3780.799 11 3.6 36.5
0 3780.991 5 3.6 36.5
0 3781.005 72 3.6 36.5
0 3781.213 5 3.6 36.5
0 3781.227 69 3.6 36.5
0 3781.437 5 3.6 36.5
0 3781.449 81 3.6 36.5
0 3781.583 7 3.6 36.5
0 3781.679 10 3.6 36.5
0 3781.778 10 3.6 36.5
0 3781.876 10 3.6 36.5
0 3781.984 9 3.6 36.5
0 3782.086 10 3.6 36.5
0 3782.174 11 3.6 36.5
0 3782.448 4 3.6 36.5
0 3782.462 70 3.6 36.5
0 3782.594 8 3.6 36.5
0 3782.692 10 3.6 36.5
0 3782.791 10 3.6 36.5
0 3782.896 9 3.6 36.5
0 3783.071 6 3.6 36.5
0 3783.084 73 3.6 36.5
0 3783.213 8 3.6 36.5
0 3783.317 10 3.6 36.5
0 3783.411 11 3.6 36.5
0 3783.507 11 3.6 36.5
0 3783.606 10 3.6 36.5
0 3783.704 10 3.6 36.5
0 3783.892 5 3.6 36.5
0 3783.905 78 3.6 36.5
0 3784.042 7 3.6 36.5
0 3784.13 11 3.6 36.5
0 3784.313 5 3.6 36.5
0 3784.326 76 3.6 36.5
0 3784.618 3 3.6 36.5
0 3784.717 10 3.6 36.5
0 3784.732 65 3.6 36.5
0 3784.846 9 3.6 36.5
0 3784.962 9 3.6 36.5
0 3785.063 10 3.6 36.5
0 3785.232 6 3.6 36.5
0 3785.245 75 3.6 36.5
0 3785.366 8 3.6 36.5
0 3785.565 5 3.6 36.5
0 3785.58 69 3.6 36.5
0 3785.701 8 3.6 36.5
0 3785.819 8 3.6 36.5
0 3785.993 6 3.6 36.5
0 3786.006 80 3.6 36.5
0 3786.22 5 3.6 36.5
0 3786.233 75 3.6 36.5
0 3786.436 5 3.6 36.5
0 3786.448 79 3.6 36.5
0 3786.577 8 3.6 36.5
0 3786.674 10 3.6 36.5
0 3786.767 11 3.6 36.5
0 3786.88 9 3.6 36.5
0 3786.989 9 3.6 36.5
0 3787.079 11 3.6 36.5
0 3787.179 10 3.6 36.5
0 3787.281 10 3.6 36.5
0 3787.526 4 3.6 36.5
0 3787.543 60 3.6 36.5
0 3787.645 10 3.6 36.5
0 3787.76 9 3.6 36.5
0 3787.861 10 3.6 36.5
0 3787.959 10 3.6 36.5
0 3788.174 5 3.6 36.5
0 3788.188 74 3.6 36.5
0 3788.308 8 3.6 36.5
0 3788.408 10 3.6 36.5
0 3788.508 10 3.6 36.5
0 3788.614 9 3.6 36.5
0 3788.71 10 3.6 36.5
0 3788.905 5 3.6 36.5
0 3788.919 73 3.6 36.5
0 3789.039 8 3.6 36.5
0 3789.139 10 3.6 36.5
0 3789.326 5 3.6 36.5
0 3789.341 70 3.6 36.5
0 3789.726 3 3.6 36.5
0 3789.744 56 3.6 36.5
0 3789.86 9 3.6 36.5
0 3789.958 10 3.6 36.5
0 3790.06 10 3.6 36.5
0 3790.246 5 4.4 36.5
0 3790.26 71 4.4 36.5
0 3790.391 8 4.4 36.5
0 3790.562 6 4.4 36.5
0 3790.574 79 4.4 36.5
0 3790.704 8 4.4 36.5
0 3790.893 5 4.4 36.5
0 3790.979 12 4.4 36.5
0 3790.998 51 4.4 36.5
0 3791.202 5 4.4 36.5
0 3791.205 315 4.4 36.5
0 3791.327 8 4.4 36.5
0 3791.513 5 4.4 36.5
0 3791.516 307 4.4 36.5
0 3791.626 9 4.4 36.5
0 3791.727 10 4.4 36.5
0 3791.841 9 4.4 36.5
0 3791.927 12 4.4 36.5
0 3792.032 10 4.4 36.5
0 3792.126 11 4.4 36.5
0 3792.228 10 4.4 36.5
0 3792.331 10 4.4 36.5
0 3792.628 3 4.4 36.5
0 3792.631 269 4.4 36.5
0 3792.742 9 4.4 36.5
0 3792.844 10 4.4 36.5
0 3792.948 10 4.4 36.5
0 3793.042 11 4.4 36.5
0 3793.231 5 4.4 36.5
0 3793.234 302 4.4 36.5
0 3793.347 9 4.4 36.5
0 3793.436 11 4.4 36.5
0 3793.551 9 4.4 36.5
0 3793.645 11 4.4 36.5
0 3793.749 10 4.4 36.5
0 3793.952 5 4.4 36.5
0 3793.956 324 4.4 36.5
0 3794.071 9 4.4 36.5
0 3794.17 10 4.4 36.5
0 3794.378 5 4.4 36.5
0 3794.382 243 4.4 36.5
0 3794.766 3 4.4 36.5
0 3794.772 178 4.4 36.5
0 3794.88 9 4.4 36.5
0 3794.982 10 4.4 36.5
0 3795.08 10 4.4 36.5
0 3795.258 6 4.4 36.5
0 3795.276 56 4.4 36.5
0 3795.381 10 4.4 36.5
0 3795.557 6 4.4 36.5
0 3795.573 64 4.4 36.5
0 3795.681 9 4.4 36.5
0 3795.896 5 4.4 36.5
0 3795.985 11 4.4 36.5
0 3796.0 67 4.4 36.5
0 3796.213 5 4.4 36.5
0 3796.217 307 4.4 36.5
0 3796.338 8 4.4 36.5
0 3796.538 5 4.4 36.5
0 3796.541 332 4.4 36.5
0 3796.655 9 4.4 36.5
0 3796.752 10 4.4 36.5
0 3796.865 9 4.4 36.5
0 3796.953 11 4.4 36.5
0 3797.058 10 4.4 36.5
0 3797.155 10 4.4 36.5
0 3797.253 10 4.4 36.5
0 3797.344 11 4.4 36.5
0 3797.655 3 4.4 36.5
0 3797.659 241 4.4 36.5
0 3797.769 9 4.4 36.5
0 3797.869 10 4.4 36.5
0 3797.978 9 4.4 36.5
0 3798.071 11 4.4 36.5
0 3798.278 5 4.4 36.5
0 3798.282 293 4.4 36.5
0 3798.41 8 4.4 36.5
0 3798.523 9 4.4 36.5
0 3798.62 10 4.4 36.5
0 3798.721 10 4.4 36.5
0 3798.813 11 4.4 36.5
0 3798.998 5 4.4 36.5
0 3799.012 75 4.4 36.5
0 3799.14 8 4.4 36.5
0 3799.236 10 4.4 36.5
0 3799.425 5 4.4 36.5
0 3799.438 74 4.4 36.5
0 3799.827 3 4.4 36.5
0 3799.843 63 4.4 36.5
0 3799.943 10 4.4 36.5
0 3800.072 8 4.4 36.5
0 3800.148 13 4.4 36.5
0 3800.358 5 4.0 36.6
0 3800.371 75 4.0 36.6
0 3800.501 8 4.0 36.6
0 3800.601 10 4.0 36.6
0 3800.697 11 4.0 36.6
0 3800.779 12 4.0 36.6
0 3800.978 5 4.0 36.6
0 3801.072 11 4.0 36.6
0 3801.092 50 4.0 36.6
0 3801.301 5 4.0 36.6
0 3801.313 80 4.0 36.6
0 3801.446 8 4.0 36.6
0 3801.705 4 4.0 36.6
0 3801.709 278 4.0 36.6
0 3801.819 9 4.0 36.6
0 3801.922 10 4.0 36.6
0 3802.024 10 4.0 36.6
0 3802.121 10 4.0 36.6
0 3802.227 9 4.0 36.6
0 3802.315 11 4.0 36.6
0 3802.423 9 4.0 36.6
0 3802.703 4 4.0 36.6
0 3802.708 198 4.0 36.6
0 3802.821 9 4.0 36.6
0 3802.917 10 4.0 36.6
0 3803.02 10 4.0 36.6
0 3803.118 10 4.0 36.6
0 3803.32 5 4.0 36.6
0 3803.324 260 4.0 36.6
0 3803.434 9 4.0 36.6
0 3803.537 10 4.0 36.6
0 3803.63 11 4.0 36.6
0 3803.742 9 4.0 36.6
0 3803.839 10 4.0 36.6
0 3804.03 5 4.0 36.6
0 3804.034 264 4.0 36.6
0 3804.135 10 4.0 36.6
0 3804.252 9 4.0 36.6
0 3804.423 6 4.0 36.6
0 3804.434 87 4.0 36.6
0 3804.547 9 4.0 36.6
0 3804.921 3 4.0 36.6
0 3804.926 185 4.0 36.6
0 3805.035 9 4.0 36.6
0 3805.141 9 4.0 36.6
0 3805.235 11 4.0 36.6
0 3805.425 5 4.0 36.6
0 3805.43 196 4.0 36.6
0 3805.538 9 4.0 36.6
0 3805.64 10 4.0 36.6
0 3805.74 10 4.0 36.6
0 3805.838 10 4.0 36.6
0 3806.055 5 4.0 36.6
0 3806.146 11 4.0 36.6
0 3806.16 71 4.0 36.6
0 3806.352 5 4.0 36.6
0 3806.359 157 4.0 36.6
0 3806.478 8 4.0 36.6
0 3806.753 4 4.0 36.6
0 3806.757 258 4.0 36.6
0 3806.867 9 4.0 36.6
0 3806.967 10 4.0 36.6
0 3807.078 9 4.0 36.6
0 3807.168 11 4.0 36.6
0 3807.273 9 4.0 36.6
0 3807.366 11 4.0 36.6
0 3807.467 10 4.0 36.6
0 3807.76 3 4.0 36.6
0 3807.764 247 4.0 36.6
0 3807.878 9 4.0 36.6
0 3807.973 10 4.0 36.6
0 3808.083 9 4.0 36.6
0 3808.174 11 4.0 36.6
0 3808.373 5 4.0 36.6
0 3808.377 251 4.0 36.6
0 3808.486 9 4.0 36.6
0 3808.593 9 4.0 36.6
0 3808.688 11 4.0 36.6
0 3808.79 10 4.0 36.6
0 3808.892 10 4.0 36.6
0 3809.086 5 4.0 36.6
0 3809.092 185 4.0 36.6
0 3809.201 9 4.0 36.6
0 3809.302 10 4.0 36.6
0 3809.51 5 4.0 36.6
0 3809.513 292 4.0 36.6
0 3809.63 9 4.0 36.6
0 3809.987 3 4.0 36.6
0 3809.991 248 4.0 36.6
0 3810.101 9 4.0 36.6
0 3810.21 9 4.0 36.6
0 3810.301 11 4.0 36.6
0 3810.496 5 3.8 36.6
0 3810.5 263 3.8 36.6
0 3810.611 9 3.8 36.6
0 3810.72 9 3.8 36.6
0 3810.812 11 3.8 36.6
0 3810.911 10 3.8 36.6
0 3811.122 5 3.8 36.6
0 3811.219 10 3.8 36.6
0 3811.227 117 3.8 36.6
0 3811.426 5 3.8 36.6
0 3811.429 329 3.8 36.6
0 3811.545 9 3.8 36.6
0 3811.804 4 3.8 36.6
0 3811.808 267 3.8 36.6
0 3811.918 9 3.8 36.6
0 3812.012 11 3.8 36.6
0 3812.124 9 3.8 36.6
0 3812.218 11 3.8 36.6
0 3812.327 9 3.8 36.6
0 3812.419 11 3.8 36.6
0 3812.509 11 3.8 36.6
0 3812.799 3 3.8 36.6
0 3812.802 307 3.8 36.6
0 3812.922 8 3.8 36.6
0 3813.013 11 3.8 36.6
0 3813.113 10 3.8 36.6
0 3813.215 10 3.8 36.6
0 3813.435 5 3.8 36.6
0 3813.44 196 3.8 36.6
0 3813.549 9 3.8 36.6
0 3813.641 11 3.8 36.6
0 3813.747 9 3.8 36.6
0 3813.852 10 3.8 36.6
0 3813.958 9 3.8 36.6
0 3814.155 5 3.8 36.6
0 3814.159 295 3.8 36.6
0 3814.271 9 3.8 36.6
0 3814.372 10 3.8 36.6
0 3814.576 5 3.8 36.6
0 3814.579 287 3.8 36.6
0 3814.685 9 3.8 36.6
0 3815.062 3 3.8 36.6
0 3815.067 194 3.8 36.6
0 3815.176 9 3.8 36.6
0 3815.277 10 3.8 36.6
0 3815.379 10 3.8 36.6
0 3815.571 5 3.8 36.6
0 3815.575 280 3.8 36.6
0 3815.685 9 3.8 36.6
0 3815.785 10 3.8 36.6
0 3815.888 10 3.8 36.6
0 3815.986 10 3.8 36.6
0 3816.204 5 3.8 36.6
0 3816.301 10 3.8 36.6
0 3816.307 155 3.8 36.6
0 3816.524 5 3.8 36.6
0 3816.527 301 3.8 36.6
0 3816.638 9 3.8 36.6
0 3816.915 4 3.8 36.6
0 3816.919 256 3.8 36.6
0 3817.028 9 3.8 36.6
0 3817.129 10 3.8 36.6
0 3817.24 9 3.8 36.6
0 3817.329 11 3.8 36.6
0 3817.435 10 3.8 36.6
0 3817.529 11 3.8 36.6
0 3817.81 4 3.8 36.6
0 3817.817 162 3.8 36.6
0 3817.924 9 3.8 36.6
0 3818.03 9 3.8 36.6
0 3818.125 11 3.8 36.6
0 3818.225 10 3.8 36.6
0 3818.438 5 3.8 36.6
0 3818.442 292 3.8 36.6
0 3818.558 9 3.8 36.6
0 3818.666 9 3.8 36.6
0 3818.774 9 3.8 36.6
0 3818.878 10 3.8 36.6
0 3818.972 11 3.8 36.6
0 3819.16 5 3.8 36.6
0 3819.173 79 3.8 36.6
0 3819.298 8 3.8 36.6
0 3819.396 10 3.8 36.6
0 3819.591 5 3.8 36.6
0 3819.605 74 3.8 36.6
0 3819.734 8 3.8 36.6
0 3820.103 3 3.8 36.6
0 3820.118 67 3.8 36.6
0 3820.242 8 3.8 36.6
0 3820.337 11 3.8 36.6
0 3820.444 9 3.8 36.6
0 3820.604 6 3.8 36.6
0 3820.619 67 3.8 36.6
0 3820.741 8 3.8 36.6
0 3820.841 10 3.8 36.6
0 3820.938 10 3.8 36.6
0 3821.04 10 3.8 36.6
0 3821.233 5 3.8 36.6
0 3821.336 10 3.8 36.6
0 3821.351 68 3.8 36.6
0 3821.568 5 3.8 36.6
0 3821.581 77 3.8 36.6
0 3821.717 7 3.8 36.6
0 3821.888 6 3.8 36.6
0 3821.902 73 3.8 36.6
0 3822.027 8 3.8 36.6
0 3822.132 10 3.8 36.6
0 3822.236 10 3.8 36.6
0 3822.307 14 3.8 36.6
0 3822.427 8 3.8 36.6
0 3822.522 11 3.8 36.6
0 3822.714 5 3.8 36.6
0 3822.814 10 3.8 36.6
0 3822.83 66 3.8 36.6
0 3822.957 8 3.8 36.6
0 3823.056 10 3.8 36.6
0 3823.144 11 3.8 36.6
0 3823.262 8 3.8 36.6
0 3823.451 5 3.8 36.6
0 3823.465 72 3.8 36.6
0 3823.592 8 3.8 36.6
0 3823.692 10 3.8 36.6
0 3823.795 10 3.8 36.6
0 3823.896 10 3.8 36.6
0 3823.996 10 3.8 36.6
0 3824.188 5 3.8 36.6
0 3824.202 70 3.8 36.6
0 3824.332 8 3.8 36.6
0 3824.432 10 3.8 36.6
0 3824.628 5 3.8 36.6
0 3824.643 70 3.8 36.6
0 3824.772 8 3.8 36.6
0 3825.136 3 3.8 36.6
0 3825.149 73 3.8 36.6
0 3825.276 8 3.8 36.6
0 3825.377 10 3.8 36.6
0 3825.48 10 3.8 36.6
0 3825.66 6 3.8 36.6
0 3825.673 78 3.8 36.6
0 3825.801 8 3.8 36.6
0 3825.895 11 3.8 36.6
0 3826.008 9 3.8 36.6
0 3826.092 12 3.8 36.6
0 3826.308 5 3.8 36.6
0 3826.408 10 3.8 36.6
0 3826.423 68 3.8 36.6
0 3826.625 5 3.8 36.6
0 3826.638 73 3.8 36.6
0 3826.763 8 3.8 36.6
0 3826.951 5 3.8 36.6
0 3826.965 76 3.8 36.6
0 3827.065 10 3.8 36.6
0 3827.191 8 3.8 36.6
0 3827.296 10 3.8 36.6
0 3827.376 12 3.8 36.6
0 3827.499 8 3.8 36.6
0 3827.594 11 3.8 36.6
0 3827.868 4 3.8 36.6
0 3827.884 62 3.8 36.6
0 3828.01 8 3.8 36.6
0 3828.109 10 3.8 36.6
0 3828.212 10 3.8 36.6
0 3828.311 10 3.8 36.6
0 3828.506 5 3.8 36.6
0 3828.522 63 3.8 36.6
0 3828.64 8 3.8 36.6
0 3828.742 10 3.8 36.6
0 3828.838 10 3.8 36.6
0 3828.943 9 3.8 36.6
0 3829.048 10 3.8 36.6
0 3829.226 6 3.8 36.6
0 3829.239 78 3.8 36.6
0 3829.361 8 3.8 36.6
0 3829.462 10 3.8 36.6
0 3829.66 5 3.8 36.6
0 3829.673 77 3.8 36.6
0 3829.8 8 3.8 36.6
0 3830.178 3 3.8 36.6
0 3830.193 68 3.8 36.6
0 3830.318 8 3.8 36.6
0 3830.408 11 3.8 36.6
0 3830.521 9 3.8 36.6
0 3830.705 5 4.6 36.6
0 3830.72 70 4.6 36.6
0 3830.848 8 4.6 36.6
0 3830.945 10 4.6 36.6
0 3831.042 10 4.6 36.6
0 3831.146 10 4.6 36.6
0 3831.352 5 4.6 36.6
0 3831.462 9 4.6 36.6
0 3831.476 73 4.6 36.6
0 3831.698 5 4.6 36.6
0 3831.711 78 4.6 36.6
0 3831.839 8 4.6 36.6
0 3832.007 6 4.6 36.6
0 3832.02 80 4.6 36.6
0 3832.144 8 4.6 36.6
0 3832.241 10 4.6 36.6
0 3832.342 10 4.6 36.6
0 3832.435 11 4.6 36.6
0 3832.522 11 4.6 36.6
0 3832.622 10 4.6 36.6
0 3832.919 3 4.6 36.6
0 3832.937 58 4.6 36.6
0 3833.047 9 4.6 36.6
0 3833.134 11 4.6 36.6
0 3833.247 9 4.6 36.6
0 3833.349 10 4.6 36.6
0 3833.541 5 4.6 36.6
0 3833.555 69 4.6 36.6
0 3833.662 9 4.6 36.6
0 3833.771 9 4.6 36.6
0 3833.877 9 4.6 36.6
0 3833.987 9 4.6 36.6
0 3834.066 13 4.6 36.6
0 3834.249 5 4.6 36.6
0 3834.273 41 4.6 36.6
0 3834.387 9 4.6 36.6
0 3834.473 12 4.6 36.6
0 3834.712 4 4.6 36.6
0 3834.736 43 4.6 36.6
0 3834.875 7 4.6 36.6
0 3835.204 3 4.6 36.6
0 3835.23 38 4.6 36.6
0 3835.366 7 4.6 36.6
0 3835.458 11 4.6 36.6
0 3835.545 11 4.6 36.6
0 3835.743 5 4.6 36.6
0 3835.767 42 4.6 36.6
0 3835.896 8 4.6 36.6
0 3835.973 13 4.6 36.6
0 3836.104 8 4.6 36.6
0 3836.19 12 4.6 36.6
0 3836.406 5 4.6 36.6
0 3836.518 9 4.6 36.6
0 3836.541 44 4.6 36.6
0 3836.742 5 4.6 36.6
0 3836.766 43 4.6 36.6
0 3836.895 8 4.6 36.6
0 3837.005 9 4.6 36.6
0 3837.109 10 4.6 36.6
0 3837.206 10 4.6 36.6
0 3837.307 10 4.6 36.6
0 3837.402 11 4.6 36.6
0 3837.476 14 4.6 36.6
0 3837.609 8 4.6 36.6
0 3837.706 10 4.6 36.6
0 3837.995 3 4.6 36.6
0 3838.02 40 4.6 36.6
0 3838.15 8 4.6 36.6
0 3838.256 9 4.6 36.6
0 3838.358 10 4.6 36.6
0 3838.444 12 4.6 36.6
0 3838.653 5 4.6 36.6
0 3838.679 39 4.6 36.6
0 3838.805 8 4.6 36.6
0 3838.89 12 4.6 36.6
0 3839.015 8 4.6 36.6
0 3839.119 10 4.6 36.6
0 3839.295 6 4.6 36.6
0 3839.33 29 4.6 36.6
0 3839.438 9 4.6 36.6
0 3839.558 8 4.6 36.6
0 3839.818 4 4.6 36.6
0 3839.842 41 4.6 36.6
0 3839.957 9 4.6 36.6
0 3840.343 3 4.6 36.6
0 3840.369 38 4.6 36.6
0 3840.51 7 4.6 36.6
0 3840.604 11 4.6 36.6
0 3840.755 7 5.3 36.6
0 3840.779 41 5.3 36.6
0 3840.924 7 5.3 36.6
0 3841.016 11 5.3 36.6
0 3841.12 10 5.3 36.6
0 3841.206 12 5.3 36.6
0 3841.404 5 5.3 36.6
0 3841.43 38 5.3 36.6
0 3841.64 5 5.3 36.6
0 3841.663 44 5.3 36.6
0 3841.878 5 5.3 36.6
0 3841.903 41 5.3 36.6
0 3842.053 7 5.3 36.6
0 3842.144 11 5.3 36.6
0 3842.232 11 5.3 36.6
0 3842.337 9 5.3 36.6
0 3842.433 10 5.3 36.6
0 3842.523 11 5.3 36.6
0 3842.64 9 5.3 36.6
0 3842.734 11 5.3 36.6
0 3842.813 13 5.3 36.6
0 3843.09 4 5.3 36.6
0 3843.193 10 5.3 36.6
0 3843.206 77 5.3 36.6
0 3843.336 8 5.3 36.6
0 3843.423 12 5.3 36.6
0 3843.537 9 5.3 36.6
0 3843.631 11 5.3 36.6
0 3843.746 9 5.3 36.6
0 3843.839 11 5.3 36.6
0 3843.929 11 5.3 36.6
0 3844.04 9 5.3 36.6
0 3844.137 10 5.3 36.6
0 3844.309 6 5.3 36.6
0 3844.322 78 5.3 36.6
0 3844.448 8 5.3 36.6
0 3844.554 9 5.3 36.6
0 3844.646 11 5.3 36.6
0 3844.92 4 5.3 36.6
0 3844.933 77 5.3 36.6
0 3845.063 8 5.3 36.6
0 3845.401 3 5.3 36.6
0 3845.417 61 5.3 36.6
0 3845.546 8 5.3 36.6
0 3845.647 10 5.3 36.6
0 3845.831 5 5.3 36.6
0 3845.844 83 5.3 36.6
0 3845.984 7 5.3 36.6
0 3846.077 11 5.3 36.6
0 3846.179 10 5.3 36.6
0 3846.29 9 5.3 36.6
0 3846.472 5 5.3 36.6
0 3846.498 39 5.3 36.6
0 3846.719 5 5.3 36.6
0 3846.745 38 5.3 36.6
0 3846.955 5 5.3 36.6
0 3846.977 45 5.3 36.6
0 3847.115 7 5.3 36.6
0 3847.198 12 5.3 36.6
0 3847.299 10 5.3 36.6
0 3847.409 9 5.3 36.6
0 3847.507 10 5.3 36.6
0 3847.606 10 5.3 36.6
0 3847.712 9 5.3 36.6
0 3847.802 11 5.3 36.6
0 3847.906 10 5.3 36.6
0 3848.187 4 5.3 36.6
0 3848.302 9 5.3 36.6
0 3848.325 44 5.3 36.6
0 3848.45 8 5.3 36.6
0 3848.554 10 5.3 36.6
0 3848.655 10 5.3 36.6
0 3848.756 10 5.3 36.6
0 3848.861 10 5.3 36.6
0 3848.943 12 5.3 36.6
0 3849.057 9 5.3 36.6
0 3849.156 10 5.3 36.6
0 3849.349 5 5.3 36.6
0 3849.376 38 5.3 36.6
0 3849.501 8 5.3 36.6
0 3849.602 10 5.3 36.6
0 3849.699 10 5.3 36.6
0 3849.966 4 5.3 36.6
0 3849.989 43 5.3 36.6
0 3850.123 7 5.3 36.6
0 3850.211 11 5.3 36.6
0 3850.5 3 5.3 36.6
0 3850.524 41 5.3 36.6
0 3850.653 8 5.3 36.6
0 3850.766 9 5.0 36.6
0 3850.933 6 5.0 36.6
0 3851.03 10 5.0 36.6
0 3851.048 57 5.0 36.6
0 3851.158 9 5.0 36.6
0 3851.268 9 5.0 36.6
0 3851.374 9 5.0 36.6
0 3851.566 5 5.0 36.6
0 3851.581 67 5.0 36.6
0 3851.789 5 5.0 36.6
0 3851.802 79 5.0 36.6
0 3852.011 5 5.0 36.6
0 3852.024 80 5.0 36.6
0 3852.156 8 5.0 36.6
0 3852.256 10 5.0 36.6
0 3852.351 10 5.0 36.6
0 3852.442 11 5.0 36.6
0 3852.534 11 5.0 36.6
0 3852.651 9 5.0 36.6
0 3852.758 9 5.0 36.6
0 3852.853 10 5.0 36.6
0 3852.95 10 5.0 36.6
0 3853.224 4 5.0 36.6
0 3853.324 10 5.0 36.6
0 3853.336 81 5.0 36.6
0 3853.455 8 5.0 36.6
0 3853.557 10 5.0 36.6
0 3853.662 10 5.0 36.6
0 3853.769 9 5.0 36.6
0 3853.873 10 5.0 36.6
0 3853.967 11 5.0 36.6
0 3854.068 10 5.0 36.6
0 3854.156 11 5.0 36.6
0 3854.36 5 5.0 36.6
0 3854.376 64 5.0 36.6
0 3854.495 8 5.0 36.6
0 3854.579 12 5.0 36.6
0 3854.676 10 5.0 36.6
0 3854.983 3 5.0 36.6
0 3854.997 72 5.0 36.6
0 3855.122 8 5.0 36.6
0 3855.218 10 5.0 36.6
0 3855.508 3 5.0 36.6
0 3855.523 67 5.0 36.6
0 3855.649 8 5.0 36.6
0 3855.75 10 5.0 36.6
0 3855.936 5 5.0 36.6
0 3856.035 10 5.0 36.6
0 3856.051 63 5.0 36.6
0 3856.157 9 5.0 36.6
0 3856.278 8 5.0 36.6
0 3856.379 10 5.0 36.6
0 3856.573 5 5.0 36.6
0 3856.588 67 5.0 36.6
0 3856.791 5 5.0 36.6
0 3856.804 74 5.0 36.6
0 3856.914 9 5.0 36.6
0 3857.108 5 5.0 36.6
0 3857.123 70 5.0 36.6
0 3857.25 8 5.0 36.6
0 3857.344 11 5.0 36.6
0 3857.446 10 5.0 36.6
0 3857.548 10 5.0 36.6
0 3857.654 9 5.0 36.6
0 3857.753 10 5.0 36.6
0 3857.827 13 5.0 36.6
0 3857.954 8 5.0 36.6
0 3858.053 10 5.0 36.6
0 3858.328 4 5.0 36.6
0 3858.427 10 5.0 36.6
0 3858.441 68 5.0 36.6
0 3858.558 9 5.0 36.6
0 3858.655 10 5.0 36.6
0 3858.763 9 5.0 36.6
0 3858.872 9 5.0 36.6
0 3858.975 10 5.0 36.6
0 3859.071 10 5.0 36.6
0 3859.156 12 5.0 36.6
0 3859.36 5 5.0 36.6
0 3859.374 70 5.0 36.6
0 3859.512 7 5.0 36.6
0 3859.601 11 5.0 36.6
0 3859.7 10 5.0 36.6
0 3859.8 10 5.0 36.6
0 3860.07 4 5.0 36.6
0 3860.085 66 5.0 36.6
0 3860.214 8 5.0 36.6
0 3860.314 10 5.0 36.6
0 3860.575 4 5.0 36.6
0 3860.589 67 5.0 36.6
0 3860.712 8 5.0 36.6
0 3860.809 10 4.7 36.6
0 3861.09 4 4.7 36.6
0 3861.104 70 4.7 36.6
0 3861.237 8 4.7 36.6
0 3861.332 11 4.7 36.6
0 3861.433 10 4.7 36.6
0 3861.622 5 4.7 36.6
0 3861.637 67 4.7 36.6
0 3861.857 5 4.7 36.6
0 3861.871 74 4.7 36.6
0 3861.992 8 4.7 36.6
0 3862.17 6 4.7 36.6
0 3862.183 76 4.7 36.6
0 3862.305 8 4.7 36.6
0 3862.4 10 4.7 36.6
0 3862.511 9 4.7 36.6
0 3862.611 10 4.7 36.6
0 3862.717 9 4.7 36.6
0 3862.812 11 4.7 36.6
0 3862.899 11 4.7 36.6
0 3863.01 9 4.7 36.6
0 3863.107 10 4.7 36.6
0 3863.396 3 4.7 36.6
0 3863.493 10 4.7 36.6
0 3863.508 66 4.7 36.6
0 3863.638 8 4.7 36.6
0 3863.736 10 4.7 36.6
0 3863.84 10 4.7 36.6
0 3863.929 11 4.7 36.6
0 3864.042 9 4.7 36.6
0 3864.139 10 4.7 36.6
0 3864.233 11 4.7 36.6
0 3864.433 5 4.7 36.6
0 3864.446 78 4.7 36.6
0 3864.575 8 4.7 36.6
0 3864.658 12 4.7 36.6
0 3864.769 9 4.7 36.6
0 3864.869 10 4.7 36.6
0 3865.142 4 4.7 36.6
0 3865.157 67 4.7 36.6
0 3865.277 8 4.7 36.6
0 3865.377 10 4.7 36.6
0 3865.651 4 4.7 36.6
0 3865.666 65 4.7 36.6
0 3865.871 5 4.7 36.6
0 3865.874 329 4.7 36.6
0 3866.189 3 4.7 36.6
0 3866.193 217 4.7 36.6
0 3866.301 9 4.7 36.6
0 3866.393 11 4.7 36.6
0 3866.501 9 4.7 36.6
0 3866.712 5 4.7 36.6
0 3866.718 191 4.7 36.6
0 3866.923 5 4.7 36.6
0 3866.926 296 4.7 36.6
0 3867.037 9 4.7 36.6
0 3867.229 5 4.7 36.6
0 3867.233 256 4.7 36.6
0 3867.344 9 4.7 36.6
0 3867.444 10 4.7 36.6
0 3867.543 10 4.7 36.6
0 3867.643 10 4.7 36.6
0 3867.762 8 4.7 36.6
0 3867.847 12 4.7 36.6
0 3867.944 10 4.7 36.6
0 3868.045 10 4.7 36.6
0 3868.145 10 4.7 36.6
0 3868.43 4 4.7 36.6
0 3868.521 11 4.7 36.6
0 3868.534 73 4.7 36.6
0 3868.643 9 4.7 36.6
0 3868.745 10 4.7 36.6
0 3868.852 9 4.7 36.6
0 3868.949 10 4.7 36.6
0 3869.05 10 4.7 36.6
0 3869.144 11 4.7 36.6
0 3869.245 10 4.7 36.6
0 3869.445 5 4.7 36.6
0 3869.449 248 4.7 36.6
0 3869.563 9 4.7 36.6
0 3869.651 11 4.7 36.6
0 3869.761 9 4.7 36.6
0 3869.864 10 4.7 36.6
0 3870.153 3 4.7 36.6
0 3870.157 229 4.7 36.6
0 3870.267 9 4.7 36.6
0 3870.37 10 4.7 36.6
0 3870.47 10 4.7 36.6
0 3870.751 4 4.7 36.6
0 3870.755 272 4.7 36.6
0 3870.968 5 4.2 36.6
0 3870.972 216 4.2 36.6
0 3871.269 3 4.2 36.6
0 3871.272 277 4.2 36.6
0 3871.382 9 4.2 36.6
0 3871.488 9 4.2 36.6
0 3871.58 11 4.2 36.6
0 3871.788 5 4.2 36.6
0 3871.793 186 4.2 36.6
0 3872.008 5 4.2 36.6
0 3872.013 208 4.2 36.6
0 3872.123 9 4.2 36.6
0 3872.33 5 4.2 36.6
0 3872.333 315 4.2 36.6
0 3872.443 9 4.2 36.6
0 3872.55 9 4.2 36.6
0 3872.644 11 4.2 36.6
0 3872.744 10 4.2 36.6
0 3872.855 9 4.2 36.6
0 3872.944 11 4.2 36.6
0 3873.048 10 4.2 36.6
0 3873.147 10 4.2 36.6
0 3873.245 10 4.2 36.6
0 3873.534 3 4.2 36.6
0 3873.632 10 4.2 36.6
0 3873.638 195 4.2 36.6
0 3873.749 9 4.2 36.6
0 3873.853 10 4.2 36.6
0 3873.948 11 4.2 36.6
0 3874.057 9 4.2 36.6
0 3874.15 11 4.2 36.6
0 3874.251 10 4.2 36.6
0 3874.453 5 4.2 36.6
0 3874.456 315 4.2 36.6
0 3874.575 8 4.2 36.6
0 3874.658 12 4.2 36.6
0 3874.77 9 4.2 36.6
0 3874.871 10 4.2 36.6
0 3875.158 3 4.2 36.6
0 3875.162 214 4.2 36.6
0 3875.274 9 4.2 36.6
0 3875.375 10 4.2 36.6
0 3875.471 10 4.2 36.6
0 3875.762 3 4.2 36.6
0 3875.767 189 4.2 36.6
0 3875.981 5 4.2 36.6
0 3875.984 317 4.2 36.6
0 3876.28 3 4.2 36.6
0 3876.285 201 4.2 36.6
0 3876.39 9 4.2 36.6
0 3876.484 11 4.2 36.6
0 3876.589 10 4.2 36.6
0 3876.805 5 4.2 36.6
0 3876.811 159 4.2 36.6
0 3877.023 5 4.2 36.6
0 3877.027 257 4.2 36.6
0 3877.137 9 4.2 36.6
0 3877.333 5 4.2 36.6
0 3877.338 212 4.2 36.6
0 3877.448 9 4.2 36.6
0 3877.543 11 4.2 36.6
0 3877.648 10 4.2 36.6
0 3877.748 10 4.2 36.6
0 3877.861 9 4.2 36.6
0 3877.95 11 4.2 36.6
0 3878.051 10 4.2 36.6
0 3878.148 10 4.2 36.6
0 3878.247 10 4.2 36.6
0 3878.538 3 4.2 36.6
0 3878.637 10 4.2 36.6
0 3878.641 223 4.2 36.6
0 3878.752 9 4.2 36.6
0 3878.861 9 4.2 36.6
0 3878.952 11 4.2 36.6
0 3879.06 9 4.2 36.6
0 3879.151 11 4.2 36.6
0 3879.252 10 4.2 36.6
0 3879.461 5 4.2 36.6
0 3879.464 324 4.2 36.6
0 3879.572 9 4.2 36.6
0 3879.677 10 4.2 36.6
0 3879.775 10 4.2 36.6
0 3879.879 10 4.2 36.6
0 3880.179 3 4.2 36.6
0 3880.183 244 4.2 36.6
0 3880.293 9 4.2 36.6
0 3880.398 9 4.2 36.6
0 3880.494 10 4.2 36.6
0 3880.778 4 4.2 36.6
0 3880.783 236 4.2 36.6
0 3880.996 5 3.6 36.6
0 3881.001 218 3.6 36.6
0 3881.287 3 3.6 36.6
0 3881.291 248 3.6 36.6
0 3881.399 9 3.6 36.6
0 3881.501 10 3.6 36.6
0 3881.606 9 3.6 36.6
0 3881.795 5 3.6 36.6
0 3881.81 67 3.6 36.6
0 3882.027 5 3.6 36.6
0 3882.041 73 3.6 36.6
0 3882.16 8 3.6 36.6
0 3882.355 5 3.6 36.6
0 3882.368 76 3.6 36.6
0 3882.495 8 3.6 36.6
0 3882.596 10 3.6 36.6
0 3882.684 11 3.6 36.6
0 3882.788 10 3.6 36.6
0 3882.899 9 3.6 36.6
0 3882.998 10 3.6 36.6
0 3883.099 10 3.6 36.6
0 3883.196 10 3.6 36.6
0 3883.296 10 3.6 36.6
0 3883.553 4 3.6 36.6
0 3883.649 10 3.6 36.6
0 3883.667 55 3.6 36.6
0 3883.797 8 3.6 36.6
0 3883.883 12 3.6 36.6
0 3883.995 9 3.6 36.6
0 3884.096 10 3.6 36.6
0 3884.19 11 3.6 36.6
0 3884.299 9 3.6 36.6
0 3884.474 6 3.6 36.6
0 3884.488 70 3.6 36.6
0 3884.619 8 3.6 36.6
0 3884.715 10 3.6 36.6
0 3884.82 10 3.6 36.6
0 3884.912 11 3.6 36.6
0 3885.015 10 3.6 36.6
0 3885.22 5 3.6 36.6
0 3885.234 69 3.6 36.6
0 3885.34 9 3.6 36.6
0 3885.461 8 3.6 36.6
0 3885.547 12 3.6 36.6
0 3885.827 4 3.6 36.6
0 3886.004 6 3.6 36.6
0 3886.007 298 3.6 36.6
0 3886.308 3 3.6 36.6
0 3886.312 251 3.6 36.6
0 3886.429 9 3.6 36.6
0 3886.523 11 3.6 36.6
0 3886.621 10 3.6 36.6
0 3886.83 5 3.6 36.6
0 3886.835 229 3.6 36.6
0 3887.056 5 3.6 36.6
0 3887.06 267 3.6 36.6
0 3887.162 10 3.6 36.6
0 3887.27 9 3.6 36.6
0 3887.464 5 3.6 36.6
0 3887.469 199 3.6 36.6
0 3887.583 9 3.6 36.6
0 3887.671 11 3.6 36.6
0 3887.779 9 3.6 36.6
0 3887.879 10 3.6 36.6
0 3888.013 7 3.6 36.6
0 3888.107 11 3.6 36.6
0 3888.208 10 3.6 36.6
0 3888.311 10 3.6 36.6
0 3888.4 11 3.6 36.6
0 3888.591 5 3.6 36.6
0 3888.691 10 3.6 36.6
0 3888.705 76 3.6 36.6
0 3888.834 8 3.6 36.6
0 3888.923 11 3.6 36.6
0 3889.044 8 3.6 36.6
0 3889.139 11 3.6 36.6
0 3889.228 11 3.6 36.6
0 3889.335 9 3.6 36.6
0 3889.493 6 3.6 36.6
0 3889.506 80 3.6 36.6
0 3889.64 7 3.6 36.6
0 3889.734 11 3.6 36.6
0 3889.839 10 3.6 36.6
0 3889.939 10 3.6 36.6
0 3890.04 10 3.6 36.6
0 3890.227 5 3.6 36.6
0 3890.241 72 3.6 36.6
0 3890.373 8 3.6 36.6
0 3890.468 11 3.6 36.6
0 3890.572 10 3.6 36.6
0 3890.665 11 3.6 36.6
0 3890.946 4 3.6 36.6
0 3891.129 5 4.4 36.6
0 3891.231 10 4.4 36.6
0 3891.328 10 4.4 36.6
0 3891.351 43 4.4 36.6
0 3891.467 9 4.4 36.6
0 3891.576 9 4.4 36.6
0 3891.667 11 4.4 36.6
0 3891.872 5 4.4 36.6
0 3891.886 76 4.4 36.6
0 3892.102 5 4.4 36.6
0 3892.115 82 4.4 36.6
0 3892.238 8 4.4 36.6
0 3892.354 9 4.4 36.6
0 3892.518 6 4.4 36.6
0 3892.53 81 4.4 36.6
0 3892.662 8 4.4 36.6
0 3892.75 11 4.4 36.6
0 3892.864 9 4.4 36.6
0 3892.945 12 4.4 36.6
0 3893.059 9 4.4 36.6
0 3893.161 10 4.4 36.6
0 3893.253 11 4.4 36.6
0 3893.372 8 4.4 36.6
0 3893.463 11 4.4 36.6
0 3893.649 5 4.4 36.6
0 3893.748 10 4.4 36.6
0 3893.762 72 4.4 36.6
0 3893.903 7 4.4 36.6
0 3893.989 12 4.4 36.6
0 3894.096 9 4.4 36.6
0 3894.169 14 4.4 36.6
0 3894.28 9 4.4 36.6
0 3894.399 8 4.4 36.6
0 3894.573 6 4.4 36.6
0 3894.586 79 4.4 36.6
0 3894.718 8 4.4 36.6
0 3894.812 11 4.4 36.6
0 3894.913 10 4.4 36.6
0 3895.018 10 4.4 36.6
0 3895.119 10 4.4 36.6
0 3895.302 5 4.4 36.6
0 3895.316 73 4.4 36.6
0 3895.453 7 4.4 36.6
0 3895.546 11 4.4 36.6
0 3895.637 11 4.4 36.6
0 3895.748 9 4.4 36.6
0 3896.017 4 4.4 36.6
0 3896.199 5 4.4 36.6
0 3896.393 5 4.4 36.6
0 3896.405 78 4.4 36.6
0 3896.539 7 4.4 36.6
0 3896.643 10 4.4 36.6
0 3896.736 11 4.4 36.6
0 3896.919 5 4.4 36.6
0 3896.932 78 4.4 36.6
0 3897.151 5 4.4 36.6
0 3897.166 67 4.4 36.6
0 3897.297 8 4.4 36.6
0 3897.388 11 4.4 36.6
0 3897.573 5 4.4 36.6
0 3897.586 80 4.4 36.6
0 3897.724 7 4.4 36.6
0 3897.823 10 4.4 36.6
0 3897.919 10 4.4 36.6
0 3898.019 10 4.4 36.6
0 3898.103 12 4.4 36.6
0 3898.219 9 4.4 36.6
0 3898.322 10 4.4 36.6
0 3898.414 11 4.4 36.6
0 3898.528 9 4.4 36.6
0 3898.702 6 4.4 36.6
0 3898.815 9 4.4 36.6
0 3898.84 40 4.4 36.6
0 3898.979 7 4.4 36.6
0 3899.085 9 4.4 36.6
0 3899.169 12 4.4 36.6
0 3899.28 9 4.4 36.6
0 3899.391 9 4.4 36.6
0 3899.458 15 4.4 36.6
0 3899.653 5 4.4 36.6
0 3899.678 41 4.4 36.6
0 3899.821 7 4.4 36.6
0 3899.924 10 4.4 36.6
0 3900.016 11 4.4 36.6
0 3900.119 10 4.4 36.6
0 3900.206 12 4.4 36.6
0 3900.417 5 4.4 36.6
0 3900.446 35 4.4 36.6
0 3900.663 5 4.4 36.6
0 3900.678 71 4.4 36.6
0 3900.805 8 4.4 36.6
0 3901.09 4 4.4 36.6
0 3901.2 9 4.9 36.6
0 3901.38 6 4.9 36.6
0 3901.393 77 4.9 36.6
0 3901.594 5 4.9 36.6
0 3901.598 248 4.9 36.6
0 3901.714 9 4.9 36.6
0 3901.909 5 4.9 36.6
0 3901.913 276 4.9 36.6
0 3902.019 9 4.9 36.6
0 3902.234 5 4.9 36.6
0 3902.24 193 4.9 36.6
0 3902.35 9 4.9 36.6
0 3902.45 10 4.9 36.6
0 3902.649 5 4.9 36.6
0 3902.653 256 4.9 36.6
0 3902.773 8 4.9 36.6
0 3902.864 11 4.9 36.6
0 3902.964 10 4.9 36.6
0 3903.063 10 4.9 36.6
0 3903.161 10 4.9 36.6
0 3903.273 9 4.9 36.6
0 3903.354 12 4.9 36.6
0 3903.465 9 4.9 36.6
0 3903.564 10 4.9 36.6
0 3903.758 5 4.9 36.6
0 3903.847 11 4.9 36.6
0 3903.861 68 4.9 36.6
0 3903.974 9 4.9 36.6
0 3904.072 10 4.9 36.6
0 3904.168 10 4.9 36.6
0 3904.273 10 4.9 36.6
0 3904.382 9 4.9 36.6
0 3904.462 12 4.9 36.6
0 3904.678 5 4.9 36.6
0 3904.682 256 4.9 36.6
0 3904.793 9 4.9 36.6
0 3904.902 9 4.9 36.6
0 3904.992 11 4.9 36.6
0 3905.093 10 4.9 36.6
0 3905.195 10 4.9 36.6
0 3905.293 10 4.9 36.6
0 3905.495 5 4.9 36.6
0 3905.502 161 4.9 36.6
0 3905.717 5 4.9 36.6
0 3905.721 254 4.9 36.6
0 3905.831 9 4.9 36.6
0 3906.104 4 4.9 36.6
0 3906.203 10 4.9 36.6
0 3906.288 12 4.9 36.6
0 3906.391 10 4.9 36.6
0 3906.408 59 4.9 36.6
0 3906.621 5 4.9 36.6
0 3906.625 279 4.9 36.6
0 3906.739 9 4.9 36.6
0 3906.944 5 4.9 36.6
0 3906.948 259 4.9 36.6
0 3907.059 9 4.9 36.6
0 3907.254 5 4.9 36.6
0 3907.258 244 4.9 36.6
0 3907.369 9 4.9 36.6
0 3907.47 10 4.9 36.6
0 3907.673 5 4.9 36.6
0 3907.677 254 4.9 36.6
0 3907.795 9 4.9 36.6
0 3907.889 11 4.9 36.6
0 3907.989 10 4.9 36.6
0 3908.088 10 4.9 36.6
0 3908.192 10 4.9 36.6
0 3908.296 10 4.9 36.6
0 3908.39 11 4.9 36.6
0 3908.489 10 4.9 36.6
0 3908.588 10 4.9 36.6
0 3908.799 5 4.9 36.6
0 3908.892 11 4.9 36.6
0 3908.902 97 4.9 36.6
0 3909.013 9 4.9 36.6
0 3909.113 10 4.9 36.6
0 3909.218 9 4.9 36.6
0 3909.317 10 4.9 36.6
0 3909.416 10 4.9 36.6
0 3909.513 10 4.9 36.6
0 3909.716 5 4.9 36.6
0 3909.72 235 4.9 36.6
0 3909.832 9 4.9 36.6
0 3909.934 10 4.9 36.6
0 3910.033 10 4.9 36.6
0 3910.131 10 4.9 36.6
0 3910.236 9 4.9 36.6
0 3910.336 10 4.9 36.6
0 3910.533 5 4.9 36.6
0 3910.537 261 4.9 36.6
0 3910.749 5 4.9 36.6
0 3910.754 207 4.9 36.6
0 3910.868 9 4.9 36.6
0 3911.141 4 4.9 36.6
0 3911.228 12 3.6 36.6
0 3911.429 5 3.6 36.6
0 3911.433 250 3.6 36.6
0 3911.645 5 3.6 36.6
0 3911.648 314 3.6 36.6
0 3911.757 9 3.6 36.6
0 3911.967 5 3.6 36.6
0 3911.972 221 3.6 36.6
0 3912.084 9 3.6 36.6
0 3912.291 5 3.6 36.6
0 3912.295 277 3.6 36.6
0 3912.41 9 3.6 36.6
0 3912.513 10 3.6 36.6
0 3912.712 5 3.6 36.6
0 3912.715 317 3.6 36.6
0 3912.826 9 3.6 36.6
0 3912.929 10 3.6 36.6
0 3913.034 10 3.6 36.6
0 3913.129 10 3.6 36.6
0 3913.229 10 3.6 36.6
0 3913.327 10 3.6 36.6
0 3913.43 10 3.6 36.6
0 3913.534 10 3.6 36.6
0 3913.63 10 3.6 36.6
0 3913.834 5 3.6 36.6
0 3913.92 12 3.6 36.6
0 3913.942 46 3.6 36.6
0 3914.055 9 3.6 36.6
0 3914.15 11 3.6 36.6
0 3914.25 10 3.6 36.6
0 3914.349 10 3.6 36.6
0 3914.449 10 3.6 36.6
0 3914.556 9 3.6 36.6
0 3914.747 5 3.6 36.6
0 3914.751 292 3.6 36.6
0 3914.862 9 3.6 36.6
0 3914.965 10 3.6 36.6
0 3915.069 10 3.6 36.6
0 3915.162 11 3.6 36.6
0 3915.258 10 3.6 36.6
0 3915.363 10 3.6 36.6
0 3915.57 5 3.6 36.6
0 3915.576 177 3.6 36.6
0 3915.791 5 3.6 36.6
0 3915.796 238 3.6 36.6
0 3915.905 9 3.6 36.6
0 3916.185 4 3.6 36.6
0 3916.27 12 3.6 36.6
0 3916.475 5 3.6 36.6
0 3916.478 273 3.6 36.6
0 3916.691 5 3.6 36.6
0 3916.695 237 3.6 36.6
0 3916.805 9 3.6 36.6
0 3917.011 5 3.6 36.6
0 3917.015 277 3.6 36.6
0 3917.125 9 3.6 36.6
0 3917.321 5 3.6 36.6
0 3917.325 302 3.6 36.6
0 3917.437 9 3.6 36.6
0 3917.536 10 3.6 36.6
0 3917.733 5 3.6 36.6
0 3917.738 218 3.6 36.6
0 3917.852 9 3.6 36.6
0 3917.95 10 3.6 36.6
0 3918.049 10 3.6 36.6
0 3918.17 8 3.6 36.6
0 3918.28 9 3.6 36.6
0 3918.377 10 3.6 36.6
0 3918.467 11 3.6 36.6
0 3918.569 10 3.6 36.6
0 3918.669 10 3.6 36.6
0 3918.88 5 3.6 36.6
0 3918.98 10 3.6 36.6
0 3918.994 72 3.6 36.6
0 3919.122 8 3.6 36.6
0 3919.22 10 3.6 36.6
0 3919.32 10 3.6 36.6
0 3919.408 11 3.6 36.6
0 3919.524 9 3.6 36.6
0 3919.624 10 3.6 36.6
0 3919.812 5 3.6 36.6
0 3919.826 70 3.6 36.6
0 3919.933 9 3.6 36.6
0 3920.033 10 3.6 36.6
0 3920.148 9 3.6 36.6
0 3920.233 12 3.6 36.6
0 3920.349 9 3.6 36.6
0 3920.456 9 3.6 36.6
0 3920.649 5 3.6 36.6
0 3920.663 71 3.6 36.6
0 3920.894 4 3.6 36.6
0 3920.908 70 3.6 36.6
0 3921.21 3 3.6 36.6
0 3921.312 10 4.1 36.6
0 3921.501 5 4.1 36.6
0 3921.515 72 4.1 36.6
0 3921.645 8 4.1 36.6
0 3921.742 10 4.1 36.6
0 3921.844 10 4.1 36.6
0 3922.038 5 4.1 36.6
0 3922.052 72 4.1 36.6
0 3922.174 8 4.1 36.6
0 3922.371 5 4.1 36.6
0 3922.385 71 4.1 36.6
0 3922.511 8 4.1 36.6
0 3922.614 10 4.1 36.6
0 3922.788 6 4.1 36.6
0 3922.801 74 4.1 36.6
0 3922.931 8 4.1 36.6
0 3923.029 10 4.1 36.6
0 3923.126 10 4.1 36.6
0 3923.205 13 4.1 36.6
0 3923.334 8 4.1 36.6
0 3923.423 11 4.1 36.6
0 3923.534 9 4.1 36.6
0 3923.624 11 4.1 36.6
0 3923.732 9 4.1 36.6
0 3923.924 5 4.1 36.6
0 3924.022 10 4.1 36.6
0 3924.039 61 4.1 36.6
0 3924.165 8 4.1 36.6
0 3924.266 10 4.1 36.6
0 3924.365 10 4.1 36.6
0 3924.469 10 4.1 36.6
0 3924.569 10 4.1 36.6
0 3924.67 10 4.1 36.6
0 3924.855 5 4.1 36.6
0 3924.868 75 4.1 36.6
0 3925.001 8 4.1 36.6
0 3925.099 10 4.1 36.6
0 3925.182 12 4.1 36.6
0 3925.296 9 4.1 36.6
0 3925.397 10 4.1 36.6
0 3925.497 10 4.1 36.6
0 3925.699 5 4.1 36.6
0 3925.714 68 4.1 36.6
0 3925.913 5 4.1 36.6
0 3925.926 74 4.1 36.6
0 3926.239 3 4.1 36.6
0 3926.34 10 4.1 36.6
0 3926.52 6 4.1 36.6
0 3926.533 78 4.1 36.6
0 3926.664 8 4.1 36.6
0 3926.761 10 4.1 36.6
0 3926.867 9 4.1 36.6
0 3927.06 5 4.1 36.6
0 3927.073 75 4.1 36.6
0 3927.18 9 4.1 36.6
0 3927.37 5 4.1 36.6
0 3927.385 67 4.1 36.6
0 3927.511 8 4.1 36.6
0 3927.608 10 4.1 36.6
0 3927.695 11 4.1 36.6
0 3927.908 5 4.1 36.6
0 3927.923 71 4.1 36.6
0 3928.051 8 4.1 36.6
0 3928.15 10 4.1 36.6
0 3928.251 10 4.1 36.6
0 3928.353 10 4.1 36.6
0 3928.456 10 4.1 36.6
0 3928.551 10 4.1 36.6
0 3928.651 10 4.1 36.6
0 3928.748 10 4.1 36.6
0 3928.952 5 4.1 36.6
0 3929.05 10 4.1 36.6
0 3929.064 70 4.1 36.6
0 3929.253 5 4.1 36.6
0 3929.256 320 4.1 36.6
0 3929.369 9 4.1 36.6
0 3929.475 9 4.1 36.6
0 3929.597 8 4.1 36.6
0 3929.676 13 4.1 36.6
0 3929.896 5 4.1 36.6
0 3929.909 76 4.1 36.6
0 3930.042 8 4.1 36.6
0 3930.132 11 4.1 36.6
0 3930.237 9 4.1 36.6
0 3930.339 10 4.1 36.6
0 3930.433 11 4.1 36.6
0 3930.535 10 4.1 36.6
0 3930.74 5 4.1 36.6
0 3930.753 77 4.1 36.6
0 3930.969 5 4.1 36.6
0 3930.983 72 4.1 36.6
0 3931.301 3 4.1 36.6
0 3931.401 10 4.7 36.7
0 3931.584 5 4.7 36.7
0 3931.598 73 4.7 36.7
0 3931.727 8 4.7 36.7
0 3931.828 10 4.7 36.7
0 3931.917 11 4.7 36.7
0 3932.13 5 4.7 36.7
0 3932.143 75 4.7 36.7
0 3932.269 8 4.7 36.7
0 3932.473 5 4.7 36.7
0 3932.487 73 4.7 36.7
0 3932.615 8 4.7 36.7
0 3932.7 12 4.7 36.7
0 3932.912 5 4.7 36.7
0 3932.926 74 4.7 36.7
0 3933.054 8 4.7 36.7
0 3933.151 10 4.7 36.7
0 3933.253 10 4.7 36.7
0 3933.354 10 4.7 36.7
0 3933.457 10 4.7 36.7
0 3933.552 11 4.7 36.7
0 3933.653 10 4.7 36.7
0 3933.755 10 4.7 36.7
0 3933.946 5 4.7 36.7
0 3933.962 66 4.7 36.7
0 3934.088 8 4.7 36.7
0 3934.264 6 4.7 36.7
0 3934.278 72 4.7 36.7
0 3934.394 9 4.7 36.7
0 3934.499 10 4.7 36.7
0 3934.595 10 4.7 36.7
0 3934.681 12 4.7 36.7
0 3934.911 4 4.7 36.7
0 3934.924 76 4.7 36.7
0 3935.055 8 4.7 36.7
0 3935.144 11 4.7 36.7
0 3935.251 9 4.7 36.7
0 3935.354 10 4.7 36.7
0 3935.452 10 4.7 36.7
0 3935.556 10 4.7 36.7
0 3935.749 5 4.7 36.7
0 3935.762 78 4.7 36.7
0 3935.878 9 4.7 36.7
0 3936.086 5 4.7 36.7
0 3936.101 67 4.7 36.7
0 3936.408 3 4.7 36.7
0 3936.674 4 4.7 36.7
0 3936.689 68 4.7 36.7
0 3936.815 8 4.7 36.7
0 3936.909 11 4.7 36.7
0 3937.012 10 4.7 36.7
0 3937.216 5 4.7 36.7
0 3937.231 67 4.7 36.7
0 3937.357 8 4.7 36.7
0 3937.554 5 4.7 36.7
0 3937.568 71 4.7 36.7
0 3937.678 9 4.7 36.7
0 3937.799 8 4.7 36.7
0 3937.985 5 4.7 36.7
0 3937.998 77 4.7 36.7
0 3938.128 8 4.7 36.7
0 3938.228 10 4.7 36.7
0 3938.322 11 4.7 36.7
0 3938.417 11 4.7 36.7
0 3938.515 10 4.7 36.7
0 3938.621 9 4.7 36.7
0 3938.729 9 4.7 36.7
0 3938.833 10 4.7 36.7
0 3939.013 6 4.7 36.7
0 3939.025 79 4.7 36.7
0 3939.153 8 4.7 36.7
0 3939.35 5 4.7 36.7
0 3939.364 73 4.7 36.7
0 3939.49 8 4.7 36.7
0 3939.592 10 4.7 36.7
0 3939.677 12 4.7 36.7
0 3939.793 9 4.7 36.7
0 3939.99 5 4.7 36.7
0 3940.003 77 4.7 36.7
0 3940.129 8 4.7 36.7
0 3940.223 11 4.7 36.7
0 3940.333 9 4.7 36.7
0 3940.433 10 4.7 36.7
0 3940.535 10 4.7 36.7
0 3940.633 10 4.7 36.7
0 3940.828 5 4.7 36.7
0 3940.843 69 4.7 36.7
0 3940.971 8 4.7 36.7
0 3941.179 5 4.7 36.7
0 3941.192 75 4.7 36.7
0 3941.522 3 4.5 36.8
0 3941.795 4 4.5 36.8
0 3941.809 73 4.5 36.8
0 3941.912 10 4.5 36.8
0 3942.014 10 4.5 36.8
0 3942.301 3 4.5 36.8
0 3942.305 277 4.5 36.8
0 3942.414 9 4.5 36.8
0 3942.621 5 4.5 36.8
0 3942.625 263 4.5 36.8
0 3942.743 8 4.5 36.8
0 3942.84 10 4.5 36.8
0 3943.02 6 4.5 36.8
0 3943.025 210 4.5 36.8
0 3943.136 9 4.5 36.8
0 3943.245 9 4.5 36.8
0 3943.341 10 4.5 36.8
0 3943.436 11 4.5 36.8
0 3943.536 10 4.5 36.8
0 3943.64 10 4.5 36.8
0 3943.737 10 4.5 36.8
0 3943.849 9 4.5 36.8
0 3944.04 5 4.5 36.8
0 3944.043 292 4.5 36.8
0 3944.156 9 4.5 36.8
0 3944.254 10 4.5 36.8
0 3944.462 5 4.5 36.8
0 3944.465 308 4.5 36.8
0 3944.574 9 4.5 36.8
0 3944.672 10 4.5 36.8
0 3944.778 9 4.5 36.8
0 3944.878 10 4.5 36.8
0 3945.096 5 4.5 36.8
0 3945.099 317 4.5 36.8
0 3945.213 9 4.5 36.8
0 3945.313 10 4.5 36.8
0 3945.414 10 4.5 36.8
0 3945.515 10 4.5 36.8
0 3945.621 10 4.5 36.8
0 3945.714 11 4.5 36.8
0 3945.916 5 4.5 36.8
0 3945.92 252 4.5 36.8
0 3946.033 9 4.5 36.8
0 3946.241 5 4.5 36.8
0 3946.245 252 4.5 36.8
0 3946.543 3 4.5 36.8
0 3946.807 4 4.5 36.8
0 3946.812 205 4.5 36.8
0 3946.922 9 4.5 36.8
0 3947.022 10 4.5 36.8
0 3947.312 3 4.5 36.8
0 3947.317 229 4.5 36.8
0 3947.453 7 4.5 36.8
0 3947.628 6 4.5 36.8
0 3947.641 77 4.5 36.8
0 3947.781 7 4.5 36.8
0 3947.879 10 4.5 36.8
0 3948.064 5 4.5 36.8
0 3948.077 79 4.5 36.8
0 3948.189 9 4.5 36.8
0 3948.317 8 4.5 36.8
0 3948.398 12 4.5 36.8
0 3948.531 8 4.5 36.8
0 3948.63 10 4.5 36.8
0 3948.707 13 4.5 36.8
0 3948.837 8 4.5 36.8
0 3948.912 13 4.5 36.8
0 3949.101 5 4.5 36.8
0 3949.124 44 4.5 36.8
0 3949.255 8 4.5 36.8
0 3949.367 9 4.5 36.8
0 3949.541 6 4.5 36.8
0 3949.564 43 4.5 36.8
0 3949.688 8 4.5 36.8
0 3949.801 9 4.5 36.8
0 3949.908 9 4.5 36.8
0 3950.003 11 4.5 36.8
0 3950.183 6 4.5 36.8
0 3950.206 43 4.5 36.8
0 3950.35 7 4.5 36.8
0 3950.437 11 4.5 36.8
0 3950.541 10 4.5 36.8
0 3950.649 9 4.5 36.8
0 3950.742 11 4.5 36.8
0 3950.843 10 4.5 36.8
0 3950.943 10 4.5 36.8
0 3951.034 11 4.5 36.8
0 3951.142 9 4.5 36.8
0 3951.33 5 4.5 36.8
0 3951.354 42 4.5 36.8
0 3951.466 9 4.5 36.8
0 3951.687 5 4.6 36.8
0 3951.977 3 4.6 36.8
0 3952.004 37 4.6 36.8
0 3952.123 8 4.6 36.8
0 3952.379 4 4.6 36.8
0 3952.402 42 4.6 36.8
0 3952.535 8 4.6 36.8
0 3952.732 5 4.6 36.8
0 3952.758 39 4.6 36.8
0 3952.897 7 4.6 36.8
0 3953.074 6 4.6 36.8
0 3953.101 37 4.6 36.8
0 3953.214 9 4.6 36.8
0 3953.339 8 4.6 36.8
0 3953.428 11 4.6 36.8
0 3953.523 11 4.6 36.8
0 3953.637 9 4.6 36.8
0 3953.731 11 4.6 36.8
0 3953.818 11 4.6 36.8
0 3953.925 9 4.6 36.8
0 3954.133 5 4.6 36.8
0 3954.156 43 4.6 36.8
0 3954.289 8 4.6 36.8
0 3954.391 10 4.6 36.8
0 3954.566 6 4.6 36.8
0 3954.592 39 4.6 36.8
0 3954.727 7 4.6 36.8
0 3954.817 11 4.6 36.8
0 3954.981 6 4.6 36.8
0 3954.994 76 4.6 36.8
0 3955.199 5 4.6 36.8
0 3955.212 74 4.6 36.8
0 3955.333 8 4.6 36.8
0 3955.429 10 4.6 36.8
0 3955.532 10 4.6 36.8
0 3955.641 9 4.6 36.8
0 3955.739 10 4.6 36.8
0 3955.853 9 4.6 36.8
0 3955.945 11 4.6 36.8
0 3956.043 10 4.6 36.8
0 3956.146 10 4.6 36.8
0 3956.248 10 4.6 36.8
0 3956.434 5 4.6 36.8
0 3956.448 68 4.6 36.8
0 3956.57 8 4.6 36.8
0 3956.766 5 4.6 36.8
0 3957.036 4 4.6 36.8
0 3957.048 78 4.6 36.8
0 3957.179 8 4.6 36.8
0 3957.444 4 4.6 36.8
0 3957.46 63 4.6 36.8
0 3957.59 8 4.6 36.8
0 3957.771 6 4.6 36.8
0 3957.784 76 4.6 36.8
0 3957.917 7 4.6 36.8
0 3958.101 5 4.6 36.8
0 3958.114 78 4.6 36.8
0 3958.246 8 4.6 36.8
0 3958.421 6 4.6 36.8
0 3958.425 293 4.6 36.8
0 3958.538 9 4.6 36.8
0 3958.648 9 4.6 36.8
0 3958.734 12 4.6 36.8
0 3958.835 10 4.6 36.8
0 3958.935 10 4.6 36.8
0 3959.134 5 4.6 36.8
0 3959.139 191 4.6 36.8
0 3959.255 9 4.6 36.8
0 3959.348 11 4.6 36.8
0 3959.475 8 4.6 36.8
0 3959.653 6 4.6 36.8
0 3959.666 80 4.6 36.8
0 3959.803 7 4.6 36.8
0 3959.898 10 4.6 36.8
0 3960.082 5 4.6 36.8
0 3960.094 79 4.6 36.8
0 3960.316 5 4.6 36.8
0 3960.33 72 4.6 36.8
0 3960.458 8 4.6 36.8
0 3960.549 11 4.6 36.8
0 3960.661 9 4.6 36.8
0 3960.755 11 4.6 36.8
0 3960.867 9 4.6 36.8
0 3960.953 12 4.6 36.8
0 3961.054 10 4.6 36.8
0 3961.164 9 4.6 36.8
0 3961.255 11 4.6 36.8
0 3961.37 9 4.6 36.8
0 3961.462 11 4.6 36.8
0 3961.554 11 4.6 36.8
0 3961.747 5 5.0 36.8
0 3961.762 70 5.0 36.8
0 3962.136 3 5.0 36.8
0 3962.148 79 5.0 36.8
0 3962.35 5 5.0 36.8
0 3962.449 10 5.0 36.8
0 3962.463 68 5.0 36.8
0 3962.596 8 5.0 36.8
0 3962.779 5 5.0 36.8
0 3962.792 73 5.0 36.8
0 3962.928 7 5.0 36.8
0 3963.102 6 5.0 36.8
0 3963.115 78 5.0 36.8
0 3963.248 7 5.0 36.8
0 3963.433 5 5.0 36.8
0 3963.447 69 5.0 36.8
0 3963.558 9 5.0 36.8
0 3963.674 9 5.0 36.8
0 3963.779 10 5.0 36.8
0 3963.881 10 5.0 36.8
0 3963.983 10 5.0 36.8
0 3964.144 6 5.0 36.8
0 3964.158 71 5.0 36.8
0 3964.291 8 5.0 36.8
0 3964.39 10 5.0 36.8
0 3964.494 10 5.0 36.8
0 3964.668 6 5.0 36.8
0 3964.681 75 5.0 36.8
0 3964.783 10 5.0 36.8
0 3964.899 9 5.0 36.8
0 3965.098 5 5.0 36.8
0 3965.184 12 5.0 36.8
0 3965.29 9 5.0 36.8
0 3965.302 84 5.0 36.8
0 3965.409 9 5.0 36.8
0 3965.517 9 5.0 36.8
0 3965.614 10 5.0 36.8
0 3965.712 10 5.0 36.8
0 3965.817 9 5.0 36.8
0 3965.917 10 5.0 36.8
0 3966.018 10 5.0 36.8
0 3966.113 11 5.0 36.8
0 3966.213 10 5.0 36.8
0 3966.319 9 5.0 36.8
0 3966.408 11 5.0 36.8
0 3966.523 9 5.0 36.8
0 3966.614 11 5.0 36.8
0 3966.822 5 5.0 36.8
0 3966.827 194 5.0 36.8
0 3967.2 3 5.0 36.8
0 3967.204 238 5.0 36.8
0 3967.503 3 5.0 36.8
0 3967.507 285 5.0 36.8
0 3967.62 9 5.0 36.8
0 3967.826 5 5.0 36.8
0 3967.829 298 5.0 36.8
0 3967.946 9 5.0 36.8
0 3968.146 5 5.0 36.8
0 3968.15 280 5.0 36.8
0 3968.28 8 5.0 36.8
0 3968.487 5 5.0 36.8
0 3968.502 68 5.0 36.8
0 3968.63 8 5.0 36.8
0 3968.713 12 5.0 36.8
0 3968.829 9 5.0 36.8
0 3968.926 10 5.0 36.8
0 3969.03 10 5.0 36.8
0 3969.215 5 5.0 36.8
0 3969.229 76 5.0 36.8
0 3969.354 8 5.0 36.8
0 3969.461 9 5.0 36.8
0 3969.535 13 5.0 36.8
0 3969.742 5 5.0 36.8
0 3969.754 83 5.0 36.8
0 3969.888 7 5.0 36.8
0 3969.988 10 5.0 36.8
0 3970.25 4 5.0 36.8
0 3970.349 10 5.0 36.8
0 3970.364 67 5.0 36.8
0 3970.496 8 5.0 36.8
0 3970.596 10 5.0 36.8
0 3970.686 11 5.0 36.8
0 3970.798 9 5.0 36.8
0 3970.869 14 5.0 36.8
0 3970.992 8 5.0 36.8
0 3971.098 9 5.0 36.8
0 3971.187 11 5.0 36.8
0 3971.297 9 5.0 36.8
0 3971.387 11 5.0 36.8
0 3971.497 9 5.0 36.8
0 3971.597 10 5.0 36.8
0 3971.69 11 5.0 36.8
0 3971.893 5 4.4 36.8
0 3971.907 71 4.4 36.8
0 3972.286 3 4.4 36.8
0 3972.3 74 4.4 36.8
0 3972.602 3 4.4 36.8
0 3972.616 69 4.4 36.8
0 3972.749 8 4.4 36.8
0 3972.843 11 4.4 36.8
0 3972.945 10 4.4 36.8
0 3973.039 11 4.4 36.8
0 3973.21 6 4.4 36.8
0 3973.224 71 4.4 36.8
0 3973.359 7 4.4 36.8
0 3973.552 5 4.4 36.8
0 3973.566 72 4.4 36.8
0 3973.686 8 4.4 36.8
0 3973.8 9 4.4 36.8
0 3973.9 10 4.4 36.8
0 3973.996 10 4.4 36.8
0 3974.092 10 4.4 36.8
0 3974.278 5 4.4 36.8
0 3974.292 74 4.4 36.8
0 3974.424 8 4.4 36.8
0 3974.522 10 4.4 36.8
0 3974.623 10 4.4 36.8
0 3974.78 6 4.4 36.8
0 3974.793 75 4.4 36.8
0 3974.928 7 4.4 36.8
0 3975.023 11 4.4 36.8
0 3975.296 4 4.4 36.8
0 3975.396 10 4.4 36.8
0 3975.41 77 4.4 36.8
0 3975.539 8 4.4 36.8
0 3975.64 10 4.4 36.8
0 3975.739 10 4.4 36.8
0 3975.835 10 4.4 36.8
0 3975.939 10 4.4 36.8
0 3976.045 9 4.4 36.8
0 3976.134 11 4.4 36.8
0 3976.239 10 4.4 36.8
0 3976.336 10 4.4 36.8
0 3976.444 9 4.4 36.8
0 3976.541 10 4.4 36.8
0 3976.64 10 4.4 36.8
0 3976.74 10 4.4 36.8
0 3976.925 5 4.4 36.8
0 3976.939 69 4.4 36.8
0 3977.306 3 4.4 36.8
0 3977.32 73 4.4 36.8
0 3977.604 4 4.4 36.8
0 3977.616 79 4.4 36.8
0 3977.749 8 4.4 36.8
0 3977.847 10 4.4 36.8
0 3977.948 10 4.4 36.8
0 3978.05 10 4.4 36.8
0 3978.22 6 4.4 36.8
0 3978.232 80 4.4 36.8
0 3978.364 8 4.4 36.8
0 3978.544 6 4.4 36.8
0 3978.558 71 4.4 36.8
0 3978.685 8 4.4 36.8
0 3978.789 10 4.4 36.8
0 3978.888 10 4.4 36.8
0 3978.984 10 4.4 36.8
0 3979.092 9 4.4 36.8
0 3979.185 11 4.4 36.8
0 3979.346 6 4.4 36.8
0 3979.359 76 4.4 36.8
0 3979.491 8 4.4 36.8
0 3979.574 12 4.4 36.8
0 3979.667 11 4.4 36.8
0 3979.851 5 4.4 36.8
0 3979.864 76 4.4 36.8
0 3979.999 7 4.4 36.8
0 3980.084 12 4.4 36.8
0 3980.352 4 4.4 36.8
0 3980.45 10 4.4 36.8
0 3980.464 73 4.4 36.8
0 3980.601 7 4.4 36.8
0 3980.694 11 4.4 36.8
0 3980.79 10 4.4 36.8
0 3980.896 9 4.4 36.8
0 3980.996 10 4.4 36.8
0 3981.104 9 4.4 36.8
0 3981.186 12 4.4 36.8
0 3981.3 9 4.4 36.8
0 3981.387 12 4.4 36.8
0 3981.495 9 4.4 36.8
0 3981.586 11 4.4 36.8
0 3981.769 5 4.4 36.8
0 3981.774 241 4.4 36.8
0 3982.003 4 4.7 36.8
0 3982.007 301 4.7 36.8
0 3982.384 3 4.7 36.8
0 3982.389 210 4.7 36.8
0 3982.682 3 4.7 36.8
0 3982.686 304 4.7 36.8
0 3982.797 9 4.7 36.8
0 3982.909 9 4.7 36.8
0 3982.998 11 4.7 36.8
0 3983.087 11 4.7 36.8
0 3983.27 5 4.7 36.8
0 3983.289 55 4.7 36.8
0 3983.409 8 4.7 36.8
0 3983.607 5 4.7 36.8
0 3983.611 271 4.7 36.8
0 3983.722 9 4.7 36.8
0 3983.821 10 4.7 36.8
0 3983.934 9 4.7 36.8
0 3984.017 12 4.7 36.8
0 3984.121 10 4.7 36.8
0 3984.222 10 4.7 36.8
0 3984.43 5 4.7 36.8
0 3984.437 141 4.7 36.8
0 3984.542 9 4.7 36.8
0 3984.644 10 4.7 36.8
0 3984.743 10 4.7 36.8
0 3984.949 5 4.7 36.8
0 3984.953 249 4.7 36.8
0 3985.063 9 4.7 36.8
0 3985.164 10 4.7 36.8
0 3985.455 3 4.7 36.8
0 3985.546 11 4.7 36.8
0 3985.559 82 4.7 36.8
0 3985.664 9 4.7 36.8
0 3985.769 10 4.7 36.8
0 3985.87 10 4.7 36.8
0 3985.977 9 4.7 36.8
0 3986.076 10 4.7 36.8
0 3986.169 11 4.7 36.8
0 3986.269 10 4.7 36.8
0 3986.37 10 4.7 36.8
0 3986.473 10 4.7 36.8
0 3986.58 9 4.7 36.8
0 3986.67 11 4.7 36.8
0 3986.875 5 4.7 36.8
0 3986.878 309 4.7 36.8
0 3987.091 5 4.7 36.8
0 3987.097 167 4.7 36.8
0 3987.456 3 4.7 36.8
0 3987.459 310 4.7 36.8
0 3987.755 3 4.7 36.8
0 3987.759 293 4.7 36.8
0 3987.869 9 4.7 36.8
0 3987.969 10 4.7 36.8
0 3988.073 10 4.7 36.8
0 3988.17 10 4.7 36.8
0 3988.38 5 4.7 36.8
0 3988.384 325 4.7 36.8
0 3988.495 9 4.7 36.8
0 3988.702 5 4.7 36.8
0 3988.706 278 4.7 36.8
0 3988.82 9 4.7 36.8
0 3988.925 9 4.7 36.8
0 3989.016 11 4.7 36.8
0 3989.119 10 4.7 36.8
0 3989.206 12 4.7 36.8
0 3989.32 9 4.7 36.8
0 3989.525 5 4.7 36.8
0 3989.528 309 4.7 36.8
0 3989.641 9 4.7 36.8
0 3989.744 10 4.7 36.8
0 3989.843 10 4.7 36.8
0 3990.048 5 4.7 36.8
0 3990.052 297 4.7 36.8
0 3990.161 9 4.7 36.8
0 3990.261 10 4.7 36.8
0 3990.522 4 4.7 36.8
0 3990.611 11 4.7 36.8
0 3990.628 59 4.7 36.8
0 3990.738 9 4.7 36.8
0 3990.836 10 4.7 36.8
0 3990.941 10 4.7 36.8
0 3991.036 10 4.7 36.8
0 3991.146 9 4.7 36.8
0 3991.237 11 4.7 36.8
0 3991.337 10 4.7 36.8
0 3991.436 10 4.7 36.8
0 3991.539 10 4.7 36.8
0 3991.628 11 4.7 36.8
0 3991.749 8 4.7 36.8
0 3991.933 5 4.7 36.8
0 3991.937 277 4.7 36.8
0 3992.157 5 3.6 36.9
0 3992.161 293 3.6 36.9
0 3992.519 3 3.6 36.9
0 3992.523 285 3.6 36.9
0 3992.817 3 3.6 36.9
0 3992.82 259 3.6 36.9
0 3992.932 9 3.6 36.9
0 3993.041 9 3.6 36.9
0 3993.131 11 3.6 36.9
0 3993.231 10 3.6 36.9
0 3993.442 5 3.6 36.9
0 3993.454 80 3.6 36.9
0 3993.596 7 3.6 36.9
0 3993.769 6 3.6 36.9
0 3993.782 78 3.6 36.9
0 3993.908 8 3.6 36.9
0 3994.014 9 3.6 36.9
0 3994.123 9 3.6 36.9
0 3994.197 13 3.6 36.9
0 3994.315 8 3.6 36.9
0 3994.415 10 3.6 36.9
0 3994.583 6 3.6 36.9
0 3994.597 69 3.6 36.9
0 3994.723 8 3.6 36.9
0 3994.825 10 3.6 36.9
0 3994.922 10 3.6 36.9
0 3995.104 5 3.6 36.9
0 3995.117 77 3.6 36.9
0 3995.239 8 3.6 36.9
0 3995.348 9 3.6 36.9
0 3995.531 5 3.6 36.9
0 3995.628 10 3.6 36.9
0 3995.644 62 3.6 36.9
0 3995.776 8 3.6 36.9
0 3995.876 10 3.6 36.9
0 3995.976 10 3.6 36.9
0 3996.077 10 3.6 36.9
0 3996.178 10 3.6 36.9
0 3996.276 10 3.6 36.9
0 3996.374 10 3.6 36.9
0 3996.473 10 3.6 36.9
0 3996.574 10 3.6 36.9
0 3996.654 13 3.6 36.9
0 3996.785 8 3.6 36.9
0 3996.961 6 3.6 36.9
0 3996.975 73 3.6 36.9
0 3997.217 4 3.6 36.9
0 3997.23 77 3.6 36.9
0 3997.615 3 3.6 36.9
0 3997.629 67 3.6 36.9
0 3997.923 3 3.6 36.9
0 3997.935 80 3.6 36.9
0 3998.073 7 3.6 36.9
0 3998.162 11 3.6 36.9
0 3998.264 10 3.6 36.9
0 3998.45 5 3.6 36.9
0 3998.463 75 3.6 36.9
0 3998.601 7 3.6 36.9
0 3998.674 14 3.6 36.9
0 3998.881 5 3.6 36.9
0 3998.893 78 3.6 36.9
0 3999.017 8 3.6 36.9
0 3999.132 9 3.6 36.9
0 3999.203 14 3.6 36.9
0 3999.326 8 3.6 36.9
0 3999.401 13 3.6 36.9
0 3999.612 5 3.6 36.9
0 3999.625 74 3.6 36.9
0 3999.754 8 3.6 36.9
0 3999.857 10 3.6 36.9
0 3999.935 13 3.6 36.9
0 4000.143 5 3.6 36.9
0 4000.156 75 3.6 36.9
0 4000.267 9 3.6 36.9
0 4000.388 8 3.6 36.9
0 4000.548 6 3.6 36.9
0 4000.648 10 3.6 36.9
0 4000.662 74 3.6 36.9
0 4000.8 7 3.6 36.9
0 4000.891 11 3.6 36.9
0 4000.968 13 3.6 36.9
0 4001.095 8 3.6 36.9
0 4001.194 10 3.6 36.9
0 4001.296 10 3.6 36.9
0 4001.39 11 3.6 36.9
0 4001.475 12 3.6 36.9
0 4001.591 9 3.6 36.9
0 4001.693 10 3.6 36.9
0 4001.798 10 3.6 36.9
0 4001.979 6 3.6 36.9
0 4001.991 80 3.6 36.9
0 4002.206 5 4.5 36.9
0 4002.22 69 4.5 36.9
0 4002.352 8 4.5 36.9
0 4002.703 3 4.5 36.9
0 4002.715 78 4.5 36.9
0 4003.013 3 4.5 36.9
0 4003.026 77 4.5 36.9
0 4003.159 7 4.5 36.9
0 4003.256 10 4.5 36.9
0 4003.338 12 4.5 36.9
0 4003.542 5 4.5 36.9
0 4003.555 76 4.5 36.9
0 4003.685 8 4.5 36.9
0 4003.792 9 4.5 36.9
0 4003.979 5 4.5 36.9
0 4003.993 73 4.5 36.9
0 4004.133 7 4.5 36.9
0 4004.199 15 4.5 36.9
0 4004.321 8 4.5 36.9
0 4004.412 11 4.5 36.9
0 4004.504 11 4.5 36.9
0 4004.7 5 4.5 36.9
0 4004.714 75 4.5 36.9
0 4004.833 8 4.5 36.9
0 4004.946 9 4.5 36.9
0 4005.044 10 4.5 36.9
0 4005.234 5 4.5 36.9
0 4005.247 75 4.5 36.9
0 4005.369 8 4.5 36.9
0 4005.467 10 4.5 36.9
0 4005.742 4 4.5 36.9
0 4005.832 11 4.5 36.9
0 4005.847 67 4.5 36.9
0 4005.96 9 4.5 36.9
0 4006.058 10 4.5 36.9
0 4006.156 10 4.5 36.9
0 4006.261 9 4.5 36.9
0 4006.364 10 4.5 36.9
0 4006.455 11 4.5 36.9
0 4006.559 10 4.5 36.9
0 4006.658 10 4.5 36.9
0 4006.763 10 4.5 36.9
0 4006.865 10 4.5 36.9
0 4007.063 5 4.5 36.9
0 4007.066 292 4.5 36.9
0 4007.275 5 4.5 36.9
0 4007.28 204 4.5 36.9
0 4007.393 9 4.5 36.9
0 4007.758 3 4.5 36.9
0 4007.762 257 4.5 36.9
0 4008.069 3 4.5 36.9
0 4008.072 305 4.5 36.9
0 4008.183 9 4.5 36.9
0 4008.286 10 4.5 36.9
0 4008.386 10 4.5 36.9
0 4008.569 5 4.5 36.9
0 4008.573 231 4.5 36.9
0 4008.684 9 4.5 36.9
0 4008.789 10 4.5 36.9
0 4008.98 5 4.5 36.9
0 4008.983 280 4.5 36.9
0 4009.104 8 4.5 36.9
0 4009.191 11 4.5 36.9
0 4009.297 9 4.5 36.9
0 4009.392 11 4.5 36.9
0 4009.495 10 4.5 36.9
0 4009.585 11 4.5 36.9
0 4009.781 5 4.5 36.9
0 4009.784 314 4.5 36.9
0 4009.895 9 4.5 36.9
0 4009.996 10 4.5 36.9
0 4010.096 10 4.5 36.9
0 4010.284 5 4.5 36.9
0 4010.287 325 4.5 36.9
0 4010.405 8 4.5 36.9
0 4010.494 11 4.5 36.9
0 4010.787 3 4.5 36.9
0 4010.878 11 4.5 36.9
0 4010.891 74 4.5 36.9
0 4011.006 9 4.5 36.9
0 4011.101 11 4.5 36.9
0 4011.193 11 4.5 36.9
0 4011.307 9 4.5 36.9
0 4011.409 10 4.5 36.9
0 4011.507 10 4.5 36.9
0 4011.601 11 4.5 36.9
0 4011.693 11 4.5 36.9
0 4011.806 9 4.5 36.9
0 4011.908 10 4.5 36.9
0 4012.108 5 4.5 36.9
0 4012.111 304 4.5 36.9
0 4012.304 5 4.0 36.9
0 4012.313 102 4.0 36.9
0 4012.43 9 4.0 36.9
0 4012.797 3 4.0 36.9
0 4012.8 296 4.0 36.9
0 4013.1 3 4.0 36.9
0 4013.104 254 4.0 36.9
0 4013.214 9 4.0 36.9
0 4013.319 10 4.0 36.9
0 4013.414 11 4.0 36.9
0 4013.618 5 4.0 36.9
0 4013.623 234 4.0 36.9
0 4013.733 9 4.0 36.9
0 4013.836 10 4.0 36.9
0 4014.036 5 4.0 36.9
0 4014.04 285 4.0 36.9
0 4014.156 9 4.0 36.9
0 4014.251 10 4.0 36.9
0 4014.354 10 4.0 36.9
0 4014.451 10 4.0 36.9
0 4014.551 10 4.0 36.9
0 4014.659 9 4.0 36.9
0 4014.85 5 4.0 36.9
0 4014.854 291 4.0 36.9
0 4014.965 9 4.0 36.9
0 4015.063 10 4.0 36.9
0 4015.177 9 4.0 36.9
0 4015.376 5 4.0 36.9
0 4015.38 289 4.0 36.9
0 4015.49 9 4.0 36.9
0 4015.588 10 4.0 36.9
0 4015.875 3 4.0 36.9
0 4015.965 11 4.0 36.9
0 4015.98 65 4.0 36.9
0 4016.091 9 4.0 36.9
0 4016.19 10 4.0 36.9
0 4016.302 9 4.0 36.9
0 4016.38 13 4.0 36.9
0 4016.493 9 4.0 36.9
0 4016.59 10 4.0 36.9
0 4016.702 9 4.0 36.9
0 4016.829 8 4.0 36.9
0 4016.939 9 4.0 36.9
0 4017.122 5 4.0 36.9
0 4017.144 45 4.0 36.9
0 4017.356 5 4.0 36.9
0 4017.383 37 4.0 36.9
0 4017.519 7 4.0 36.9
0 4017.848 3 4.0 36.9
0 4017.873 41 4.0 36.9
0 4018.175 3 4.0 36.9
0 4018.199 43 4.0 36.9
0 4018.311 9 4.0 36.9
0 4018.406 11 4.0 36.9
0 4018.513 9 4.0 36.9
0 4018.704 5 4.0 36.9
0 4018.718 71 4.0 36.9
0 4018.846 8 4.0 36.9
0 4018.928 12 4.0 36.9
0 4019.129 5 4.0 36.9
0 4019.143 70 4.0 36.9
0 4019.262 8 4.0 36.9
0 4019.358 10 4.0 36.9
0 4019.474 9 4.0 36.9
0 4019.571 10 4.0 36.9
0 4019.674 10 4.0 36.9
0 4019.849 6 4.0 36.9
0 4019.862 77 4.0 36.9
0 4019.994 8 4.0 36.9
0 4020.091 10 4.0 36.9
0 4020.196 10 4.0 36.9
0 4020.27 13 4.0 36.9
0 4020.481 5 4.0 36.9
0 4020.495 72 4.0 36.9
0 4020.621 8 4.0 36.9
0 4020.705 12 4.0 36.9
0 4020.91 5 4.0 36.9
0 4021.01 10 4.0 36.9
0 4021.023 77 4.0 36.9
0 4021.155 8 4.0 36.9
0 4021.254 10 4.0 36.9
0 4021.357 10 4.0 36.9
0 4021.446 11 4.0 36.9
0 4021.55 10 4.0 36.9
0 4021.655 9 4.0 36.9
0 4021.752 10 4.0 36.9
0 4021.858 9 4.0 36.9
0 4021.953 11 4.0 36.9
0 4022.16 5 4.0 36.9
0 4022.174 72 4.0 36.9
0 4022.406 4 4.4 36.9
0 4022.42 71 4.4 36.9
0 4022.55 8 4.4 36.9
0 4022.902 3 4.4 36.9
0 4022.917 69 4.4 36.9
0 4023.21 3 4.4 36.9
0 4023.223 78 4.4 36.9
0 4023.347 8 4.4 36.9
0 4023.458 9 4.4 36.9
0 4023.528 14 4.4 36.9
0 4023.735 5 4.4 36.9
0 4023.748 78 4.4 36.9
0 4023.874 8 4.4 36.9
0 4023.983 9 4.4 36.9
0 4024.172 5 4.4 36.9
0 4024.186 73 4.4 36.9
0 4024.318 8 4.4 36.9
0 4024.396 13 4.4 36.9
0 4024.51 9 4.4 36.9
0 4024.6 11 4.4 36.9
0 4024.708 9 4.4 36.9
0 4024.91 5 4.4 36.9
0 4024.923 77 4.4 36.9
0 4025.052 8 4.4 36.9
0 4025.146 11 4.4 36.9
0 4025.245 10 4.4 36.9
0 4025.346 10 4.4 36.9
0 4025.541 5 4.4 36.9
0 4025.556 66 4.4 36.9
0 4025.686 8 4.4 36.9
0 4025.81 8 4.4 36.9
0 4026.0 5 4.4 36.9
0 4026.111 9 4.4 36.9
0 4026.135 43 4.4 36.9
0 4026.28 7 4.4 36.9
0 4026.376 10 4.4 36.9
0 4026.47 11 4.4 36.9
0 4026.575 10 4.4 36.9
0 4026.685 9 4.4 36.9
0 4026.776 11 4.4 36.9
0 4026.874 10 4.4 36.9
0 4026.98 9 4.4 36.9
0 4027.168 5 4.4 36.9
0 4027.196 36 4.4 36.9
0 4027.415 5 4.4 36.9
0 4027.428 78 4.4 36.9
0 4027.56 8 4.4 36.9
0 4027.719 6 4.4 36.9
0 4027.733 71 4.4 36.9
0 4028.025 3 4.4 36.9
0 4028.125 10 4.4 36.9
0 4028.224 10 4.4 36.9
0 4028.242 57 4.4 36.9
0 4028.368 8 4.4 36.9
0 4028.467 10 4.4 36.9
0 4028.57 10 4.4 36.9
0 4028.765 5 4.4 36.9
0 4028.779 71 4.4 36.9
0 4028.908 8 4.4 36.9
0 4029.008 10 4.4 36.9
0 4029.184 6 4.4 36.9
0 4029.198 73 4.4 36.9
0 4029.339 7 4.4 36.9
0 4029.424 12 4.4 36.9
0 4029.526 10 4.4 36.9
0 4029.608 12 4.4 36.9
0 4029.721 9 4.4 36.9
0 4029.921 5 4.4 36.9
0 4029.935 70 4.4 36.9
0 4030.066 8 4.4 36.9
0 4030.164 10 4.4 36.9
0 4030.261 10 4.4 36.9
0 4030.367 9 4.4 36.9
0 4030.552 5 4.4 36.9
0 4030.565 78 4.4 36.9
0 4030.696 8 4.4 36.9
0 4030.797 10 4.4 36.9
0 4030.882 12 4.4 36.9
0 4031.078 5 4.4 36.9
0 4031.179 10 4.4 36.9
0 4031.191 79 4.4 36.9
0 4031.323 8 4.4 36.9
0 4031.398 13 4.4 36.9
0 4031.516 8 4.4 36.9
0 4031.625 9 4.4 36.9
0 4031.712 11 4.4 36.9
0 4031.826 9 4.4 36.9
0 4031.923 10 4.4 36.9
0 4032.023 10 4.4 36.9
0 4032.225 5 4.4 36.9
0 4032.238 73 4.4 36.9
0 4032.453 5 4.8 36.9
0 4032.467 72 4.8 36.9
0 4032.59 8 4.8 36.9
0 4032.783 5 4.8 36.9
0 4032.796 77 4.8 36.9
0 4033.064 4 4.8 36.9
0 4033.262 5 4.8 36.9
0 4033.275 75 4.8 36.9
0 4033.399 8 4.8 36.9
0 4033.499 10 4.8 36.9
0 4033.605 9 4.8 36.9
0 4033.789 5 4.8 36.9
0 4033.802 82 4.8 36.9
0 4033.927 8 4.8 36.9
0 4034.035 9 4.8 36.9
0 4034.229 5 4.8 36.9
0 4034.244 71 4.8 36.9
0 4034.367 8 4.8 36.9
0 4034.475 9 4.8 36.9
0 4034.571 10 4.8 36.9
0 4034.671 10 4.8 36.9
0 4034.776 10 4.8 36.9
0 4034.971 5 4.8 36.9
0 4034.987 62 4.8 36.9
0 4035.11 8 4.8 36.9
0 4035.204 11 4.8 36.9
0 4035.317 9 4.8 36.9
0 4035.4 12 4.8 36.9
0 4035.597 5 4.8 36.9
0 4035.611 73 4.8 36.9
0 4035.723 9 4.8 36.9
0 4035.844 8 4.8 36.9
0 4035.932 11 4.8 36.9
0 4036.128 5 4.8 36.9
0 4036.229 10 4.8 36.9
0 4036.242 80 4.8 36.9
0 4036.376 7 4.8 36.9
0 4036.457 12 4.8 36.9
0 4036.57 9 4.8 36.9
0 4036.674 10 4.8 36.9
0 4036.777 10 4.8 36.9
0 4036.876 10 4.8 36.9
0 4036.972 10 4.8 36.9
0 4037.07 10 4.8 36.9
0 4037.269 5 4.8 36.9
0 4037.284 67 4.8 36.9
0 4037.496 5 4.8 36.9
0 4037.51 72 4.8 36.9
0 4037.639 8 4.8 36.9
0 4037.813 6 4.8 36.9
0 4037.826 78 4.8 36.9
0 4038.108 4 4.8 36.9
0 4038.286 6 4.8 36.9
0 4038.299 75 4.8 36.9
0 4038.407 9 4.8 36.9
0 4038.521 9 4.8 36.9
0 4038.629 9 4.8 36.9
0 4038.793 6 4.8 36.9
0 4038.806 79 4.8 36.9
0 4038.931 8 4.8 36.9
0 4039.037 9 4.8 36.9
0 4039.225 5 4.8 36.9
0 4039.238 77 4.8 36.9
0 4039.361 8 4.8 36.9
0 4039.462 10 4.8 36.9
0 4039.571 9 4.8 36.9
0 4039.644 14 4.8 36.9
0 4039.767 8 4.8 36.9
0 4039.964 5 4.8 36.9
0 4039.978 69 4.8 36.9
0 4040.109 8 4.8 36.9
0 4040.203 11 4.8 36.9
0 4040.398 5 4.8 36.9
0 4040.411 76 4.8 36.9
0 4040.633 5 4.8 36.9
0 4040.648 69 4.8 36.9
0 4040.768 8 4.8 36.9
0 4040.852 12 4.8 36.9
0 4040.969 9 4.8 36.9
0 4041.144 6 4.8 36.9
0 4041.246 10 4.8 36.9
0 4041.258 78 4.8 36.9
0 4041.387 8 4.8 36.9
0 4041.485 10 4.8 36.9
0 4041.574 11 4.8 36.9
0 4041.689 9 4.8 36.9
0 4041.791 10 4.8 36.9
0 4041.879 11 4.8 36.9
0 4041.984 10 4.8 36.9
0 4042.081 10 4.8 36.9
0 4042.279 5 4.8 36.9
0 4042.293 70 4.8 36.9
0 4042.515 5 4.6 36.9
0 4042.528 79 4.6 36.9
0 4042.655 8 4.6 36.9
0 4042.757 10 4.6 36.9
0 4042.862 10 4.6 36.9
0 4043.019 6 4.6 36.9
0 4043.115 10 4.6 36.9
0 4043.301 5 4.6 36.9
0 4043.316 68 4.6 36.9
0 4043.431 9 4.6 36.9
0 4043.534 10 4.6 36.9
0 4043.639 10 4.6 36.9
0 4043.804 6 4.6 36.9
0 4043.819 67 4.6 36.9
0 4043.94 8 4.6 36.9
0 4044.046 9 4.6 36.9
0 4044.247 5 4.6 36.9
0 4044.26 74 4.6 36.9
0 4044.391 8 4.6 36.9
0 4044.492 10 4.6 36.9
0 4044.587 11 4.6 36.9
0 4044.689 10 4.6 36.9
0 4044.787 10 4.6 36.9
0 4044.992 5 4.6 36.9
0 4045.006 72 4.6 36.9
0 4045.134 8 4.6 36.9
0 4045.219 12 4.6 36.9
0 4045.419 5 4.6 36.9
0 4045.433 70 4.6 36.9
0 4045.651 5 4.6 36.9
0 4045.664 78 4.6 36.9
0 4045.793 8 4.6 36.9
0 4045.893 10 4.6 36.9
0 4045.992 10 4.6 36.9
0 4046.191 5 4.6 36.9
0 4046.29 10 4.6 36.9
0 4046.303 72 4.6 36.9
0 4046.422 8 4.6 36.9
0 4046.535 9 4.6 36.9
0 4046.633 10 4.6 36.9
0 4046.716 12 4.6 36.9
0 4046.831 9 4.6 36.9
0 4046.937 9 4.6 36.9
0 4047.035 10 4.6 36.9
0 4047.134 10 4.6 36.9
0 4047.326 5 4.6 36.9
0 4047.341 67 4.6 36.9
0 4047.559 5 4.6 36.9
0 4047.574 67 4.6 36.9
0 4047.694 8 4.6 36.9
0 4047.801 9 4.6 36.9
0 4047.907 9 4.6 36.9
0 4048.184 4 4.6 36.9
0 4048.366 6 4.6 36.9
0 4048.379 78 4.6 36.9
0 4048.508 8 4.6 36.9
0 4048.608 10 4.6 36.9
0 4048.681 14 4.6 36.9
0 4048.905 4 4.6 36.9
0 4048.918 79 4.6 36.9
0 4049.051 8 4.6 36.9
0 4049.251 5 4.6 36.9
0 4049.264 76 4.6 36.9
0 4049.387 8 4.6 36.9
0 4049.507 8 4.6 36.9
0 4049.609 10 4.6 36.9
0 4049.703 11 4.6 36.9
0 4049.815 9 4.6 36.9
0 4050.007 5 4.6 36.9
0 4050.03 43 4.6 36.9
0 4050.178 7 4.6 36.9
0 4050.263 12 4.6 36.9
0 4050.456 5 4.6 36.9
0 4050.48 42 4.6 36.9
0 4050.704 4 4.6 36.9
0 4050.727 44 4.6 36.9
0 4050.862 7 4.6 36.9
0 4050.958 10 4.6 36.9
0 4051.053 11 4.6 36.9
0 4051.157 10 4.6 36.9
0 4051.33 6 4.6 36.9
0 4051.424 11 4.6 36.9
0 4051.443 52 4.6 36.9
0 4051.575 8 4.6 36.9
0 4051.673 10 4.6 36.9
0 4051.772 10 4.6 36.9
0 4051.879 9 4.6 36.9
0 4051.976 10 4.6 36.9
0 4052.071 11 4.6 36.9
0 4052.165 11 4.6 36.9
0 4052.366 5 4.6 36.9
0 4052.38 74 4.6 36.9
0 4052.601 5 4.8 36.9
0 4052.615 73 4.8 36.9
0 4052.723 9 4.8 36.9
0 4052.85 8 4.8 36.9
0 4052.952 10 4.8 36.9
0 4053.106 6 4.8 36.9
0 4053.204 10 4.8 36.9
0 4053.384 6 4.8 36.9
0 4053.398 70 4.8 36.9
0 4053.522 8 4.8 36.9
0 4053.616 11 4.8 36.9
0 4053.712 10 4.8 36.9
0 4053.816 10 4.8 36.9
0 4054.011 5 4.8 36.9
0 4054.026 71 4.8 36.9
0 4054.144 8 4.8 36.9
0 4054.334 5 4.8 36.9
0 4054.347 78 4.8 36.9
0 4054.48 7 4.8 36.9
0 4054.586 9 4.8 36.9
0 4054.647 16 4.8 36.9
0 4054.779 8 4.8 36.9
0 4054.88 10 4.8 36.9
0 4055.071 5 4.8 36.9
0 4055.086 66 4.8 36.9
0 4055.206 8 4.8 36.9
0 4055.319 9 4.8 36.9
0 4055.497 6 4.8 36.9
0 4055.511 72 4.8 36.9
0 4055.72 5 4.8 36.9
0 4055.734 72 4.8 36.9
0 4055.867 7 4.8 36.9
0 4055.963 10 4.8 36.9
0 4056.067 10 4.8 36.9
0 4056.166 10 4.8 36.9
0 4056.347 6 4.8 36.9
0 4056.445 10 4.8 36.9
0 4056.46 67 4.8 36.9
0 4056.59 8 4.8 36.9
0 4056.687 10 4.8 36.9
0 4056.766 13 4.8 36.9
0 4056.902 7 4.8 36.9
0 4056.992 11 4.8 36.9
0 4057.083 11 4.8 36.9
0 4057.195 9 4.8 36.9
0 4057.358 6 4.8 36.9
0 4057.374 65 4.8 36.9
0 4057.486 9 4.8 36.9
0 4057.697 5 4.8 36.9
0 4057.711 69 4.8 36.9
0 4057.831 8 4.8 36.9
0 4057.934 10 4.8 36.9
0 4058.033 10 4.8 36.9
0 4058.404 3 4.8 36.9
0 4058.509 10 4.8 36.9
0 4058.524 68 4.8 36.9
0 4058.644 8 4.8 36.9
0 4058.732 11 4.8 36.9
0 4058.84 9 4.8 36.9
0 4059.029 5 4.8 36.9
0 4059.043 73 4.8 36.9
0 4059.178 7 4.8 36.9
0 4059.374 5 4.8 36.9
0 4059.387 75 4.8 36.9
0 4059.512 8 4.8 36.9
0 4059.623 9 4.8 36.9
0 4059.712 11 4.8 36.9
0 4059.819 9 4.8 36.9
0 4059.921 10 4.8 36.9
0 4060.102 5 4.8 36.9
0 4060.118 64 4.8 36.9
0 4060.224 9 4.8 36.9
0 4060.337 9 4.8 36.9
0 4060.526 5 4.8 36.9
0 4060.623 10 4.8 36.9
0 4060.717 11 4.8 36.9
0 4060.732 70 4.8 36.9
0 4060.84 9 4.8 36.9
0 4060.941 10 4.8 36.9
0 4061.04 10 4.8 36.9
0 4061.14 10 4.8 36.9
0 4061.354 5 4.8 36.9
0 4061.442 11 4.8 36.9
0 4061.459 61 4.8 36.9
0 4061.564 10 4.8 36.9
0 4061.669 9 4.8 36.9
0 4061.774 10 4.8 36.9
0 4061.878 10 4.8 36.9
0 4061.969 11 4.8 36.9
0 4062.069 10 4.8 36.9
0 4062.17 10 4.8 36.9
0 4062.37 5 4.8 36.9
0 4062.377 156 4.8 36.9
0 4062.486 9 4.8 36.9
0 4062.584 10 4.8 36.9
0 4062.786 5 4.3 37.0
0 4062.79 274 4.3 37.0
0 4062.913 8 4.3 37.0
0 4062.993 13 4.3 37.0
0 4063.1 9 4.3 37.0
0 4063.453 3 4.3 37.0
0 4063.544 11 4.3 37.0
0 4063.557 79 4.3 37.0
0 4063.668 9 4.3 37.0
0 4063.768 10 4.3 37.0
0 4063.868 10 4.3 37.0
0 4064.074 5 4.3 37.0
0 4064.078 253 4.3 37.0
0 4064.19 9 4.3 37.0
0 4064.391 5 4.3 37.0
0 4064.394 288 4.3 37.0
0 4064.497 10 4.3 37.0
0 4064.617 8 4.3 37.0
0 4064.695 13 4.3 37.0
0 4064.807 9 4.3 37.0
0 4064.906 10 4.3 37.0
0 4065.101 5 4.3 37.0
0 4065.106 198 4.3 37.0
0 4065.208 10 4.3 37.0
0 4065.317 9 4.3 37.0
0 4065.416 10 4.3 37.0
0 4065.695 4 4.3 37.0
0 4065.787 11 4.3 37.0
0 4065.798 90 4.3 37.0
0 4065.911 9 4.3 37.0
0 4066.01 10 4.3 37.0
0 4066.11 10 4.3 37.0
0 4066.208 10 4.3 37.0
0 4066.417 5 4.3 37.0
0 4066.504 11 4.3 37.0
0 4066.521 60 4.3 37.0
0 4066.632 9 4.3 37.0
0 4066.732 10 4.3 37.0
0 4066.836 10 4.3 37.0
0 4066.94 10 4.3 37.0
0 4067.032 11 4.3 37.0
0 4067.133 10 4.3 37.0
0 4067.235 10 4.3 37.0
0 4067.415 6 4.3 37.0
0 4067.422 139 4.3 37.0
0 4067.539 9 4.3 37.0
0 4067.631 11 4.3 37.0
0 4067.823 5 4.3 37.0
0 4067.827 227 4.3 37.0
0 4067.938 9 4.3 37.0
0 4068.035 10 4.3 37.0
0 4068.14 10 4.3 37.0
0 4068.504 3 4.3 37.0
0 4068.597 11 4.3 37.0
0 4068.608 88 4.3 37.0
0 4068.721 9 4.3 37.0
0 4068.819 10 4.3 37.0
0 4068.919 10 4.3 37.0
0 4069.111 5 4.3 37.0
0 4069.115 256 4.3 37.0
0 4069.215 10 4.3 37.0
0 4069.418 5 4.3 37.0
0 4069.422 254 4.3 37.0
0 4069.531 9 4.3 37.0
0 4069.638 9 4.3 37.0
0 4069.724 12 4.3 37.0
0 4069.834 9 4.3 37.0
0 4069.933 10 4.3 37.0
0 4070.131 5 4.3 37.0
0 4070.137 168 4.3 37.0
0 4070.235 10 4.3 37.0
0 4070.347 9 4.3 37.0
0 4070.446 10 4.3 37.0
0 4070.723 4 4.3 37.0
0 4070.813 11 4.3 37.0
0 4070.826 74 4.3 37.0
0 4070.941 9 4.3 37.0
0 4071.037 10 4.3 37.0
0 4071.138 10 4.3 37.0
0 4071.229 11 4.3 37.0
0 4071.429 5 4.3 37.0
0 4071.518 11 4.3 37.0
0 4071.533 67 4.3 37.0
0 4071.642 9 4.3 37.0
0 4071.745 10 4.3 37.0
0 4071.844 10 4.3 37.0
0 4071.942 10 4.3 37.0
0 4072.039 10 4.3 37.0
0 4072.142 10 4.3 37.0
0 4072.235 11 4.3 37.0
0 4072.426 5 4.3 37.0
0 4072.433 146 4.3 37.0
0 4072.545 9 4.3 37.0
0 4072.641 10 4.3 37.0
0 4072.835 5 3.9 37.0
0 4072.84 189 3.9 37.0
0 4072.951 9 3.9 37.0
0 4073.052 10 3.9 37.0
0 4073.146 11 3.9 37.0
0 4073.515 3 3.9 37.0
0 4073.61 10 3.9 37.0
0 4073.618 128 3.9 37.0
0 4073.719 10 3.9 37.0
0 4073.827 9 3.9 37.0
0 4073.93 10 3.9 37.0
0 4074.12 5 3.9 37.0
0 4074.124 252 3.9 37.0
0 4074.233 9 3.9 37.0
0 4074.426 5 3.9 37.0
0 4074.43 262 3.9 37.0
0 4074.54 9 3.9 37.0
0 4074.654 9 3.9 37.0
0 4074.741 11 3.9 37.0
0 4074.84 10 3.9 37.0
0 4074.942 10 3.9 37.0
0 4075.153 5 3.9 37.0
0 4075.158 193 3.9 37.0
0 4075.263 10 3.9 37.0
0 4075.367 10 3.9 37.0
0 4075.469 10 3.9 37.0
0 4075.725 4 3.9 37.0
0 4075.819 11 3.9 37.0
0 4075.829 101 3.9 37.0
0 4075.94 9 3.9 37.0
0 4076.043 10 3.9 37.0
0 4076.141 10 3.9 37.0
0 4076.244 10 3.9 37.0
0 4076.45 5 3.9 37.0
0 4076.536 12 3.9 37.0
0 4076.554 57 3.9 37.0
0 4076.666 9 3.9 37.0
0 4076.767 10 3.9 37.0
0 4076.869 10 3.9 37.0
0 4076.968 10 3.9 37.0
0 4077.066 10 3.9 37.0
0 4077.166 10 3.9 37.0
0 4077.269 10 3.9 37.0
0 4077.441 6 3.9 37.0
0 4077.456 66 3.9 37.0
0 4077.572 9 3.9 37.0
0 4077.667 11 3.9 37.0
0 4077.876 5 3.9 37.0
0 4077.88 280 3.9 37.0
0 4077.991 9 3.9 37.0
0 4078.097 9 3.9 37.0
0 4078.193 10 3.9 37.0
0 4078.566 3 3.9 37.0
0 4078.659 11 3.9 37.0
0 4078.67 89 3.9 37.0
0 4078.781 9 3.9 37.0
0 4078.883 10 3.9 37.0
0 4078.98 10 3.9 37.0
0 4079.17 5 3.9 37.0
0 4079.174 279 3.9 37.0
0 4079.286 9 3.9 37.0
0 4079.476 5 3.9 37.0
0 4079.48 280 3.9 37.0
0 4079.593 9 3.9 37.0
0 4079.702 9 3.9 37.0
0 4079.793 11 3.9 37.0
0 4079.894 10 3.9 37.0
0 4079.992 10 3.9 37.0
0 4080.197 5 3.9 37.0
0 4080.202 174 3.9 37.0
0 4080.313 9 3.9 37.0
0 4080.413 10 3.9 37.0
0 4080.512 10 3.9 37.0
0 4080.793 4 3.9 37.0
0 4080.883 11 3.9 37.0
0 4080.901 56 3.9 37.0
0 4081.01 9 3.9 37.0
0 4081.107 10 3.9 37.0
0 4081.209 10 3.9 37.0
0 4081.315 9 3.9 37.0
0 4081.512 5 3.9 37.0
0 4081.6 11 3.9 37.0
0 4081.618 58 3.9 37.0
0 4081.717 10 3.9 37.0
0 4081.835 8 3.9 37.0
0 4081.932 10 3.9 37.0
0 4082.03 10 3.9 37.0
0 4082.128 10 3.9 37.0
0 4082.227 10 3.9 37.0
0 4082.327 10 3.9 37.0
0 4082.543 5 3.9 37.0
0 4082.547 246 3.9 37.0
0 4082.658 9 3.9 37.0
0 4082.759 10 3.9 37.0
0 4082.955 5 3.9 37.0
0 4082.96 203 3.9 37.0
0 4083.075 9 3.9 37.0
0 4083.17 10 3.9 37.0
0 4083.27 10 3.9 37.0
0 4083.638 3 3.9 37.0
0 4083.728 11 3.9 37.0
0 4083.742 67 3.9 37.0
0 4083.854 9 3.9 37.0
0 4083.951 10 3.9 37.0
0 4084.057 9 3.9 37.0
0 4084.254 5 3.9 37.0
0 4084.258 250 3.9 37.0
0 4084.369 9 3.9 37.0
0 4084.569 5 3.9 37.0
0 4084.574 227 3.9 37.0
0 4084.674 10 3.9 37.0
0 4084.796 8 3.9 37.0
0 4084.885 11 3.9 37.0
0 4084.984 10 3.9 37.0
0 4085.088 10 3.9 37.0
0 4085.293 5 3.9 37.0
0 4085.298 212 3.9 37.0
0 4085.402 10 3.9 37.0
0 4085.508 9 3.9 37.0
0 4085.612 10 3.9 37.0
0 4085.88 4 3.9 37.0
0 4085.968 11 3.9 37.0
0 4085.987 52 3.9 37.0
0 4086.089 10 3.9 37.0
0 4086.198 9 3.9 37.0
0 4086.296 10 3.9 37.0
0 4086.402 9 3.9 37.0
0 4086.592 5 3.9 37.0
0 4086.678 12 3.9 37.0
0 4086.698 50 3.9 37.0
0 4086.808 9 3.9 37.0
0 4086.914 9 3.9 37.0
0 4087.011 10 3.9 37.0
0 4087.102 11 3.9 37.0
0 4087.211 9 3.9 37.0
0 4087.309 10 3.9 37.0
0 4087.406 10 3.9 37.0
0 4087.626 5 3.9 37.0
0 4087.629 281 3.9 37.0
0 4087.744 9 3.9 37.0
0 4087.841 10 3.9 37.0
0 4088.048 5 3.9 37.0
0 4088.052 209 3.9 37.0
0 4088.168 9 3.9 37.0
0 4088.265 10 3.9 37.0
0 4088.364 10 3.9 37.0
0 4088.723 3 3.9 37.0
0 4088.812 11 3.9 37.0
0 4088.829 56 3.9 37.0
0 4088.938 9 3.9 37.0
0 4089.039 10 3.9 37.0
0 4089.137 10 3.9 37.0
0 4089.343 5 3.9 37.0
0 4089.347 255 3.9 37.0
0 4089.459 9 3.9 37.0
0 4089.663 5 3.9 37.0
0 4089.667 269 3.9 37.0
0 4089.774 9 3.9 37.0
0 4089.89 9 3.9 37.0
0 4089.98 11 3.9 37.0
0 4090.081 10 3.9 37.0
0 4090.178 10 3.9 37.0
0 4090.397 5 3.9 37.0
0 4090.413 62 3.9 37.0
0 4090.541 8 3.9 37.0
0 4090.629 11 3.9 37.0
0 4090.901 4 3.9 37.0
0 4091.0 10 3.9 37.0
0 4091.014 71 3.9 37.0
0 4091.133 8 3.9 37.0
0 4091.23 10 3.9 37.0
0 4091.345 9 3.9 37.0
0 4091.442 10 3.9 37.0
0 4091.625 5 3.9 37.0
0 4091.723 10 3.9 37.0
0 4091.738 66 3.9 37.0
0 4091.873 7 3.9 37.0
0 4091.971 10 3.9 37.0
0 4092.074 10 3.9 37.0
0 4092.177 10 3.9 37.0
0 4092.27 11 3.9 37.0
0 4092.373 10 3.9 37.0
0 4092.461 11 3.9 37.0
0 4092.646 5 3.9 37.0
0 4092.661 64 3.9 37.0
0 4092.789 8 3.9 37.0
0 4092.891 10 3.9 37.0
0 4092.993 10 4.0 37.0
0 4093.089 10 4.0 37.0
0 4093.202 9 4.0 37.0
0 4093.29 11 4.0 37.0
0 4093.39 10 4.0 37.0
0 4093.658 4 4.0 37.0
0 4093.769 9 4.0 37.0
0 4093.879 9 4.0 37.0
0 4093.902 44 4.0 37.0
0 4094.024 8 4.0 37.0
0 4094.123 10 4.0 37.0
0 4094.227 10 4.0 37.0
0 4094.409 5 4.0 37.0
0 4094.432 43 4.0 37.0
0 4094.555 8 4.0 37.0
0 4094.745 5 4.0 37.0
0 4094.77 40 4.0 37.0
0 4094.892 8 4.0 37.0
0 4094.991 10 4.0 37.0
0 4095.091 10 4.0 37.0
0 4095.192 10 4.0 37.0
0 4095.293 10 4.0 37.0
0 4095.488 5 4.0 37.0
0 4095.512 42 4.0 37.0
0 4095.653 7 4.0 37.0
0 4095.736 12 4.0 37.0
0 4095.933 5 4.0 37.0
0 4096.044 9 4.0 37.0
0 4096.071 37 4.0 37.0
0 4096.213 7 4.0 37.0
0 4096.311 10 4.0 37.0
0 4096.374 16 4.0 37.0
0 4096.498 8 4.0 37.0
0 4096.68 6 4.0 37.0
0 4096.788 9 4.0 37.0
0 4096.812 42 4.0 37.0
0 4096.924 9 4.0 37.0
0 4097.043 8 4.0 37.0
0 4097.157 9 4.0 37.0
0 4097.242 12 4.0 37.0
0 4097.35 9 4.0 37.0
0 4097.439 11 4.0 37.0
0 4097.55 9 4.0 37.0
0 4097.727 6 4.0 37.0
0 4097.752 40 4.0 37.0
0 4097.899 7 4.0 37.0
0 4097.986 11 4.0 37.0
0 4098.087 10 4.0 37.0
0 4098.195 9 4.0 37.0
0 4098.273 13 4.0 37.0
0 4098.391 9 4.0 37.0
0 4098.487 10 4.0 37.0
0 4098.831 3 4.0 37.0
0 4098.941 9 4.0 37.0
0 4098.966 40 4.0 37.0
0 4099.104 7 4.0 37.0
0 4099.203 10 4.0 37.0
0 4099.327 8 4.0 37.0
0 4099.485 6 4.0 37.0
0 4099.54 18 4.0 37.0
0 4099.767 4 4.0 37.0
0 4099.804 27 4.0 37.0
0 4099.948 7 4.0 37.0
0 4100.058 9 4.0 37.0
0 4100.154 10 4.0 37.0
0 4100.226 14 4.0 37.0
0 4100.335 9 4.0 37.0
0 4100.511 6 4.0 37.0
0 4100.629 8 4.0 37.0
0 4100.656 37 4.0 37.0
0 4100.794 7 4.0 37.0
0 4100.968 6 4.0 37.0
0 4101.078 9 4.0 37.0
0 4101.101 44 4.0 37.0
0 4101.225 8 4.0 37.0
0 4101.345 8 4.0 37.0
0 4101.425 12 4.0 37.0
0 4101.544 8 4.0 37.0
0 4101.714 6 4.0 37.0
0 4101.819 9 4.0 37.0
0 4101.916 10 4.0 37.0
0 4101.933 59 4.0 37.0
0 4102.062 8 4.0 37.0
0 4102.16 10 4.0 37.0
0 4102.26 10 4.0 37.0
0 4102.362 10 4.0 37.0
0 4102.452 11 4.0 37.0
0 4102.562 9 4.0 37.0
0 4102.665 10 4.0 37.0
0 4102.752 11 4.0 37.0
0 4102.869 9 4.0 37.0
0 4102.964 11 4.0 37.0
0 4103.066 10 5.3 37.0
0 4103.167 10 5.3 37.0
0 4103.251 12 5.3 37.0
0 4103.366 9 5.3 37.0
0 4103.455 11 5.3 37.0
0 4103.566 9 5.3 37.0
0 4103.913 3 5.3 37.0
0 4104.015 10 5.3 37.0
0 4104.028 76 5.3 37.0
0 4104.159 8 5.3 37.0
0 4104.237 13 5.3 37.0
0 4104.358 8 5.3 37.0
0 4104.545 5 5.3 37.0
0 4104.558 74 5.3 37.0
0 4104.774 5 5.3 37.0
0 4104.787 76 5.3 37.0
0 4104.913 8 5.3 37.0
0 4105.013 10 5.3 37.0
0 4105.118 10 5.3 37.0
0 4105.219 10 5.3 37.0
0 4105.318 10 5.3 37.0
0 4105.508 5 5.3 37.0
0 4105.521 77 5.3 37.0
0 4105.738 5 5.3 37.0
0 4105.752 75 5.3 37.0
0 4105.967 5 5.3 37.0
0 4105.981 73 5.3 37.0
0 4106.193 5 5.3 37.0
0 4106.206 76 5.3 37.0
0 4106.34 7 5.3 37.0
0 4106.431 11 5.3 37.0
0 4106.534 10 5.3 37.0
0 4106.721 5 5.3 37.0
0 4106.818 10 5.3 37.0
0 4106.925 9 5.3 37.0
0 4106.939 73 5.3 37.0
0 4107.073 7 5.3 37.0
0 4107.171 10 5.3 37.0
0 4107.246 13 5.3 37.0
0 4107.361 9 5.3 37.0
0 4107.47 9 5.3 37.0
0 4107.572 10 5.3 37.0
0 4107.671 10 5.3 37.0
0 4107.763 11 5.3 37.0
0 4107.872 9 5.3 37.0
0 4107.971 10 5.3 37.0
0 4108.075 10 5.3 37.0
0 4108.172 10 5.3 37.0
0 4108.246 14 5.3 37.0
0 4108.375 8 5.3 37.0
0 4108.472 10 5.3 37.0
0 4108.573 10 5.3 37.0
0 4108.928 3 5.3 37.0
0 4109.023 11 5.3 37.0
0 4109.046 43 5.3 37.0
0 4109.17 8 5.3 37.0
0 4109.263 11 5.3 37.0
0 4109.369 9 5.3 37.0
0 4109.559 5 5.3 37.0
0 4109.573 72 5.3 37.0
0 4109.8 4 5.3 37.0
0 4109.814 72 5.3 37.0
0 4109.94 8 5.3 37.0
0 4110.038 10 5.3 37.0
0 4110.143 10 5.3 37.0
0 4110.235 11 5.3 37.0
0 4110.345 9 5.3 37.0
0 4110.525 6 5.3 37.0
0 4110.538 79 5.3 37.0
0 4110.769 4 5.3 37.0
0 4110.782 73 5.3 37.0
0 4111.001 5 5.3 37.0
0 4111.014 77 5.3 37.0
0 4111.238 4 5.3 37.0
0 4111.25 78 5.3 37.0
0 4111.385 7 5.3 37.0
0 4111.48 11 5.3 37.0
0 4111.576 10 5.3 37.0
0 4111.77 5 5.3 37.0
0 4111.953 5 5.3 37.0
0 4111.967 70 5.3 37.0
0 4112.098 8 5.3 37.0
0 4112.197 10 5.3 37.0
0 4112.29 11 5.3 37.0
0 4112.403 9 5.3 37.0
0 4112.48 13 5.3 37.0
0 4112.595 9 5.3 37.0
0 4112.699 10 5.3 37.0
0 4112.79 11 5.3 37.0
0 4112.905 9 5.3 37.0
0 4112.984 13 5.3 37.0
0 4113.098 9 4.6 37.0
0 4113.199 10 4.6 37.0
0 4113.292 11 4.6 37.0
0 4113.396 10 4.6 37.0
0 4113.503 9 4.6 37.0
0 4113.597 11 4.6 37.0
0 4113.961 3 4.6 37.0
0 4114.062 10 4.6 37.0
0 4114.075 73 4.6 37.0
0 4114.203 8 4.6 37.0
0 4114.298 11 4.6 37.0
0 4114.396 10 4.6 37.0
0 4114.597 5 4.6 37.0
0 4114.611 70 4.6 37.0
0 4114.801 5 4.6 37.0
0 4114.814 76 4.6 37.0
0 4114.948 7 4.6 37.0
0 4115.033 12 4.6 37.0
0 4115.153 8 4.6 37.0
0 4115.231 13 4.6 37.0
0 4115.345 9 4.6 37.0
0 4115.534 5 4.6 37.0
0 4115.548 73 4.6 37.0
0 4115.765 5 4.6 37.0
0 4115.778 76 4.6 37.0
0 4115.903 8 4.6 37.0
0 4116.089 5 4.6 37.0
0 4116.103 72 4.6 37.0
0 4116.314 5 4.6 37.0
0 4116.327 77 4.6 37.0
0 4116.456 8 4.6 37.0
0 4116.549 11 4.6 37.0
0 4116.65 10 4.6 37.0
0 4116.822 6 4.6 37.0
0 4117.004 5 4.6 37.0
0 4117.017 75 4.6 37.0
0 4117.147 8 4.6 37.0
0 4117.238 11 4.6 37.0
0 4117.339 10 4.6 37.0
0 4117.439 10 4.6 37.0
0 4117.538 10 4.6 37.0
0 4117.638 10 4.6 37.0
0 4117.733 11 4.6 37.0
0 4117.842 9 4.6 37.0
0 4117.94 10 4.6 37.0
0 4118.039 10 4.6 37.0
0 4118.127 11 4.6 37.0
0 4118.234 9 4.6 37.0
0 4118.343 9 4.6 37.0
0 4118.441 10 4.6 37.0
0 4118.539 10 4.6 37.0
0 4118.637 10 4.6 37.0
0 4119.0 3 4.6 37.0
0 4119.1 10 4.6 37.0
0 4119.114 72 4.6 37.0
0 4119.233 8 4.6 37.0
0 4119.345 9 4.6 37.0
0 4119.446 10 4.6 37.0
0 4119.617 6 4.6 37.0
0 4119.63 76 4.6 37.0
0 4119.814 5 4.6 37.0
0 4119.831 57 4.6 37.0
0 4119.94 9 4.6 37.0
0 4120.06 8 4.6 37.0
0 4120.17 9 4.6 37.0
0 4120.239 14 4.6 37.0
0 4120.362 8 4.6 37.0
0 4120.549 5 4.6 37.0
0 4120.563 74 4.6 37.0
0 4120.789 4 4.6 37.0
0 4120.802 75 4.6 37.0
0 4120.932 8 4.6 37.0
0 4121.105 6 4.6 37.0
0 4121.118 76 4.6 37.0
0 4121.329 5 4.6 37.0
0 4121.342 75 4.6 37.0
0 4121.475 8 4.6 37.0
0 4121.572 10 4.6 37.0
0 4121.676 10 4.6 37.0
0 4121.859 5 4.6 37.0
0 4122.044 5 4.6 37.0
0 4122.057 76 4.6 37.0
0 4122.188 8 4.6 37.0
0 4122.287 10 4.6 37.0
0 4122.389 10 4.6 37.0
0 4122.475 12 4.6 37.0
0 4122.588 9 4.6 37.0
0 4122.688 10 4.6 37.0
0 4122.789 10 4.6 37.0
0 4122.892 10 4.6 37.0
0 4123.066 6 4.6 37.0
0 4123.069 278 4.6 37.0
0 4123.18 9 4.4 37.0
0 4123.282 10 4.4 37.0
0 4123.384 10 4.4 37.0
0 4123.487 10 4.4 37.0
0 4123.58 11 4.4 37.0
0 4123.679 10 4.4 37.0
0 4124.06 3 4.4 37.0
0 4124.151 11 4.4 37.0
0 4124.166 67 4.4 37.0
0 4124.274 9 4.4 37.0
0 4124.376 10 4.4 37.0
0 4124.479 10 4.4 37.0
0 4124.68 5 4.4 37.0
0 4124.683 264 4.4 37.0
0 4124.899 5 4.4 37.0
0 4124.904 228 4.4 37.0
0 4125.014 9 4.4 37.0
0 4125.115 10 4.4 37.0
0 4125.225 9 4.4 37.0
0 4125.316 11 4.4 37.0
0 4125.417 10 4.4 37.0
0 4125.607 5 4.4 37.0
0 4125.61 322 4.4 37.0
0 4125.815 5 4.4 37.0
0 4125.819 282 4.4 37.0
0 4125.927 9 4.4 37.0
0 4126.134 5 4.4 37.0
0 4126.137 312 4.4 37.0
0 4126.335 5 4.4 37.0
0 4126.339 277 4.4 37.0
0 4126.451 9 4.4 37.0
0 4126.549 10 4.4 37.0
0 4126.652 10 4.4 37.0
0 4126.848 5 4.4 37.0
0 4126.852 238 4.4 37.0
0 4127.131 4 4.4 37.0
0 4127.134 281 4.4 37.0
0 4127.247 9 4.4 37.0
0 4127.346 10 4.4 37.0
0 4127.453 9 4.4 37.0
0 4127.546 11 4.4 37.0
0 4127.639 11 4.4 37.0
0 4127.748 9 4.4 37.0
0 4127.847 10 4.4 37.0
0 4127.956 9 4.4 37.0
0 4128.124 6 4.4 37.0
0 4128.136 90 4.4 37.0
0 4128.237 10 4.4 37.0
0 4128.351 9 4.4 37.0
0 4128.449 10 4.4 37.0
0 4128.552 10 4.4 37.0
0 4128.647 11 4.4 37.0
0 4128.748 10 4.4 37.0
0 4129.124 3 4.4 37.0
0 4129.213 11 4.4 37.0
0 4129.228 67 4.4 37.0
0 4129.341 9 4.4 37.0
0 4129.44 10 4.4 37.0
0 4129.54 10 4.4 37.0
0 4129.738 5 4.4 37.0
0 4129.741 278 4.4 37.0
0 4129.953 5 4.4 37.0
0 4129.957 249 4.4 37.0
0 4130.07 9 4.4 37.0
0 4130.165 11 4.4 37.0
0 4130.276 9 4.4 37.0
0 4130.369 11 4.4 37.0
0 4130.47 10 4.4 37.0
0 4130.676 5 4.4 37.0
0 4130.679 290 4.4 37.0
0 4130.897 5 4.4 37.0
0 4130.901 263 4.4 37.0
0 4131.01 9 4.4 37.0
0 4131.22 5 4.4 37.0
0 4131.224 257 4.4 37.0
0 4131.435 5 4.4 37.0
0 4131.438 277 4.4 37.0
0 4131.551 9 4.4 37.0
0 4131.65 10 4.4 37.0
0 4131.858 5 4.4 37.0
0 4131.861 282 4.4 37.0
0 4132.156 3 4.4 37.0
0 4132.16 254 4.4 37.0
0 4132.27 9 4.4 37.0
0 4132.373 10 4.4 37.0
0 4132.469 10 4.4 37.0
0 4132.571 10 4.4 37.0
0 4132.684 9 4.4 37.0
0 4132.77 12 4.4 37.0
0 4132.873 10 4.4 37.0
0 4132.971 10 4.4 37.0
0 4133.172 5 4.4 37.0
0 4133.178 177 4.4 37.0
0 4133.288 9 3.7 37.0
0 4133.388 10 3.7 37.0
0 4133.484 10 3.7 37.0
0 4133.586 10 3.7 37.0
0 4133.696 9 3.7 37.0
0 4133.791 11 3.7 37.0
0 4134.17 3 3.7 37.0
0 4134.259 11 3.7 37.0
0 4134.279 51 3.7 37.0
0 4134.389 9 3.7 37.0
0 4134.483 11 3.7 37.0
0 4134.586 10 3.7 37.0
0 4134.793 5 3.7 37.0
0 4134.797 240 3.7 37.0
0 4135.02 4 3.7 37.0
0 4135.024 265 3.7 37.0
0 4135.135 9 3.7 37.0
0 4135.24 10 3.7 37.0
0 4135.365 8 3.7 37.0
0 4135.461 10 3.7 37.0
0 4135.56 10 3.7 37.0
0 4135.735 6 3.7 37.0
0 4135.748 80 3.7 37.0
0 4135.977 4 3.7 37.0
0 4135.991 72 3.7 37.0
0 4136.122 8 3.7 37.0
0 4136.299 6 3.7 37.0
0 4136.313 69 3.7 37.0
0 4136.517 5 3.7 37.0
0 4136.53 74 3.7 37.0
0 4136.661 8 3.7 37.0
0 4136.748 11 3.7 37.0
0 4136.946 5 3.7 37.0
0 4136.96 74 3.7 37.0
0 4137.26 3 3.7 37.0
0 4137.273 74 3.7 37.0
0 4137.401 8 3.7 37.0
0 4137.504 10 3.7 37.0
0 4137.604 10 3.7 37.0
0 4137.708 10 3.7 37.0
0 4137.805 10 3.7 37.0
0 4137.905 10 3.7 37.0
0 4138.007 10 3.7 37.0
0 4138.097 11 3.7 37.0
0 4138.212 9 3.7 37.0
0 4138.307 11 3.7 37.0
0 4138.401 11 3.7 37.0
0 4138.508 9 3.7 37.0
0 4138.596 11 3.7 37.0
0 4138.704 9 3.7 37.0
0 4138.811 9 3.7 37.0
0 4138.9 11 3.7 37.0
0 4139.243 3 3.7 37.0
0 4139.346 10 3.7 37.0
0 4139.358 82 3.7 37.0
0 4139.491 8 3.7 37.0
0 4139.59 10 3.7 37.0
0 4139.69 10 3.7 37.0
0 4139.848 6 3.7 37.0
0 4139.861 74 3.7 37.0
0 4140.076 5 3.7 37.0
0 4140.09 72 3.7 37.0
0 4140.221 8 3.7 37.0
0 4140.322 10 3.7 37.0
0 4140.425 10 3.7 37.0
0 4140.514 11 3.7 37.0
0 4140.62 9 3.7 37.0
0 4140.805 5 3.7 37.0
0 4140.818 76 3.7 37.0
0 4141.056 4 3.7 37.0
0 4141.069 75 3.7 37.0
0 4141.2 8 3.7 37.0
0 4141.385 5 3.7 37.0
0 4141.398 75 3.7 37.0
0 4141.615 5 3.7 37.0
0 4141.629 68 3.7 37.0
0 4141.745 9 3.7 37.0
0 4141.861 9 3.7 37.0
0 4142.046 5 3.7 37.0
0 4142.059 77 3.7 37.0
0 4142.358 3 3.7 37.0
0 4142.371 78 3.7 37.0
0 4142.495 8 3.7 37.0
0 4142.601 9 3.7 37.0
0 4142.702 10 3.7 37.0
0 4142.807 10 3.7 37.0
0 4142.903 10 3.7 37.0
0 4142.996 11 3.7 37.0
0 4143.106 9 3.7 37.0
0 4143.203 10 3.7 37.0
0 4143.279 13 3.7 37.0
0 4143.404 8 4.4 37.0
0 4143.498 11 4.4 37.0
0 4143.605 9 4.4 37.0
0 4143.703 10 4.4 37.0
0 4143.804 10 4.4 37.0
0 4143.909 9 4.4 37.0
0 4144.249 3 4.4 37.0
0 4144.343 11 4.4 37.0
0 4144.362 53 4.4 37.0
0 4144.498 7 4.4 37.0
0 4144.592 11 4.4 37.0
0 4144.695 10 4.4 37.0
0 4144.855 6 4.4 37.0
0 4144.868 76 4.4 37.0
0 4145.093 4 4.4 37.0
0 4145.107 74 4.4 37.0
0 4145.235 8 4.4 37.0
0 4145.337 10 4.4 37.0
0 4145.437 10 4.4 37.0
0 4145.542 10 4.4 37.0
0 4145.64 10 4.4 37.0
0 4145.821 6 4.4 37.0
0 4145.834 78 4.4 37.0
0 4146.062 4 4.4 37.0
0 4146.077 64 4.4 37.0
0 4146.209 8 4.4 37.0
0 4146.388 6 4.4 37.0
0 4146.401 80 4.4 37.0
0 4146.616 5 4.4 37.0
0 4146.703 12 4.4 37.0
0 4146.724 47 4.4 37.0
0 4146.831 9 4.4 37.0
0 4146.932 10 4.4 37.0
0 4147.141 5 4.4 37.0
0 4147.145 245 4.4 37.0
0 4147.442 3 4.4 37.0
0 4147.446 248 4.4 37.0
0 4147.559 9 4.4 37.0
0 4147.667 9 4.4 37.0
0 4147.757 11 4.4 37.0
0 4147.858 10 4.4 37.0
0 4147.959 10 4.4 37.0
0 4148.06 10 4.4 37.0
0 4148.167 9 4.4 37.0
0 4148.259 11 4.4 37.0
0 4148.358 10 4.4 37.0
0 4148.459 10 4.4 37.0
0 4148.56 10 4.4 37.0
0 4148.668 9 4.4 37.0
0 4148.76 11 4.4 37.0
0 4148.858 10 4.4 37.0
0 4148.959 10 4.4 37.0
0 4149.321 3 4.4 37.0
0 4149.41 11 4.4 37.0
0 4149.425 66 4.4 37.0
0 4149.536 9 4.4 37.0
0 4149.638 10 4.4 37.0
0 4149.741 10 4.4 37.0
0 4149.945 5 4.4 37.0
0 4149.948 289 4.4 37.0
0 4150.167 5 4.4 37.0
0 4150.171 233 4.4 37.0
0 4150.279 9 4.4 37.0
0 4150.384 10 4.4 37.0
0 4150.491 9 4.4 37.0
0 4150.582 11 4.4 37.0
0 4150.685 10 4.4 37.0
0 4150.883 5 4.4 37.0
0 4150.887 253 4.4 37.0
0 4151.103 5 4.4 37.0
0 4151.107 263 4.4 37.0
0 4151.218 9 4.4 37.0
0 4151.422 5 4.4 37.0
0 4151.425 265 4.4 37.0
0 4151.725 3 4.4 37.0
0 4151.73 182 4.4 37.0
0 4151.839 9 4.4 37.0
0 4151.941 10 4.4 37.0
0 4152.141 5 4.4 37.0
0 4152.145 250 4.4 37.0
0 4152.261 9 4.4 37.0
0 4152.542 4 4.4 37.0
0 4152.546 261 4.4 37.0
0 4152.663 9 4.4 37.0
0 4152.764 10 4.4 37.0
0 4152.851 11 4.4 37.0
0 4152.956 10 4.4 37.0
0 4153.059 10 4.4 37.0
0 4153.163 10 4.4 37.0
0 4153.254 11 4.4 37.0
0 4153.365 9 4.4 37.0
0 4153.456 11 3.9 37.0
0 4153.559 10 3.9 37.0
0 4153.659 10 3.9 37.0
0 4153.762 10 3.9 37.0
0 4153.865 10 3.9 37.0
0 4153.956 11 3.9 37.0
0 4154.06 10 3.9 37.0
0 4154.428 3 3.9 37.0
0 4154.519 11 3.9 37.0
0 4154.534 67 3.9 37.0
0 4154.644 9 3.9 37.0
0 4154.737 11 3.9 37.0
0 4154.943 5 3.9 37.0
0 4154.947 305 3.9 37.0
0 4155.162 5 3.9 37.0
0 4155.166 243 3.9 37.0
0 4155.279 9 3.9 37.0
0 4155.376 10 3.9 37.0
0 4155.484 9 3.9 37.0
0 4155.582 10 3.9 37.0
0 4155.678 10 3.9 37.0
0 4155.779 10 3.9 37.0
0 4155.973 5 3.9 37.0
0 4155.977 237 3.9 37.0
0 4156.201 4 3.9 37.0
0 4156.204 257 3.9 37.0
0 4156.417 5 3.9 37.0
0 4156.42 306 3.9 37.0
0 4156.533 9 3.9 37.0
0 4156.819 3 3.9 37.0
0 4156.824 219 3.9 37.0
0 4156.934 9 3.9 37.0
0 4157.037 10 3.9 37.0
0 4157.232 5 3.9 37.0
0 4157.235 315 3.9 37.0
0 4157.355 8 3.9 37.0
0 4157.633 4 3.9 37.0
0 4157.637 249 3.9 37.0
0 4157.737 10 3.9 37.0
0 4157.857 8 3.9 37.0
0 4157.947 11 3.9 37.0
0 4158.048 10 3.9 37.0
0 4158.153 9 3.9 37.0
0 4158.238 12 3.9 37.0
0 4158.358 8 3.9 37.0
0 4158.448 11 3.9 37.0
0 4158.548 10 3.9 37.0
0 4158.653 10 3.9 37.0
0 4158.738 12 3.9 37.0
0 4158.849 9 3.9 37.0
0 4158.957 9 3.9 37.0
0 4159.049 11 3.9 37.0
0 4159.155 9 3.9 37.0
0 4159.485 3 3.9 37.0
0 4159.572 11 3.9 37.0
0 4159.592 51 3.9 37.0
0 4159.705 9 3.9 37.0
0 4159.799 11 3.9 37.0
0 4160.007 5 3.9 37.0
0 4160.011 280 3.9 37.0
0 4160.231 5 3.9 37.0
0 4160.236 187 3.9 37.0
0 4160.335 10 3.9 37.0
0 4160.446 9 3.9 37.0
0 4160.551 10 3.9 37.0
0 4160.651 10 3.9 37.0
0 4160.74 11 3.9 37.0
0 4160.837 10 3.9 37.0
0 4161.035 5 3.9 37.0
0 4161.039 254 3.9 37.0
0 4161.263 4 3.9 37.0
0 4161.267 212 3.9 37.0
0 4161.482 5 3.9 37.0
0 4161.485 310 3.9 37.0
0 4161.598 9 3.9 37.0
0 4161.883 4 3.9 37.0
0 4161.887 262 3.9 37.0
0 4161.998 9 3.9 37.0
0 4162.099 10 3.9 37.0
0 4162.299 5 3.9 37.0
0 4162.303 246 3.9 37.0
0 4162.422 8 3.9 37.0
0 4162.698 4 3.9 37.0
0 4162.702 257 3.9 37.0
0 4162.819 9 3.9 37.0
0 4162.902 12 3.9 37.0
0 4163.021 8 3.9 37.0
0 4163.108 12 3.9 37.0
0 4163.215 9 3.9 37.0
0 4163.32 10 3.9 37.0
0 4163.412 11 3.9 37.0
0 4163.539 8 3.6 37.0
0 4163.64 10 3.6 37.0
0 4163.732 11 3.6 37.0
0 4163.836 10 3.6 37.0
0 4163.93 11 3.6 37.0
0 4164.035 10 3.6 37.0
0 4164.133 10 3.6 37.0
0 4164.232 10 3.6 37.0
0 4164.591 3 3.6 37.0
0 4164.69 10 3.6 37.0
0 4164.704 70 3.6 37.0
0 4164.833 8 3.6 37.0
0 4164.935 10 3.6 37.0
0 4165.034 10 3.6 37.0
0 4165.235 5 3.6 37.0
0 4165.251 66 3.6 37.0
0 4165.375 8 3.6 37.0
0 4165.479 10 3.6 37.0
0 4165.579 10 3.6 37.0
0 4165.679 10 3.6 37.0
0 4165.753 13 3.6 37.0
0 4165.88 8 3.6 37.0
0 4166.078 5 3.6 37.0
0 4166.091 74 3.6 37.0
0 4166.32 4 3.6 37.0
0 4166.335 66 3.6 37.0
0 4166.546 5 3.6 37.0
0 4166.56 69 3.6 37.0
0 4166.69 8 3.6 37.0
0 4166.95 4 3.6 37.0
0 4166.964 71 3.6 37.0
0 4167.09 8 3.6 37.0
0 4167.192 10 3.6 37.0
0 4167.357 6 3.6 37.0
0 4167.37 79 3.6 37.0
0 4167.498 8 3.6 37.0
0 4167.757 4 3.6 37.0
0 4167.771 68 3.6 37.0
0 4167.889 9 3.6 37.0
0 4167.998 9 3.6 37.0
0 4168.095 10 3.6 37.0
0 4168.202 9 3.6 37.0
0 4168.287 12 3.6 37.0
0 4168.4 9 3.6 37.0
0 4168.473 14 3.6 37.0
0 4168.598 8 3.6 37.0
0 4168.704 9 3.6 37.0
0 4168.776 14 3.6 37.0
0 4168.9 8 3.6 37.0
0 4168.978 13 3.6 37.0
0 4169.104 8 3.6 37.0
0 4169.204 10 3.6 37.0
0 4169.298 11 3.6 37.0
0 4169.656 3 3.6 37.0
0 4169.758 10 3.6 37.0
0 4169.771 78 3.6 37.0
0 4169.901 8 3.6 37.0
0 4170.0 10 3.6 37.0
0 4170.1 10 3.6 37.0
0 4170.298 5 3.6 37.0
0 4170.314 66 3.6 37.0
0 4170.44 8 3.6 37.0
0 4170.537 10 3.6 37.0
0 4170.642 10 3.6 37.0
0 4170.741 10 3.6 37.0
0 4170.841 10 3.6 37.0
0 4170.941 10 3.6 37.0
0 4171.122 6 3.6 37.0
0 4171.135 76 3.6 37.0
0 4171.34 5 3.6 37.0
0 4171.356 63 3.6 37.0
0 4171.576 5 3.6 37.0
0 4171.589 79 3.6 37.0
0 4171.717 8 3.6 37.0
0 4171.978 4 3.6 37.0
0 4171.994 66 3.6 37.0
0 4172.12 8 3.6 37.0
0 4172.221 10 3.6 37.0
0 4172.397 6 3.6 37.0
0 4172.411 72 3.6 37.0
0 4172.542 8 3.6 37.0
0 4172.799 4 3.6 37.0
0 4172.813 70 3.6 37.0
0 4172.943 8 3.6 37.0
0 4173.026 12 3.6 37.0
0 4173.145 8 3.6 37.0
0 4173.241 10 3.6 37.0
0 4173.341 10 3.6 37.0
0 4173.444 10 3.6 37.0
0 4173.536 11 3.6 37.0
0 4173.642 9 4.6 37.1
0 4173.745 10 4.6 37.1
0 4173.845 10 4.6 37.1
0 4173.94 10 4.6 37.1
0 4174.038 10 4.6 37.1
0 4174.129 11 4.6 37.1
0 4174.234 9 4.6 37.1
0 4174.347 9 4.6 37.1
0 4174.692 3 4.6 37.1
0 4174.795 10 4.6 37.1
0 4174.807 79 4.6 37.1
0 4174.94 8 4.6 37.1
0 4175.037 10 4.6 37.1
0 4175.138 10 4.6 37.1
0 4175.327 5 4.6 37.1
0 4175.342 64 4.6 37.1
0 4175.472 8 4.6 37.1
0 4175.567 11 4.6 37.1
0 4175.669 10 4.6 37.1
0 4175.758 11 4.6 37.1
0 4175.874 9 4.6 37.1
0 4175.976 10 4.6 37.1
0 4176.157 6 4.6 37.1
0 4176.171 74 4.6 37.1
0 4176.389 5 4.6 37.1
0 4176.404 66 4.6 37.1
0 4176.595 5 4.6 37.1
0 4176.608 76 4.6 37.1
0 4176.737 8 4.6 37.1
0 4177.005 4 4.6 37.1
0 4177.019 69 4.6 37.1
0 4177.148 8 4.6 37.1
0 4177.244 10 4.6 37.1
0 4177.445 5 4.6 37.1
0 4177.459 71 4.6 37.1
0 4177.591 8 4.6 37.1
0 4177.853 4 4.6 37.1
0 4177.866 77 4.6 37.1
0 4177.992 8 4.6 37.1
0 4178.089 10 4.6 37.1
0 4178.188 10 4.6 37.1
0 4178.285 10 4.6 37.1
0 4178.395 9 4.6 37.1
0 4178.493 10 4.6 37.1
0 4178.67 6 4.6 37.1
0 4178.674 246 4.6 37.1
0 4178.784 9 4.6 37.1
0 4178.889 10 4.6 37.1
0 4178.984 10 4.6 37.1
0 4179.09 9 4.6 37.1
0 4179.189 10 4.6 37.1
0 4179.285 10 4.6 37.1
0 4179.383 10 4.6 37.1
0 4179.761 3 4.6 37.1
0 4179.852 11 4.6 37.1
0 4179.865 78 4.6 37.1
0 4179.975 9 4.6 37.1
0 4180.075 10 4.6 37.1
0 4180.183 9 4.6 37.1
0 4180.378 5 4.6 37.1
0 4180.383 208 4.6 37.1
0 4180.492 9 4.6 37.1
0 4180.592 10 4.6 37.1
0 4180.699 9 4.6 37.1
0 4180.796 10 4.6 37.1
0 4180.895 10 4.6 37.1
0 4180.992 10 4.6 37.1
0 4181.203 5 4.6 37.1
0 4181.207 244 4.6 37.1
0 4181.422 5 4.6 37.1
0 4181.426 223 4.6 37.1
0 4181.652 4 4.6 37.1
0 4181.656 316 4.6 37.1
0 4181.773 8 4.6 37.1
0 4182.056 4 4.6 37.1
0 4182.06 249 4.6 37.1
0 4182.17 9 4.6 37.1
0 4182.275 10 4.6 37.1
0 4182.476 5 4.6 37.1
0 4182.48 258 4.6 37.1
0 4182.593 9 4.6 37.1
0 4182.877 4 4.6 37.1
0 4182.881 258 4.6 37.1
0 4182.993 9 4.6 37.1
0 4183.096 10 4.6 37.1
0 4183.191 11 4.6 37.1
0 4183.29 10 4.6 37.1
0 4183.392 10 4.6 37.1
0 4183.517 8 4.6 37.1
0 4183.71 5 4.2 37.1
0 4183.723 78 4.2 37.1
0 4183.85 8 4.2 37.1
0 4183.955 9 4.2 37.1
0 4184.053 10 4.2 37.1
0 4184.155 10 4.2 37.1
0 4184.25 11 4.2 37.1
0 4184.351 10 4.2 37.1
0 4184.457 9 4.2 37.1
0 4184.806 3 4.2 37.1
0 4184.906 10 4.2 37.1
0 4184.92 68 4.2 37.1
0 4185.053 8 4.2 37.1
0 4185.152 10 4.2 37.1
0 4185.241 11 4.2 37.1
0 4185.426 5 4.2 37.1
0 4185.44 70 4.2 37.1
0 4185.572 8 4.2 37.1
0 4185.671 10 4.2 37.1
0 4185.766 11 4.2 37.1
0 4185.867 10 4.2 37.1
0 4185.973 9 4.2 37.1
0 4186.073 10 4.2 37.1
0 4186.266 5 4.2 37.1
0 4186.297 32 4.2 37.1
0 4186.5 5 4.2 37.1
0 4186.525 41 4.2 37.1
0 4186.65 8 4.2 37.1
0 4186.746 10 4.2 37.1
0 4186.845 10 4.2 37.1
0 4187.127 4 4.2 37.1
0 4187.152 40 4.2 37.1
0 4187.263 9 4.2 37.1
0 4187.367 10 4.2 37.1
0 4187.548 6 4.2 37.1
0 4187.572 41 4.2 37.1
0 4187.71 7 4.2 37.1
0 4187.968 4 4.2 37.1
0 4187.992 42 4.2 37.1
0 4188.117 8 4.2 37.1
0 4188.227 9 4.2 37.1
0 4188.33 10 4.2 37.1
0 4188.433 10 4.2 37.1
0 4188.508 13 4.2 37.1
0 4188.636 8 4.2 37.1
0 4188.817 6 4.2 37.1
0 4188.84 43 4.2 37.1
0 4188.97 8 4.2 37.1
0 4189.078 9 4.2 37.1
0 4189.185 9 4.2 37.1
0 4189.26 13 4.2 37.1
0 4189.372 9 4.2 37.1
0 4189.466 11 4.2 37.1
0 4189.563 10 4.2 37.1
0 4189.832 4 4.2 37.1
0 4189.945 9 4.2 37.1
0 4189.969 41 4.2 37.1
0 4190.094 8 4.2 37.1
0 4190.2 9 4.2 37.1
0 4190.296 10 4.2 37.1
0 4190.49 5 4.2 37.1
0 4190.518 36 4.2 37.1
0 4190.724 5 4.2 37.1
0 4190.738 73 4.2 37.1
0 4190.849 9 4.2 37.1
0 4190.963 9 4.2 37.1
0 4191.065 10 4.2 37.1
0 4191.163 10 4.2 37.1
0 4191.338 6 4.2 37.1
0 4191.351 78 4.2 37.1
0 4191.56 5 4.2 37.1
0 4191.577 60 4.2 37.1
0 4191.703 8 4.2 37.1
0 4191.798 11 4.2 37.1
0 4191.898 10 4.2 37.1
0 4192.177 4 4.2 37.1
0 4192.191 73 4.2 37.1
0 4192.316 8 4.2 37.1
0 4192.411 10 4.2 37.1
0 4192.606 5 4.2 37.1
0 4192.62 71 4.2 37.1
0 4192.742 8 4.2 37.1
0 4193.023 4 4.2 37.1
0 4193.037 72 4.2 37.1
0 4193.155 8 4.2 37.1
0 4193.255 10 4.2 37.1
0 4193.353 10 4.2 37.1
0 4193.452 10 4.2 37.1
0 4193.556 10 4.2 37.1
0 4193.657 10 4.2 37.1
0 4193.84 5 5.0 37.1
0 4193.852 78 5.0 37.1
0 4193.969 9 5.0 37.1
0 4194.065 10 5.0 37.1
0 4194.174 9 5.0 37.1
0 4194.258 12 5.0 37.1
0 4194.362 10 5.0 37.1
0 4194.47 9 5.0 37.1
0 4194.567 10 5.0 37.1
0 4194.85 4 5.0 37.1
0 4194.953 10 5.0 37.1
0 4194.966 76 5.0 37.1
0 4195.077 9 5.0 37.1
0 4195.188 9 5.0 37.1
0 4195.268 12 5.0 37.1
0 4195.373 10 5.0 37.1
0 4195.578 5 5.0 37.1
0 4195.591 76 5.0 37.1
0 4195.809 5 5.0 37.1
0 4195.822 75 5.0 37.1
0 4195.931 9 5.0 37.1
0 4196.046 9 5.0 37.1
0 4196.144 10 5.0 37.1
0 4196.246 10 5.0 37.1
0 4196.434 5 5.0 37.1
0 4196.447 74 5.0 37.1
0 4196.657 5 5.0 37.1
0 4196.671 73 5.0 37.1
0 4196.795 8 5.0 37.1
0 4196.891 10 5.0 37.1
0 4196.993 10 5.0 37.1
0 4197.266 4 5.0 37.1
0 4197.28 72 5.0 37.1
0 4197.407 8 5.0 37.1
0 4197.509 10 5.0 37.1
0 4197.704 5 5.0 37.1
0 4197.718 74 5.0 37.1
0 4197.935 5 5.0 37.1
0 4198.032 10 5.0 37.1
0 4198.049 61 5.0 37.1
0 4198.179 8 5.0 37.1
0 4198.264 12 5.0 37.1
0 4198.37 9 5.0 37.1
0 4198.482 9 5.0 37.1
0 4198.569 12 5.0 37.1
0 4198.682 9 5.0 37.1
0 4198.86 6 5.0 37.1
0 4198.874 72 5.0 37.1
0 4198.999 8 5.0 37.1
0 4199.105 9 5.0 37.1
0 4199.206 10 5.0 37.1
0 4199.302 10 5.0 37.1
0 4199.396 11 5.0 37.1
0 4199.503 9 5.0 37.1
0 4199.598 10 5.0 37.1
0 4199.878 4 5.0 37.1
0 4199.98 10 5.0 37.1
0 4199.992 81 5.0 37.1
0 4200.121 8 5.0 37.1
0 4200.224 10 5.0 37.1
0 4200.32 10 5.0 37.1
0 4200.422 10 5.0 37.1
0 4200.623 5 5.0 37.1
0 4200.638 66 5.0 37.1
0 4200.855 5 5.0 37.1
0 4200.867 79 5.0 37.1
0 4200.99 8 5.0 37.1
0 4201.092 10 5.0 37.1
0 4201.273 6 5.0 37.1
0 4201.277 267 5.0 37.1
0 4201.484 5 5.0 37.1
0 4201.488 269 5.0 37.1
0 4201.698 5 5.0 37.1
0 4201.701 305 5.0 37.1
0 4201.822 8 5.0 37.1
0 4201.912 11 5.0 37.1
0 4202.017 10 5.0 37.1
0 4202.298 4 5.0 37.1
0 4202.301 295 5.0 37.1
0 4202.421 8 5.0 37.1
0 4202.512 11 5.0 37.1
0 4202.615 10 5.0 37.1
0 4202.803 5 5.0 37.1
0 4202.807 271 5.0 37.1
0 4203.102 3 5.0 37.1
0 4203.106 236 5.0 37.1
0 4203.211 10 5.0 37.1
0 4203.319 9 5.0 37.1
0 4203.415 10 5.0 37.1
0 4203.518 10 5.0 37.1
0 4203.628 9 5.0 37.1
0 4203.717 11 5.0 37.1
0 4203.924 5 4.3 37.1
0 4203.927 325 4.3 37.1
0 4204.04 9 4.3 37.1
0 4204.148 9 4.3 37.1
0 4204.24 11 4.3 37.1
0 4204.34 10 4.3 37.1
0 4204.439 10 4.3 37.1
0 4204.541 10 4.3 37.1
0 4204.65 9 4.3 37.1
0 4204.915 4 4.3 37.1
0 4205.003 11 4.3 37.1
0 4205.02 58 4.3 37.1
0 4205.131 9 4.3 37.1
0 4205.238 9 4.3 37.1
0 4205.33 11 4.3 37.1
0 4205.429 10 4.3 37.1
0 4205.634 5 4.3 37.1
0 4205.638 264 4.3 37.1
0 4205.751 9 4.3 37.1
0 4205.953 5 4.3 37.1
0 4205.957 316 4.3 37.1
0 4206.069 9 4.3 37.1
0 4206.275 5 4.3 37.1
0 4206.279 239 4.3 37.1
0 4206.485 5 4.3 37.1
0 4206.488 299 4.3 37.1
0 4206.704 5 4.3 37.1
0 4206.708 266 4.3 37.1
0 4206.829 8 4.3 37.1
0 4206.918 11 4.3 37.1
0 4207.02 10 4.3 37.1
0 4207.302 4 4.3 37.1
0 4207.305 267 4.3 37.1
0 4207.427 8 4.3 37.1
0 4207.516 11 4.3 37.1
0 4207.618 10 4.3 37.1
0 4207.82 5 4.3 37.1
0 4207.824 245 4.3 37.1
0 4208.138 3 4.3 37.1
0 4208.142 254 4.3 37.1
0 4208.246 10 4.3 37.1
0 4208.355 9 4.3 37.1
0 4208.452 10 4.3 37.1
0 4208.553 10 4.3 37.1
0 4208.664 9 4.3 37.1
0 4208.75 12 4.3 37.1
0 4208.955 5 4.3 37.1
0 4208.959 247 4.3 37.1
0 4209.07 9 4.3 37.1
0 4209.18 9 4.3 37.1
0 4209.269 11 4.3 37.1
0 4209.372 10 4.3 37.1
0 4209.473 10 4.3 37.1
0 4209.57 10 4.3 37.1
0 4209.68 9 4.3 37.1
0 4209.96 4 4.3 37.1
0 4210.053 11 4.3 37.1
0 4210.064 92 4.3 37.1
0 4210.184 8 4.3 37.1
0 4210.273 11 4.3 37.1
0 4210.374 10 4.3 37.1
0 4210.477 10 4.3 37.1
0 4210.686 5 4.3 37.1
0 4210.693 151 4.3 37.1
0 4210.801 9 4.3 37.1
0 4211.0 5 4.3 37.1
0 4211.004 255 4.3 37.1
0 4211.117 9 4.3 37.1
0 4211.316 5 4.3 37.1
0 4211.319 269 4.3 37.1
0 4211.533 5 4.3 37.1
0 4211.536 261 4.3 37.1
0 4211.755 5 4.3 37.1
0 4211.759 266 4.3 37.1
0 4211.879 8 4.3 37.1
0 4211.969 11 4.3 37.1
0 4212.072 10 4.3 37.1
0 4212.357 4 4.3 37.1
0 4212.361 273 4.3 37.1
0 4212.481 8 4.3 37.1
0 4212.573 11 4.3 37.1
0 4212.674 10 4.3 37.1
0 4212.883 5 4.3 37.1
0 4212.888 245 4.3 37.1
0 4213.185 3 4.3 37.1
0 4213.189 244 4.3 37.1
0 4213.298 9 4.3 37.1
0 4213.403 10 4.3 37.1
0 4213.498 10 4.3 37.1
0 4213.599 10 4.3 37.1
0 4213.712 9 4.3 37.1
0 4213.8 11 4.3 37.1
0 4213.996 5 3.5 37.1
0 4213.999 305 3.5 37.1
0 4214.11 9 3.5 37.1
0 4214.221 9 3.5 37.1
0 4214.309 11 3.5 37.1
0 4214.413 10 3.5 37.1
0 4214.512 10 3.5 37.1
0 4214.611 10 3.5 37.1
0 4214.723 9 3.5 37.1
0 4214.996 4 3.5 37.1
0 4215.084 11 3.5 37.1
0 4215.102 57 3.5 37.1
0 4215.21 9 3.5 37.1
0 4215.32 9 3.5 37.1
0 4215.409 11 3.5 37.1
0 4215.506 10 3.5 37.1
0 4215.714 5 3.5 37.1
0 4215.717 288 3.5 37.1
0 4215.84 8 3.5 37.1
0 4216.024 5 3.5 37.1
0 4216.028 320 3.5 37.1
0 4216.142 9 3.5 37.1
0 4216.335 5 3.5 37.1
0 4216.339 229 3.5 37.1
0 4216.55 5 3.5 37.1
0 4216.553 300 3.5 37.1
0 4216.777 4 3.5 37.1
0 4216.781 299 3.5 37.1
0 4216.904 8 3.5 37.1
0 4216.993 11 3.5 37.1
0 4217.093 10 3.5 37.1
0 4217.375 4 3.5 37.1
0 4217.379 293 3.5 37.1
0 4217.503 8 3.5 37.1
0 4217.59 12 3.5 37.1
0 4217.69 10 3.5 37.1
0 4217.874 5 3.5 37.1
0 4217.881 148 3.5 37.1
0 4218.001 8 3.5 37.1
0 4218.281 4 3.5 37.1
0 4218.285 265 3.5 37.1
0 4218.397 9 3.5 37.1
0 4218.508 9 3.5 37.1
0 4218.59 12 3.5 37.1
0 4218.695 9 3.5 37.1
0 4218.79 11 3.5 37.1
0 4218.898 9 3.5 37.1
0 4219.084 5 3.5 37.1
0 4219.088 262 3.5 37.1
0 4219.198 9 3.5 37.1
0 4219.301 10 3.5 37.1
0 4219.401 10 3.5 37.1
0 4219.498 10 3.5 37.1
0 4219.608 9 3.5 37.1
0 4219.699 11 3.5 37.1
0 4219.802 10 3.5 37.1
0 4220.079 4 3.5 37.1
0 4220.169 11 3.5 37.1
0 4220.184 68 3.5 37.1
0 4220.292 9 3.5 37.1
0 4220.397 10 3.5 37.1
0 4220.497 10 3.5 37.1
0 4220.595 10 3.5 37.1
0 4220.797 5 3.5 37.1
0 4220.801 292 3.5 37.1
0 4220.915 9 3.5 37.1
0 4221.118 5 3.5 37.1
0 4221.122 274 3.5 37.1
0 4221.232 9 3.5 37.1
0 4221.433 5 3.5 37.1
0 4221.437 292 3.5 37.1
0 4221.644 5 3.5 37.1
0 4221.647 288 3.5 37.1
0 4221.841 5 3.5 37.1
0 4221.847 164 3.5 37.1
0 4221.954 9 3.5 37.1
0 4222.06 9 3.5 37.1
0 4222.16 10 3.5 37.1
0 4222.422 4 3.5 37.1
0 4222.426 253 3.5 37.1
0 4222.535 9 3.5 37.1
0 4222.64 10 3.5 37.1
0 4222.73 11 3.5 37.1
0 4222.939 5 3.5 37.1
0 4222.943 250 3.5 37.1
0 4223.057 9 3.5 37.1
0 4223.34 4 3.5 37.1
0 4223.344 257 3.5 37.1
0 4223.461 9 3.5 37.1
0 4223.558 10 3.5 37.1
0 4223.656 10 3.5 37.1
0 4223.745 11 3.5 37.1
0 4223.857 9 3.5 37.1
0 4223.965 9 3.5 37.1
0 4224.151 5 3.8 37.1
0 4224.154 316 3.8 37.1
0 4224.255 10 3.8 37.1
0 4224.369 9 3.8 37.1
0 4224.473 10 3.8 37.1
0 4224.567 11 3.8 37.1
0 4224.669 10 3.8 37.1
0 4224.759 11 3.8 37.1
0 4224.868 9 3.8 37.1
0 4225.152 4 3.8 37.1
0 4225.238 12 3.8 37.1
0 4225.256 58 3.8 37.1
0 4225.365 9 3.8 37.1
0 4225.476 9 3.8 37.1
0 4225.566 11 3.8 37.1
0 4225.669 10 3.8 37.1
0 4225.867 5 3.8 37.1
0 4225.871 292 3.8 37.1
0 4225.988 9 3.8 37.1
0 4226.192 5 3.8 37.1
0 4226.196 308 3.8 37.1
0 4226.309 9 3.8 37.1
0 4226.507 5 3.8 37.1
0 4226.512 204 3.8 37.1
0 4226.727 5 3.8 37.1
0 4226.73 295 3.8 37.1
0 4226.942 5 3.8 37.1
0 4226.946 308 3.8 37.1
0 4227.067 8 3.8 37.1
0 4227.157 11 3.8 37.1
0 4227.428 4 3.8 37.1
0 4227.432 265 3.8 37.1
0 4227.543 9 3.8 37.1
0 4227.653 9 3.8 37.1
0 4227.743 11 3.8 37.1
0 4227.94 5 3.8 37.1
0 4227.943 277 3.8 37.1
0 4228.057 9 3.8 37.1
0 4228.339 4 3.8 37.1
0 4228.342 285 3.8 37.1
0 4228.447 10 3.8 37.1
0 4228.553 9 3.8 37.1
0 4228.656 10 3.8 37.1
0 4228.755 10 3.8 37.1
0 4228.861 9 3.8 37.1
0 4228.957 10 3.8 37.1
0 4229.054 10 3.8 37.1
0 4229.264 5 3.8 37.1
0 4229.268 236 3.8 37.1
0 4229.383 9 3.8 37.1
0 4229.482 10 3.8 37.1
0 4229.578 10 3.8 37.1
0 4229.678 10 3.8 37.1
0 4229.784 9 3.8 37.1
0 4229.886 10 3.8 37.1
0 4230.164 4 3.8 37.1
0 4230.252 11 3.8 37.1
0 4230.268 62 3.8 37.1
0 4230.39 8 3.8 37.1
0 4230.477 11 3.8 37.1
0 4230.58 10 3.8 37.1
0 4230.681 10 3.8 37.1
0 4230.809 8 3.8 37.1
0 4230.92 9 3.8 37.1
0 4231.01 11 3.8 37.1
0 4231.112 10 3.8 37.1
0 4231.296 5 3.8 37.1
0 4231.309 80 3.8 37.1
0 4231.497 5 3.8 37.1
0 4231.51 74 3.8 37.1
0 4231.635 8 3.8 37.1
0 4231.825 5 3.8 37.1
0 4231.838 78 3.8 37.1
0 4232.065 4 3.8 37.1
0 4232.079 70 3.8 37.1
0 4232.213 7 3.8 37.1
0 4232.452 4 3.8 37.1
0 4232.466 72 3.8 37.1
0 4232.596 8 3.8 37.1
0 4232.702 9 3.8 37.1
0 4232.769 15 3.8 37.1
0 4232.977 5 3.8 37.1
0 4232.992 67 3.8 37.1
0 4233.119 8 3.8 37.1
0 4233.38 4 3.8 37.1
0 4233.393 75 3.8 37.1
0 4233.526 8 3.8 37.1
0 4233.614 11 3.8 37.1
0 4233.712 10 3.8 37.1
0 4233.811 10 3.8 37.1
0 4233.901 11 3.8 37.1
0 4234.024 8 3.8 37.1
0 4234.121 10 3.8 37.1
0 4234.308 5 4.0 37.1
0 4234.32 80 4.0 37.1
0 4234.454 7 4.0 37.1
0 4234.544 11 4.0 37.1
0 4234.658 9 4.0 37.1
0 4234.75 11 4.0 37.1
0 4234.846 10 4.0 37.1
0 4234.942 10 4.0 37.1
0 4235.222 4 4.0 37.1
0 4235.321 10 4.0 37.1
0 4235.337 63 4.0 37.1
0 4235.465 8 4.0 37.1
0 4235.562 10 4.0 37.1
0 4235.67 9 4.0 37.1
0 4235.766 10 4.0 37.1
0 4235.87 10 4.0 37.1
0 4235.961 11 4.0 37.1
0 4236.061 10 4.0 37.1
0 4236.171 9 4.0 37.1
0 4236.347 6 4.0 37.1
0 4236.36 78 4.0 37.1
0 4236.578 5 4.0 37.1
0 4236.592 73 4.0 37.1
0 4236.725 8 4.0 37.1
0 4236.923 5 4.0 37.1
0 4236.947 42 4.0 37.1
0 4237.177 4 4.0 37.1
0 4237.201 41 4.0 37.1
0 4237.499 3 4.0 37.1
0 4237.523 42 4.0 37.1
0 4237.661 7 4.0 37.1
0 4237.756 11 4.0 37.1
0 4237.857 10 4.0 37.1
0 4238.033 6 4.0 37.1
0 4238.057 42 4.0 37.1
0 4238.201 7 4.0 37.1
0 4238.464 4 4.0 37.1
0 4238.5 28 4.0 37.1
0 4238.626 8 4.0 37.1
0 4238.734 9 4.0 37.1
0 4238.832 10 4.0 37.1
0 4238.924 11 4.0 37.1
0 4238.993 14 4.0 37.1
0 4239.137 7 4.0 37.1
0 4239.232 11 4.0 37.1
0 4239.398 6 4.0 37.1
0 4239.426 35 4.0 37.1
0 4239.555 8 4.0 37.1
0 4239.663 9 4.0 37.1
0 4239.744 12 4.0 37.1
0 4239.854 9 4.0 37.1
0 4239.942 11 4.0 37.1
0 4240.136 5 4.0 37.1
0 4240.25 9 4.0 37.1
0 4240.359 9 4.0 37.1
0 4240.386 37 4.0 37.1
0 4240.515 8 4.0 37.1
0 4240.622 9 4.0 37.1
0 4240.718 10 4.0 37.1
0 4240.815 10 4.0 37.1
0 4240.921 9 4.0 37.1
0 4241.009 11 4.0 37.1
0 4241.126 9 4.0 37.1
0 4241.201 13 4.0 37.1
0 4241.394 5 4.0 37.1
0 4241.409 69 4.0 37.1
0 4241.621 5 4.0 37.1
0 4241.634 77 4.0 37.1
0 4241.767 8 4.0 37.1
0 4241.953 5 4.0 37.1
0 4241.968 68 4.0 37.1
0 4242.099 8 4.0 37.1
0 4242.275 6 4.0 37.1
0 4242.298 44 4.0 37.1
0 4242.511 5 4.0 37.1
0 4242.535 42 4.0 37.1
0 4242.676 7 4.0 37.1
0 4242.776 10 4.0 37.1
0 4242.876 10 4.0 37.1
0 4243.047 6 4.0 37.1
0 4243.077 34 4.0 37.1
0 4243.216 7 4.0 37.1
0 4243.451 4 4.0 37.1
0 4243.474 42 4.0 37.1
0 4243.624 7 4.0 37.1
0 4243.708 12 4.0 37.1
0 4243.802 11 4.0 37.1
0 4243.921 8 4.0 37.1
0 4244.016 10 4.0 37.1
0 4244.11 11 4.0 37.1
0 4244.215 10 4.0 37.1
0 4244.316 10 5.2 37.1
0 4244.486 6 5.2 37.1
0 4244.511 39 5.2 37.1
0 4244.642 8 5.2 37.1
0 4244.751 9 5.2 37.1
0 4244.846 11 5.2 37.1
0 4244.934 11 5.2 37.1
0 4245.057 8 5.2 37.1
0 4245.316 4 5.2 37.1
0 4245.422 9 5.2 37.1
0 4245.445 43 5.2 37.1
0 4245.583 7 5.2 37.1
0 4245.69 9 5.2 37.1
0 4245.777 12 5.2 37.1
0 4245.889 9 5.2 37.1
0 4245.962 14 5.2 37.1
0 4246.083 8 5.2 37.1
0 4246.183 10 5.2 37.1
0 4246.274 11 5.2 37.1
0 4246.463 5 5.2 37.1
0 4246.487 41 5.2 37.1
0 4246.69 5 5.2 37.1
0 4246.786 10 5.2 37.1
0 4246.805 53 5.2 37.1
0 4247.015 5 5.2 37.1
0 4247.029 74 5.2 37.1
0 4247.161 8 5.2 37.1
0 4247.328 6 5.2 37.1
0 4247.341 76 5.2 37.1
0 4247.545 5 5.2 37.1
0 4247.558 78 5.2 37.1
0 4247.685 8 5.2 37.1
0 4247.778 11 5.2 37.1
0 4247.892 9 5.2 37.1
0 4248.064 6 5.2 37.1
0 4248.077 77 5.2 37.1
0 4248.21 8 5.2 37.1
0 4248.471 4 5.2 37.1
0 4248.483 79 5.2 37.1
0 4248.616 8 5.2 37.1
0 4248.717 10 5.2 37.1
0 4248.808 11 5.2 37.1
0 4248.919 9 5.2 37.1
0 4249.031 9 5.2 37.1
0 4249.126 11 5.2 37.1
0 4249.232 9 5.2 37.1
0 4249.329 10 5.2 37.1
0 4249.505 6 5.2 37.1
0 4249.528 43 5.2 37.1
0 4249.663 7 5.2 37.1
0 4249.76 10 5.2 37.1
0 4249.859 10 5.2 37.1
0 4249.966 9 5.2 37.1
0 4250.058 11 5.2 37.1
0 4250.177 8 5.2 37.1
0 4250.338 6 5.2 37.1
0 4250.444 9 5.2 37.1
0 4250.466 46 5.2 37.1
0 4250.599 8 5.2 37.1
0 4250.721 8 5.2 37.1
0 4250.769 21 5.2 37.1
0 4250.914 7 5.2 37.1
0 4250.984 14 5.2 37.1
0 4251.109 8 5.2 37.1
0 4251.213 10 5.2 37.1
0 4251.281 15 5.2 37.1
0 4251.475 5 5.2 37.1
0 4251.502 37 5.2 37.1
0 4251.703 5 5.2 37.1
0 4251.812 9 5.2 37.1
0 4251.842 34 5.2 37.1
0 4252.045 5 5.2 37.1
0 4252.068 43 5.2 37.1
0 4252.211 7 5.2 37.1
0 4252.377 6 5.2 37.1
0 4252.401 42 5.2 37.1
0 4252.686 4 5.2 37.1
0 4252.699 76 5.2 37.1
0 4252.832 8 5.2 37.1
0 4252.939 9 5.2 37.1
0 4253.117 6 5.2 37.1
0 4253.13 74 5.2 37.1
0 4253.262 8 5.2 37.1
0 4253.522 4 5.2 37.1
0 4253.536 73 5.2 37.1
0 4253.652 9 5.2 37.1
0 4253.744 11 5.2 37.1
0 4253.868 8 5.2 37.1
0 4253.966 10 5.2 37.1
0 4254.058 11 5.2 37.1
0 4254.138 13 5.2 37.1
0 4254.249 9 5.2 37.1
0 4254.37 8 5.0 37.1
0 4254.548 6 5.0 37.1
0 4254.561 74 5.0 37.1
0 4254.695 7 5.0 37.1
0 4254.78 12 5.0 37.1
0 4254.87 11 5.0 37.1
0 4254.963 11 5.0 37.1
0 4255.104 7 5.0 37.1
0 4255.195 11 5.0 37.1
0 4255.358 6 5.0 37.1
0 4255.457 10 5.0 37.1
0 4255.472 64 5.0 37.1
0 4255.612 7 5.0 37.1
0 4255.704 11 5.0 37.1
0 4255.782 13 5.0 37.1
0 4255.903 8 5.0 37.1
0 4256.006 10 5.0 37.1
0 4256.191 5 5.0 37.1
0 4256.195 254 5.0 37.1
0 4256.305 9 5.0 37.1
0 4256.497 5 5.0 37.1
0 4256.501 260 5.0 37.1
0 4256.803 3 5.0 37.1
0 4256.807 252 5.0 37.1
0 4256.917 9 5.0 37.1
0 4257.119 5 5.0 37.1
0 4257.123 249 5.0 37.1
0 4257.238 9 5.0 37.1
0 4257.441 5 5.0 37.1
0 4257.445 300 5.0 37.1
0 4257.733 3 5.0 37.1
0 4257.737 204 5.0 37.1
0 4257.851 9 5.0 37.1
0 4257.949 10 5.0 37.1
0 4258.149 5 5.0 37.1
0 4258.153 263 5.0 37.1
0 4258.265 9 5.0 37.1
0 4258.554 3 5.0 37.1
0 4258.558 280 5.0 37.1
0 4258.671 9 5.0 37.1
0 4258.772 10 5.0 37.1
0 4258.87 10 5.0 37.1
0 4258.966 10 5.0 37.1
0 4259.076 9 5.0 37.1
0 4259.172 10 5.0 37.1
0 4259.265 11 5.0 37.1
0 4259.373 9 5.0 37.1
0 4259.575 5 5.0 37.1
0 4259.578 304 5.0 37.1
0 4259.682 10 5.0 37.1
0 4259.791 9 5.0 37.1
0 4259.881 11 5.0 37.1
0 4259.989 9 5.0 37.1
0 4260.096 9 5.0 37.1
0 4260.191 11 5.0 37.1
0 4260.383 5 5.0 37.1
0 4260.474 11 5.0 37.1
0 4260.489 66 5.0 37.1
0 4260.59 10 5.0 37.1
0 4260.703 9 5.0 37.1
0 4260.797 11 5.0 37.1
0 4260.901 10 5.0 37.1
0 4261.024 8 5.0 37.1
0 4261.221 5 5.0 37.1
0 4261.236 68 5.0 37.1
0 4261.366 8 5.0 37.1
0 4261.544 6 5.0 37.1
0 4261.558 73 5.0 37.1
0 4261.775 5 5.0 37.1
0 4261.79 70 5.0 37.1
0 4261.91 8 5.0 37.1
0 4262.01 10 5.0 37.1
0 4262.211 5 5.0 37.1
0 4262.225 70 5.0 37.1
0 4262.447 5 5.0 37.1
0 4262.461 75 5.0 37.1
0 4262.748 3 5.0 37.1
0 4262.763 67 5.0 37.1
0 4262.894 8 5.0 37.1
0 4262.993 10 5.0 37.1
0 4263.175 5 5.0 37.1
0 4263.188 79 5.0 37.1
0 4263.312 8 5.0 37.1
0 4263.598 3 5.0 37.1
0 4263.611 76 5.0 37.1
0 4263.745 7 5.0 37.1
0 4263.842 10 5.0 37.1
0 4263.944 10 5.0 37.1
0 4264.045 10 5.0 37.1
0 4264.145 10 5.0 37.1
0 4264.244 10 5.0 37.1
0 4264.344 10 5.0 37.1
0 4264.444 10 4.1 37.1
0 4264.62 6 4.1 37.1
0 4264.633 77 4.1 37.1
0 4264.769 7 4.1 37.1
0 4264.867 10 4.1 37.1
0 4264.962 10 4.1 37.1
0 4265.065 10 4.1 37.1
0 4265.161 10 4.1 37.1
0 4265.41 4 4.1 37.1
0 4265.499 11 4.1 37.1
0 4265.517 56 4.1 37.1
0 4265.627 9 4.1 37.1
0 4265.731 10 4.1 37.1
0 4265.826 11 4.1 37.1
0 4265.927 10 4.1 37.1
0 4266.03 10 4.1 37.1
0 4266.129 10 4.1 37.1
0 4266.331 5 4.1 37.1
0 4266.335 258 4.1 37.1
0 4266.556 5 4.1 37.1
0 4266.56 245 4.1 37.1
0 4266.787 4 4.1 37.1
0 4266.801 72 4.1 37.1
0 4266.923 8 4.1 37.1
0 4267.022 10 4.1 37.1
0 4267.215 5 4.1 37.1
0 4267.228 76 4.1 37.1
0 4267.45 5 4.1 37.1
0 4267.464 72 4.1 37.1
0 4267.585 8 4.1 37.1
0 4267.757 6 4.1 37.1
0 4267.772 66 4.1 37.1
0 4267.902 8 4.1 37.1
0 4268.001 10 4.1 37.1
0 4268.194 5 4.1 37.1
0 4268.207 75 4.1 37.1
0 4268.334 8 4.1 37.1
0 4268.608 4 4.1 37.1
0 4268.621 76 4.1 37.1
0 4268.753 8 4.1 37.1
0 4268.851 10 4.1 37.1
0 4268.952 10 4.1 37.1
0 4269.054 10 4.1 37.1
0 4269.153 10 4.1 37.1
0 4269.254 10 4.1 37.1
0 4269.343 11 4.1 37.1
0 4269.444 10 4.1 37.1
0 4269.633 5 4.1 37.1
0 4269.646 78 4.1 37.1
0 4269.773 8 4.1 37.1
0 4269.874 10 4.1 37.1
0 4269.974 10 4.1 37.1
0 4270.071 10 4.1 37.1
0 4270.171 10 4.1 37.1
0 4270.439 4 4.1 37.1
0 4270.54 10 4.1 37.1
0 4270.553 78 4.1 37.1
0 4270.684 8 4.1 37.1
0 4270.774 11 4.1 37.1
0 4270.88 9 4.1 37.1
0 4270.983 10 4.1 37.1
0 4271.082 10 4.1 37.1
0 4271.187 10 4.1 37.1
0 4271.364 6 4.1 37.1
0 4271.378 74 4.1 37.1
0 4271.595 5 4.1 37.1
0 4271.61 71 4.1 37.1
0 4271.833 4 4.1 37.1
0 4271.846 75 4.1 37.1
0 4271.976 8 4.1 37.1
0 4272.07 11 4.1 37.1
0 4272.264 5 4.1 37.1
0 4272.278 72 4.1 37.1
0 4272.496 5 4.1 37.1
0 4272.509 79 4.1 37.1
0 4272.636 8 4.1 37.1
0 4272.837 5 4.1 37.1
0 4272.851 72 4.1 37.1
0 4272.975 8 4.1 37.1
0 4273.078 10 4.1 37.1
0 4273.274 5 4.1 37.1
0 4273.288 73 4.1 37.1
0 4273.411 8 4.1 37.1
0 4273.689 4 4.1 37.1
0 4273.702 73 4.1 37.1
0 4273.829 8 4.1 37.1
0 4273.933 10 4.1 37.1
0 4274.017 12 4.1 37.1
0 4274.134 9 4.1 37.1
0 4274.233 10 4.1 37.1
0 4274.32 11 4.1 37.1
0 4274.416 10 4.1 37.1
0 4274.523 9 4.4 37.1
0 4274.727 5 4.4 37.1
0 4274.74 74 4.4 37.1
0 4274.868 8 4.4 37.1
0 4275.047 6 4.4 37.1
0 4275.05 277 4.4 37.1
0 4275.162 9 4.4 37.1
0 4275.253 11 4.4 37.1
0 4275.55 3 4.4 37.1
0 4275.638 11 4.4 37.1
0 4275.656 53 4.4 37.1
0 4275.769 9 4.4 37.1
0 4275.865 10 4.4 37.1
0 4275.965 10 4.4 37.1
0 4276.066 10 4.4 37.1
0 4276.172 9 4.4 37.1
0 4276.266 11 4.4 37.1
0 4276.472 5 4.4 37.1
0 4276.476 285 4.4 37.1
0 4276.696 5 4.4 37.1
0 4276.7 225 4.4 37.1
0 4276.91 5 4.4 37.1
0 4276.914 268 4.4 37.1
0 4277.024 9 4.4 37.1
0 4277.126 10 4.4 37.1
0 4277.332 5 4.4 37.1
0 4277.336 274 4.4 37.1
0 4277.555 5 4.4 37.1
0 4277.559 285 4.4 37.1
0 4277.664 9 4.4 37.1
0 4277.858 5 4.4 37.1
0 4277.862 232 4.4 37.1
0 4277.978 9 4.4 37.1
0 4278.074 10 4.4 37.1
0 4278.172 10 4.4 37.1
0 4278.364 5 4.4 37.1
0 4278.367 271 4.4 37.1
0 4278.483 9 4.4 37.1
0 4278.768 4 4.4 37.1
0 4278.773 228 4.4 37.1
0 4278.882 9 4.4 37.1
0 4278.987 9 4.4 37.1
0 4279.082 11 4.4 37.1
0 4279.184 10 4.4 37.1
0 4279.274 11 4.4 37.1
0 4279.391 9 4.4 37.1
0 4279.489 10 4.4 37.1
0 4279.583 11 4.4 37.1
0 4279.806 4 4.4 37.1
0 4279.81 263 4.4 37.1
0 4279.915 10 4.4 37.1
0 4280.127 5 4.4 37.1
0 4280.13 307 4.4 37.1
0 4280.241 9 4.4 37.1
0 4280.345 10 4.4 37.1
0 4280.649 3 4.4 37.1
0 4280.738 11 4.4 37.1
0 4280.758 51 4.4 37.1
0 4280.869 9 4.4 37.1
0 4280.969 10 4.4 37.1
0 4281.06 11 4.4 37.1
0 4281.166 9 4.4 37.1
0 4281.269 10 4.4 37.1
0 4281.366 10 4.4 37.1
0 4281.582 5 4.4 37.1
0 4281.672 11 4.4 37.1
0 4281.686 70 4.4 37.1
0 4281.799 9 4.4 37.1
0 4282.015 5 4.4 37.1
0 4282.019 247 4.4 37.1
0 4282.129 9 4.4 37.1
0 4282.232 10 4.4 37.1
0 4282.544 3 4.4 37.1
0 4282.559 65 4.4 37.1
0 4282.686 8 4.4 37.1
0 4282.871 5 4.4 37.1
0 4282.884 76 4.4 37.1
0 4283.014 8 4.4 37.1
0 4283.117 10 4.4 37.1
0 4283.216 10 4.4 37.1
0 4283.308 11 4.4 37.1
0 4283.417 9 4.4 37.1
0 4283.515 10 4.4 37.1
0 4283.789 4 4.4 37.1
0 4283.802 75 4.4 37.1
0 4283.933 8 4.4 37.1
0 4284.022 11 4.4 37.1
0 4284.133 9 4.4 37.1
0 4284.23 10 4.4 37.1
0 4284.329 10 4.4 37.1
0 4284.419 11 4.4 37.1
0 4284.527 9 3.9 37.1
0 4284.637 9 3.9 37.1
0 4284.816 6 3.9 37.1
0 4284.829 76 3.9 37.1
0 4284.955 8 3.9 37.1
0 4285.139 5 3.9 37.1
0 4285.153 69 3.9 37.1
0 4285.26 9 3.9 37.1
0 4285.387 8 3.9 37.1
0 4285.662 4 3.9 37.1
0 4285.762 10 3.9 37.1
0 4285.775 72 3.9 37.1
0 4285.907 8 3.9 37.1
0 4285.997 11 3.9 37.1
0 4286.105 9 3.9 37.1
0 4286.208 10 3.9 37.1
0 4286.291 12 3.9 37.1
0 4286.406 9 3.9 37.1
0 4286.591 5 3.9 37.1
0 4286.691 10 3.9 37.1
0 4286.705 74 3.9 37.1
0 4286.823 8 3.9 37.1
0 4287.012 5 3.9 37.1
0 4287.025 77 3.9 37.1
0 4287.135 9 3.9 37.1
0 4287.252 9 3.9 37.1
0 4287.358 9 3.9 37.1
0 4287.6 4 3.9 37.1
0 4287.614 68 3.9 37.1
0 4287.744 8 3.9 37.1
0 4287.939 5 3.9 37.1
0 4287.954 69 3.9 37.1
0 4288.077 8 3.9 37.1
0 4288.178 10 3.9 37.1
0 4288.277 10 3.9 37.1
0 4288.381 10 3.9 37.1
0 4288.486 10 3.9 37.1
0 4288.583 10 3.9 37.1
0 4288.854 4 3.9 37.1
0 4288.867 73 3.9 37.1
0 4288.994 8 3.9 37.1
0 4289.098 10 3.9 37.1
0 4289.196 10 3.9 37.1
0 4289.286 11 3.9 37.1
0 4289.397 9 3.9 37.1
0 4289.501 10 3.9 37.1
0 4289.599 10 3.9 37.1
0 4289.693 11 3.9 37.1
0 4289.854 6 3.9 37.1
0 4289.867 76 3.9 37.1
0 4289.98 9 3.9 37.1
0 4290.176 5 3.9 37.1
0 4290.189 76 3.9 37.1
0 4290.291 10 3.9 37.1
0 4290.42 8 3.9 37.1
0 4290.68 4 3.9 37.1
0 4290.779 10 3.9 37.1
0 4290.794 69 3.9 37.1
0 4290.925 8 3.9 37.1
0 4291.023 10 3.9 37.1
0 4291.123 10 3.9 37.1
0 4291.223 10 3.9 37.1
0 4291.301 13 3.9 37.1
0 4291.402 10 3.9 37.1
0 4291.617 5 3.9 37.1
0 4291.713 10 3.9 37.1
0 4291.731 57 3.9 37.1
0 4291.861 8 3.9 37.1
0 4292.038 6 3.9 37.1
0 4292.052 73 3.9 37.1
0 4292.164 9 3.9 37.1
0 4292.281 9 3.9 37.1
0 4292.381 10 3.9 37.1
0 4292.638 4 3.9 37.1
0 4292.653 65 3.9 37.1
0 4292.78 8 3.9 37.1
0 4292.983 5 3.9 37.1
0 4292.997 71 3.9 37.1
0 4293.123 8 3.9 37.1
0 4293.223 10 3.9 37.1
0 4293.31 11 3.9 37.1
0 4293.424 9 3.9 37.1
0 4293.603 6 3.9 37.1
0 4293.606 311 3.9 37.1
0 4293.913 3 3.9 37.1
0 4293.917 290 3.9 37.1
0 4294.023 9 3.9 37.1
0 4294.159 7 3.9 37.1
0 4294.258 10 3.9 37.1
0 4294.336 13 3.9 37.1
0 4294.458 8 3.9 37.1
0 4294.539 12 4.9 37.1
0 4294.65 9 4.9 37.1
0 4294.762 9 4.9 37.1
0 4294.925 6 4.9 37.1
0 4294.938 75 4.9 37.1
0 4295.057 8 4.9 37.1
0 4295.246 5 4.9 37.1
0 4295.261 68 4.9 37.1
0 4295.383 8 4.9 37.1
0 4295.494 9 4.9 37.1
0 4295.774 4 4.9 37.1
0 4295.87 10 4.9 37.1
0 4295.89 51 4.9 37.1
0 4296.019 8 4.9 37.1
0 4296.118 10 4.9 37.1
0 4296.215 10 4.9 37.1
0 4296.289 14 4.9 37.1
0 4296.42 8 4.9 37.1
0 4296.512 11 4.9 37.1
0 4296.706 5 4.9 37.1
0 4296.719 76 4.9 37.1
0 4296.844 8 4.9 37.1
0 4296.953 9 4.9 37.1
0 4297.145 5 4.9 37.1
0 4297.159 75 4.9 37.1
0 4297.284 8 4.9 37.1
0 4297.389 10 4.9 37.1
0 4297.668 4 4.9 37.1
0 4297.683 67 4.9 37.1
0 4297.804 8 4.9 37.1
0 4297.995 5 4.9 37.1
0 4298.009 72 4.9 37.1
0 4298.137 8 4.9 37.1
0 4298.245 9 4.9 37.1
0 4298.336 11 4.9 37.1
0 4298.438 10 4.9 37.1
0 4298.624 5 4.9 37.1
0 4298.638 73 4.9 37.1
0 4298.936 3 4.9 37.1
0 4298.95 72 4.9 37.1
0 4299.081 8 4.9 37.1
0 4299.173 11 4.9 37.1
0 4299.279 9 4.9 37.1
0 4299.386 9 4.9 37.1
0 4299.483 10 4.9 37.1
0 4299.572 11 4.9 37.1
0 4299.686 9 4.9 37.1
0 4299.778 11 4.9 37.1
0 4299.967 5 4.9 37.1
0 4299.98 77 4.9 37.1
0 4300.111 8 4.9 37.1
0 4300.297 5 4.9 37.1
0 4300.31 79 4.9 37.1
0 4300.443 8 4.9 37.1
0 4300.541 10 4.9 37.1
0 4300.804 4 4.9 37.1
0 4300.903 10 4.9 37.1
0 4300.919 63 4.9 37.1
0 4301.05 8 4.9 37.1
0 4301.149 10 4.9 37.1
0 4301.248 10 4.9 37.1
0 4301.321 14 4.9 37.1
0 4301.423 10 4.9 37.1
0 4301.553 8 4.9 37.1
0 4301.747 5 4.9 37.1
0 4301.76 76 4.9 37.1
0 4301.885 8 4.9 37.1
0 4301.994 9 4.9 37.1
0 4302.172 6 4.9 37.1
0 4302.185 77 4.9 37.1
0 4302.293 9 4.9 37.1
0 4302.387 11 4.9 37.1
0 4302.693 3 4.9 37.1
0 4302.708 68 4.9 37.1
0 4302.836 8 4.9 37.1
0 4303.027 5 4.9 37.1
0 4303.041 73 4.9 37.1
0 4303.173 8 4.9 37.1
0 4303.253 12 4.9 37.1
0 4303.37 9 4.9 37.1
0 4303.467 10 4.9 37.1
0 4303.658 5 4.9 37.1
0 4303.672 69 4.9 37.1
0 4303.962 3 4.9 37.1
0 4303.975 74 4.9 37.1
0 4304.108 8 4.9 37.1
0 4304.207 10 4.9 37.1
0 4304.282 13 4.9 37.1
0 4304.402 8 4.9 37.1
0 4304.585 5 5.2 37.1
0 4304.589 256 5.2 37.1
0 4304.7 9 5.2 37.1
0 4304.807 9 5.2 37.1
0 4305.002 5 5.2 37.1
0 4305.005 304 5.2 37.1
0 4305.118 9 5.2 37.1
0 4305.323 5 5.2 37.1
0 4305.327 243 5.2 37.1
0 4305.437 9 5.2 37.1
0 4305.543 9 5.2 37.1
0 4305.641 10 5.2 37.1
0 4305.929 3 5.2 37.1
0 4306.017 11 5.2 37.1
0 4306.04 43 5.2 37.1
0 4306.147 9 5.2 37.1
0 4306.243 10 5.2 37.1
0 4306.342 10 5.2 37.1
0 4306.449 9 5.2 37.1
0 4306.552 10 5.2 37.1
0 4306.647 11 5.2 37.1
0 4306.849 5 5.2 37.1
0 4306.852 291 5.2 37.1
0 4306.969 9 5.2 37.1
0 4307.168 5 5.2 37.1
0 4307.172 266 5.2 37.1
0 4307.278 9 5.2 37.1
0 4307.382 10 5.2 37.1
0 4307.489 9 5.2 37.1
0 4307.771 4 5.2 37.1
0 4307.776 196 5.2 37.1
0 4307.885 9 5.2 37.1
0 4308.073 5 5.2 37.1
0 4308.077 276 5.2 37.1
0 4308.19 9 5.2 37.1
0 4308.282 11 5.2 37.1
0 4308.387 9 5.2 37.1
0 4308.483 10 5.2 37.1
0 4308.683 5 5.2 37.1
0 4308.686 255 5.2 37.1
0 4308.984 3 5.2 37.1
0 4308.988 235 5.2 37.1
0 4309.099 9 5.2 37.1
0 4309.205 9 5.2 37.1
0 4309.297 11 5.2 37.1
0 4309.392 11 5.2 37.1
0 4309.613 5 5.2 37.1
0 4309.617 293 5.2 37.1
0 4309.729 9 5.2 37.1
0 4309.827 10 5.2 37.1
0 4310.01 5 5.2 37.1
0 4310.018 131 5.2 37.1
0 4310.126 9 5.2 37.1
0 4310.322 5 5.2 37.1
0 4310.325 322 5.2 37.1
0 4310.435 9 5.2 37.1
0 4310.542 9 5.2 37.1
0 4310.639 10 5.2 37.1
0 4310.735 10 5.2 37.1
0 4311.03 3 5.2 37.1
0 4311.116 12 5.2 37.1
0 4311.139 45 5.2 37.1
0 4311.243 10 5.2 37.1
0 4311.345 10 5.2 37.1
0 4311.444 10 5.2 37.1
0 4311.547 10 5.2 37.1
0 4311.65 10 5.2 37.1
0 4311.743 11 5.2 37.1
0 4311.953 5 5.2 37.1
0 4311.957 264 5.2 37.1
0 4312.161 5 5.2 37.1
0 4312.165 242 5.2 37.1
0 4312.273 9 5.2 37.1
0 4312.376 10 5.2 37.1
0 4312.472 10 5.2 37.1
0 4312.569 10 5.2 37.1
0 4312.862 3 5.2 37.1
0 4312.866 295 5.2 37.1
0 4312.976 9 5.2 37.1
0 4313.167 5 5.2 37.1
0 4313.171 229 5.2 37.1
0 4313.28 9 5.2 37.1
0 4313.38 10 5.2 37.1
0 4313.482 10 5.2 37.1
0 4313.58 10 5.2 37.1
0 4313.764 5 5.2 37.1
0 4313.771 145 5.2 37.1
0 4314.054 4 5.2 37.1
0 4314.058 240 5.2 37.1
0 4314.168 9 5.2 37.1
0 4314.269 10 5.2 37.1
0 4314.366 10 5.2 37.1
0 4314.465 10 5.2 37.1
0 4314.671 5 3.9 37.1
0 4314.674 281 3.9 37.1
0 4314.785 9 3.9 37.1
0 4314.884 10 3.9 37.1
0 4315.096 5 3.9 37.1
0 4315.108 83 3.9 37.1
0 4315.231 8 3.9 37.1
0 4315.409 6 3.9 37.1
0 4315.422 80 3.9 37.1
0 4315.554 8 3.9 37.1
0 4315.645 11 3.9 37.1
0 4315.745 10 3.9 37.1
0 4315.842 10 3.9 37.1
0 4316.028 5 3.9 37.1
0 4316.041 76 3.9 37.1
0 4316.248 5 3.9 37.1
0 4316.262 72 3.9 37.1
0 4316.382 8 3.9 37.1
0 4316.493 9 3.9 37.1
0 4316.593 10 3.9 37.1
0 4316.688 11 3.9 37.1
0 4316.794 9 3.9 37.1
0 4316.991 5 3.9 37.1
0 4317.005 73 3.9 37.1
0 4317.22 5 3.9 37.1
0 4317.233 77 3.9 37.1
0 4317.37 7 3.9 37.1
0 4317.459 11 3.9 37.1
0 4317.562 10 3.9 37.1
0 4317.66 10 3.9 37.1
0 4317.932 4 3.9 37.1
0 4317.949 61 3.9 37.1
0 4318.171 5 3.9 37.1
0 4318.183 78 3.9 37.1
0 4318.285 10 3.9 37.1
0 4318.416 8 3.9 37.1
0 4318.518 10 3.9 37.1
0 4318.607 11 3.9 37.1
0 4318.798 5 3.9 37.1
0 4318.811 79 3.9 37.1
0 4319.112 3 3.9 37.1
0 4319.126 73 3.9 37.1
0 4319.257 8 3.9 37.1
0 4319.354 10 3.9 37.1
0 4319.456 10 3.9 37.1
0 4319.565 9 3.9 37.1
0 4319.743 6 3.9 37.1
0 4319.756 74 3.9 37.1
0 4319.887 8 3.9 37.1
0 4319.956 14 3.9 37.1
0 4320.16 5 3.9 37.1
0 4320.174 74 3.9 37.1
0 4320.293 8 3.9 37.1
0 4320.474 6 3.9 37.1
0 4320.486 82 3.9 37.1
0 4320.619 8 3.9 37.1
0 4320.728 9 3.9 37.1
0 4320.798 14 3.9 37.1
0 4320.914 9 3.9 37.1
0 4321.103 5 3.9 37.1
0 4321.117 74 3.9 37.1
0 4321.334 5 3.9 37.1
0 4321.346 79 3.9 37.1
0 4321.478 8 3.9 37.1
0 4321.578 10 3.9 37.1
0 4321.675 10 3.9 37.1
0 4321.781 9 3.9 37.1
0 4321.883 10 3.9 37.1
0 4322.068 5 3.9 37.1
0 4322.082 76 3.9 37.1
0 4322.295 5 3.9 37.1
0 4322.309 74 3.9 37.1
0 4322.449 7 3.9 37.1
0 4322.526 13 3.9 37.1
0 4322.639 9 3.9 37.1
0 4322.739 10 3.9 37.1
0 4322.998 4 3.9 37.1
0 4323.013 63 3.9 37.1
0 4323.208 5 3.9 37.1
0 4323.221 77 3.9 37.1
0 4323.35 8 3.9 37.1
0 4323.442 11 3.9 37.1
0 4323.56 8 3.9 37.1
0 4323.652 11 3.9 37.1
0 4323.833 6 3.9 37.1
0 4323.846 75 3.9 37.1
0 4324.144 3 3.9 37.1
0 4324.157 72 3.9 37.1
0 4324.288 8 3.9 37.1
0 4324.386 10 3.9 37.1
0 4324.475 11 3.9 37.1
0 4324.594 8 3.9 37.1
0 4324.759 6 4.5 37.1
0 4324.772 73 4.5 37.1
0 4324.903 8 4.5 37.1
0 4324.978 13 4.5 37.1
0 4325.191 5 4.5 37.1
0 4325.279 11 4.5 37.1
0 4325.296 59 4.5 37.1
0 4325.488 5 4.5 37.1
0 4325.494 161 4.5 37.1
0 4325.607 9 4.5 37.1
0 4325.716 9 4.5 37.1
0 4325.801 12 4.5 37.1
0 4325.896 10 4.5 37.1
0 4326.005 9 4.5 37.1
0 4326.215 5 4.5 37.1
0 4326.308 11 4.5 37.1
0 4326.32 84 4.5 37.1
0 4326.431 9 4.5 37.1
0 4326.528 10 4.5 37.1
0 4326.632 10 4.5 37.1
0 4326.732 10 4.5 37.1
0 4326.838 9 4.5 37.1
0 4326.932 11 4.5 37.1
0 4327.137 5 4.5 37.1
0 4327.141 254 4.5 37.1
0 4327.35 5 4.5 37.1
0 4327.354 240 4.5 37.1
0 4327.467 9 4.5 37.1
0 4327.564 10 4.5 37.1
0 4327.665 10 4.5 37.1
0 4327.765 10 4.5 37.1
0 4328.06 3 4.5 37.1
0 4328.064 244 4.5 37.1
0 4328.28 5 4.5 37.1
0 4328.283 297 4.5 37.1
0 4328.401 9 4.5 37.1
0 4328.499 10 4.5 37.1
0 4328.599 10 4.5 37.1
0 4328.696 10 4.5 37.1
0 4328.877 6 4.5 37.1
0 4328.884 145 4.5 37.1
0 4329.183 3 4.5 37.1
0 4329.187 237 4.5 37.1
0 4329.289 10 4.5 37.1
0 4329.392 10 4.5 37.1
0 4329.496 10 4.5 37.1
0 4329.599 10 4.5 37.1
0 4329.812 5 4.5 37.1
0 4329.816 286 4.5 37.1
0 4329.926 9 4.5 37.1
0 4330.028 10 4.5 37.1
0 4330.319 3 4.5 37.1
0 4330.324 192 4.5 37.1
0 4330.531 5 4.5 37.1
0 4330.535 248 4.5 37.1
0 4330.647 9 4.5 37.1
0 4330.748 10 4.5 37.1
0 4330.856 9 4.5 37.1
0 4330.947 11 4.5 37.1
0 4331.042 11 4.5 37.1
0 4331.235 5 4.5 37.1
0 4331.329 11 4.5 37.1
0 4331.339 98 4.5 37.1
0 4331.459 8 4.5 37.1
0 4331.55 11 4.5 37.1
0 4331.649 10 4.5 37.1
0 4331.749 10 4.5 37.1
0 4331.855 9 4.5 37.1
0 4331.96 10 4.5 37.1
0 4332.133 6 4.5 37.1
0 4332.139 161 4.5 37.1
0 4332.25 9 4.5 37.1
0 4332.454 5 4.5 37.1
0 4332.46 178 4.5 37.1
0 4332.567 9 4.5 37.1
0 4332.669 10 4.5 37.1
0 4332.769 10 4.5 37.1
0 4332.869 10 4.5 37.1
0 4333.162 3 4.5 37.1
0 4333.166 275 4.5 37.1
0 4333.371 5 4.5 37.1
0 4333.374 310 4.5 37.1
0 4333.491 9 4.5 37.1
0 4333.585 11 4.5 37.1
0 4333.689 10 4.5 37.1
0 4333.785 10 4.5 37.1
0 4333.993 5 4.5 37.1
0 4334.081 11 4.5 37.1
0 4334.183 10 4.5 37.1
0 4334.198 66 4.5 37.1
0 4334.297 10 4.5 37.1
0 4334.408 9 4.5 37.1
0 4334.513 9 4.5 37.1
0 4334.618 10 4.5 37.1
0 4334.817 5 3.8 37.1
0 4334.82 306 3.8 37.1
0 4334.931 9 3.8 37.1
0 4335.036 10 3.8 37.1
0 4335.23 5 3.8 37.1
0 4335.319 11 3.8 37.1
0 4335.335 62 3.8 37.1
0 4335.548 5 3.8 37.1
0 4335.552 245 3.8 37.1
0 4335.665 9 3.8 37.1
0 4335.771 9 3.8 37.1
0 4335.863 11 3.8 37.1
0 4335.963 10 3.8 37.1
0 4336.067 10 3.8 37.1
0 4336.272 5 3.8 37.1
0 4336.37 10 3.8 37.1
0 4336.375 205 3.8 37.1
0 4336.486 9 3.8 37.1
0 4336.59 10 3.8 37.1
0 4336.689 10 3.8 37.1
0 4336.786 10 3.8 37.1
0 4336.895 9 3.8 37.1
0 4337.016 8 3.8 37.1
0 4337.202 5 3.8 37.1
0 4337.216 72 3.8 37.1
0 4337.343 8 3.8 37.1
0 4337.428 12 3.8 37.1
0 4337.543 9 3.8 37.1
0 4337.629 12 3.8 37.1
0 4337.746 9 3.8 37.1
0 4337.843 10 3.8 37.1
0 4337.944 10 3.8 37.1
0 4338.214 4 3.8 37.1
0 4338.229 68 3.8 37.1
0 4338.453 4 3.8 37.1
0 4338.467 71 3.8 37.1
0 4338.591 8 3.8 37.1
0 4338.697 9 3.8 37.1
0 4338.791 11 3.8 37.1
0 4338.992 5 3.8 37.1
0 4339.007 67 3.8 37.1
0 4339.308 3 3.8 37.1
0 4339.323 65 3.8 37.1
0 4339.436 9 3.8 37.1
0 4339.555 8 3.8 37.1
0 4339.652 10 3.8 37.1
0 4339.835 5 3.8 37.1
0 4339.851 63 3.8 37.1
0 4339.973 8 3.8 37.1
0 4340.083 9 3.8 37.1
0 4340.334 4 3.8 37.1
0 4340.348 71 3.8 37.1
0 4340.553 5 3.8 37.1
0 4340.567 74 3.8 37.1
0 4340.699 8 3.8 37.1
0 4340.796 10 3.8 37.1
0 4340.877 12 3.8 37.1
0 4340.992 9 3.8 37.1
0 4341.098 9 3.8 37.1
0 4341.289 5 3.8 37.1
0 4341.389 10 3.8 37.1
0 4341.402 77 3.8 37.1
0 4341.532 8 3.8 37.1
0 4341.634 10 3.8 37.1
0 4341.733 10 3.8 37.1
0 4341.811 13 3.8 37.1
0 4341.912 10 3.8 37.1
0 4342.036 8 3.8 37.1
0 4342.236 5 3.8 37.1
0 4342.249 78 3.8 37.1
0 4342.379 8 3.8 37.1
0 4342.482 10 3.8 37.1
0 4342.58 10 3.8 37.1
0 4342.679 10 3.8 37.1
0 4342.778 10 3.8 37.1
0 4342.883 10 3.8 37.1
0 4342.973 11 3.8 37.1
0 4343.262 3 3.8 37.1
0 4343.276 70 3.8 37.1
0 4343.5 4 3.8 37.1
0 4343.514 73 3.8 37.1
0 4343.644 8 3.8 37.1
0 4343.746 10 3.8 37.1
0 4343.838 11 3.8 37.1
0 4344.046 5 3.8 37.1
0 4344.059 76 3.8 37.1
0 4344.365 3 3.8 37.1
0 4344.38 69 3.8 37.1
0 4344.507 8 3.8 37.1
0 4344.609 10 3.8 37.1
0 4344.712 10 3.8 37.1
0 4344.887 6 4.5 37.1
0 4344.901 69 4.5 37.1
0 4345.023 8 4.5 37.1
0 4345.146 8 4.5 37.1
0 4345.425 4 4.5 37.1
0 4345.449 42 4.5 37.1
0 4345.586 7 4.5 37.1
0 4345.678 11 4.5 37.1
0 4345.772 11 4.5 37.1
0 4345.872 10 4.5 37.1
0 4346.049 6 4.5 37.1
0 4346.063 72 4.5 37.1
0 4346.165 10 4.5 37.1
0 4346.37 5 4.5 37.1
0 4346.47 10 4.5 37.1
0 4346.483 74 4.5 37.1
0 4346.614 8 4.5 37.1
0 4346.714 10 4.5 37.1
0 4346.803 11 4.5 37.1
0 4346.913 9 4.5 37.1
0 4347.014 10 4.5 37.1
0 4347.109 11 4.5 37.1
0 4347.319 5 4.5 37.1
0 4347.333 71 4.5 37.1
0 4347.46 8 4.5 37.1
0 4347.565 9 4.5 37.1
0 4347.655 11 4.5 37.1
0 4347.765 9 4.5 37.1
0 4347.863 10 4.5 37.1
0 4347.962 10 4.5 37.1
0 4348.063 10 4.5 37.1
0 4348.333 4 4.5 37.1
0 4348.349 63 4.5 37.1
0 4348.556 5 4.5 37.1
0 4348.569 74 4.5 37.1
0 4348.698 8 4.5 37.1
0 4348.784 12 4.5 37.1
0 4348.903 8 4.5 37.1
0 4349.119 5 4.5 37.1
0 4349.132 74 4.5 37.1
0 4349.436 3 4.5 37.1
0 4349.451 66 4.5 37.1
0 4349.572 8 4.5 37.1
0 4349.679 9 4.5 37.1
0 4349.777 10 4.5 37.1
0 4349.969 5 4.5 37.1
0 4349.983 71 4.5 37.1
0 4350.111 8 4.5 37.1
0 4350.211 10 4.5 37.1
0 4350.465 4 4.5 37.1
0 4350.479 72 4.5 37.1
0 4350.609 8 4.5 37.1
0 4350.704 10 4.5 37.1
0 4350.798 11 4.5 37.1
0 4350.897 10 4.5 37.1
0 4351.101 5 4.5 37.1
0 4351.115 71 4.5 37.1
0 4351.239 8 4.5 37.1
0 4351.441 5 4.5 37.1
0 4351.541 10 4.5 37.1
0 4351.553 83 4.5 37.1
0 4351.687 7 4.5 37.1
0 4351.785 10 4.5 37.1
0 4351.886 10 4.5 37.1
0 4351.983 10 4.5 37.1
0 4352.084 10 4.5 37.1
0 4352.187 10 4.5 37.1
0 4352.372 5 4.5 37.1
0 4352.386 73 4.5 37.1
0 4352.515 8 4.5 37.1
0 4352.615 10 4.5 37.1
0 4352.719 10 4.5 37.1
0 4352.801 12 4.5 37.1
0 4352.917 9 4.5 37.1
0 4353.016 10 4.5 37.1
0 4353.117 10 4.5 37.1
0 4353.401 4 4.5 37.1
0 4353.415 75 4.5 37.1
0 4353.623 5 4.5 37.1
0 4353.636 75 4.5 37.1
0 4353.761 8 4.5 37.1
0 4353.866 10 4.5 37.1
0 4353.966 10 4.5 37.1
0 4354.161 5 4.5 37.1
0 4354.175 69 4.5 37.1
0 4354.466 3 4.5 37.1
0 4354.48 75 4.5 37.1
0 4354.607 8 4.5 37.1
0 4354.708 10 4.5 37.1
0 4354.875 6 4.5 37.1
0 4354.878 324 4.5 37.1
0 4355.071 5 4.7 37.1
0 4355.079 137 4.7 37.1
0 4355.189 9 4.7 37.1
0 4355.293 10 4.7 37.1
0 4355.585 3 4.7 37.1
0 4355.589 230 4.7 37.1
0 4355.698 9 4.7 37.1
0 4355.796 10 4.7 37.1
0 4355.899 10 4.7 37.1
0 4356.0 10 4.7 37.1
0 4356.196 5 4.7 37.1
0 4356.2 316 4.7 37.1
0 4356.308 9 4.7 37.1
0 4356.535 4 4.7 37.1
0 4356.624 11 4.7 37.1
0 4356.643 53 4.7 37.1
0 4356.754 9 4.7 37.1
0 4356.857 10 4.7 37.1
0 4356.949 11 4.7 37.1
0 4357.049 10 4.7 37.1
0 4357.154 10 4.7 37.1
0 4357.248 11 4.7 37.1
0 4357.457 5 4.7 37.1
0 4357.461 292 4.7 37.1
0 4357.571 9 4.7 37.1
0 4357.675 10 4.7 37.1
0 4357.772 10 4.7 37.1
0 4357.883 9 4.7 37.1
0 4357.972 11 4.7 37.1
0 4358.072 10 4.7 37.1
0 4358.176 10 4.7 37.1
0 4358.464 3 4.7 37.1
0 4358.47 161 4.7 37.1
0 4358.683 5 4.7 37.1
0 4358.687 246 4.7 37.1
0 4358.792 9 4.7 37.1
0 4358.897 10 4.7 37.1
0 4359.008 9 4.7 37.1
0 4359.204 5 4.7 37.1
0 4359.208 266 4.7 37.1
0 4359.509 3 4.7 37.1
0 4359.515 154 4.7 37.1
0 4359.623 9 4.7 37.1
0 4359.727 10 4.7 37.1
0 4359.916 5 4.7 37.1
0 4359.919 318 4.7 37.1
0 4360.133 5 4.7 37.1
0 4360.136 320 4.7 37.1
0 4360.25 9 4.7 37.1
0 4360.347 10 4.7 37.1
0 4360.634 3 4.7 37.1
0 4360.639 213 4.7 37.1
0 4360.752 9 4.7 37.1
0 4360.848 10 4.7 37.1
0 4360.949 10 4.7 37.1
0 4361.049 10 4.7 37.1
0 4361.26 5 4.7 37.1
0 4361.264 274 4.7 37.1
0 4361.375 9 4.7 37.1
0 4361.576 5 4.7 37.1
0 4361.664 11 4.7 37.1
0 4361.684 48 4.7 37.1
0 4361.796 9 4.7 37.1
0 4361.891 11 4.7 37.1
0 4361.99 10 4.7 37.1
0 4362.091 10 4.7 37.1
0 4362.195 10 4.7 37.1
0 4362.296 10 4.7 37.1
0 4362.486 5 4.7 37.1
0 4362.49 268 4.7 37.1
0 4362.599 9 4.7 37.1
0 4362.705 9 4.7 37.1
0 4362.799 11 4.7 37.1
0 4362.901 10 4.7 37.1
0 4363.001 10 4.7 37.1
0 4363.101 10 4.7 37.1
0 4363.206 10 4.7 37.1
0 4363.47 4 4.7 37.1
0 4363.475 199 4.7 37.1
0 4363.687 5 4.7 37.1
0 4363.691 296 4.7 37.1
0 4363.797 9 4.7 37.1
0 4363.906 9 4.7 37.1
0 4364.008 10 4.7 37.1
0 4364.199 5 4.7 37.1
0 4364.202 300 4.7 37.1
0 4364.304 10 4.7 37.1
0 4364.607 3 4.7 37.1
0 4364.61 274 4.7 37.1
0 4364.721 9 4.7 37.1
0 4364.824 10 4.7 37.1
0 4365.018 5 4.7 37.1
0 4365.023 177 4.7 37.1
0 4365.241 5 3.6 37.1
0 4365.245 297 3.6 37.1
0 4365.359 9 3.6 37.1
0 4365.644 3 3.6 37.1
0 4365.648 273 3.6 37.1
0 4365.759 9 3.6 37.1
0 4365.862 10 3.6 37.1
0 4365.957 11 3.6 37.1
0 4366.058 10 3.6 37.1
0 4366.269 5 3.6 37.1
0 4366.272 326 3.6 37.1
0 4366.384 9 3.6 37.1
0 4366.584 5 3.6 37.1
0 4366.672 11 3.6 37.1
0 4366.69 55 3.6 37.1
0 4366.797 9 3.6 37.1
0 4366.903 9 3.6 37.1
0 4366.999 10 3.6 37.1
0 4367.099 10 3.6 37.1
0 4367.203 10 3.6 37.1
0 4367.29 11 3.6 37.1
0 4367.483 5 3.6 37.1
0 4367.49 154 3.6 37.1
0 4367.594 10 3.6 37.1
0 4367.702 9 3.6 37.1
0 4367.798 10 3.6 37.1
0 4367.896 10 3.6 37.1
0 4368.004 9 3.6 37.1
0 4368.1 10 3.6 37.1
0 4368.202 10 3.6 37.1
0 4368.478 4 3.6 37.1
0 4368.483 187 3.6 37.1
0 4368.693 5 3.6 37.1
0 4368.696 254 3.6 37.1
0 4368.799 10 3.6 37.1
0 4368.907 9 3.6 37.1
0 4369.016 9 3.6 37.1
0 4369.215 5 3.6 37.1
0 4369.219 247 3.6 37.1
0 4369.331 9 3.6 37.1
0 4369.624 3 3.6 37.1
0 4369.629 209 3.6 37.1
0 4369.74 9 3.6 37.1
0 4369.841 10 3.6 37.1
0 4370.034 5 3.6 37.1
0 4370.038 320 3.6 37.1
0 4370.26 5 3.6 37.1
0 4370.264 262 3.6 37.1
0 4370.376 9 3.6 37.1
0 4370.662 3 3.6 37.1
0 4370.667 229 3.6 37.1
0 4370.781 9 3.6 37.1
0 4370.877 10 3.6 37.1
0 4370.977 10 3.6 37.1
0 4371.077 10 3.6 37.1
0 4371.29 5 3.6 37.1
0 4371.294 247 3.6 37.1
0 4371.406 9 3.6 37.1
0 4371.6 5 3.6 37.1
0 4371.688 11 3.6 37.1
0 4371.709 50 3.6 37.1
0 4371.809 10 3.6 37.1
0 4371.918 9 3.6 37.1
0 4372.015 10 3.6 37.1
0 4372.115 10 3.6 37.1
0 4372.22 10 3.6 37.1
0 4372.305 12 3.6 37.1
0 4372.527 5 3.6 37.1
0 4372.53 272 3.6 37.1
0 4372.641 9 3.6 37.1
0 4372.747 9 3.6 37.1
0 4372.84 11 3.6 37.1
0 4372.952 9 3.6 37.1
0 4373.041 11 3.6 37.1
0 4373.142 10 3.6 37.1
0 4373.244 10 3.6 37.1
0 4373.523 4 3.6 37.1
0 4373.529 161 3.6 37.1
0 4373.739 5 3.6 37.1
0 4373.743 247 3.6 37.1
0 4373.856 9 3.6 37.1
0 4373.953 10 3.6 37.1
0 4374.065 9 3.6 37.1
0 4374.239 6 3.6 37.1
0 4374.243 224 3.6 37.1
0 4374.357 9 3.6 37.1
0 4374.634 4 3.6 37.1
0 4374.64 158 3.6 37.1
0 4374.748 9 3.6 37.1
0 4374.845 10 3.6 37.1
0 4375.049 5 3.6 37.1
0 4375.052 328 3.6 37.1
0 4375.276 4 3.7 37.1
0 4375.279 317 3.7 37.1
0 4375.392 9 3.7 37.1
0 4375.67 4 3.7 37.1
0 4375.675 209 3.7 37.1
0 4375.792 9 3.7 37.1
0 4375.884 11 3.7 37.1
0 4375.985 10 3.7 37.1
0 4376.084 10 3.7 37.1
0 4376.284 5 3.7 37.1
0 4376.288 270 3.7 37.1
0 4376.398 9 3.7 37.1
0 4376.499 10 3.7 37.1
0 4376.702 5 3.7 37.1
0 4376.794 11 3.7 37.1
0 4376.806 85 3.7 37.1
0 4376.912 9 3.7 37.1
0 4377.015 10 3.7 37.1
0 4377.117 10 3.7 37.1
0 4377.216 10 3.7 37.1
0 4377.313 10 3.7 37.1
0 4377.418 9 3.7 37.1
0 4377.625 5 3.7 37.1
0 4377.629 290 3.7 37.1
0 4377.74 9 3.7 37.1
0 4377.849 9 3.7 37.1
0 4377.942 11 3.7 37.1
0 4378.03 11 3.7 37.1
0 4378.14 9 3.7 37.1
0 4378.24 10 3.7 37.1
0 4378.537 3 3.7 37.1
0 4378.541 254 3.7 37.1
0 4378.756 5 3.7 37.1
0 4378.759 310 3.7 37.1
0 4378.877 8 3.7 37.1
0 4378.974 10 3.7 37.1
0 4379.066 11 3.7 37.1
0 4379.277 5 3.7 37.1
0 4379.28 328 3.7 37.1
0 4379.397 8 3.7 37.1
0 4379.613 5 3.7 37.1
0 4379.626 78 3.7 37.1
0 4379.762 7 3.7 37.1
0 4379.859 10 3.7 37.1
0 4379.949 11 3.7 37.1
0 4380.116 6 3.7 37.1
0 4380.13 73 3.7 37.1
0 4380.347 5 3.7 37.1
0 4380.36 76 3.7 37.1
0 4380.482 8 3.7 37.1
0 4380.755 4 3.7 37.1
0 4380.769 72 3.7 37.1
0 4380.9 8 3.7 37.1
0 4380.983 12 3.7 37.1
0 4381.093 9 3.7 37.1
0 4381.198 10 3.7 37.1
0 4381.384 5 3.7 37.1
0 4381.397 78 3.7 37.1
0 4381.535 7 3.7 37.1
0 4381.626 11 3.7 37.1
0 4381.806 6 3.7 37.1
0 4381.903 10 3.7 37.1
0 4381.919 65 3.7 37.1
0 4382.059 7 3.7 37.1
0 4382.152 11 3.7 37.1
0 4382.251 10 3.7 37.1
0 4382.352 10 3.7 37.1
0 4382.446 11 3.7 37.1
0 4382.638 5 3.7 37.1
0 4382.653 68 3.7 37.1
0 4382.783 8 3.7 37.1
0 4382.883 10 3.7 37.1
0 4382.978 11 3.7 37.1
0 4383.084 10 3.7 37.1
0 4383.189 10 3.7 37.1
0 4383.285 10 3.7 37.1
0 4383.551 4 3.7 37.1
0 4383.565 76 3.7 37.1
0 4383.783 5 3.7 37.1
0 4383.795 79 3.7 37.1
0 4383.918 8 3.7 37.1
0 4384.03 9 3.7 37.1
0 4384.131 10 3.7 37.1
0 4384.318 5 3.7 37.1
0 4384.331 80 3.7 37.1
0 4384.455 8 3.7 37.1
0 4384.644 5 3.7 37.1
0 4384.657 79 3.7 37.1
0 4384.793 7 3.7 37.1
0 4384.884 11 3.7 37.1
0 4384.991 9 3.7 37.1
0 4385.163 6 3.7 37.1
0 4385.176 75 3.7 37.1
0 4385.395 5 4.1 37.1
0 4385.482 12 4.1 37.1
0 4385.501 52 4.1 37.1
0 4385.806 3 4.1 37.1
0 4385.811 211 4.1 37.1
0 4385.916 10 4.1 37.1
0 4386.022 9 4.1 37.1
0 4386.12 10 4.1 37.1
0 4386.221 10 4.1 37.1
0 4386.404 5 4.1 37.1
0 4386.41 164 4.1 37.1
0 4386.526 9 4.1 37.1
0 4386.621 11 4.1 37.1
0 4386.831 5 4.1 37.1
0 4386.924 11 4.1 37.1
0 4386.935 88 4.1 37.1
0 4387.05 9 4.1 37.1
0 4387.146 10 4.1 37.1
0 4387.246 10 4.1 37.1
0 4387.342 11 4.1 37.1
0 4387.456 9 4.1 37.1
0 4387.657 5 4.1 37.1
0 4387.661 297 4.1 37.1
0 4387.771 9 4.1 37.1
0 4387.865 11 4.1 37.1
0 4387.984 8 4.1 37.1
0 4388.079 11 4.1 37.1
0 4388.173 11 4.1 37.1
0 4388.272 10 4.1 37.1
0 4388.549 4 4.1 37.1
0 4388.555 175 4.1 37.1
0 4388.669 9 4.1 37.1
0 4388.862 5 4.1 37.1
0 4388.865 302 4.1 37.1
0 4388.97 9 4.1 37.1
0 4389.088 9 4.1 37.1
0 4389.182 11 4.1 37.1
0 4389.377 5 4.1 37.1
0 4389.38 323 4.1 37.1
0 4389.486 9 4.1 37.1
0 4389.694 5 4.1 37.1
0 4389.697 273 4.1 37.1
0 4389.805 9 4.1 37.1
0 4389.907 10 4.1 37.1
0 4390.009 10 4.1 37.1
0 4390.211 5 4.1 37.1
0 4390.215 251 4.1 37.1
0 4390.496 4 4.1 37.1
0 4390.499 297 4.1 37.1
0 4390.704 5 4.1 37.1
0 4390.707 328 4.1 37.1
0 4390.901 5 4.1 37.1
0 4390.907 162 4.1 37.1
0 4391.018 9 4.1 37.1
0 4391.12 10 4.1 37.1
0 4391.219 10 4.1 37.1
0 4391.309 11 4.1 37.1
0 4391.526 5 4.1 37.1
0 4391.529 306 4.1 37.1
0 4391.633 10 4.1 37.1
0 4391.841 5 4.1 37.1
0 4391.932 11 4.1 37.1
0 4391.949 57 4.1 37.1
0 4392.065 9 4.1 37.1
0 4392.157 11 4.1 37.1
0 4392.256 10 4.1 37.1
0 4392.356 10 4.1 37.1
0 4392.459 10 4.1 37.1
0 4392.663 5 4.1 37.1
0 4392.668 193 4.1 37.1
0 4392.777 9 4.1 37.1
0 4392.878 10 4.1 37.1
0 4392.982 10 4.1 37.1
0 4393.083 10 4.1 37.1
0 4393.184 10 4.1 37.1
0 4393.278 11 4.1 37.1
0 4393.571 3 4.1 37.1
0 4393.576 194 4.1 37.1
0 4393.694 8 4.1 37.1
0 4393.889 5 4.1 37.1
0 4393.893 270 4.1 37.1
0 4394.003 9 4.1 37.1
0 4394.111 9 4.1 37.1
0 4394.213 10 4.1 37.1
0 4394.394 6 4.1 37.1
0 4394.397 285 4.1 37.1
0 4394.508 9 4.1 37.1
0 4394.713 5 4.1 37.1
0 4394.717 289 4.1 37.1
0 4394.828 9 4.1 37.1
0 4394.928 10 4.1 37.1
0 4395.041 9 4.1 37.1
0 4395.245 5 4.1 37.1
0 4395.259 71 4.1 37.1
0 4395.566 3 3.7 37.1
0 4395.579 74 3.7 37.1
0 4395.808 4 3.7 37.1
0 4395.903 10 3.7 37.1
0 4395.921 56 3.7 37.1
0 4396.048 8 3.7 37.1
0 4396.151 10 3.7 37.1
0 4396.25 10 3.7 37.1
0 4396.354 10 3.7 37.1
0 4396.547 5 3.7 37.1
0 4396.559 79 3.7 37.1
0 4396.687 8 3.7 37.1
0 4396.881 5 3.7 37.1
0 4396.978 10 3.7 37.1
0 4396.995 60 3.7 37.1
0 4397.121 8 3.7 37.1
0 4397.222 10 3.7 37.1
0 4397.314 11 3.7 37.1
0 4397.422 9 3.7 37.1
0 4397.504 12 3.7 37.1
0 4397.72 5 3.7 37.1
0 4397.734 70 3.7 37.1
0 4397.861 8 3.7 37.1
0 4397.961 10 3.7 37.1
0 4398.066 9 3.7 37.1
0 4398.163 10 3.7 37.1
0 4398.263 10 3.7 37.1
0 4398.353 11 3.7 37.1
0 4398.627 4 3.7 37.1
0 4398.642 65 3.7 37.1
0 4398.761 8 3.7 37.1
0 4398.956 5 3.7 37.1
0 4398.969 77 3.7 37.1
0 4399.097 8 3.7 37.1
0 4399.203 10 3.7 37.1
0 4399.298 10 3.7 37.1
0 4399.482 5 3.7 37.1
0 4399.495 76 3.7 37.1
0 4399.624 8 3.7 37.1
0 4399.73 9 3.7 37.1
0 4399.805 13 3.7 37.1
0 4399.925 8 3.7 37.1
0 4400.025 10 3.7 37.1
0 4400.124 10 3.7 37.1
0 4400.317 5 3.7 37.1
0 4400.331 75 3.7 37.1
0 4400.636 3 3.7 37.1
0 4400.65 75 3.7 37.1
0 4400.952 3 3.7 37.1
0 4400.967 66 3.7 37.1
0 4401.09 8 3.7 37.1
0 4401.187 10 3.7 37.1
0 4401.296 9 3.7 37.1
0 4401.395 10 3.7 37.1
0 4401.585 5 3.7 37.1
0 4401.597 79 3.7 37.1
0 4401.728 8 3.7 37.1
0 4401.902 6 3.7 37.1
0 4401.999 10 3.7 37.1
0 4402.016 59 3.7 37.1
0 4402.146 8 3.7 37.1
0 4402.244 10 3.7 37.1
0 4402.334 11 3.7 37.1
0 4402.438 10 3.7 37.1
0 4402.548 9 3.7 37.1
0 4402.735 5 3.7 37.1
0 4402.75 68 3.7 37.1
0 4402.853 10 3.7 37.1
0 4402.976 8 3.7 37.1
0 4403.082 9 3.7 37.1
0 4403.177 11 3.7 37.1
0 4403.278 10 3.7 37.1
0 4403.369 11 3.7 37.1
0 4403.661 3 3.7 37.1
0 4403.677 64 3.7 37.1
0 4403.804 8 3.7 37.1
0 4403.998 5 3.7 37.1
0 4404.087 11 3.7 37.1
0 4404.104 57 3.7 37.1
0 4404.222 9 3.7 37.1
0 4404.313 11 3.7 37.1
0 4404.52 5 3.7 37.1
0 4404.523 291 3.7 37.1
0 4404.634 9 3.7 37.1
0 4404.742 9 3.7 37.1
0 4404.84 10 3.7 37.1
0 4404.937 10 3.7 37.1
0 4405.034 10 3.7 37.1
0 4405.135 10 3.7 37.1
0 4405.337 5 3.7 37.1
0 4405.34 299 3.7 37.1
0 4405.452 9 3.7 37.1
0 4405.74 3 4.4 37.1
0 4405.744 227 4.4 37.1
0 4406.034 3 4.4 37.1
0 4406.038 291 4.4 37.1
0 4406.149 9 4.4 37.1
0 4406.238 11 4.4 37.1
0 4406.351 9 4.4 37.1
0 4406.45 10 4.4 37.1
0 4406.647 5 4.4 37.1
0 4406.651 326 4.4 37.1
0 4406.762 9 4.4 37.1
0 4406.964 5 4.4 37.1
0 4407.054 11 4.4 37.1
0 4407.07 64 4.4 37.1
0 4407.188 8 4.4 37.1
0 4407.279 11 4.4 37.1
0 4407.382 10 4.4 37.1
0 4407.478 10 4.4 37.1
0 4407.582 10 4.4 37.1
0 4407.794 5 4.4 37.1
0 4407.797 281 4.4 37.1
0 4407.911 9 4.4 37.1
0 4408.007 10 4.4 37.1
0 4408.11 10 4.4 37.1
0 4408.217 9 4.4 37.1
0 4408.304 12 4.4 37.1
0 4408.412 9 4.4 37.1
0 4408.712 3 4.4 37.1
0 4408.719 146 4.4 37.1
0 4408.817 10 4.4 37.1
0 4409.029 5 4.4 37.1
0 4409.129 10 4.4 37.1
0 4409.143 72 4.4 37.1
0 4409.276 7 4.4 37.1
0 4409.369 11 4.4 37.1
0 4409.572 5 4.4 37.1
0 4409.584 79 4.4 37.1
0 4409.716 8 4.4 37.1
0 4409.817 10 4.4 37.1
0 4409.913 10 4.4 37.1
0 4410.017 10 4.4 37.1
0 4410.113 10 4.4 37.1
0 4410.215 10 4.4 37.1
0 4410.394 6 4.4 37.1
0 4410.407 77 4.4 37.1
0 4410.53 8 4.4 37.1
0 4410.821 3 4.4 37.1
0 4410.834 76 4.4 37.1
0 4411.128 3 4.4 37.1
0 4411.142 72 4.4 37.1
0 4411.268 8 4.4 37.1
0 4411.361 11 4.4 37.1
0 4411.462 10 4.4 37.1
0 4411.566 10 4.4 37.1
0 4411.665 10 4.4 37.1
0 4411.771 9 4.4 37.1
0 4411.964 5 4.4 37.1
0 4411.977 75 4.4 37.1
0 4412.187 5 4.4 37.1
0 4412.2 75 4.4 37.1
0 4412.319 8 4.4 37.1
0 4412.427 9 4.4 37.1
0 4412.518 11 4.4 37.1
0 4412.622 10 4.4 37.1
0 4412.838 5 4.4 37.1
0 4412.852 74 4.4 37.1
0 4412.982 8 4.4 37.1
0 4413.082 10 4.4 37.1
0 4413.18 10 4.4 37.1
0 4413.287 9 4.4 37.1
0 4413.382 10 4.4 37.1
0 4413.481 10 4.4 37.1
0 4413.774 3 4.4 37.1
0 4413.79 59 4.4 37.1
0 4413.914 8 4.4 37.1
0 4414.086 6 4.4 37.1
0 4414.184 10 4.4 37.1
0 4414.198 68 4.4 37.1
0 4414.326 8 4.4 37.1
0 4414.431 10 4.4 37.1
0 4414.638 5 4.4 37.1
0 4414.664 38 4.4 37.1
0 4414.805 7 4.4 37.1
0 4414.908 10 4.4 37.1
0 4414.994 12 4.4 37.1
0 4415.094 10 4.4 37.1
0 4415.207 9 4.4 37.1
0 4415.298 11 4.4 37.1
0 4415.479 6 4.4 37.1
0 4415.502 43 4.4 37.1
0 4415.639 7 4.4 37.1
0 4415.918 4 4.5 37.1
0 4415.932 69 4.5 37.1
0 4416.23 3 4.5 37.1
0 4416.243 72 4.5 37.1
0 4416.372 8 4.5 37.1
0 4416.464 11 4.5 37.1
0 4416.572 9 4.5 37.1
0 4416.675 10 4.5 37.1
0 4416.777 10 4.5 37.1
0 4416.964 5 4.5 37.1
0 4416.978 70 4.5 37.1
0 4417.095 9 4.5 37.1
0 4417.298 5 4.5 37.1
0 4417.312 71 4.5 37.1
0 4417.442 8 4.5 37.1
0 4417.544 10 4.5 37.1
0 4417.643 10 4.5 37.1
0 4417.853 5 4.5 37.1
0 4417.869 63 4.5 37.1
0 4417.994 8 4.5 37.1
0 4418.095 10 4.5 37.1
0 4418.197 10 4.5 37.1
0 4418.295 10 4.5 37.1
0 4418.394 10 4.5 37.1
0 4418.486 11 4.5 37.1
0 4418.785 3 4.5 37.1
0 4418.798 76 4.5 37.1
0 4418.91 9 4.5 37.1
0 4419.125 5 4.5 37.1
0 4419.221 10 4.5 37.1
0 4419.238 60 4.5 37.1
0 4419.357 8 4.5 37.1
0 4419.472 9 4.5 37.1
0 4419.727 4 4.5 37.1
0 4419.731 233 4.5 37.1
0 4419.841 9 4.5 37.1
0 4419.931 11 4.5 37.1
0 4420.053 8 4.5 37.1
0 4420.141 11 4.5 37.1
0 4420.245 10 4.5 37.1
0 4420.341 10 4.5 37.1
0 4420.531 5 4.5 37.1
0 4420.534 293 4.5 37.1
0 4420.655 8 4.5 37.1
0 4420.934 4 4.5 37.1
0 4420.938 251 4.5 37.1
0 4421.232 3 4.5 37.1
0 4421.235 282 4.5 37.1
0 4421.349 9 4.5 37.1
0 4421.444 10 4.5 37.1
0 4421.547 10 4.5 37.1
0 4421.648 10 4.5 37.1
0 4421.758 9 4.5 37.1
0 4421.851 11 4.5 37.1
0 4422.044 5 4.5 37.1
0 4422.047 281 4.5 37.1
0 4422.161 9 4.5 37.1
0 4422.364 5 4.5 37.1
0 4422.368 282 4.5 37.1
0 4422.48 9 4.5 37.1
0 4422.578 10 4.5 37.1
0 4422.68 10 4.5 37.1
0 4422.882 5 4.5 37.1
0 4422.889 140 4.5 37.1
0 4422.997 9 4.5 37.1
0 4423.096 10 4.5 37.1
0 4423.198 10 4.5 37.1
0 4423.296 10 4.5 37.1
0 4423.41 9 4.5 37.1
0 4423.498 11 4.5 37.1
0 4423.595 10 4.5 37.1
0 4423.892 3 4.5 37.1
0 4423.897 199 4.5 37.1
0 4424.015 8 4.5 37.1
0 4424.213 5 4.5 37.1
0 4424.298 12 4.5 37.1
0 4424.316 54 4.5 37.1
0 4424.432 9 4.5 37.1
0 4424.536 10 4.5 37.1
0 4424.823 3 4.5 37.1
0 4424.827 273 4.5 37.1
0 4424.943 9 4.5 37.1
0 4425.048 10 4.5 37.1
0 4425.138 11 4.5 37.1
0 4425.238 10 4.5 37.1
0 4425.338 10 4.5 37.1
0 4425.557 5 4.5 37.1
0 4425.56 320 4.5 37.1
0 4425.671 9 4.5 37.1
0 4425.846 6 4.5 37.1
0 4425.961 9 4.1 37.1
0 4425.966 227 4.1 37.1
0 4426.258 3 4.1 37.1
0 4426.261 290 4.1 37.1
0 4426.373 9 4.1 37.1
0 4426.471 10 4.1 37.1
0 4426.574 10 4.1 37.1
0 4426.669 10 4.1 37.1
0 4426.782 9 4.1 37.1
0 4426.873 11 4.1 37.1
0 4427.08 5 4.1 37.1
0 4427.084 224 4.1 37.1
0 4427.195 9 4.1 37.1
0 4427.393 5 4.1 37.1
0 4427.396 334 4.1 37.1
0 4427.507 9 4.1 37.1
0 4427.61 10 4.1 37.1
0 4427.705 11 4.1 37.1
0 4427.909 5 4.1 37.1
0 4427.915 152 4.1 37.1
0 4428.023 9 4.1 37.1
0 4428.125 10 4.1 37.1
0 4428.224 10 4.1 37.1
0 4428.315 11 4.1 37.1
0 4428.435 8 4.1 37.1
0 4428.524 11 4.1 37.1
0 4428.627 10 4.1 37.1
0 4428.918 3 4.1 37.1
0 4428.923 203 4.1 37.1
0 4429.04 9 4.1 37.1
0 4429.241 5 4.1 37.1
0 4429.332 11 4.1 37.1
0 4429.345 77 4.1 37.1
0 4429.458 9 4.1 37.1
0 4429.559 10 4.1 37.1
0 4429.853 3 4.1 37.1
0 4429.856 265 4.1 37.1
0 4429.971 9 4.1 37.1
0 4430.076 10 4.1 37.1
0 4430.171 11 4.1 37.1
0 4430.267 10 4.1 37.1
0 4430.369 10 4.1 37.1
0 4430.574 5 4.1 37.1
0 4430.577 326 4.1 37.1
0 4430.692 9 4.1 37.1
0 4430.98 3 4.1 37.1
0 4430.984 247 4.1 37.1
0 4431.284 3 4.1 37.1
0 4431.289 241 4.1 37.1
0 4431.392 10 4.1 37.1
0 4431.5 9 4.1 37.1
0 4431.599 10 4.1 37.1
0 4431.699 10 4.1 37.1
0 4431.809 9 4.1 37.1
0 4431.893 12 4.1 37.1
0 4432.091 5 4.1 37.1
0 4432.095 238 4.1 37.1
0 4432.204 9 4.1 37.1
0 4432.391 5 4.1 37.1
0 4432.395 288 4.1 37.1
0 4432.504 9 4.1 37.1
0 4432.603 10 4.1 37.1
0 4432.705 10 4.1 37.1
0 4432.808 10 4.1 37.1
0 4433.02 5 4.1 37.1
0 4433.023 286 4.1 37.1
0 4433.124 10 4.1 37.1
0 4433.231 9 4.1 37.1
0 4433.327 10 4.1 37.1
0 4433.443 9 4.1 37.1
0 4433.534 11 4.1 37.1
0 4433.636 10 4.1 37.1
0 4433.831 5 4.1 37.1
0 4433.921 11 4.1 37.1
0 4433.937 63 4.1 37.1
0 4434.049 9 4.1 37.1
0 4434.26 5 4.1 37.1
0 4434.348 11 4.1 37.1
0 4434.364 64 4.1 37.1
0 4434.478 9 4.1 37.1
0 4434.575 10 4.1 37.1
0 4434.77 5 4.1 37.1
0 4434.859 11 4.1 37.1
0 4434.874 68 4.1 37.1
0 4434.989 9 4.1 37.1
0 4435.085 10 4.1 37.1
0 4435.185 10 4.1 37.1
0 4435.282 10 4.1 37.1
0 4435.382 10 4.1 37.1
0 4435.57 5 4.1 37.1
0 4435.574 325 4.1 37.1
0 4435.689 9 4.1 37.1
0 4435.784 10 4.1 37.1
0 4436.067 4 4.1 37.1
0 4436.073 186 4.1 37.1
0 4436.368 3 4.1 37.1
0 4436.372 263 4.1 37.1
0 4436.483 9 4.1 37.1
0 4436.589 9 4.1 37.1
0 4436.682 11 4.1 37.1
0 4436.782 10 4.1 37.1
0 4436.889 9 4.1 37.1
0 4436.985 10 4.1 37.1
0 4437.196 5 4.1 37.1
0 4437.199 301 4.1 37.1
0 4437.406 5 4.1 37.1
0 4437.409 311 4.1 37.1
0 4437.521 9 4.1 37.1
0 4437.627 9 4.1 37.1
0 4437.72 11 4.1 37.1
0 4437.818 10 4.1 37.1
0 4438.028 5 4.1 37.1
0 4438.032 239 4.1 37.1
0 4438.149 9 4.1 37.1
0 4438.242 11 4.1 37.1
0 4438.332 11 4.1 37.1
0 4438.447 9 4.1 37.1
0 4438.543 10 4.1 37.1
0 4438.651 9 4.1 37.1
0 4438.937 3 4.1 37.1
0 4438.941 238 4.1 37.1
0 4439.056 9 4.1 37.1
0 4439.252 5 4.1 37.1
0 4439.255 288 4.1 37.1
0 4439.469 5 4.1 37.1
0 4439.473 296 4.1 37.1
0 4439.588 9 4.1 37.1
0 4439.865 4 4.1 37.1
0 4439.868 313 4.1 37.1
0 4439.98 9 4.1 37.1
0 4440.08 10 4.1 37.1
0 4440.185 10 4.1 37.1
0 4440.281 10 4.1 37.1
0 4440.384 10 4.1 37.1
0 4440.482 10 4.1 37.1
0 4440.68 5 4.1 37.1
0 4440.684 226 4.1 37.1
0 4440.796 9 4.1 37.1
0 4441.089 3 4.1 37.1
0 4441.092 255 4.1 37.1
0 4441.388 3 4.1 37.1
0 4441.392 251 4.1 37.1
0 4441.502 9 4.1 37.1
0 4441.608 9 4.1 37.1
0 4441.702 11 4.1 37.1
0 4441.804 10 4.1 37.1
0 4441.907 10 4.1 37.1
0 4442.002 11 4.1 37.1
0 4442.194 5 4.1 37.1
0 4442.197 301 4.1 37.1
0 4442.396 5 4.1 37.1
0 4442.4 255 4.1 37.1
0 4442.514 9 4.1 37.1
0 4442.617 10 4.1 37.1
0 4442.71 11 4.1 37.1
0 4442.811 10 4.1 37.1
0 4442.916 10 4.1 37.1
0 4443.121 5 4.1 37.1
0 4443.127 197 4.1 37.1
0 4443.245 8 4.1 37.1
0 4443.341 10 4.1 37.1
0 4443.467 8 4.1 37.1
0 4443.565 10 4.1 37.1
0 4443.655 11 4.1 37.1
0 4443.837 5 4.1 37.1
0 4443.935 10 4.1 37.1
0 4443.952 61 4.1 37.1
0 4444.082 8 4.1 37.1
0 4444.265 5 4.1 37.1
0 4444.279 74 4.1 37.1
0 4444.496 5 4.1 37.1
0 4444.509 79 4.1 37.1
0 4444.641 8 4.1 37.1
0 4444.819 6 4.1 37.1
0 4444.832 78 4.1 37.1
0 4444.956 8 4.1 37.1
0 4445.064 9 4.1 37.1
0 4445.163 10 4.1 37.1
0 4445.262 10 4.1 37.1
0 4445.347 12 4.1 37.1
0 4445.464 9 4.1 37.1
0 4445.565 10 4.1 37.1
0 4445.743 6 4.1 37.1
0 4445.756 78 4.1 37.1
0 4445.858 10 4.1 37.1
0 4446.162 3 3.9 37.1
0 4446.176 73 3.9 37.1
0 4446.471 3 3.9 37.1
0 4446.484 76 3.9 37.1
0 4446.611 8 3.9 37.1
0 4446.715 10 3.9 37.1
0 4446.817 10 3.9 37.1
0 4446.914 10 3.9 37.1
0 4447.017 10 3.9 37.1
0 4447.21 5 3.9 37.1
0 4447.224 72 3.9 37.1
0 4447.421 5 3.9 37.1
0 4447.434 80 3.9 37.1
0 4447.566 8 3.9 37.1
0 4447.664 10 3.9 37.1
0 4447.766 10 3.9 37.1
0 4447.862 10 3.9 37.1
0 4447.959 10 3.9 37.1
0 4448.162 5 3.9 37.1
0 4448.176 73 3.9 37.1
0 4448.308 8 3.9 37.1
0 4448.403 10 3.9 37.1
0 4448.507 10 3.9 37.1
0 4448.681 6 3.9 37.1
0 4448.685 283 3.9 37.1
0 4448.988 3 3.9 37.1
0 4448.992 250 3.9 37.1
0 4449.107 9 3.9 37.1
0 4449.304 5 3.9 37.1
0 4449.308 238 3.9 37.1
0 4449.524 5 3.9 37.1
0 4449.528 278 3.9 37.1
0 4449.639 9 3.9 37.1
0 4449.845 5 3.9 37.1
0 4449.849 266 3.9 37.1
0 4449.959 9 3.9 37.1
0 4450.051 11 3.9 37.1
0 4450.158 9 3.9 37.1
0 4450.261 10 3.9 37.1
0 4450.369 9 3.9 37.1
0 4450.46 11 3.9 37.1
0 4450.559 10 3.9 37.1
0 4450.778 5 3.9 37.1
0 4450.781 280 3.9 37.1
0 4450.901 8 3.9 37.1
0 4451.203 3 3.9 37.1
0 4451.208 232 3.9 37.1
0 4451.495 3 3.9 37.1
0 4451.498 288 3.9 37.1
0 4451.608 9 3.9 37.1
0 4451.709 10 3.9 37.1
0 4451.813 10 3.9 37.1
0 4451.911 10 3.9 37.1
0 4452.021 9 3.9 37.1
0 4452.109 11 3.9 37.1
0 4452.307 5 3.9 37.1
0 4452.312 226 3.9 37.1
0 4452.531 5 3.9 37.1
0 4452.534 311 3.9 37.1
0 4452.645 9 3.9 37.1
0 4452.745 10 3.9 37.1
0 4452.848 10 3.9 37.1
0 4452.947 10 3.9 37.1
0 4453.057 9 3.9 37.1
0 4453.255 5 3.9 37.1
0 4453.258 281 3.9 37.1
0 4453.37 9 3.9 37.1
0 4453.471 10 3.9 37.1
0 4453.579 9 3.9 37.1
0 4453.766 5 3.9 37.1
0 4453.769 318 3.9 37.1
0 4454.051 4 3.9 37.1
0 4454.055 274 3.9 37.1
0 4454.176 8 3.9 37.1
0 4454.371 5 3.9 37.1
0 4454.375 257 3.9 37.1
0 4454.592 5 3.9 37.1
0 4454.596 281 3.9 37.1
0 4454.719 8 3.9 37.1
0 4454.896 6 3.9 37.1
0 4454.9 251 3.9 37.1
0 4455.01 9 3.9 37.1
0 4455.112 10 3.9 37.1
0 4455.223 9 3.9 37.1
0 4455.311 11 3.9 37.1
0 4455.413 10 3.9 37.1
0 4455.506 11 3.9 37.1
0 4455.613 9 3.9 37.1
0 4455.81 5 3.9 37.1
0 4455.813 329 3.9 37.1
0 4455.926 9 3.9 37.1
0 4456.216 3 4.0 37.1
0 4456.221 232 4.0 37.1
0 4456.506 4 4.0 37.1
0 4456.509 265 4.0 37.1
0 4456.619 9 4.0 37.1
0 4456.72 10 4.0 37.1
0 4456.823 10 4.0 37.1
0 4456.918 10 4.0 37.1
0 4457.031 9 4.0 37.1
0 4457.12 11 4.0 37.1
0 4457.328 5 4.0 37.1
0 4457.332 238 4.0 37.1
0 4457.546 5 4.0 37.1
0 4457.549 292 4.0 37.1
0 4457.66 9 4.0 37.1
0 4457.76 10 4.0 37.1
0 4457.863 10 4.0 37.1
0 4457.959 10 4.0 37.1
0 4458.074 9 4.0 37.1
0 4458.263 5 4.0 37.1
0 4458.267 276 4.0 37.1
0 4458.38 9 4.0 37.1
0 4458.476 10 4.0 37.1
0 4458.59 9 4.0 37.1
0 4458.782 5 4.0 37.1
0 4458.786 324 4.0 37.1
0 4459.088 3 4.0 37.1
0 4459.094 154 4.0 37.1
0 4459.202 9 4.0 37.1
0 4459.405 5 4.0 37.1
0 4459.409 242 4.0 37.1
0 4459.618 5 4.0 37.1
0 4459.622 258 4.0 37.1
0 4459.732 9 4.0 37.1
0 4459.925 5 4.0 37.1
0 4459.929 240 4.0 37.1
0 4460.039 9 4.0 37.1
0 4460.132 11 4.0 37.1
0 4460.232 10 4.0 37.1
0 4460.33 10 4.0 37.1
0 4460.442 9 4.0 37.1
0 4460.538 10 4.0 37.1
0 4460.652 9 4.0 37.1
0 4460.851 5 4.0 37.1
0 4460.854 336 4.0 37.1
0 4460.968 9 4.0 37.1
0 4461.257 3 4.0 37.1
0 4461.262 215 4.0 37.1
0 4461.548 3 4.0 37.1
0 4461.552 246 4.0 37.1
0 4461.661 9 4.0 37.1
0 4461.769 9 4.0 37.1
0 4461.866 10 4.0 37.1
0 4461.963 10 4.0 37.1
0 4462.066 10 4.0 37.1
0 4462.163 10 4.0 37.1
0 4462.363 5 4.0 37.1
0 4462.368 223 4.0 37.1
0 4462.583 5 4.0 37.1
0 4462.586 293 4.0 37.1
0 4462.697 9 4.0 37.1
0 4462.801 10 4.0 37.1
0 4462.904 10 4.0 37.1
0 4462.997 11 4.0 37.1
0 4463.1 10 4.0 37.1
0 4463.309 5 4.0 37.1
0 4463.314 215 4.0 37.1
0 4463.419 9 4.0 37.1
0 4463.518 10 4.0 37.1
0 4463.627 9 4.0 37.1
0 4463.822 5 4.0 37.1
0 4463.826 306 4.0 37.1
0 4464.125 3 4.0 37.1
0 4464.129 244 4.0 37.1
0 4464.24 9 4.0 37.1
0 4464.415 6 4.0 37.1
0 4464.429 75 4.0 37.1
0 4464.64 5 4.0 37.1
0 4464.653 78 4.0 37.1
0 4464.761 9 4.0 37.1
0 4464.967 5 4.0 37.1
0 4464.98 77 4.0 37.1
0 4465.107 8 4.0 37.1
0 4465.209 10 4.0 37.1
0 4465.302 11 4.0 37.1
0 4465.397 11 4.0 37.1
0 4465.511 9 4.0 37.1
0 4465.608 10 4.0 37.1
0 4465.717 9 4.0 37.1
0 4465.893 6 4.0 37.1
0 4465.906 78 4.0 37.1
0 4466.036 8 4.0 37.1
0 4466.315 4 3.8 37.1
0 4466.33 65 3.8 37.1
0 4466.611 4 3.8 37.1
0 4466.615 259 3.8 37.1
0 4466.725 9 3.8 37.1
0 4466.831 9 3.8 37.1
0 4466.932 10 3.8 37.1
0 4467.025 11 3.8 37.1
0 4467.132 9 3.8 37.1
0 4467.226 11 3.8 37.1
0 4467.41 5 3.8 37.1
0 4467.416 197 3.8 37.1
0 4467.632 5 3.8 37.1
0 4467.635 287 3.8 37.1
0 4467.746 9 3.8 37.1
0 4467.845 10 3.8 37.1
0 4467.95 10 3.8 37.1
0 4468.048 10 3.8 37.1
0 4468.159 9 3.8 37.1
0 4468.344 5 3.8 37.1
0 4468.348 275 3.8 37.1
0 4468.462 9 3.8 37.1
0 4468.559 10 3.8 37.1
0 4468.671 9 3.8 37.1
0 4468.848 6 3.8 37.1
0 4468.851 298 3.8 37.1
0 4469.143 3 3.8 37.1
0 4469.147 270 3.8 37.1
0 4469.26 9 3.8 37.1
0 4469.434 6 3.8 37.1
0 4469.447 77 3.8 37.1
0 4469.64 5 3.8 37.1
0 4469.65 107 3.8 37.1
0 4469.749 10 3.8 37.1
0 4469.853 10 3.8 37.1
0 4470.042 5 3.8 37.1
0 4470.049 143 3.8 37.1
0 4470.151 10 3.8 37.1
0 4470.25 10 3.8 37.1
0 4470.354 10 3.8 37.1
0 4470.452 10 3.8 37.1
0 4470.55 10 3.8 37.1
0 4470.651 10 3.8 37.1
0 4470.75 10 3.8 37.1
0 4470.946 5 3.8 37.1
0 4470.951 221 3.8 37.1
0 4471.052 10 3.8 37.1
0 4471.322 4 3.8 37.1
0 4471.326 235 3.8 37.1
0 4471.518 5 3.8 37.1
0 4471.526 122 3.8 37.1
0 4471.722 5 3.8 37.1
0 4471.726 214 3.8 37.1
0 4471.828 10 3.8 37.1
0 4471.928 10 3.8 37.1
0 4472.033 9 3.8 37.1
0 4472.127 11 3.8 37.1
0 4472.229 10 3.8 37.1
0 4472.417 5 3.8 37.1
0 4472.427 103 3.8 37.1
0 4472.62 5 3.8 37.1
0 4472.627 158 3.8 37.1
0 4472.727 10 3.8 37.1
0 4472.828 10 3.8 37.1
0 4472.932 10 3.8 37.1
0 4473.027 11 3.8 37.1
0 4473.131 10 3.8 37.1
0 4473.227 10 3.8 37.1
0 4473.413 5 3.8 37.1
0 4473.427 68 3.8 37.1
0 4473.529 10 3.8 37.1
0 4473.631 10 3.8 37.1
0 4473.728 10 3.8 37.1
0 4473.914 5 3.8 37.1
0 4473.928 70 3.8 37.1
0 4474.213 4 3.8 37.1
0 4474.22 157 3.8 37.1
0 4474.319 10 3.8 37.1
0 4474.509 5 3.8 37.1
0 4474.517 121 3.8 37.1
0 4474.702 5 3.8 37.1
0 4474.721 54 3.8 37.1
0 4474.818 10 3.8 37.1
0 4474.918 10 3.8 37.1
0 4475.128 5 3.8 37.1
0 4475.131 293 3.8 37.1
0 4475.254 8 3.8 37.1
0 4475.332 13 3.8 37.1
0 4475.442 9 3.8 37.1
0 4475.537 10 3.8 37.1
0 4475.643 9 3.8 37.1
0 4475.755 9 3.8 37.1
0 4475.839 12 3.8 37.1
0 4476.048 5 3.8 37.1
0 4476.051 335 3.8 37.1
0 4476.355 3 6.8 37.1
0 4476.36 205 6.8 37.1
0 4476.573 5 6.8 37.1
0 4476.576 332 6.8 37.1
0 4476.794 5 6.8 37.1
0 4476.798 266 6.8 37.1
0 4476.916 9 6.8 37.1
0 4476.999 12 6.8 37.1
0 4477.109 9 6.8 37.1
0 4477.21 10 6.8 37.1
0 4477.316 9 6.8 37.1
0 4477.514 5 6.8 37.1
0 4477.518 258 6.8 37.1
0 4477.739 5 6.8 37.1
0 4477.742 289 6.8 37.1
0 4477.853 9 6.8 37.1
0 4477.96 9 6.8 37.1
0 4478.056 10 6.8 37.1
0 4478.154 10 6.8 37.1
0 4478.254 10 6.8 37.1
0 4478.46 5 6.8 37.1
0 4478.465 180 6.8 37.1
0 4478.576 9 6.8 37.1
0 4478.674 10 6.8 37.1
0 4478.776 10 6.8 37.1
0 4478.971 5 6.8 37.1
0 4478.976 214 6.8 37.1
0 4479.276 3 6.8 37.1
0 4479.28 274 6.8 37.1
0 4479.39 9 6.8 37.1
0 4479.595 5 6.8 37.1
0 4479.598 286 6.8 37.1
0 4479.811 5 6.8 37.1
0 4479.815 286 6.8 37.1
0 4479.92 9 6.8 37.1
0 4480.13 5 6.8 37.1
0 4480.143 74 6.8 37.1
0 4480.274 8 6.8 37.1
0 4480.344 14 6.8 37.1
0 4480.472 8 6.8 37.1
0 4480.559 11 6.8 37.1
0 4480.672 9 6.8 37.1
0 4480.767 11 6.8 37.1
0 4480.847 13 6.8 37.1
0 4481.058 5 6.8 37.1
0 4481.072 72 6.8 37.1
0 4481.392 3 6.8 37.1
0 4481.405 77 6.8 37.1
0 4481.612 5 6.8 37.1
0 4481.627 68 6.8 37.1
0 4481.84 5 6.8 37.1
0 4481.854 73 6.8 37.1
0 4481.98 8 6.8 37.1
0 4482.074 11 6.8 37.1
0 4482.188 9 6.8 37.1
0 4482.284 10 6.8 37.1
0 4482.384 10 6.8 37.1
0 4482.585 5 6.8 37.1
0 4482.598 77 6.8 37.1
0 4482.816 5 6.8 37.1
0 4482.829 75 6.8 37.1
0 4482.96 8 6.8 37.1
0 4483.047 11 6.8 37.1
0 4483.16 9 6.8 37.1
0 4483.254 11 6.8 37.1
0 4483.347 11 6.8 37.1
0 4483.547 5 6.8 37.1
0 4483.563 65 6.8 37.1
0 4483.691 8 6.8 37.1
0 4483.788 10 6.8 37.1
0 4483.894 9 6.8 37.1
0 4483.989 10 6.8 37.1
0 4484.068 13 6.8 37.1
0 4484.368 3 6.8 37.1
0 4484.383 67 6.8 37.1
0 4484.615 4 6.8 37.1
0 4484.629 70 6.8 37.1
0 4484.837 5 6.8 37.1
0 4484.85 79 6.8 37.1
0 4484.986 7 6.8 37.1
0 4485.162 6 6.8 37.1
0 4485.175 78 6.8 37.1
0 4485.303 8 6.8 37.1
0 4485.403 10 6.8 37.1
0 4485.512 9 6.8 37.1
0 4485.604 11 6.8 37.1
0 4485.706 10 6.8 37.1
0 4485.804 10 6.8 37.1
0 4485.896 11 6.8 37.1
0 4486.091 5 6.8 37.1
0 4486.104 76 6.8 37.1
0 4486.421 3 4.3 37.1
0 4486.434 78 4.3 37.1
0 4486.645 5 4.3 37.1
0 4486.659 74 4.3 37.1
0 4486.891 4 4.3 37.1
0 4486.905 70 4.3 37.1
0 4487.022 9 4.3 37.1
0 4487.132 9 4.3 37.1
0 4487.241 9 4.3 37.1
0 4487.336 11 4.3 37.1
0 4487.41 13 4.3 37.1
0 4487.631 5 4.3 37.1
0 4487.644 76 4.3 37.1
0 4487.852 5 4.3 37.1
0 4487.868 66 4.3 37.1
0 4487.999 8 4.3 37.1
0 4488.083 12 4.3 37.1
0 4488.197 9 4.3 37.1
0 4488.296 10 4.3 37.1
0 4488.402 9 4.3 37.1
0 4488.569 6 4.3 37.1
0 4488.585 63 4.3 37.1
0 4488.713 8 4.3 37.1
0 4488.812 10 4.3 37.1
0 4488.916 10 4.3 37.1
0 4489.011 11 4.3 37.1
0 4489.113 10 4.3 37.1
0 4489.407 3 4.3 37.1
0 4489.424 61 4.3 37.1
0 4489.64 5 4.3 37.1
0 4489.653 73 4.3 37.1
0 4489.855 5 4.3 37.1
0 4489.867 80 4.3 37.1
0 4489.998 8 4.3 37.1
0 4490.187 5 4.3 37.1
0 4490.2 79 4.3 37.1
0 4490.325 8 4.3 37.1
0 4490.409 12 4.3 37.1
0 4490.529 8 4.3 37.1
0 4490.608 13 4.3 37.1
0 4490.734 8 4.3 37.1
0 4490.825 11 4.3 37.1
0 4490.925 10 4.3 37.1
0 4491.11 5 4.3 37.1
0 4491.123 81 4.3 37.1
0 4491.441 3 4.3 37.1
0 4491.454 75 4.3 37.1
0 4491.66 5 4.3 37.1
0 4491.673 76 4.3 37.1
0 4491.898 4 4.3 37.1
0 4491.911 75 4.3 37.1
0 4492.115 5 4.3 37.1
0 4492.12 215 4.3 37.1
0 4492.236 9 4.3 37.1
0 4492.33 11 4.3 37.1
0 4492.429 10 4.3 37.1
0 4492.532 10 4.3 37.1
0 4492.744 5 4.3 37.1
0 4492.833 11 4.3 37.1
0 4492.847 71 4.3 37.1
0 4492.964 9 4.3 37.1
0 4493.058 11 4.3 37.1
0 4493.162 10 4.3 37.1
0 4493.26 10 4.3 37.1
0 4493.361 10 4.3 37.1
0 4493.456 11 4.3 37.1
0 4493.67 5 4.3 37.1
0 4493.674 213 4.3 37.1
0 4493.786 9 4.3 37.1
0 4493.888 10 4.3 37.1
0 4493.985 10 4.3 37.1
0 4494.092 9 4.3 37.1
0 4494.19 10 4.3 37.1
0 4494.469 4 4.3 37.1
0 4494.474 205 4.3 37.1
0 4494.659 5 4.3 37.1
0 4494.674 69 4.3 37.1
0 4494.891 5 4.3 37.1
0 4494.894 308 4.3 37.1
0 4495.004 9 4.3 37.1
0 4495.194 5 4.3 37.1
0 4495.197 321 4.3 37.1
0 4495.312 9 4.3 37.1
0 4495.409 10 4.3 37.1
0 4495.515 9 4.3 37.1
0 4495.608 11 4.3 37.1
0 4495.715 9 4.3 37.1
0 4495.813 10 4.3 37.1
0 4495.909 10 4.3 37.1
0 4496.116 5 4.3 37.1
0 4496.119 327 4.3 37.1
0 4496.237 8 4.3 37.1
0 4496.514 4 4.2 37.1
0 4496.518 264 4.2 37.1
0 4496.736 5 4.2 37.1
0 4496.739 319 4.2 37.1
0 4496.949 5 4.2 37.1
0 4496.952 314 4.2 37.1
0 4497.166 5 4.2 37.1
0 4497.169 289 4.2 37.1
0 4497.291 8 4.2 37.1
0 4497.381 11 4.2 37.1
0 4497.479 10 4.2 37.1
0 4497.581 10 4.2 37.1
0 4497.78 5 4.2 37.1
0 4497.866 11 4.2 37.1
0 4497.888 47 4.2 37.1
0 4497.994 9 4.2 37.1
0 4498.095 10 4.2 37.1
0 4498.196 10 4.2 37.1
0 4498.294 10 4.2 37.1
0 4498.405 9 4.2 37.1
0 4498.494 11 4.2 37.1
0 4498.701 5 4.2 37.1
0 4498.705 265 4.2 37.1
0 4498.815 9 4.2 37.1
0 4498.929 9 4.2 37.1
0 4499.015 12 4.2 37.1
0 4499.117 10 4.2 37.1
0 4499.218 10 4.2 37.1
0 4499.499 4 4.2 37.1
0 4499.505 152 4.2 37.1
0 4499.723 5 4.2 37.1
0 4499.747 42 4.2 37.1
0 4499.921 6 4.2 37.1
0 4499.926 211 4.2 37.1
0 4500.037 9 4.2 37.1
0 4500.233 5 4.2 37.1
0 4500.237 266 4.2 37.1
0 4500.339 10 4.2 37.1
0 4500.446 9 4.2 37.1
0 4500.544 10 4.2 37.1
0 4500.642 10 4.2 37.1
0 4500.75 9 4.2 37.1
0 4500.839 11 4.2 37.1
0 4500.948 9 4.2 37.1
0 4501.148 5 4.2 37.1
0 4501.152 299 4.2 37.1
0 4501.265 9 4.2 37.1
0 4501.549 4 4.2 37.1
0 4501.553 234 4.2 37.1
0 4501.762 5 4.2 37.1
0 4501.766 271 4.2 37.1
0 4501.964 5 4.2 37.1
0 4501.967 316 4.2 37.1
0 4502.187 5 4.2 37.1
0 4502.19 308 4.2 37.1
0 4502.311 8 4.2 37.1
0 4502.394 12 4.2 37.1
0 4502.501 9 4.2 37.1
0 4502.604 10 4.2 37.1
0 4502.802 5 4.2 37.1
0 4502.892 11 4.2 37.1
0 4502.905 72 4.2 37.1
0 4503.016 9 4.2 37.1
0 4503.119 10 4.2 37.1
0 4503.216 10 4.2 37.1
0 4503.316 10 4.2 37.1
0 4503.423 9 4.2 37.1
0 4503.516 11 4.2 37.1
0 4503.71 5 4.2 37.1
0 4503.713 285 4.2 37.1
0 4503.824 9 4.2 37.1
0 4503.937 9 4.2 37.1
0 4504.02 12 4.2 37.1
0 4504.127 9 4.2 37.1
0 4504.224 10 4.2 37.1
0 4504.414 5 4.2 37.1
0 4504.501 12 4.2 37.1
0 4504.523 45 4.2 37.1
0 4504.728 5 4.2 37.1
0 4504.731 308 4.2 37.1
0 4504.926 5 4.2 37.1
0 4504.932 186 4.2 37.1
0 4505.052 8 4.2 37.1
0 4505.241 5 4.2 37.1
0 4505.244 316 4.2 37.1
0 4505.356 9 4.2 37.1
0 4505.456 10 4.2 37.1
0 4505.566 9 4.2 37.1
0 4505.659 11 4.2 37.1
0 4505.756 10 4.2 37.1
0 4505.845 11 4.2 37.1
0 4505.957 9 4.2 37.1
0 4506.16 5 4.2 37.1
0 4506.164 241 4.2 37.1
0 4506.273 9 4.2 37.1
0 4506.555 4 3.6 37.1
0 4506.559 265 3.6 37.1
0 4506.78 5 3.6 37.1
0 4506.784 251 3.6 37.1
0 4506.993 5 3.6 37.1
0 4506.996 302 3.6 37.1
0 4507.208 5 3.6 37.1
0 4507.212 281 3.6 37.1
0 4507.334 8 3.6 37.1
0 4507.417 12 3.6 37.1
0 4507.524 9 3.6 37.1
0 4507.624 10 3.6 37.1
0 4507.83 5 3.6 37.1
0 4507.917 12 3.6 37.1
0 4507.937 49 3.6 37.1
0 4508.044 9 3.6 37.1
0 4508.146 10 3.6 37.1
0 4508.244 10 3.6 37.1
0 4508.34 11 3.6 37.1
0 4508.455 9 3.6 37.1
0 4508.545 11 3.6 37.1
0 4508.755 5 3.6 37.1
0 4508.758 263 3.6 37.1
0 4508.872 9 3.6 37.1
0 4508.979 9 3.6 37.1
0 4509.069 11 3.6 37.1
0 4509.171 10 3.6 37.1
0 4509.272 10 3.6 37.1
0 4509.56 3 3.6 37.1
0 4509.565 192 3.6 37.1
0 4509.78 5 3.6 37.1
0 4509.784 254 3.6 37.1
0 4509.992 5 3.6 37.1
0 4509.996 317 3.6 37.1
0 4510.118 8 3.6 37.1
0 4510.309 5 3.6 37.1
0 4510.313 284 3.6 37.1
0 4510.425 9 3.6 37.1
0 4510.527 10 3.6 37.1
0 4510.632 10 3.6 37.1
0 4510.725 11 3.6 37.1
0 4510.827 10 3.6 37.1
0 4510.926 10 3.6 37.1
0 4511.028 10 3.6 37.1
0 4511.233 5 3.6 37.1
0 4511.236 286 3.6 37.1
0 4511.343 9 3.6 37.1
0 4511.617 4 3.6 37.1
0 4511.621 249 3.6 37.1
0 4511.815 5 3.6 37.1
0 4511.821 157 3.6 37.1
0 4512.012 5 3.6 37.1
0 4512.022 96 3.6 37.1
0 4512.208 5 3.6 37.1
0 4512.221 78 3.6 37.1
0 4512.325 10 3.6 37.1
0 4512.422 10 3.6 37.1
0 4512.523 10 3.6 37.1
0 4512.622 10 3.6 37.1
0 4512.808 5 3.6 37.1
0 4512.822 70 3.6 37.1
0 4513.01 5 3.6 37.1
0 4513.022 86 3.6 37.1
0 4513.134 9 3.6 37.1
0 4513.234 10 3.6 37.1
0 4513.335 10 3.6 37.1
0 4513.432 10 3.6 37.1
0 4513.542 9 3.6 37.1
0 4513.635 11 3.6 37.1
0 4513.844 5 3.6 37.1
0 4513.848 245 3.6 37.1
0 4513.956 9 3.6 37.1
0 4514.067 9 3.6 37.1
0 4514.159 11 3.6 37.1
0 4514.259 10 3.6 37.1
0 4514.359 10 3.6 37.1
0 4514.647 3 3.6 37.1
0 4514.653 162 3.6 37.1
0 4514.865 5 3.6 37.1
0 4514.868 280 3.6 37.1
0 4515.084 5 3.6 37.1
0 4515.087 297 3.6 37.1
0 4515.194 9 3.6 37.1
0 4515.4 5 3.6 37.1
0 4515.403 294 3.6 37.1
0 4515.514 9 3.6 37.1
0 4515.614 10 3.6 37.1
0 4515.725 9 3.6 37.1
0 4515.814 11 3.6 37.1
0 4515.916 10 3.6 37.1
0 4516.014 10 3.6 37.1
0 4516.113 10 3.6 37.1
0 4516.316 5 3.6 37.1
0 4516.319 330 3.6 37.1
0 4516.435 9 3.6 37.1
0 4516.72 3 4.5 37.1
0 4516.807 12 4.5 37.1
0 4516.832 40 4.5 37.1
0 4517.04 5 4.5 37.1
0 4517.043 301 4.5 37.1
0 4517.255 5 4.5 37.1
0 4517.259 247 4.5 37.1
0 4517.369 9 4.5 37.1
0 4517.471 10 4.5 37.1
0 4517.572 10 4.5 37.1
0 4517.67 10 4.5 37.1
0 4517.874 5 4.5 37.1
0 4517.879 204 4.5 37.1
0 4518.091 5 4.5 37.1
0 4518.094 322 4.5 37.1
0 4518.207 9 4.5 37.1
0 4518.31 10 4.5 37.1
0 4518.42 9 4.5 37.1
0 4518.524 10 4.5 37.1
0 4518.635 9 4.5 37.1
0 4518.73 11 4.5 37.1
0 4518.923 5 4.5 37.1
0 4518.938 67 4.5 37.1
0 4519.059 8 4.5 37.1
0 4519.169 9 4.5 37.1
0 4519.266 10 4.5 37.1
0 4519.357 11 4.5 37.1
0 4519.664 3 4.5 37.1
0 4519.678 71 4.5 37.1
0 4519.898 5 4.5 37.1
0 4519.912 73 4.5 37.1
0 4520.12 5 4.5 37.1
0 4520.133 78 4.5 37.1
0 4520.256 8 4.5 37.1
0 4520.431 6 4.5 37.1
0 4520.445 73 4.5 37.1
0 4520.566 8 4.5 37.1
0 4520.672 9 4.5 37.1
0 4520.776 10 4.5 37.1
0 4520.856 12 4.5 37.1
0 4520.978 8 4.5 37.1
0 4521.076 10 4.5 37.1
0 4521.176 10 4.5 37.1
0 4521.357 6 4.5 37.1
0 4521.369 81 4.5 37.1
0 4521.5 8 4.5 37.1
0 4521.599 10 4.5 37.1
0 4521.802 5 4.5 37.1
0 4521.901 10 4.5 37.1
0 4521.916 65 4.5 37.1
0 4522.141 4 4.5 37.1
0 4522.154 77 4.5 37.1
0 4522.367 5 4.5 37.1
0 4522.38 79 4.5 37.1
0 4522.511 8 4.5 37.1
0 4522.606 11 4.5 37.1
0 4522.711 10 4.5 37.1
0 4522.909 5 4.5 37.1
0 4522.923 71 4.5 37.1
0 4523.134 5 4.5 37.1
0 4523.147 78 4.5 37.1
0 4523.253 9 4.5 37.1
0 4523.354 10 4.5 37.1
0 4523.457 10 4.5 37.1
0 4523.569 9 4.5 37.1
0 4523.683 9 4.5 37.1
0 4523.763 12 4.5 37.1
0 4523.948 5 4.5 37.1
0 4523.962 73 4.5 37.1
0 4524.092 8 4.5 37.1
0 4524.196 10 4.5 37.1
0 4524.288 11 4.5 37.1
0 4524.385 10 4.5 37.1
0 4524.682 3 4.5 37.1
0 4524.697 67 4.5 37.1
0 4524.901 5 4.5 37.1
0 4524.914 73 4.5 37.1
0 4525.126 5 4.5 37.1
0 4525.151 39 4.5 37.1
0 4525.28 8 4.5 37.1
0 4525.446 6 4.5 37.1
0 4525.47 41 4.5 37.1
0 4525.6 8 4.5 37.1
0 4525.701 10 4.5 37.1
0 4525.799 10 4.5 37.1
0 4525.871 14 4.5 37.1
0 4526.002 8 4.5 37.1
0 4526.1 10 4.5 37.1
0 4526.201 10 4.5 37.1
0 4526.381 6 4.5 37.1
0 4526.403 45 4.5 37.1
0 4526.527 8 4.5 37.1
0 4526.635 9 4.5 37.1
0 4526.829 5 4.5 37.1
0 4526.938 9 4.5 37.1
0 4526.961 45 4.5 37.1
0 4527.195 4 4.5 37.1
0 4527.218 43 4.5 37.1
0 4527.424 5 4.5 37.1
0 4527.449 40 4.5 37.1
0 4527.58 8 4.5 37.1
0 4527.683 10 4.5 37.1
0 4527.774 11 4.5 37.1
0 4527.955 6 4.5 37.1
0 4527.979 41 4.5 37.1
0 4528.189 5 4.5 37.1
0 4528.213 42 4.5 37.1
0 4528.329 9 4.5 37.1
0 4528.443 9 4.5 37.1
0 4528.574 8 4.5 37.1
0 4528.669 11 4.5 37.1
0 4528.766 10 4.5 37.1
0 4528.856 11 4.5 37.1
0 4529.066 5 4.5 37.1
0 4529.101 29 4.5 37.1
0 4529.243 7 4.5 37.1
0 4529.346 10 4.5 37.1
0 4529.445 10 4.5 37.1
0 4529.71 4 4.5 37.1
0 4529.743 30 4.5 37.1
0 4529.881 7 4.5 37.1
0 4529.983 10 4.5 37.1
0 4530.16 6 4.5 37.1
0 4530.199 25 4.5 37.1
0 4530.326 8 4.5 37.1
0 4530.437 9 4.5 37.1
0 4530.529 11 4.5 37.1
0 4530.64 9 4.5 37.1
0 4530.752 9 4.5 37.1
0 4530.832 12 4.5 37.1
0 4530.944 9 4.5 37.1
0 4531.041 10 4.5 37.1
0 4531.15 9 4.5 37.1
0 4531.241 11 4.5 37.1
0 4531.406 6 4.5 37.1
0 4531.439 30 4.5 37.1
0 4531.562 8 4.5 37.1
0 4531.692 8 4.5 37.1
0 4531.875 5 4.5 37.1
0 4531.996 8 4.5 37.1
0 4532.037 25 4.5 37.1
0 4532.271 4 4.5 37.1
0 4532.308 27 4.5 37.1
0 4532.527 5 4.5 37.1
0 4532.563 28 4.5 37.1
0 4532.728 6 4.5 37.1
0 4532.795 15 4.5 37.1
0 4532.996 5 4.5 37.1
0 4533.122 8 4.5 37.1
0 4533.227 10 4.5 37.1
0 4533.251 41 4.5 37.1
0 4533.372 8 4.5 37.1
0 4533.479 9 4.5 37.1
0 4533.584 10 4.5 37.1
0 4533.697 9 4.5 37.1
0 4533.786 11 4.5 37.1
0 4533.869 12 4.5 37.1
0 4534.079 5 4.5 37.1
0 4534.103 42 4.5 37.1
0 4534.246 7 4.5 37.1
0 4534.333 12 4.5 37.1
0 4534.44 9 4.5 37.1
0 4534.739 3 4.5 37.1
0 4534.764 41 4.5 37.1
0 4534.868 10 4.5 37.1
0 4535.008 7 4.5 37.1
0 4535.17 6 4.5 37.1
0 4535.195 41 4.5 37.1
0 4535.33 7 4.5 37.1
0 4535.433 10 4.5 37.1
0 4535.532 10 4.5 37.1
0 4535.632 10 4.5 37.1
0 4535.735 10 4.5 37.1
0 4535.833 10 4.5 37.1
0 4535.937 10 4.5 37.1
0 4536.039 10 4.5 37.1
0 4536.135 10 4.5 37.1
0 4536.234 10 4.5 37.1
0 4536.408 6 4.5 37.1
0 4536.435 37 4.5 37.1
0 4536.56 8 4.5 37.1
0 4536.672 9 4.5 37.1
0 4536.775 10 4.5 37.1
0 4536.946 6 5.7 37.1
0 4537.055 9 5.7 37.1
0 4537.079 42 5.7 37.1
0 4537.31 4 5.7 37.1
0 4537.334 42 5.7 37.1
0 4537.54 5 5.7 37.1
0 4537.565 40 5.7 37.1
0 4537.703 7 5.7 37.1
0 4537.8 10 5.7 37.1
0 4537.876 13 5.7 37.1
0 4538.129 4 5.7 37.1
0 4538.323 5 5.7 37.1
0 4538.419 10 5.7 37.1
0 4538.436 61 5.7 37.1
0 4538.565 8 5.7 37.1
0 4538.668 10 5.7 37.1
0 4538.771 10 5.7 37.1
0 4538.857 12 5.7 37.1
0 4538.966 9 5.7 37.1
0 4539.149 5 5.7 37.1
0 4539.162 78 5.7 37.1
0 4539.299 7 5.7 37.1
0 4539.366 15 5.7 37.1
0 4539.489 8 5.7 37.1
0 4539.782 3 5.7 37.1
0 4539.798 64 5.7 37.1
0 4539.92 8 5.7 37.1
0 4540.023 10 5.7 37.1
0 4540.199 6 5.7 37.1
0 4540.211 80 5.7 37.1
0 4540.338 8 5.7 37.1
0 4540.436 10 5.7 37.1
0 4540.523 11 5.7 37.1
0 4540.643 8 5.7 37.1
0 4540.741 10 5.7 37.1
0 4540.837 10 5.7 37.1
0 4540.943 9 5.7 37.1
0 4541.022 13 5.7 37.1
0 4541.143 8 5.7 37.1
0 4541.243 10 5.7 37.1
0 4541.424 6 5.7 37.1
0 4541.436 80 5.7 37.1
0 4541.565 8 5.7 37.1
0 4541.668 10 5.7 37.1
0 4541.756 11 5.7 37.1
0 4541.85 11 5.7 37.1
0 4542.064 5 5.7 37.1
0 4542.323 4 5.7 37.1
0 4542.327 252 5.7 37.1
0 4542.441 9 5.7 37.1
0 4542.643 5 5.7 37.1
0 4542.646 305 5.7 37.1
0 4542.757 9 5.7 37.1
0 4542.856 10 5.7 37.1
0 4542.963 9 5.7 37.1
0 4543.165 5 5.7 37.1
0 4543.351 5 5.7 37.1
0 4543.439 11 5.7 37.1
0 4543.457 54 5.7 37.1
0 4543.56 10 5.7 37.1
0 4543.665 10 5.7 37.1
0 4543.766 10 5.7 37.1
0 4543.861 11 5.7 37.1
0 4543.972 9 5.7 37.1
0 4544.064 11 5.7 37.1
0 4544.273 5 5.7 37.1
0 4544.277 265 5.7 37.1
0 4544.392 9 5.7 37.1
0 4544.495 10 5.7 37.1
0 4544.587 11 5.7 37.1
0 4544.864 4 5.7 37.1
0 4544.868 307 5.7 37.1
0 4544.986 8 5.7 37.1
0 4545.087 10 5.7 37.1
0 4545.28 5 5.7 37.1
0 4545.284 287 5.7 37.1
0 4545.393 9 5.7 37.1
0 4545.502 9 5.7 37.1
0 4545.602 10 5.7 37.1
0 4545.695 11 5.7 37.1
0 4545.797 10 5.7 37.1
0 4545.895 10 5.7 37.1
0 4546.002 9 5.7 37.1
0 4546.105 10 5.7 37.1
0 4546.196 11 5.7 37.1
0 4546.298 10 5.7 37.1
0 4546.473 6 5.7 37.1
0 4546.485 86 5.7 37.1
0 4546.594 9 5.7 37.1
0 4546.702 9 5.7 37.1
0 4546.797 11 5.7 37.1
0 4546.891 11 5.7 37.1
0 4547.107 5 4.1 37.1
0 4547.368 4 4.1 37.1
0 4547.372 290 4.1 37.1
0 4547.482 9 4.1 37.1
0 4547.684 5 4.1 37.1
0 4547.689 213 4.1 37.1
0 4547.803 9 4.1 37.1
0 4547.905 10 4.1 37.1
0 4548.0 11 4.1 37.1
0 4548.197 5 4.1 37.1
0 4548.369 6 4.1 37.1
0 4548.455 12 4.1 37.1
0 4548.476 47 4.1 37.1
0 4548.582 9 4.1 37.1
0 4548.683 10 4.1 37.1
0 4548.786 10 4.1 37.1
0 4548.888 10 4.1 37.1
0 4548.991 10 4.1 37.1
0 4549.085 11 4.1 37.1
0 4549.282 5 4.1 37.1
0 4549.286 251 4.1 37.1
0 4549.399 9 4.1 37.1
0 4549.504 10 4.1 37.1
0 4549.597 11 4.1 37.1
0 4549.88 4 4.1 37.1
0 4549.884 254 4.1 37.1
0 4550.005 8 4.1 37.1
0 4550.094 11 4.1 37.1
0 4550.283 5 4.1 37.1
0 4550.286 314 4.1 37.1
0 4550.396 9 4.1 37.1
0 4550.506 9 4.1 37.1
0 4550.597 11 4.1 37.1
0 4550.697 10 4.1 37.1
0 4550.799 10 4.1 37.1
0 4550.899 10 4.1 37.1
0 4551.008 9 4.1 37.1
0 4551.098 11 4.1 37.1
0 4551.198 10 4.1 37.1
0 4551.288 11 4.1 37.1
0 4551.485 5 4.1 37.1
0 4551.489 314 4.1 37.1
0 4551.609 8 4.1 37.1
0 4551.7 11 4.1 37.1
0 4551.799 10 4.1 37.1
0 4551.9 10 4.1 37.1
0 4552.101 5 4.1 37.1
0 4552.108 149 4.1 37.1
0 4552.477 3 4.1 37.1
0 4552.481 242 4.1 37.1
0 4552.685 5 4.1 37.1
0 4552.69 209 4.1 37.1
0 4552.79 10 4.1 37.1
0 4552.893 10 4.1 37.1
0 4553.003 9 4.1 37.1
0 4553.201 5 4.1 37.1
0 4553.382 6 4.1 37.1
0 4553.469 11 4.1 37.1
0 4553.487 56 4.1 37.1
0 4553.601 9 4.1 37.1
0 4553.688 11 4.1 37.1
0 4553.787 10 4.1 37.1
0 4553.907 8 4.1 37.1
0 4553.995 11 4.1 37.1
0 4554.102 9 4.1 37.1
0 4554.305 5 4.1 37.1
0 4554.309 228 4.1 37.1
0 4554.428 8 4.1 37.1
0 4554.519 11 4.1 37.1
0 4554.621 10 4.1 37.1
0 4554.911 3 4.1 37.1
0 4554.916 230 4.1 37.1
0 4555.033 9 4.1 37.1
0 4555.128 10 4.1 37.1
0 4555.306 6 4.1 37.1
0 4555.315 111 4.1 37.1
0 4555.431 9 4.1 37.1
0 4555.535 10 4.1 37.1
0 4555.629 11 4.1 37.1
0 4555.727 10 4.1 37.1
0 4555.826 10 4.1 37.1
0 4555.932 9 4.1 37.1
0 4556.035 10 4.1 37.1
0 4556.129 11 4.1 37.1
0 4556.227 10 4.1 37.1
0 4556.326 10 4.1 37.1
0 4556.537 5 4.1 37.1
0 4556.541 282 4.1 37.1
0 4556.654 9 4.1 37.1
0 4556.752 10 4.1 37.1
0 4556.846 11 4.1 37.1
0 4556.949 10 4.1 37.1
0 4557.157 5 4.1 37.1
0 4557.161 253 4.1 37.1
0 4557.553 3 4.1 37.1
0 4557.56 155 4.1 37.1
0 4557.761 5 4.1 37.1
0 4557.765 255 4.1 37.1
0 4557.874 9 4.1 37.1
0 4557.975 10 4.1 37.1
0 4558.088 9 4.1 37.1
0 4558.271 5 4.1 37.1
0 4558.455 5 4.1 37.1
0 4558.543 11 4.1 37.1
0 4558.561 55 4.1 37.1
0 4558.682 8 4.1 37.1
0 4558.77 11 4.1 37.1
0 4558.868 10 4.1 37.1
0 4558.97 10 4.1 37.1
0 4559.069 10 4.1 37.1
0 4559.182 9 4.1 37.1
0 4559.378 5 4.1 37.1
0 4559.383 216 4.1 37.1
0 4559.491 9 4.1 37.1
0 4559.592 10 4.1 37.1
0 4559.686 11 4.1 37.1
0 4559.97 4 4.1 37.1
0 4559.974 257 4.1 37.1
0 4560.084 9 4.1 37.1
0 4560.184 10 4.1 37.1
0 4560.382 5 4.1 37.1
0 4560.385 327 4.1 37.1
0 4560.5 9 4.1 37.1
0 4560.596 10 4.1 37.1
0 4560.696 10 4.1 37.1
0 4560.798 10 4.1 37.1
0 4560.908 9 4.1 37.1
0 4560.998 11 4.1 37.1
0 4561.099 10 4.1 37.1
0 4561.197 10 4.1 37.1
0 4561.299 10 4.1 37.1
0 4561.399 10 4.1 37.1
0 4561.613 5 4.1 37.1
0 4561.616 320 4.1 37.1
0 4561.717 10 4.1 37.1
0 4561.824 9 4.1 37.1
0 4561.93 9 4.1 37.1
0 4562.03 10 4.1 37.1
0 4562.237 5 4.1 37.1
0 4562.241 285 4.1 37.1
0 4562.61 3 4.1 37.1
0 4562.615 217 4.1 37.1
0 4562.809 5 4.1 37.1
0 4562.814 217 4.1 37.1
0 4562.926 9 4.1 37.1
0 4563.025 10 4.1 37.1
0 4563.13 9 4.1 37.1
0 4563.332 5 4.1 37.1
0 4563.518 5 4.1 37.1
0 4563.608 11 4.1 37.1
0 4563.625 57 4.1 37.1
0 4563.734 9 4.1 37.1
0 4563.832 10 4.1 37.1
0 4563.94 9 4.1 37.1
0 4564.033 11 4.1 37.1
0 4564.137 10 4.1 37.1
0 4564.229 11 4.1 37.1
0 4564.436 5 4.1 37.1
0 4564.442 170 4.1 37.1
0 4564.552 9 4.1 37.1
0 4564.655 10 4.1 37.1
0 4564.753 10 4.1 37.1
0 4565.036 4 4.1 37.1
0 4565.041 187 4.1 37.1
0 4565.151 9 4.1 37.1
0 4565.241 11 4.1 37.1
0 4565.443 5 4.1 37.1
0 4565.446 318 4.1 37.1
0 4565.565 8 4.1 37.1
0 4565.659 11 4.1 37.1
0 4565.763 10 4.1 37.1
0 4565.853 11 4.1 37.1
0 4565.958 10 4.1 37.1
0 4566.067 9 4.1 37.1
0 4566.16 11 4.1 37.1
0 4566.264 10 4.1 37.1
0 4566.357 11 4.1 37.1
0 4566.461 10 4.1 37.1
0 4566.666 5 4.1 37.1
0 4566.669 310 4.1 37.1
0 4566.785 9 4.1 37.1
0 4566.879 11 4.1 37.1
0 4566.983 10 4.1 37.1
0 4567.082 10 4.1 37.1
0 4567.292 5 3.6 37.1
0 4567.296 208 3.6 37.1
0 4567.649 3 3.6 37.1
0 4567.653 273 3.6 37.1
0 4567.892 4 3.6 37.1
0 4567.897 231 3.6 37.1
0 4568.007 9 3.6 37.1
0 4568.108 10 3.6 37.1
0 4568.209 10 3.6 37.1
0 4568.414 5 3.6 37.1
0 4568.585 6 3.6 37.1
0 4568.683 10 3.6 37.1
0 4568.689 174 3.6 37.1
0 4568.801 9 3.6 37.1
0 4568.898 10 3.6 37.1
0 4569.004 10 3.6 37.1
0 4569.109 10 3.6 37.1
0 4569.202 11 3.6 37.1
0 4569.302 10 3.6 37.1
0 4569.497 5 3.6 37.1
0 4569.502 207 3.6 37.1
0 4569.62 8 3.6 37.1
0 4569.713 11 3.6 37.1
0 4569.812 10 3.6 37.1
0 4570.113 3 3.6 37.1
0 4570.12 163 3.6 37.1
0 4570.229 9 3.6 37.1
0 4570.329 10 3.6 37.1
0 4570.514 5 3.6 37.1
0 4570.518 297 3.6 37.1
0 4570.64 8 3.6 37.1
0 4570.73 11 3.6 37.1
0 4570.849 8 3.6 37.1
0 4570.942 11 3.6 37.1
0 4571.053 9 3.6 37.1
0 4571.167 9 3.6 37.1
0 4571.244 13 3.6 37.1
0 4571.359 9 3.6 37.1
0 4571.452 11 3.6 37.1
0 4571.554 10 3.6 37.1
0 4571.74 5 3.6 37.1
0 4571.752 81 3.6 37.1
0 4571.865 9 3.6 37.1
0 4571.973 9 3.6 37.1
0 4572.073 10 3.6 37.1
0 4572.174 10 3.6 37.1
0 4572.363 5 3.6 37.1
0 4572.377 71 3.6 37.1
0 4572.755 3 3.6 37.1
0 4572.857 10 3.6 37.1
0 4572.871 71 3.6 37.1
0 4572.991 8 3.6 37.1
0 4573.091 10 3.6 37.1
0 4573.192 10 3.6 37.1
0 4573.295 10 3.6 37.1
0 4573.471 6 3.6 37.1
0 4573.655 5 3.6 37.1
0 4573.755 10 3.6 37.1
0 4573.779 42 3.6 37.1
0 4573.885 9 3.6 37.1
0 4574.008 8 3.6 37.1
0 4574.118 9 3.6 37.1
0 4574.222 10 3.6 37.1
0 4574.319 10 3.6 37.1
0 4574.396 13 3.6 37.1
0 4574.611 5 3.6 37.1
0 4574.634 43 3.6 37.1
0 4574.777 7 3.6 37.1
0 4574.866 11 3.6 37.1
0 4574.973 9 3.6 37.1
0 4575.064 11 3.6 37.1
0 4575.166 10 3.6 37.1
0 4575.234 15 3.6 37.1
0 4575.366 8 3.6 37.1
0 4575.539 6 3.6 37.1
0 4575.563 43 3.6 37.1
0 4575.674 9 3.6 37.1
0 4575.795 8 3.6 37.1
0 4575.877 12 3.6 37.1
0 4575.985 9 3.6 37.1
0 4576.102 9 3.6 37.1
0 4576.178 13 3.6 37.1
0 4576.306 8 3.6 37.1
0 4576.387 12 3.6 37.1
0 4576.487 10 3.6 37.1
0 4576.597 9 3.6 37.1
0 4576.767 6 3.6 37.1
0 4576.79 43 3.6 37.1
0 4576.902 9 3.6 37.1
0 4577.033 8 3.6 37.1
0 4577.131 10 3.6 37.1
0 4577.235 10 3.6 37.1
0 4577.424 5 4.6 37.1
0 4577.448 41 4.6 37.1
0 4577.827 3 4.6 37.1
0 4577.939 9 4.6 37.1
0 4577.963 41 4.6 37.1
0 4578.108 7 4.6 37.1
0 4578.206 10 4.6 37.1
0 4578.302 10 4.6 37.1
0 4578.386 12 4.6 37.1
0 4578.576 5 4.6 37.1
0 4578.856 4 4.6 37.1
0 4578.88 42 4.6 37.1
0 4579.003 8 4.6 37.1
0 4579.111 9 4.6 37.1
0 4579.212 10 4.6 37.1
0 4579.311 10 4.6 37.1
0 4579.387 13 4.6 37.1
0 4579.51 8 4.6 37.1
0 4579.705 5 4.6 37.1
0 4579.73 42 4.6 37.1
0 4579.863 7 4.6 37.1
0 4579.947 12 4.6 37.1
0 4580.066 8 4.6 37.1
0 4580.141 13 4.6 37.1
0 4580.256 9 4.6 37.1
0 4580.342 12 4.6 37.1
0 4580.558 5 4.6 37.1
0 4580.591 30 4.6 37.1
0 4580.728 7 4.6 37.1
0 4580.821 11 4.6 37.1
0 4580.895 13 4.6 37.1
0 4581.013 9 4.6 37.1
0 4581.122 9 4.6 37.1
0 4581.217 11 4.6 37.1
0 4581.321 10 4.6 37.1
0 4581.395 14 4.6 37.1
0 4581.522 8 4.6 37.1
0 4581.607 12 4.6 37.1
0 4581.822 5 4.6 37.1
0 4581.854 31 4.6 37.1
0 4581.993 7 4.6 37.1
0 4582.096 10 4.6 37.1
0 4582.198 10 4.6 37.1
0 4582.291 11 4.6 37.1
0 4582.498 5 4.6 37.1
0 4582.535 27 4.6 37.1
0 4582.914 3 4.6 37.1
0 4583.029 9 4.6 37.1
0 4583.073 22 4.6 37.1
0 4583.221 7 4.6 37.1
0 4583.304 12 4.6 37.1
0 4583.397 11 4.6 37.1
0 4583.495 10 4.6 37.1
0 4583.7 5 4.6 37.1
0 4583.919 5 4.6 37.1
0 4583.951 32 4.6 37.1
0 4584.087 7 4.6 37.1
0 4584.183 10 4.6 37.1
0 4584.281 10 4.6 37.1
0 4584.376 10 4.6 37.1
0 4584.466 11 4.6 37.1
0 4584.729 4 4.6 37.1
0 4584.753 41 4.6 37.1
0 4584.88 8 4.6 37.1
0 4584.985 10 4.6 37.1
0 4585.069 12 4.6 37.1
0 4585.185 9 4.6 37.1
0 4585.272 12 4.6 37.1
0 4585.375 10 4.6 37.1
0 4585.564 5 4.6 37.1
0 4585.589 40 4.6 37.1
0 4585.734 7 4.6 37.1
0 4585.833 10 4.6 37.1
0 4585.896 16 4.6 37.1
0 4586.028 8 4.6 37.1
0 4586.128 10 4.6 37.1
0 4586.235 9 4.6 37.1
0 4586.333 10 4.6 37.1
0 4586.4 15 4.6 37.1
0 4586.521 8 4.6 37.1
0 4586.633 9 4.6 37.1
0 4586.805 6 4.6 37.1
0 4586.831 39 4.6 37.1
0 4586.96 8 4.6 37.1
0 4587.067 9 4.6 37.1
0 4587.248 6 4.6 37.1
0 4587.261 77 4.6 37.1
0 4587.379 8 4.6 37.1
0 4587.583 5 5.5 37.1
0 4587.596 74 5.5 37.1
0 4588.005 2 5.5 37.1
0 4588.105 10 5.5 37.1
0 4588.118 76 5.5 37.1
0 4588.248 8 5.5 37.1
0 4588.346 10 5.5 37.1
0 4588.445 10 5.5 37.1
0 4588.551 9 5.5 37.1
0 4588.733 6 5.5 37.1
0 4588.925 5 5.5 37.1
0 4588.938 74 5.5 37.1
0 4589.072 7 5.5 37.1
0 4589.167 10 5.5 37.1
0 4589.266 10 5.5 37.1
0 4589.359 11 5.5 37.1
0 4589.466 9 5.5 37.1
0 4589.645 6 5.5 37.1
0 4589.741 10 5.5 37.1
0 4589.762 50 5.5 37.1
0 4589.881 8 5.5 37.1
0 4589.983 10 5.5 37.1
0 4590.164 6 5.5 37.1
0 4590.167 307 5.5 37.1
0 4590.273 9 5.5 37.1
0 4590.37 10 5.5 37.1
0 4590.58 5 5.5 37.1
0 4590.584 302 5.5 37.1
0 4590.708 8 5.5 37.1
0 4590.794 12 5.5 37.1
0 4590.897 10 5.5 37.1
0 4590.992 10 5.5 37.1
0 4591.095 10 5.5 37.1
0 4591.209 9 5.5 37.1
0 4591.295 12 5.5 37.1
0 4591.397 10 5.5 37.1
0 4591.495 10 5.5 37.1
0 4591.596 10 5.5 37.1
0 4591.699 10 5.5 37.1
0 4591.897 5 5.5 37.1
0 4591.901 270 5.5 37.1
0 4592.011 9 5.5 37.1
0 4592.111 10 5.5 37.1
0 4592.317 5 5.5 37.1
0 4592.32 307 5.5 37.1
0 4592.441 8 5.5 37.1
0 4592.641 5 5.5 37.1
0 4592.644 294 5.5 37.1
0 4593.026 3 5.5 37.1
0 4593.113 12 5.5 37.1
0 4593.131 53 5.5 37.1
0 4593.239 9 5.5 37.1
0 4593.344 10 5.5 37.1
0 4593.442 10 5.5 37.1
0 4593.549 9 5.5 37.1
0 4593.642 11 5.5 37.1
0 4593.856 5 5.5 37.1
0 4594.024 6 5.5 37.1
0 4594.028 244 5.5 37.1
0 4594.147 8 5.5 37.1
0 4594.238 11 5.5 37.1
0 4594.338 10 5.5 37.1
0 4594.442 10 5.5 37.1
0 4594.539 10 5.5 37.1
0 4594.826 3 5.5 37.1
0 4594.83 282 5.5 37.1
0 4594.942 9 5.5 37.1
0 4595.042 10 5.5 37.1
0 4595.244 5 5.5 37.1
0 4595.249 207 5.5 37.1
0 4595.358 9 5.5 37.1
0 4595.461 10 5.5 37.1
0 4595.663 5 5.5 37.1
0 4595.667 272 5.5 37.1
0 4595.784 9 5.5 37.1
0 4595.873 11 5.5 37.1
0 4595.981 9 5.5 37.1
0 4596.079 10 5.5 37.1
0 4596.184 10 5.5 37.1
0 4596.285 10 5.5 37.1
0 4596.368 12 5.5 37.1
0 4596.476 9 5.5 37.1
0 4596.581 10 5.5 37.1
0 4596.682 10 5.5 37.1
0 4596.787 10 5.5 37.1
0 4596.981 5 5.5 37.1
0 4596.985 328 5.5 37.1
0 4597.099 9 5.5 37.1
0 4597.202 10 5.5 37.1
0 4597.401 5 5.5 37.1
0 4597.404 302 5.5 37.1
0 4597.514 9 5.5 37.1
0 4597.72 5 4.0 37.1
0 4597.725 205 4.0 37.1
0 4598.114 3 4.0 37.1
0 4598.2 12 4.0 37.1
0 4598.219 52 4.0 37.1
0 4598.333 9 4.0 37.1
0 4598.428 11 4.0 37.1
0 4598.525 10 4.0 37.1
0 4598.637 9 4.0 37.1
0 4598.729 11 4.0 37.1
0 4598.936 5 4.0 37.1
0 4599.111 6 4.0 37.1
0 4599.115 271 4.0 37.1
0 4599.233 8 4.0 37.1
0 4599.325 11 4.0 37.1
0 4599.425 10 4.0 37.1
0 4599.526 10 4.0 37.1
0 4599.629 10 4.0 37.1
0 4599.918 3 4.0 37.1
0 4599.923 200 4.0 37.1
0 4600.035 9 4.0 37.1
0 4600.135 10 4.0 37.1
0 4600.335 5 4.0 37.1
0 4600.338 309 4.0 37.1
0 4600.452 9 4.0 37.1
0 4600.552 10 4.0 37.1
0 4600.756 5 4.0 37.1
0 4600.759 304 4.0 37.1
0 4600.868 9 4.0 37.1
0 4600.974 9 4.0 37.1
0 4601.073 10 4.0 37.1
0 4601.17 10 4.0 37.1
0 4601.274 10 4.0 37.1
0 4601.365 11 4.0 37.1
0 4601.478 9 4.0 37.1
0 4601.573 10 4.0 37.1
0 4601.671 10 4.0 37.1
0 4601.774 10 4.0 37.1
0 4601.866 11 4.0 37.1
0 4602.079 5 4.0 37.1
0 4602.083 312 4.0 37.1
0 4602.195 9 4.0 37.1
0 4602.296 10 4.0 37.1
0 4602.503 5 4.0 37.1
0 4602.507 247 4.0 37.1
0 4602.729 5 4.0 37.1
0 4602.732 287 4.0 37.1
0 4603.019 3 4.0 37.1
0 4603.105 12 4.0 37.1
0 4603.215 9 4.0 37.1
0 4603.223 133 4.0 37.1
0 4603.335 9 4.0 37.1
0 4603.432 10 4.0 37.1
0 4603.54 9 4.0 37.1
0 4603.636 10 4.0 37.1
0 4603.74 10 4.0 37.1
0 4603.834 11 4.0 37.1
0 4604.037 5 4.0 37.1
0 4604.213 6 4.0 37.1
0 4604.217 250 4.0 37.1
0 4604.333 9 4.0 37.1
0 4604.428 11 4.0 37.1
0 4604.527 10 4.0 37.1
0 4604.624 10 4.0 37.1
0 4604.92 3 4.0 37.1
0 4604.924 234 4.0 37.1
0 4605.034 9 4.0 37.1
0 4605.141 9 4.0 37.1
0 4605.331 5 4.0 37.1
0 4605.335 223 4.0 37.1
0 4605.44 10 4.0 37.1
0 4605.545 10 4.0 37.1
0 4605.65 10 4.0 37.1
0 4605.846 5 4.0 37.1
0 4605.849 317 4.0 37.1
0 4605.962 9 4.0 37.1
0 4606.059 10 4.0 37.1
0 4606.166 9 4.0 37.1
0 4606.26 11 4.0 37.1
0 4606.369 9 4.0 37.1
0 4606.456 12 4.0 37.1
0 4606.562 9 4.0 37.1
0 4606.667 10 4.0 37.1
0 4606.762 11 4.0 37.1
0 4606.864 10 4.0 37.1
0 4606.964 10 4.0 37.1
0 4607.148 5 4.0 37.1
0 4607.151 320 4.0 37.1
0 4607.27 8 4.0 37.1
0 4607.355 12 4.0 37.1
0 4607.57 5 4.0 37.1
0 4607.573 300 4.0 37.1
0 4607.786 5 3.7 37.1
0 4607.792 198 3.7 37.1
0 4608.16 3 3.7 37.1
0 4608.251 11 3.7 37.1
0 4608.264 80 3.7 37.1
0 4608.381 9 3.7 37.1
0 4608.474 11 3.7 37.1
0 4608.573 10 3.7 37.1
0 4608.683 9 3.7 37.1
0 4608.776 11 3.7 37.1
0 4608.87 11 3.7 37.1
0 4609.071 5 3.7 37.1
0 4609.248 6 3.7 37.1
0 4609.253 212 3.7 37.1
0 4609.364 9 3.7 37.1
0 4609.463 10 3.7 37.1
0 4609.565 10 3.7 37.1
0 4609.663 10 3.7 37.1
0 4609.952 3 3.7 37.1
0 4609.956 215 3.7 37.1
0 4610.069 9 3.7 37.1
0 4610.167 10 3.7 37.1
0 4610.356 5 3.7 37.1
0 4610.359 317 3.7 37.1
0 4610.479 8 3.7 37.1
0 4610.573 11 3.7 37.1
0 4610.671 10 3.7 37.1
0 4610.878 5 3.7 37.1
0 4610.881 335 3.7 37.1
0 4611.001 8 3.7 37.1
0 4611.095 11 3.7 37.1
0 4611.193 10 3.7 37.1
0 4611.293 10 3.7 37.1
0 4611.384 11 3.7 37.1
0 4611.497 9 3.7 37.1
0 4611.601 10 3.7 37.1
0 4611.694 11 3.7 37.1
0 4611.793 10 3.7 37.1
0 4611.897 10 3.7 37.1
0 4611.999 10 3.7 37.1
0 4612.193 5 3.7 37.1
0 4612.196 321 3.7 37.1
0 4612.308 9 3.7 37.1
0 4612.403 10 3.7 37.1
0 4612.617 5 3.7 37.1
0 4612.621 252 3.7 37.1
0 4612.842 5 3.7 37.1
0 4612.845 308 3.7 37.1
0 4613.235 3 3.7 37.1
0 4613.333 10 3.7 37.1
0 4613.339 177 3.7 37.1
0 4613.45 9 3.7 37.1
0 4613.551 10 3.7 37.1
0 4613.654 10 3.7 37.1
0 4613.76 9 3.7 37.1
0 4613.851 11 3.7 37.1
0 4613.951 10 3.7 37.1
0 4614.153 5 3.7 37.1
0 4614.324 6 3.7 37.1
0 4614.329 199 3.7 37.1
0 4614.438 9 3.7 37.1
0 4614.538 10 3.7 37.1
0 4614.64 10 3.7 37.1
0 4614.741 10 3.7 37.1
0 4615.033 3 3.7 37.1
0 4615.037 275 3.7 37.1
0 4615.148 9 3.7 37.1
0 4615.249 10 3.7 37.1
0 4615.449 5 3.7 37.1
0 4615.452 327 3.7 37.1
0 4615.564 9 3.7 37.1
0 4615.664 10 3.7 37.1
0 4615.767 10 3.7 37.1
0 4615.957 5 3.7 37.1
0 4615.961 296 3.7 37.1
0 4616.073 9 3.7 37.1
0 4616.174 10 3.7 37.1
0 4616.274 10 3.7 37.1
0 4616.369 10 3.7 37.1
0 4616.479 9 3.7 37.1
0 4616.573 11 3.7 37.1
0 4616.674 10 3.7 37.1
0 4616.775 10 3.7 37.1
0 4616.87 11 3.7 37.1
0 4616.983 9 3.7 37.1
0 4617.074 11 3.7 37.1
0 4617.273 5 3.7 37.1
0 4617.276 331 3.7 37.1
0 4617.389 9 3.7 37.1
0 4617.497 9 3.7 37.1
0 4617.696 5 3.7 37.1
0 4617.7 286 3.7 37.1
0 4617.923 4 3.7 37.1
0 4617.927 245 3.7 37.1
0 4618.307 3 3.7 37.1
0 4618.395 11 3.7 37.1
0 4618.411 64 3.7 37.1
0 4618.523 9 3.7 37.1
0 4618.623 10 3.7 37.1
0 4618.723 10 3.7 37.1
0 4618.831 9 3.7 37.1
0 4618.922 11 3.7 37.1
0 4619.023 10 3.7 37.1
0 4619.229 5 3.7 37.1
0 4619.413 5 3.7 37.1
0 4619.418 201 3.7 37.1
0 4619.529 9 3.7 37.1
0 4619.63 10 3.7 37.1
0 4619.727 10 3.7 37.1
0 4619.83 10 3.7 37.1
0 4620.099 4 3.7 37.1
0 4620.103 236 3.7 37.1
0 4620.215 9 3.7 37.1
0 4620.312 10 3.7 37.1
0 4620.499 5 3.7 37.1
0 4620.503 291 3.7 37.1
0 4620.622 8 3.7 37.1
0 4620.713 11 3.7 37.1
0 4620.816 10 3.7 37.1
0 4621.01 5 3.7 37.1
0 4621.013 321 3.7 37.1
0 4621.132 8 3.7 37.1
0 4621.224 11 3.7 37.1
0 4621.326 10 3.7 37.1
0 4621.423 10 3.7 37.1
0 4621.529 9 3.7 37.1
0 4621.624 11 3.7 37.1
0 4621.733 9 3.7 37.1
0 4621.827 11 3.7 37.1
0 4621.924 10 3.7 37.1
0 4622.031 9 3.7 37.1
0 4622.125 11 3.7 37.1
0 4622.318 5 3.7 37.1
0 4622.321 289 3.7 37.1
0 4622.43 9 3.7 37.1
0 4622.537 9 3.7 37.1
0 4622.739 5 3.7 37.1
0 4622.743 257 3.7 37.1
0 4622.951 5 3.7 37.1
0 4622.954 307 3.7 37.1
0 4623.33 3 3.7 37.1
0 4623.422 11 3.7 37.1
0 4623.435 80 3.7 37.1
0 4623.545 9 3.7 37.1
0 4623.646 10 3.7 37.1
0 4623.742 10 3.7 37.1
0 4623.85 9 3.7 37.1
0 4623.951 10 3.7 37.1
0 4624.047 10 3.7 37.1
0 4624.258 5 3.7 37.1
0 4624.438 6 3.7 37.1
0 4624.444 172 3.7 37.1
0 4624.556 9 3.7 37.1
0 4624.653 10 3.7 37.1
0 4624.753 10 3.7 37.1
0 4624.854 10 3.7 37.1
0 4625.144 3 3.7 37.1
0 4625.148 274 3.7 37.1
0 4625.257 9 3.7 37.1
0 4625.359 10 3.7 37.1
0 4625.535 6 3.7 37.1
0 4625.552 59 3.7 37.1
0 4625.666 9 3.7 37.1
0 4625.759 11 3.7 37.1
0 4625.861 10 3.7 37.1
0 4626.041 6 3.7 37.1
0 4626.05 118 3.7 37.1
0 4626.168 8 3.7 37.1
0 4626.26 11 3.7 37.1
0 4626.38 8 3.7 37.1
0 4626.46 13 3.7 37.1
0 4626.591 8 3.7 37.1
0 4626.689 10 3.7 37.1
0 4626.786 10 3.7 37.1
0 4626.88 11 3.7 37.1
0 4626.99 9 3.7 37.1
0 4627.097 9 3.7 37.1
0 4627.194 10 3.7 37.1
0 4627.378 5 3.7 37.1
0 4627.391 79 3.7 37.1
0 4627.512 8 3.7 37.1
0 4627.616 10 3.7 37.1
0 4627.811 5 3.7 37.1
0 4627.825 73 3.7 37.1
0 4628.039 5 3.8 37.1
0 4628.053 72 3.8 37.1
0 4628.518 2 3.8 37.1
0 4628.532 74 3.8 37.1
0 4628.662 8 3.8 37.1
0 4628.765 10 3.8 37.1
0 4628.861 10 3.8 37.1
0 4628.965 10 3.8 37.1
0 4629.052 11 3.8 37.1
0 4629.243 5 3.8 37.1
0 4629.258 67 3.8 37.1
0 4629.556 3 3.8 37.1
0 4629.571 67 3.8 37.1
0 4629.696 8 3.8 37.1
0 4629.802 9 3.8 37.1
0 4629.882 12 3.8 37.1
0 4630.0 9 3.8 37.1
0 4630.204 5 3.8 37.1
0 4630.217 75 3.8 37.1
0 4630.322 10 3.8 37.1
0 4630.448 8 3.8 37.1
0 4630.708 4 3.8 37.1
0 4630.711 308 3.8 37.1
0 4630.826 9 3.8 37.1
0 4630.921 11 3.8 37.1
0 4631.123 5 3.8 37.1
0 4631.126 341 3.8 37.1
0 4631.243 9 3.8 37.1
0 4631.341 10 3.8 37.1
0 4631.436 11 3.8 37.1
0 4631.537 10 3.8 37.1
0 4631.643 9 3.8 37.1
0 4631.743 10 3.8 37.1
0 4631.842 10 3.8 37.1
0 4631.937 11 3.8 37.1
0 4632.037 10 3.8 37.1
0 4632.143 9 3.8 37.1
0 4632.244 10 3.8 37.1
0 4632.442 5 3.8 37.1
0 4632.445 316 3.8 37.1
0 4632.554 9 3.8 37.1
0 4632.661 9 3.8 37.1
0 4632.859 5 3.8 37.1
0 4632.864 226 3.8 37.1
0 4633.077 5 3.8 37.1
0 4633.08 288 3.8 37.1
0 4633.544 2 3.8 37.1
0 4633.548 231 3.8 37.1
0 4633.656 9 3.8 37.1
0 4633.76 10 3.8 37.1
0 4633.859 10 3.8 37.1
0 4633.959 10 3.8 37.1
0 4634.071 9 3.8 37.1
0 4634.266 5 3.8 37.1
0 4634.27 278 3.8 37.1
0 4634.469 5 3.8 37.1
0 4634.559 11 3.8 37.1
0 4634.58 47 3.8 37.1
0 4634.683 10 3.8 37.1
0 4634.785 10 3.8 37.1
0 4634.876 11 3.8 37.1
0 4634.985 9 3.8 37.1
0 4635.097 9 3.8 37.1
0 4635.279 5 3.8 37.1
0 4635.283 262 3.8 37.1
0 4635.392 9 3.8 37.1
0 4635.495 10 3.8 37.1
0 4635.783 3 3.8 37.1
0 4635.787 255 3.8 37.1
0 4635.898 9 3.8 37.1
0 4635.998 10 3.8 37.1
0 4636.204 5 3.8 37.1
0 4636.207 293 3.8 37.1
0 4636.326 8 3.8 37.1
0 4636.418 11 3.8 37.1
0 4636.519 10 3.8 37.1
0 4636.621 10 3.8 37.1
0 4636.723 10 3.8 37.1
0 4636.826 10 3.8 37.1
0 4636.919 11 3.8 37.1
0 4637.02 10 3.8 37.1
0 4637.121 10 3.8 37.1
0 4637.224 10 3.8 37.1
0 4637.309 12 3.8 37.1
0 4637.522 5 3.8 37.1
0 4637.525 331 3.8 37.1
0 4637.637 9 3.8 37.1
0 4637.741 10 3.8 37.1
0 4637.931 5 3.8 37.1
0 4637.935 300 3.8 37.1
0 4638.163 4 4.0 37.1
0 4638.167 242 4.0 37.1
0 4638.632 2 4.0 37.1
0 4638.636 248 4.0 37.1
0 4638.75 9 4.0 37.1
0 4638.849 10 4.0 37.1
0 4638.946 10 4.0 37.1
0 4639.046 10 4.0 37.1
0 4639.158 9 4.0 37.1
0 4639.358 5 4.0 37.1
0 4639.362 245 4.0 37.1
0 4639.648 3 4.0 37.1
0 4639.653 180 4.0 37.1
0 4639.769 9 4.0 37.1
0 4639.863 11 4.0 37.1
0 4639.965 10 4.0 37.1
0 4640.061 10 4.0 37.1
0 4640.172 9 4.0 37.1
0 4640.373 5 4.0 37.1
0 4640.378 226 4.0 37.1
0 4640.491 9 4.0 37.1
0 4640.587 10 4.0 37.1
0 4640.878 3 4.0 37.1
0 4640.883 249 4.0 37.1
0 4640.995 9 4.0 37.1
0 4641.093 10 4.0 37.1
0 4641.29 5 4.0 37.1
0 4641.295 211 4.0 37.1
0 4641.412 9 4.0 37.1
0 4641.507 10 4.0 37.1
0 4641.605 10 4.0 37.1
0 4641.705 10 4.0 37.1
0 4641.81 9 4.0 37.1
0 4641.913 10 4.0 37.1
0 4642.008 11 4.0 37.1
0 4642.105 10 4.0 37.1
0 4642.206 10 4.0 37.1
0 4642.31 10 4.0 37.1
0 4642.413 10 4.0 37.1
0 4642.611 5 4.0 37.1
0 4642.614 303 4.0 37.1
0 4642.725 9 4.0 37.1
0 4642.83 10 4.0 37.1
0 4643.042 5 4.0 37.1
0 4643.047 241 4.0 37.1
0 4643.258 5 4.0 37.1
0 4643.261 305 4.0 37.1
0 4643.709 2 4.0 37.1
0 4643.714 227 4.0 37.1
0 4643.822 9 4.0 37.1
0 4643.924 10 4.0 37.1
0 4644.024 10 4.0 37.1
0 4644.124 10 4.0 37.1
0 4644.236 9 4.0 37.1
0 4644.417 6 4.0 37.1
0 4644.42 274 4.0 37.1
0 4644.7 4 4.0 37.1
0 4644.704 287 4.0 37.1
0 4644.826 8 4.0 37.1
0 4644.915 11 4.0 37.1
0 4645.016 10 4.0 37.1
0 4645.116 10 4.0 37.1
0 4645.216 10 4.0 37.1
0 4645.414 5 4.0 37.1
0 4645.418 291 4.0 37.1
0 4645.531 9 4.0 37.1
0 4645.63 10 4.0 37.1
0 4645.918 3 4.0 37.1
0 4645.921 266 4.0 37.1
0 4646.033 9 4.0 37.1
0 4646.132 10 4.0 37.1
0 4646.324 5 4.0 37.1
0 4646.328 300 4.0 37.1
0 4646.449 8 4.0 37.1
0 4646.541 11 4.0 37.1
0 4646.64 10 4.0 37.1
0 4646.729 11 4.0 37.1
0 4646.838 9 4.0 37.1
0 4646.953 9 4.0 37.1
0 4647.039 12 4.0 37.1
0 4647.141 10 4.0 37.1
0 4647.239 10 4.0 37.1
0 4647.338 10 4.0 37.1
0 4647.442 10 4.0 37.1
0 4647.643 5 4.0 37.1
0 4647.646 330 4.0 37.1
0 4647.757 9 4.0 37.1
0 4647.859 10 4.0 37.1
0 4648.067 5 4.0 37.1
0 4648.071 262 4.0 37.1
0 4648.296 4 3.8 37.1
0 4648.3 272 3.8 37.1
0 4648.764 2 3.8 37.1
0 4648.77 159 3.8 37.1
0 4648.879 9 3.8 37.1
0 4648.978 10 3.8 37.1
0 4649.079 10 3.8 37.1
0 4649.179 10 3.8 37.1
0 4649.292 9 3.8 37.1
0 4649.464 6 3.8 37.1
0 4649.468 225 3.8 37.1
0 4649.769 3 3.8 37.1
0 4649.773 260 3.8 37.1
0 4649.884 9 3.8 37.1
0 4649.978 11 3.8 37.1
0 4650.083 10 3.8 37.1
0 4650.177 11 3.8 37.1
0 4650.286 9 3.8 37.1
0 4650.468 6 3.8 37.1
0 4650.474 158 3.8 37.1
0 4650.583 9 3.8 37.1
0 4650.679 11 3.8 37.1
0 4650.976 3 3.8 37.1
0 4650.979 311 3.8 37.1
0 4651.091 9 3.8 37.1
0 4651.183 11 3.8 37.1
0 4651.398 5 3.8 37.1
0 4651.401 292 3.8 37.1
0 4651.514 9 3.8 37.1
0 4651.613 10 3.8 37.1
0 4651.713 10 3.8 37.1
0 4651.815 10 3.8 37.1
0 4651.917 10 3.8 37.1
0 4652.02 10 3.8 37.1
0 4652.114 11 3.8 37.1
0 4652.214 10 3.8 37.1
0 4652.316 10 3.8 37.1
0 4652.408 11 3.8 37.1
0 4652.526 8 3.8 37.1
0 4652.705 6 3.8 37.1
0 4652.709 309 3.8 37.1
0 4652.824 9 3.8 37.1
0 4652.919 11 3.8 37.1
0 4653.135 5 3.8 37.1
0 4653.139 262 3.8 37.1
0 4653.358 5 3.8 37.1
0 4653.372 73 3.8 37.1
0 4653.869 2 3.8 37.1
0 4653.884 68 3.8 37.1
0 4654.004 8 3.8 37.1
0 4654.112 9 3.8 37.1
0 4654.211 10 3.8 37.1
0 4654.311 10 3.8 37.1
0 4654.486 6 3.8 37.1
0 4654.499 76 3.8 37.1
0 4654.805 3 3.8 37.1
0 4654.819 72 3.8 37.1
0 4654.952 8 3.8 37.1
0 4655.049 10 3.8 37.1
0 4655.147 10 3.8 37.1
0 4655.248 10 3.8 37.1
0 4655.345 10 3.8 37.1
0 4655.55 5 3.8 37.1
0 4655.565 68 3.8 37.1
0 4655.69 8 3.8 37.1
0 4655.792 10 3.8 37.1
0 4656.053 4 3.8 37.1
0 4656.067 68 3.8 37.1
0 4656.196 8 3.8 37.1
0 4656.292 10 3.8 37.1
0 4656.468 6 3.8 37.1
0 4656.482 71 3.8 37.1
0 4656.614 8 3.8 37.1
0 4656.706 11 3.8 37.1
0 4656.809 10 3.8 37.1
0 4656.891 12 3.8 37.1
0 4657.008 9 3.8 37.1
0 4657.107 10 3.8 37.1
0 4657.216 9 3.8 37.1
0 4657.311 11 3.8 37.1
0 4657.392 12 3.8 37.1
0 4657.514 8 3.8 37.1
0 4657.613 10 3.8 37.1
0 4657.704 11 3.8 37.1
0 4657.814 9 3.8 37.1
0 4657.901 12 3.8 37.1
0 4658.012 9 3.8 37.1
0 4658.201 5 3.8 37.1
0 4658.214 79 3.8 37.1
0 4658.435 5 4.1 37.1
0 4658.449 73 4.1 37.1
0 4658.918 2 4.1 37.1
0 4658.932 68 4.1 37.1
0 4659.061 8 4.1 37.1
0 4659.163 10 4.1 37.1
0 4659.26 10 4.1 37.1
0 4659.359 10 4.1 37.1
0 4659.555 5 4.1 37.1
0 4659.568 76 4.1 37.1
0 4659.878 3 4.1 37.1
0 4659.893 65 4.1 37.1
0 4660.024 8 4.1 37.1
0 4660.122 10 4.1 37.1
0 4660.221 10 4.1 37.1
0 4660.296 13 4.1 37.1
0 4660.396 10 4.1 37.1
0 4660.596 5 4.1 37.1
0 4660.611 68 4.1 37.1
0 4660.74 8 4.1 37.1
0 4660.837 10 4.1 37.1
0 4661.101 4 4.1 37.1
0 4661.116 66 4.1 37.1
0 4661.246 8 4.1 37.1
0 4661.342 10 4.1 37.1
0 4661.514 6 4.1 37.1
0 4661.527 76 4.1 37.1
0 4661.659 8 4.1 37.1
0 4661.759 10 4.1 37.1
0 4661.857 10 4.1 37.1
0 4661.955 10 4.1 37.1
0 4662.06 10 4.1 37.1
0 4662.136 13 4.1 37.1
0 4662.263 8 4.1 37.1
0 4662.357 11 4.1 37.1
0 4662.449 11 4.1 37.1
0 4662.557 9 4.1 37.1
0 4662.659 10 4.1 37.1
0 4662.77 9 4.1 37.1
0 4662.857 11 4.1 37.1
0 4662.965 9 4.1 37.1
0 4663.064 10 4.1 37.1
0 4663.256 5 4.1 37.1
0 4663.282 38 4.1 37.1
0 4663.482 5 4.1 37.1
0 4663.505 44 4.1 37.1
0 4664.006 2 4.1 37.1
0 4664.03 41 4.1 37.1
0 4664.171 7 4.1 37.1
0 4664.268 10 4.1 37.1
0 4664.372 10 4.1 37.1
0 4664.447 13 4.1 37.1
0 4664.659 5 4.1 37.1
0 4664.682 43 4.1 37.1
0 4665.002 3 4.1 37.1
0 4665.033 32 4.1 37.1
0 4665.175 7 4.1 37.1
0 4665.25 13 4.1 37.1
0 4665.346 10 4.1 37.1
0 4665.459 9 4.1 37.1
0 4665.635 6 4.1 37.1
0 4665.66 41 4.1 37.1
0 4665.764 10 4.1 37.1
0 4665.893 8 4.1 37.1
0 4666.147 4 4.1 37.1
0 4666.162 70 4.1 37.1
0 4666.371 5 4.1 37.1
0 4666.374 302 4.1 37.1
0 4666.598 4 4.1 37.1
0 4666.601 321 4.1 37.1
0 4666.718 9 4.1 37.1
0 4666.807 11 4.1 37.1
0 4666.918 9 4.1 37.1
0 4667.011 11 4.1 37.1
0 4667.117 9 4.1 37.1
0 4667.219 10 4.1 37.1
0 4667.313 11 4.1 37.1
0 4667.403 11 4.1 37.1
0 4667.522 8 4.1 37.1
0 4667.612 11 4.1 37.1
0 4667.724 9 4.1 37.1
0 4667.813 11 4.1 37.1
0 4667.906 11 4.1 37.1
0 4668.022 9 4.1 37.1
0 4668.114 11 4.1 37.1
0 4668.31 5 4.1 37.1
0 4668.314 256 4.1 37.1
0 4668.531 5 4.7 37.1
0 4668.536 184 4.7 37.1
0 4668.645 9 4.7 37.1
0 4669.092 2 4.7 37.1
0 4669.096 260 4.7 37.1
0 4669.206 9 4.7 37.1
0 4669.311 10 4.7 37.1
0 4669.405 11 4.7 37.1
0 4669.508 10 4.7 37.1
0 4669.72 5 4.7 37.1
0 4669.723 290 4.7 37.1
0 4670.021 3 4.7 37.1
0 4670.025 274 4.7 37.1
0 4670.143 8 4.7 37.1
0 4670.239 10 4.7 37.1
0 4670.339 10 4.7 37.1
0 4670.43 11 4.7 37.1
0 4670.537 9 4.7 37.1
0 4670.737 5 4.7 37.1
0 4670.751 71 4.7 37.1
0 4670.874 8 4.7 37.1
0 4671.062 5 4.7 37.1
0 4671.157 11 4.7 37.1
0 4671.176 50 4.7 37.1
0 4671.409 4 4.7 37.1
0 4671.424 67 4.7 37.1
0 4671.54 9 4.7 37.1
0 4671.647 9 4.7 37.1
0 4671.749 10 4.7 37.1
0 4671.847 10 4.7 37.1
0 4671.953 9 4.7 37.1
0 4672.051 10 4.7 37.1
0 4672.152 10 4.7 37.1
0 4672.244 11 4.7 37.1
0 4672.346 10 4.7 37.1
0 4672.436 11 4.7 37.1
0 4672.559 8 4.7 37.1
0 4672.653 11 4.7 37.1
0 4672.751 10 4.7 37.1
0 4672.854 10 4.7 37.1
0 4672.946 11 4.7 37.1
0 4673.051 10 4.7 37.1
0 4673.152 10 4.7 37.1
0 4673.35 5 4.7 37.1
0 4673.376 39 4.7 37.1
0 4673.574 5 4.7 37.1
0 4673.598 41 4.7 37.1
0 4673.709 9 4.7 37.1
0 4673.802 11 4.7 37.1
0 4674.163 3 4.7 37.1
0 4674.187 41 4.7 37.1
0 4674.312 8 4.7 37.1
0 4674.405 11 4.7 37.1
0 4674.503 10 4.7 37.1
0 4674.606 10 4.7 37.1
0 4674.797 5 4.7 37.1
0 4674.822 41 4.7 37.1
0 4675.113 3 4.7 37.1
0 4675.137 42 4.7 37.1
0 4675.263 8 4.7 37.1
0 4675.356 11 4.7 37.1
0 4675.463 9 4.7 37.1
0 4675.551 11 4.7 37.1
0 4675.759 5 4.7 37.1
0 4675.785 38 4.7 37.1
0 4675.906 8 4.7 37.1
0 4676.167 4 4.7 37.1
0 4676.192 41 4.7 37.1
0 4676.307 9 4.7 37.1
0 4676.497 5 4.7 37.1
0 4676.52 43 4.7 37.1
0 4676.64 8 4.7 37.1
0 4676.748 9 4.7 37.1
0 4676.86 9 4.7 37.1
0 4676.947 12 4.7 37.1
0 4677.051 10 4.7 37.1
0 4677.15 10 4.7 37.1
0 4677.26 9 4.7 37.1
0 4677.363 10 4.7 37.1
0 4677.448 12 4.7 37.1
0 4677.566 8 4.7 37.1
0 4677.664 10 4.7 37.1
0 4677.762 10 4.7 37.1
0 4677.86 10 4.7 37.1
0 4677.944 12 4.7 37.1
0 4678.052 9 4.7 37.1
0 4678.151 10 4.7 37.1
0 4678.358 5 4.7 37.1
0 4678.387 34 4.7 37.1
0 4678.608 5 5.2 37.1
0 4678.637 35 5.2 37.1
0 4678.836 5 5.2 37.1
0 4678.849 74 5.2 37.1
0 4679.242 3 5.2 37.1
0 4679.256 70 5.2 37.1
0 4679.379 8 5.2 37.1
0 4679.485 9 5.2 37.1
0 4679.584 10 5.2 37.1
0 4679.687 10 5.2 37.1
0 4679.875 5 5.2 37.1
0 4679.889 68 5.2 37.1
0 4680.19 3 5.2 37.1
0 4680.204 73 5.2 37.1
0 4680.334 8 5.2 37.1
0 4680.408 14 5.2 37.1
0 4680.526 9 5.2 37.1
0 4680.633 9 5.2 37.1
0 4680.811 6 5.2 37.1
0 4680.824 78 5.2 37.1
0 4680.955 8 5.2 37.1
0 4681.217 4 5.2 37.1
0 4681.232 68 5.2 37.1
0 4681.351 8 5.2 37.1
0 4681.555 5 5.2 37.1
0 4681.571 63 5.2 37.1
0 4681.7 8 5.2 37.1
0 4681.798 10 5.2 37.1
0 4681.894 10 5.2 37.1
0 4681.996 10 5.2 37.1
0 4682.112 9 5.2 37.1
0 4682.201 11 5.2 37.1
0 4682.297 10 5.2 37.1
0 4682.392 10 5.2 37.1
0 4682.498 10 5.2 37.1
0 4682.586 11 5.2 37.1
0 4682.702 9 5.2 37.1
0 4682.798 10 5.2 37.1
0 4682.896 10 5.2 37.1
0 4682.993 10 5.2 37.1
0 4683.085 11 5.2 37.1
0 4683.203 8 5.2 37.1
0 4683.395 5 5.2 37.1
0 4683.409 72 5.2 37.1
0 4683.632 4 5.2 37.1
0 4683.646 70 5.2 37.1
0 4683.86 5 5.2 37.1
0 4683.873 76 5.2 37.1
0 4684.256 3 5.2 37.1
0 4684.27 68 5.2 37.1
0 4684.392 8 5.2 37.1
0 4684.494 10 5.2 37.1
0 4684.596 10 5.2 37.1
0 4684.699 10 5.2 37.1
0 4684.961 4 5.2 37.1
0 4684.965 220 5.2 37.1
0 4685.265 3 5.2 37.1
0 4685.27 200 5.2 37.1
0 4685.374 10 5.2 37.1
0 4685.487 9 5.2 37.1
0 4685.578 11 5.2 37.1
0 4685.679 10 5.2 37.1
0 4685.886 5 5.2 37.1
0 4685.89 267 5.2 37.1
0 4686.009 8 5.2 37.1
0 4686.285 4 5.2 37.1
0 4686.289 211 5.2 37.1
0 4686.393 10 5.2 37.1
0 4686.593 5 5.2 37.1
0 4686.606 74 5.2 37.1
0 4686.735 8 5.2 37.1
0 4686.839 10 5.2 37.1
0 4686.907 15 5.2 37.1
0 4687.024 8 5.2 37.1
0 4687.142 9 5.2 37.1
0 4687.237 10 5.2 37.1
0 4687.34 10 5.2 37.1
0 4687.409 14 5.2 37.1
0 4687.535 8 5.2 37.1
0 4687.623 11 5.2 37.1
0 4687.725 10 5.2 37.1
0 4687.832 9 5.2 37.1
0 4687.928 10 5.2 37.1
0 4688.035 9 5.2 37.1
0 4688.137 10 5.2 37.1
0 4688.208 14 5.2 37.1
0 4688.422 5 5.2 37.1
0 4688.436 70 5.2 37.1
0 4688.642 5 4.4 37.1
0 4688.656 75 4.4 37.1
0 4688.856 5 4.4 37.1
0 4688.87 71 4.4 37.1
0 4689.087 5 4.4 37.1
0 4689.264 6 4.4 37.1
0 4689.277 78 4.4 37.1
0 4689.4 8 4.4 37.1
0 4689.502 10 4.4 37.1
0 4689.608 9 4.4 37.1
0 4689.708 10 4.4 37.1
0 4689.805 10 4.4 37.1
0 4689.989 5 4.4 37.1
0 4690.003 73 4.4 37.1
0 4690.299 3 4.4 37.1
0 4690.312 77 4.4 37.1
0 4690.415 10 4.4 37.1
0 4690.536 8 4.4 37.1
0 4690.641 10 4.4 37.1
0 4690.744 10 4.4 37.1
0 4690.916 6 4.4 37.1
0 4690.932 62 4.4 37.1
0 4691.058 8 4.4 37.1
0 4691.323 4 4.4 37.1
0 4691.337 71 4.4 37.1
0 4691.465 8 4.4 37.1
0 4691.641 6 4.4 37.1
0 4691.655 74 4.4 37.1
0 4691.779 8 4.4 37.1
0 4691.889 9 4.4 37.1
0 4691.977 11 4.4 37.1
0 4692.085 9 4.4 37.1
0 4692.169 12 4.4 37.1
0 4692.282 9 4.4 37.1
0 4692.381 10 4.4 37.1
0 4692.482 10 4.4 37.1
0 4692.582 10 4.4 37.1
0 4692.685 10 4.4 37.1
0 4692.783 10 4.4 37.1
0 4692.875 11 4.4 37.1
0 4692.992 8 4.4 37.1
0 4693.082 11 4.4 37.1
0 4693.187 10 4.4 37.1
0 4693.287 10 4.4 37.1
0 4693.473 5 4.4 37.1
0 4693.486 76 4.4 37.1
0 4693.724 4 4.4 37.1
0 4693.738 75 4.4 37.1
0 4693.957 5 4.4 37.1
0 4693.97 76 4.4 37.1
0 4694.378 2 4.4 37.1
0 4694.394 66 4.4 37.1
0 4694.52 8 4.4 37.1
0 4694.605 12 4.4 37.1
0 4694.721 9 4.4 37.1
0 4694.803 12 4.4 37.1
0 4694.999 5 4.4 37.1
0 4695.012 76 4.4 37.1
0 4695.322 3 4.4 37.1
0 4695.336 71 4.4 37.1
0 4695.459 8 4.4 37.1
0 4695.566 9 4.4 37.1
0 4695.664 10 4.4 37.1
0 4695.765 10 4.4 37.1
0 4695.964 5 4.4 37.1
0 4695.98 64 4.4 37.1
0 4696.105 8 4.4 37.1
0 4696.376 4 4.4 37.1
0 4696.391 70 4.4 37.1
0 4696.521 8 4.4 37.1
0 4696.703 5 4.4 37.1
0 4696.716 75 4.4 37.1
0 4696.843 8 4.4 37.1
0 4696.94 10 4.4 37.1
0 4697.048 9 4.4 37.1
0 4697.133 12 4.4 37.1
0 4697.242 9 4.4 37.1
0 4697.339 10 4.4 37.1
0 4697.418 13 4.4 37.1
0 4697.539 8 4.4 37.1
0 4697.624 12 4.4 37.1
0 4697.748 8 4.4 37.1
0 4697.845 10 4.4 37.1
0 4697.945 10 4.4 37.1
0 4698.05 10 4.4 37.1
0 4698.146 10 4.4 37.1
0 4698.241 11 4.4 37.1
0 4698.358 9 4.4 37.1
0 4698.529 6 4.4 37.1
0 4698.553 41 4.4 37.1
0 4698.784 4 4.6 37.1
0 4698.808 43 4.6 37.1
0 4698.917 9 4.6 37.1
0 4699.026 9 4.6 37.1
0 4699.393 3 4.6 37.1
0 4699.419 39 4.6 37.1
0 4699.56 7 4.6 37.1
0 4699.651 11 4.6 37.1
0 4699.761 9 4.6 37.1
0 4699.84 13 4.6 37.1
0 4700.01 6 4.6 37.1
0 4700.032 45 4.6 37.1
0 4700.347 3 4.6 37.1
0 4700.371 42 4.6 37.1
0 4700.516 7 4.6 37.1
0 4700.592 13 4.6 37.1
0 4700.709 9 4.6 37.1
0 4700.811 10 4.6 37.1
0 4700.987 6 4.6 37.1
0 4701.01 43 4.6 37.1
0 4701.126 9 4.6 37.1
0 4701.409 4 4.6 37.1
0 4701.51 10 4.6 37.1
0 4701.524 74 4.6 37.1
0 4701.735 5 4.6 37.1
0 4701.748 78 4.6 37.1
0 4701.86 9 4.6 37.1
0 4701.977 9 4.6 37.1
0 4702.082 9 4.6 37.1
0 4702.178 10 4.6 37.1
0 4702.283 9 4.6 37.1
0 4702.378 11 4.6 37.1
0 4702.475 10 4.6 37.1
0 4702.599 8 4.6 37.1
0 4702.698 10 4.6 37.1
0 4702.799 10 4.6 37.1
0 4702.885 12 4.6 37.1
0 4702.992 9 4.6 37.1
0 4703.084 11 4.6 37.1
0 4703.206 8 4.6 37.1
0 4703.301 11 4.6 37.1
0 4703.393 11 4.6 37.1
0 4703.582 5 4.6 37.1
0 4703.605 42 4.6 37.1
0 4703.847 4 4.6 37.1
0 4703.872 40 4.6 37.1
0 4704.011 7 4.6 37.1
0 4704.101 11 4.6 37.1
0 4704.209 9 4.6 37.1
0 4704.489 4 4.6 37.1
0 4704.512 44 4.6 37.1
0 4704.653 7 4.6 37.1
0 4704.753 10 4.6 37.1
0 4704.849 10 4.6 37.1
0 4704.916 15 4.6 37.1
0 4705.156 4 4.6 37.1
0 4705.347 5 4.6 37.1
0 4705.372 40 4.6 37.1
0 4705.509 7 4.6 37.1
0 4705.606 10 4.6 37.1
0 4705.713 9 4.6 37.1
0 4705.812 10 4.6 37.1
0 4705.903 11 4.6 37.1
0 4706.084 6 4.6 37.1
0 4706.109 41 4.6 37.1
0 4706.247 7 4.6 37.1
0 4706.49 4 4.6 37.1
0 4706.598 9 4.6 37.1
0 4706.624 38 4.6 37.1
0 4706.829 5 4.6 37.1
0 4706.853 41 4.6 37.1
0 4706.996 7 4.6 37.1
0 4707.093 10 4.6 37.1
0 4707.189 10 4.6 37.1
0 4707.297 9 4.6 37.1
0 4707.394 10 4.6 37.1
0 4707.491 10 4.6 37.1
0 4707.593 10 4.6 37.1
0 4707.689 10 4.6 37.1
0 4707.798 9 4.6 37.1
0 4707.895 10 4.6 37.1
0 4707.975 13 4.6 37.1
0 4708.094 8 4.6 37.1
0 4708.198 10 4.6 37.1
0 4708.296 10 4.6 37.1
0 4708.387 11 4.6 37.1
0 4708.486 10 4.6 37.1
0 4708.689 5 4.6 37.1
0 4708.714 39 4.6 37.1
0 4708.94 4 5.3 37.1
0 4709.034 11 5.3 37.1
0 4709.059 40 5.3 37.1
0 4709.173 9 5.3 37.1
0 4709.27 10 5.3 37.1
0 4709.545 4 5.3 37.1
0 4709.558 75 5.3 37.1
0 4709.687 8 5.3 37.1
0 4709.773 12 5.3 37.1
0 4709.889 9 5.3 37.1
0 4709.987 10 5.3 37.1
0 4710.187 5 5.3 37.1
0 4710.376 5 5.3 37.1
0 4710.391 68 5.3 37.1
0 4710.517 8 5.3 37.1
0 4710.617 10 5.3 37.1
0 4710.72 10 5.3 37.1
0 4710.82 10 5.3 37.1
0 4710.908 11 5.3 37.1
0 4711.109 5 5.3 37.1
0 4711.123 72 5.3 37.1
0 4711.253 8 5.3 37.1
0 4711.524 4 5.3 37.1
0 4711.621 10 5.3 37.1
0 4711.638 57 5.3 37.1
0 4711.848 5 5.3 37.1
0 4711.86 81 5.3 37.1
0 4711.992 8 5.3 37.1
0 4712.093 10 5.3 37.1
0 4712.193 10 5.3 37.1
0 4712.292 10 5.3 37.1
0 4712.381 11 5.3 37.1
0 4712.494 9 5.3 37.1
0 4712.592 10 5.3 37.1
0 4712.685 11 5.3 37.1
0 4712.794 9 5.3 37.1
0 4712.891 10 5.3 37.1
0 4712.991 10 5.3 37.1
0 4713.094 10 5.3 37.1
0 4713.192 10 5.3 37.1
0 4713.288 10 5.3 37.1
0 4713.392 10 5.3 37.1
0 4713.493 10 5.3 37.1
0 4713.583 11 5.3 37.1
0 4713.789 5 5.3 37.1
0 4713.803 68 5.3 37.1
0 4714.003 5 5.3 37.1
0 4714.102 10 5.3 37.1
0 4714.116 73 5.3 37.1
0 4714.246 8 5.3 37.1
0 4714.32 13 5.3 37.1
0 4714.661 3 5.3 37.1
0 4714.665 237 5.3 37.1
0 4714.781 9 5.3 37.1
0 4714.881 10 5.3 37.1
0 4714.976 11 5.3 37.1
0 4715.076 10 5.3 37.1
0 4715.277 5 5.3 37.1
0 4715.453 6 5.3 37.1
0 4715.458 228 5.3 37.1
0 4715.567 9 5.3 37.1
0 4715.666 10 5.3 37.1
0 4715.772 9 5.3 37.1
0 4715.877 10 5.3 37.1
0 4715.974 10 5.3 37.1
0 4716.177 5 5.3 37.1
0 4716.181 281 5.3 37.1
0 4716.295 9 5.3 37.1
0 4716.566 4 5.3 37.1
0 4716.652 12 5.3 37.1
0 4716.673 49 5.3 37.1
0 4716.884 5 5.3 37.1
0 4716.888 239 5.3 37.1
0 4717.004 9 5.3 37.1
0 4717.106 10 5.3 37.1
0 4717.199 11 5.3 37.1
0 4717.299 10 5.3 37.1
0 4717.4 10 5.3 37.1
0 4717.504 10 5.3 37.1
0 4717.606 10 5.3 37.1
0 4717.691 12 5.3 37.1
0 4717.799 9 5.3 37.1
0 4717.901 10 5.3 37.1
0 4718.006 10 5.3 37.1
0 4718.1 11 5.3 37.1
0 4718.206 9 5.3 37.1
0 4718.295 11 5.3 37.1
0 4718.39 11 5.3 37.1
0 4718.537 7 5.3 37.1
0 4718.632 11 5.3 37.1
0 4718.819 5 5.3 37.1
0 4718.832 75 5.3 37.1
0 4719.048 5 4.2 37.1
0 4719.148 10 4.2 37.1
0 4719.162 70 4.2 37.1
0 4719.29 8 4.2 37.1
0 4719.391 10 4.2 37.1
0 4719.571 6 4.2 37.1
0 4719.667 10 4.2 37.1
0 4719.686 52 4.2 37.1
0 4719.814 8 4.2 37.1
0 4719.9 12 4.2 37.1
0 4720.011 9 4.2 37.1
0 4720.116 10 4.2 37.1
0 4720.31 5 4.2 37.1
0 4720.496 5 4.2 37.1
0 4720.509 76 4.2 37.1
0 4720.636 8 4.2 37.1
0 4720.741 10 4.2 37.1
0 4720.813 14 4.2 37.1
0 4720.921 9 4.2 37.1
0 4721.04 8 4.2 37.1
0 4721.223 5 4.2 37.1
0 4721.236 73 4.2 37.1
0 4721.366 8 4.2 37.1
0 4721.619 4 4.2 37.1
0 4721.719 10 4.2 37.1
0 4721.731 81 4.2 37.1
0 4721.951 5 4.2 37.1
0 4721.964 80 4.2 37.1
0 4722.073 9 4.2 37.1
0 4722.2 8 4.2 37.1
0 4722.297 10 4.2 37.1
0 4722.392 11 4.2 37.1
0 4722.497 10 4.2 37.1
0 4722.574 13 4.2 37.1
0 4722.69 9 4.2 37.1
0 4722.796 9 4.2 37.1
0 4722.891 11 4.2 37.1
0 4722.993 10 4.2 37.1
0 4723.097 10 4.2 37.1
0 4723.196 10 4.2 37.1
0 4723.3 10 4.2 37.1
0 4723.396 10 4.2 37.1
0 4723.495 10 4.2 37.1
0 4723.598 10 4.2 37.1
0 4723.698 10 4.2 37.1
0 4723.898 5 4.2 37.1
0 4723.912 74 4.2 37.1
0 4724.133 5 4.2 37.1
0 4724.233 10 4.2 37.1
0 4724.247 68 4.2 37.1
0 4724.377 8 4.2 37.1
0 4724.448 14 4.2 37.1
0 4724.733 4 4.2 37.1
0 4724.756 42 4.2 37.1
0 4724.894 7 4.2 37.1
0 4724.965 14 4.2 37.1
0 4725.096 8 4.2 37.1
0 4725.184 11 4.2 37.1
0 4725.397 5 4.2 37.1
0 4725.593 5 4.2 37.1
0 4725.615 44 4.2 37.1
0 4725.749 7 4.2 37.1
0 4725.856 9 4.2 37.1
0 4725.922 15 4.2 37.1
0 4726.054 8 4.2 37.1
0 4726.239 5 4.2 37.1
0 4726.262 44 4.2 37.1
0 4726.39 8 4.2 37.1
0 4726.655 4 4.2 37.1
0 4726.76 9 4.2 37.1
0 4726.783 44 4.2 37.1
0 4727.0 5 4.2 37.1
0 4727.023 44 4.2 37.1
0 4727.171 7 4.2 37.1
0 4727.249 13 4.2 37.1
0 4727.362 9 4.2 37.1
0 4727.428 15 4.2 37.1
0 4727.563 7 4.2 37.1
0 4727.664 10 4.2 37.1
0 4727.753 11 4.2 37.1
0 4727.867 9 4.2 37.1
0 4727.932 15 4.2 37.1
0 4728.069 7 4.2 37.1
0 4728.165 10 4.2 37.1
0 4728.252 12 4.2 37.1
0 4728.37 8 4.2 37.1
0 4728.425 18 4.2 37.1
0 4728.556 8 4.2 37.1
0 4728.668 9 4.2 37.1
0 4728.751 12 4.2 37.1
0 4728.967 5 4.2 37.1
0 4728.99 42 4.2 37.1
0 4729.232 4 5.0 37.1
0 4729.259 37 5.0 37.1
0 4729.381 8 5.0 37.1
0 4729.499 8 5.0 37.1
0 4729.828 3 5.0 37.1
0 4729.844 63 5.0 37.1
0 4729.97 8 5.0 37.1
0 4730.073 10 5.0 37.1
0 4730.155 12 5.0 37.1
0 4730.244 11 5.0 37.1
0 4730.48 4 5.0 37.1
0 4730.667 5 5.0 37.1
0 4730.681 72 5.0 37.1
0 4730.802 8 5.0 37.1
0 4730.906 10 5.0 37.1
0 4730.999 11 5.0 37.1
0 4731.102 10 5.0 37.1
0 4731.294 5 5.0 37.1
0 4731.308 72 5.0 37.1
0 4731.418 9 5.0 37.1
0 4731.705 3 5.0 37.1
0 4731.807 10 5.0 37.1
0 4731.82 75 5.0 37.1
0 4732.013 5 5.0 37.1
0 4732.026 81 5.0 37.1
0 4732.127 10 5.0 37.1
0 4732.229 10 5.0 37.1
0 4732.332 10 5.0 37.1
0 4732.432 10 5.0 37.1
0 4732.556 8 5.0 37.1
0 4732.628 14 5.0 37.1
0 4732.751 8 5.0 37.1
0 4732.853 10 5.0 37.1
0 4732.952 10 5.0 37.1
0 4733.057 10 5.0 37.1
0 4733.156 10 5.0 37.1
0 4733.257 10 5.0 37.1
0 4733.356 10 5.0 37.1
0 4733.441 12 5.0 37.1
0 4733.562 8 5.0 37.1
0 4733.656 11 5.0 37.1
0 4733.758 10 5.0 37.1
0 4733.857 10 5.0 37.1
0 4734.04 5 5.0 37.1
0 4734.055 68 5.0 37.1
0 4734.272 5 5.0 37.1
0 4734.289 60 5.0 37.1
0 4734.482 5 5.0 37.1
0 4734.485 298 5.0 37.1
0 4734.871 3 5.0 37.1
0 4734.874 307 5.0 37.1
0 4734.986 9 5.0 37.1
0 4735.085 10 5.0 37.1
0 4735.191 9 5.0 37.1
0 4735.284 11 5.0 37.1
0 4735.481 5 5.0 37.1
0 4735.485 275 5.0 37.1
0 4735.781 3 5.0 37.1
0 4735.786 201 5.0 37.1
0 4735.902 9 5.0 37.1
0 4735.988 12 5.0 37.1
0 4736.095 9 5.0 37.1
0 4736.196 10 5.0 37.1
0 4736.401 5 5.0 37.1
0 4736.406 178 5.0 37.1
0 4736.613 5 5.0 37.1
0 4736.616 323 5.0 37.1
0 4736.917 3 5.0 37.1
0 4737.005 11 5.0 37.1
0 4737.022 58 5.0 37.1
0 4737.135 9 5.0 37.1
0 4737.232 10 5.0 37.1
0 4737.331 10 5.0 37.1
0 4737.441 9 5.0 37.1
0 4737.535 11 5.0 37.1
0 4737.636 10 5.0 37.1
0 4737.732 10 5.0 37.1
0 4737.832 10 5.0 37.1
0 4737.941 9 5.0 37.1
0 4738.037 10 5.0 37.1
0 4738.137 10 5.0 37.1
0 4738.224 12 5.0 37.1
0 4738.332 9 5.0 37.1
0 4738.433 10 5.0 37.1
0 4738.54 9 5.0 37.1
0 4738.633 11 5.0 37.1
0 4738.736 10 5.0 37.1
0 4738.833 10 5.0 37.1
0 4738.935 10 5.0 37.1
0 4739.143 5 5.0 37.1
0 4739.147 266 5.0 37.1
0 4739.368 5 4.6 37.1
0 4739.371 286 4.6 37.1
0 4739.585 5 4.6 37.1
0 4739.59 218 4.6 37.1
0 4739.974 3 4.6 37.1
0 4739.978 252 4.6 37.1
0 4740.088 9 4.6 37.1
0 4740.199 9 4.6 37.1
0 4740.31 9 4.6 37.1
0 4740.411 10 4.6 37.1
0 4740.599 5 4.6 37.1
0 4740.694 11 4.6 37.1
0 4740.796 10 4.6 37.1
0 4740.814 56 4.6 37.1
0 4740.928 9 4.6 37.1
0 4741.041 9 4.6 37.1
0 4741.147 9 4.6 37.1
0 4741.242 10 4.6 37.1
0 4741.435 5 4.6 37.1
0 4741.449 72 4.6 37.1
0 4741.665 5 4.6 37.1
0 4741.678 81 4.6 37.1
0 4741.978 3 4.6 37.1
0 4742.073 11 4.6 37.1
0 4742.095 46 4.6 37.1
0 4742.219 8 4.6 37.1
0 4742.315 10 4.6 37.1
0 4742.414 10 4.6 37.1
0 4742.521 9 4.6 37.1
0 4742.623 10 4.6 37.1
0 4742.698 13 4.6 37.1
0 4742.817 8 4.6 37.1
0 4742.914 10 4.6 37.1
0 4743.018 10 4.6 37.1
0 4743.127 9 4.6 37.1
0 4743.226 10 4.6 37.1
0 4743.315 11 4.6 37.1
0 4743.394 13 4.6 37.1
0 4743.532 7 4.6 37.1
0 4743.625 11 4.6 37.1
0 4743.724 10 4.6 37.1
0 4743.816 11 4.6 37.1
0 4743.896 13 4.6 37.1
0 4744.03 7 4.6 37.1
0 4744.123 11 4.6 37.1
0 4744.222 10 4.6 37.1
0 4744.408 5 4.6 37.1
0 4744.422 70 4.6 37.1
0 4744.63 5 4.6 37.1
0 4744.644 73 4.6 37.1
0 4745.036 3 4.6 37.1
0 4745.05 72 4.6 37.1
0 4745.19 7 4.6 37.1
0 4745.276 12 4.6 37.1
0 4745.381 9 4.6 37.1
0 4745.47 11 4.6 37.1
0 4745.67 5 4.6 37.1
0 4745.857 5 4.6 37.1
0 4745.869 79 4.6 37.1
0 4745.979 9 4.6 37.1
0 4746.105 8 4.6 37.1
0 4746.203 10 4.6 37.1
0 4746.308 10 4.6 37.1
0 4746.476 6 4.6 37.1
0 4746.49 73 4.6 37.1
0 4746.696 5 4.6 37.1
0 4746.71 74 4.6 37.1
0 4747.014 3 4.6 37.1
0 4747.107 11 4.6 37.1
0 4747.137 33 4.6 37.1
0 4747.263 8 4.6 37.1
0 4747.432 6 4.6 37.1
0 4747.437 234 4.6 37.1
0 4747.551 9 4.6 37.1
0 4747.646 10 4.6 37.1
0 4747.753 9 4.6 37.1
0 4747.85 10 4.6 37.1
0 4747.948 10 4.6 37.1
0 4748.051 10 4.6 37.1
0 4748.147 10 4.6 37.1
0 4748.254 9 4.6 37.1
0 4748.352 10 4.6 37.1
0 4748.449 10 4.6 37.1
0 4748.543 11 4.6 37.1
0 4748.64 10 4.6 37.1
0 4748.755 9 4.6 37.1
0 4748.839 12 4.6 37.1
0 4748.954 9 4.6 37.1
0 4749.049 11 4.6 37.1
0 4749.153 10 4.6 37.1
0 4749.256 10 4.6 37.1
0 4749.432 6 4.4 37.1
0 4749.438 158 4.4 37.1
0 4749.645 5 4.4 37.1
0 4749.649 247 4.4 37.1
0 4750.034 3 4.4 37.1
0 4750.037 279 4.4 37.1
0 4750.158 8 4.4 37.1
0 4750.248 11 4.4 37.1
0 4750.346 10 4.4 37.1
0 4750.439 11 4.4 37.1
0 4750.553 9 4.4 37.1
0 4750.764 5 4.4 37.1
0 4750.936 6 4.4 37.1
0 4750.94 227 4.4 37.1
0 4751.052 9 4.4 37.1
0 4751.159 9 4.4 37.1
0 4751.251 11 4.4 37.1
0 4751.353 10 4.4 37.1
0 4751.557 5 4.4 37.1
0 4751.561 226 4.4 37.1
0 4751.778 5 4.4 37.1
0 4751.781 318 4.4 37.1
0 4752.064 4 4.4 37.1
0 4752.151 12 4.4 37.1
0 4752.172 48 4.4 37.1
0 4752.278 9 4.4 37.1
0 4752.486 5 4.4 37.1
0 4752.49 240 4.4 37.1
0 4752.605 9 4.4 37.1
0 4752.703 10 4.4 37.1
0 4752.801 10 4.4 37.1
0 4752.907 9 4.4 37.1
0 4753.003 10 4.4 37.1
0 4753.106 10 4.4 37.1
0 4753.204 10 4.4 37.1
0 4753.303 10 4.4 37.1
0 4753.407 10 4.4 37.1
0 4753.501 11 4.4 37.1
0 4753.607 9 4.4 37.1
0 4753.704 10 4.4 37.1
0 4753.803 10 4.4 37.1
0 4753.909 9 4.4 37.1
0 4754.005 10 4.4 37.1
0 4754.108 10 4.4 37.1
0 4754.205 10 4.4 37.1
0 4754.303 10 4.4 37.1
0 4754.486 5 4.4 37.1
0 4754.494 128 4.4 37.1
0 4754.708 5 4.4 37.1
0 4754.712 256 4.4 37.1
0 4755.097 3 4.4 37.1
0 4755.101 212 4.4 37.1
0 4755.214 9 4.4 37.1
0 4755.315 10 4.4 37.1
0 4755.408 11 4.4 37.1
0 4755.509 10 4.4 37.1
0 4755.622 9 4.4 37.1
0 4755.821 5 4.4 37.1
0 4755.995 6 4.4 37.1
0 4755.998 296 4.4 37.1
0 4756.109 9 4.4 37.1
0 4756.236 8 4.4 37.1
0 4756.332 10 4.4 37.1
0 4756.415 12 4.4 37.1
0 4756.631 5 4.4 37.1
0 4756.645 75 4.4 37.1
0 4756.86 5 4.4 37.1
0 4756.872 80 4.4 37.1
0 4757.092 5 4.4 37.1
0 4757.188 10 4.4 37.1
0 4757.205 59 4.4 37.1
0 4757.335 8 4.4 37.1
0 4757.51 6 4.4 37.1
0 4757.524 74 4.4 37.1
0 4757.641 8 4.4 37.1
0 4757.747 9 4.4 37.1
0 4757.853 9 4.4 37.1
0 4757.928 13 4.4 37.1
0 4758.054 8 4.4 37.1
0 4758.149 11 4.4 37.1
0 4758.242 11 4.4 37.1
0 4758.355 9 4.4 37.1
0 4758.443 11 4.4 37.1
0 4758.554 9 4.4 37.1
0 4758.653 10 4.4 37.1
0 4758.743 11 4.4 37.1
0 4758.852 9 4.4 37.1
0 4758.926 13 4.4 37.1
0 4759.053 8 4.4 37.1
0 4759.129 13 4.4 37.1
0 4759.246 9 4.4 37.1
0 4759.344 10 4.4 37.1
0 4759.529 5 3.9 37.1
0 4759.542 77 3.9 37.1
0 4759.767 4 3.9 37.1
0 4759.781 74 3.9 37.1
0 4760.169 3 3.9 37.1
0 4760.185 66 3.9 37.1
0 4760.306 8 3.9 37.1
0 4760.404 10 3.9 37.1
0 4760.499 11 3.9 37.1
0 4760.605 9 3.9 37.1
0 4760.704 10 3.9 37.1
0 4760.9 5 3.9 37.1
0 4761.098 5 3.9 37.1
0 4761.123 40 3.9 37.1
0 4761.247 8 3.9 37.1
0 4761.344 10 3.9 37.1
0 4761.431 11 3.9 37.1
0 4761.631 5 3.9 37.1
0 4761.653 44 3.9 37.1
0 4761.804 7 3.9 37.1
0 4761.956 7 3.9 37.1
0 4761.981 41 3.9 37.1
0 4762.191 5 3.9 37.1
0 4762.299 9 3.9 37.1
0 4762.323 42 3.9 37.1
0 4762.433 9 3.9 37.1
0 4762.548 9 3.9 37.1
0 4762.659 9 3.9 37.1
0 4762.761 10 3.9 37.1
0 4762.863 10 3.9 37.1
0 4762.941 13 3.9 37.1
0 4763.061 8 3.9 37.1
0 4763.161 10 3.9 37.1
0 4763.261 10 3.9 37.1
0 4763.358 10 3.9 37.1
0 4763.438 13 3.9 37.1
0 4763.563 8 3.9 37.1
0 4763.655 11 3.9 37.1
0 4763.74 12 3.9 37.1
0 4763.862 8 3.9 37.1
0 4763.938 13 3.9 37.1
0 4764.064 8 3.9 37.1
0 4764.16 10 3.9 37.1
0 4764.258 10 3.9 37.1
0 4764.362 10 3.9 37.1
0 4764.44 13 3.9 37.1
0 4764.646 5 3.9 37.1
0 4764.67 42 3.9 37.1
0 4764.895 4 3.9 37.1
0 4765.178 4 3.9 37.1
0 4765.203 41 3.9 37.1
0 4765.337 7 3.9 37.1
0 4765.427 11 3.9 37.1
0 4765.548 8 3.9 37.1
0 4765.643 11 3.9 37.1
0 4765.745 10 3.9 37.1
0 4765.916 6 3.9 37.1
0 4766.113 5 3.9 37.1
0 4766.137 43 3.9 37.1
0 4766.287 7 3.9 37.1
0 4766.381 11 3.9 37.1
0 4766.439 17 3.9 37.1
0 4766.673 4 3.9 37.1
0 4766.698 41 3.9 37.1
0 4766.846 7 3.9 37.1
0 4767.01 6 3.9 37.1
0 4767.033 43 3.9 37.1
0 4767.252 5 3.9 37.1
0 4767.359 9 3.9 37.1
0 4767.382 43 3.9 37.1
0 4767.522 7 3.9 37.1
0 4767.611 11 3.9 37.1
0 4767.717 9 3.9 37.1
0 4767.81 11 3.9 37.1
0 4767.922 9 3.9 37.1
0 4768.027 10 3.9 37.1
0 4768.122 11 3.9 37.1
0 4768.227 9 3.9 37.1
0 4768.307 13 3.9 37.1
0 4768.408 10 3.9 37.1
0 4768.525 9 3.9 37.1
0 4768.629 10 3.9 37.1
0 4768.724 10 3.9 37.1
0 4768.815 11 3.9 37.1
0 4768.92 10 3.9 37.1
0 4769.016 10 3.9 37.1
0 4769.128 9 3.9 37.1
0 4769.221 11 3.9 37.1
0 4769.332 9 3.9 37.1
0 4769.41 13 3.9 37.1
0 4769.522 9 3.9 37.1
0 4769.731 5 5.1 37.2
0 4769.758 37 5.1 37.2
0 4769.982 4 5.1 37.2
0 4770.255 4 5.1 37.2
0 4770.279 42 5.1 37.2
0 4770.412 8 5.1 37.2
0 4770.486 13 5.1 37.2
0 4770.623 7 5.1 37.2
0 4770.697 14 5.1 37.2
0 4770.818 8 5.1 37.2
0 4771.005 5 5.1 37.2
0 4771.198 5 5.1 37.2
0 4771.225 37 5.1 37.2
0 4771.353 8 5.1 37.2
0 4771.444 11 5.1 37.2
0 4771.563 8 5.1 37.2
0 4771.752 5 5.1 37.2
0 4771.778 39 5.1 37.2
0 4771.918 7 5.1 37.2
0 4772.078 6 5.1 37.2
0 4772.103 40 5.1 37.2
0 4772.334 4 5.1 37.2
0 4772.443 9 5.1 37.2
0 4772.541 10 5.1 37.2
0 4772.555 70 5.1 37.2
0 4772.687 8 5.1 37.2
0 4772.791 10 5.1 37.2
0 4772.892 10 5.1 37.2
0 4772.985 11 5.1 37.2
0 4773.086 10 5.1 37.2
0 4773.191 10 5.1 37.2
0 4773.29 10 5.1 37.2
0 4773.394 10 5.1 37.2
0 4773.484 11 5.1 37.2
0 4773.591 9 5.1 37.2
0 4773.691 10 5.1 37.2
0 4773.792 10 5.1 37.2
0 4773.894 10 5.1 37.2
0 4773.994 10 5.1 37.2
0 4774.093 10 5.1 37.2
0 4774.192 10 5.1 37.2
0 4774.292 10 5.1 37.2
0 4774.39 10 5.1 37.2
0 4774.486 10 5.1 37.2
0 4774.596 9 5.1 37.2
0 4774.784 5 5.1 37.2
0 4774.798 72 5.1 37.2
0 4775.008 5 5.1 37.2
0 4775.276 4 5.1 37.2
0 4775.29 71 5.1 37.2
0 4775.418 8 5.1 37.2
0 4775.491 14 5.1 37.2
0 4775.623 8 5.1 37.2
0 4775.725 10 5.1 37.2
0 4775.826 10 5.1 37.2
0 4775.92 11 5.1 37.2
0 4776.084 6 5.1 37.2
0 4776.262 6 5.1 37.2
0 4776.276 73 5.1 37.2
0 4776.405 8 5.1 37.2
0 4776.491 12 5.1 37.2
0 4776.607 9 5.1 37.2
0 4776.789 5 5.1 37.2
0 4776.803 71 5.1 37.2
0 4776.921 8 5.1 37.2
0 4777.124 5 5.1 37.2
0 4777.138 71 5.1 37.2
0 4777.354 5 5.1 37.2
0 4777.453 10 5.1 37.2
0 4777.552 10 5.1 37.2
0 4777.566 70 5.1 37.2
0 4777.691 8 5.1 37.2
0 4777.802 9 5.1 37.2
0 4777.901 10 5.1 37.2
0 4778.003 10 5.1 37.2
0 4778.102 10 5.1 37.2
0 4778.199 10 5.1 37.2
0 4778.297 10 5.1 37.2
0 4778.387 11 5.1 37.2
0 4778.5 9 5.1 37.2
0 4778.605 9 5.1 37.2
0 4778.703 10 5.1 37.2
0 4778.799 10 5.1 37.2
0 4778.902 10 5.1 37.2
0 4778.992 11 5.1 37.2
0 4779.107 9 5.1 37.2
0 4779.198 11 5.1 37.2
0 4779.3 10 5.1 37.2
0 4779.394 11 5.1 37.2
0 4779.498 10 5.1 37.2
0 4779.605 9 5.1 37.2
0 4779.792 5 5.0 37.2
0 4779.805 73 5.0 37.2
0 4780.003 5 5.0 37.2
0 4780.016 79 5.0 37.2
0 4780.41 3 5.0 37.2
0 4780.426 66 5.0 37.2
0 4780.546 8 5.0 37.2
0 4780.658 9 5.0 37.2
0 4780.73 14 5.0 37.2
0 4780.849 8 5.0 37.2
0 4780.953 10 5.0 37.2
0 4781.124 6 5.0 37.2
0 4781.306 6 5.0 37.2
0 4781.319 78 5.0 37.2
0 4781.444 8 5.0 37.2
0 4781.557 9 5.0 37.2
0 4781.653 10 5.0 37.2
0 4781.832 6 5.0 37.2
0 4781.845 76 5.0 37.2
0 4781.979 7 5.0 37.2
0 4782.169 5 5.0 37.2
0 4782.182 77 5.0 37.2
0 4782.396 5 5.0 37.2
0 4782.495 10 5.0 37.2
0 4782.591 10 5.0 37.2
0 4782.613 45 5.0 37.2
0 4782.748 7 5.0 37.2
0 4782.843 11 5.0 37.2
0 4782.933 11 5.0 37.2
0 4783.034 10 5.0 37.2
0 4783.144 9 5.0 37.2
0 4783.238 11 5.0 37.2
0 4783.345 9 5.0 37.2
0 4783.431 12 5.0 37.2
0 4783.532 10 5.0 37.2
0 4783.72 5 5.0 37.2
0 4783.725 201 5.0 37.2
0 4783.833 9 5.0 37.2
0 4783.936 10 5.0 37.2
0 4784.028 11 5.0 37.2
0 4784.137 9 5.0 37.2
0 4784.238 10 5.0 37.2
0 4784.335 10 5.0 37.2
0 4784.438 10 5.0 37.2
0 4784.532 11 5.0 37.2
0 4784.637 10 5.0 37.2
0 4784.847 5 5.0 37.2
0 4784.85 256 5.0 37.2
0 4785.056 5 5.0 37.2
0 4785.059 269 5.0 37.2
0 4785.46 2 5.0 37.2
0 4785.474 69 5.0 37.2
0 4785.606 8 5.0 37.2
0 4785.704 10 5.0 37.2
0 4785.8 10 5.0 37.2
0 4785.903 10 5.0 37.2
0 4786.0 10 5.0 37.2
0 4786.194 5 5.0 37.2
0 4786.375 6 5.0 37.2
0 4786.388 75 5.0 37.2
0 4786.51 8 5.0 37.2
0 4786.616 9 5.0 37.2
0 4786.72 10 5.0 37.2
0 4786.922 5 5.0 37.2
0 4786.935 74 5.0 37.2
0 4787.059 8 5.0 37.2
0 4787.251 5 5.0 37.2
0 4787.263 81 5.0 37.2
0 4787.481 5 5.0 37.2
0 4787.579 10 5.0 37.2
0 4787.679 10 5.0 37.2
0 4787.694 66 5.0 37.2
0 4787.818 8 5.0 37.2
0 4787.921 10 5.0 37.2
0 4788.022 10 5.0 37.2
0 4788.127 10 5.0 37.2
0 4788.216 11 5.0 37.2
0 4788.311 11 5.0 37.2
0 4788.42 9 5.0 37.2
0 4788.524 10 5.0 37.2
0 4788.731 5 5.0 37.2
0 4788.744 73 5.0 37.2
0 4788.876 8 5.0 37.2
0 4788.959 12 5.0 37.2
0 4789.072 9 5.0 37.2
0 4789.177 9 5.0 37.2
0 4789.272 11 5.0 37.2
0 4789.366 11 5.0 37.2
0 4789.472 9 5.0 37.2
0 4789.565 11 5.0 37.2
0 4789.679 9 5.0 37.2
0 4789.872 5 4.6 37.3
0 4789.886 72 4.6 37.3
0 4790.011 8 4.6 37.3
0 4790.115 10 4.6 37.3
0 4790.481 3 4.6 37.3
0 4790.495 69 4.6 37.3
0 4790.624 8 4.6 37.3
0 4790.724 10 4.6 37.3
0 4790.823 10 4.6 37.3
0 4790.92 10 4.6 37.3
0 4791.025 10 4.6 37.3
0 4791.219 5 4.6 37.3
0 4791.398 6 4.6 37.3
0 4791.412 75 4.6 37.3
0 4791.536 8 4.6 37.3
0 4791.639 10 4.6 37.3
0 4791.744 9 4.6 37.3
0 4791.94 5 4.6 37.3
0 4791.954 75 4.6 37.3
0 4792.082 8 4.6 37.3
0 4792.268 5 4.6 37.3
0 4792.281 80 4.6 37.3
0 4792.498 5 4.6 37.3
0 4792.597 10 4.6 37.3
0 4792.705 9 4.6 37.3
0 4792.718 79 4.6 37.3
0 4792.85 8 4.6 37.3
0 4792.937 12 4.6 37.3
0 4793.047 9 4.6 37.3
0 4793.154 9 4.6 37.3
0 4793.25 11 4.6 37.3
0 4793.346 10 4.6 37.3
0 4793.437 11 4.6 37.3
0 4793.538 10 4.6 37.3
0 4793.75 5 4.6 37.3
0 4793.764 74 4.6 37.3
0 4793.894 8 4.6 37.3
0 4793.973 13 4.6 37.3
0 4794.079 9 4.6 37.3
0 4794.194 9 4.6 37.3
0 4794.283 11 4.6 37.3
0 4794.382 10 4.6 37.3
0 4794.467 12 4.6 37.3
0 4794.585 8 4.6 37.3
0 4794.684 10 4.6 37.3
0 4794.877 5 4.6 37.3
0 4794.892 69 4.6 37.3
0 4795.005 9 4.6 37.3
0 4795.113 9 4.6 37.3
0 4795.292 6 4.6 37.3
0 4795.488 5 4.6 37.3
0 4795.502 75 4.6 37.3
0 4795.62 8 4.6 37.3
0 4795.72 10 4.6 37.3
0 4795.823 10 4.6 37.3
0 4795.911 11 4.6 37.3
0 4796.017 9 4.6 37.3
0 4796.226 5 4.6 37.3
0 4796.411 5 4.6 37.3
0 4796.425 69 4.6 37.3
0 4796.552 8 4.6 37.3
0 4796.652 10 4.6 37.3
0 4796.756 10 4.6 37.3
0 4796.945 5 4.6 37.3
0 4796.959 70 4.6 37.3
0 4797.089 8 4.6 37.3
0 4797.273 5 4.6 37.3
0 4797.286 76 4.6 37.3
0 4797.496 5 4.6 37.3
0 4797.51 71 4.6 37.3
0 4797.718 5 4.6 37.3
0 4797.819 10 4.6 37.3
0 4797.832 77 4.6 37.3
0 4797.943 9 4.6 37.3
0 4798.041 10 4.6 37.3
0 4798.157 9 4.6 37.3
0 4798.257 10 4.6 37.3
0 4798.361 10 4.6 37.3
0 4798.435 14 4.6 37.3
0 4798.556 8 4.6 37.3
0 4798.744 5 4.6 37.3
0 4798.756 78 4.6 37.3
0 4798.887 8 4.6 37.3
0 4798.983 10 4.6 37.3
0 4799.088 10 4.6 37.3
0 4799.188 10 4.6 37.3
0 4799.288 10 4.6 37.3
0 4799.391 10 4.6 37.3
0 4799.48 11 4.6 37.3
0 4799.58 10 4.6 37.3
0 4799.687 9 4.6 37.3
0 4799.897 5 4.6 37.3
0 4799.913 66 4.6 37.3
0 4800.042 8 4.6 37.3
0 4800.14 10 4.6 37.3
0 4800.493 3 4.6 37.3
0 4800.507 70 4.6 37.3
0 4800.63 8 4.6 37.3
0 4800.739 9 4.6 37.3
0 4800.836 10 4.6 37.3
0 4800.932 10 4.6 37.3
0 4801.028 10 4.6 37.3
0 4801.234 5 4.6 37.3
0 4801.415 6 4.6 37.3
0 4801.428 74 4.6 37.3
0 4801.554 8 4.6 37.3
0 4801.657 10 4.6 37.3
0 4801.757 10 4.6 37.3
0 4801.944 5 4.6 37.3
0 4801.957 77 4.6 37.3
0 4802.086 8 4.6 37.3
0 4802.187 10 4.6 37.3
0 4802.37 5 4.6 37.3
0 4802.383 77 4.6 37.3
0 4802.6 5 4.6 37.3
0 4802.696 10 4.6 37.3
0 4802.714 54 4.6 37.3
0 4802.925 5 4.6 37.3
0 4802.938 77 4.6 37.3
0 4803.067 8 4.6 37.3
0 4803.167 10 4.6 37.3
0 4803.264 10 4.6 37.3
0 4803.367 10 4.6 37.3
0 4803.445 13 4.6 37.3
0 4803.567 8 4.6 37.3
0 4803.764 5 4.6 37.3
0 4803.778 70 4.6 37.3
0 4803.98 5 4.6 37.3
0 4803.985 227 4.6 37.3
0 4804.094 9 4.6 37.3
0 4804.201 9 4.6 37.3
0 4804.302 10 4.6 37.3
0 4804.395 11 4.6 37.3
0 4804.499 10 4.6 37.3
0 4804.595 10 4.6 37.3
0 4804.695 10 4.6 37.3
0 4804.915 5 4.6 37.3
0 4804.918 289 4.6 37.3
0 4805.034 9 4.6 37.3
0 4805.129 11 4.6 37.3
0 4805.507 3 4.6 37.3
0 4805.511 261 4.6 37.3
0 4805.625 9 4.6 37.3
0 4805.721 10 4.6 37.3
0 4805.824 10 4.6 37.3
0 4805.916 11 4.6 37.3
0 4806.031 9 4.6 37.3
0 4806.126 11 4.6 37.3
0 4806.32 5 4.6 37.3
0 4806.496 6 4.6 37.3
0 4806.5 305 4.6 37.3
0 4806.62 8 4.6 37.3
0 4806.715 10 4.6 37.3
0 4806.812 10 4.6 37.3
0 4807.011 5 4.6 37.3
0 4807.014 286 4.6 37.3
0 4807.134 8 4.6 37.3
0 4807.229 11 4.6 37.3
0 4807.403 6 4.6 37.3
0 4807.414 85 4.6 37.3
0 4807.626 5 4.6 37.3
0 4807.716 11 4.6 37.3
0 4807.735 52 4.6 37.3
0 4807.933 5 4.6 37.3
0 4807.936 291 4.6 37.3
0 4808.049 9 4.6 37.3
0 4808.149 10 4.6 37.3
0 4808.26 9 4.6 37.3
0 4808.348 11 4.6 37.3
0 4808.448 10 4.6 37.3
0 4808.548 10 4.6 37.3
0 4808.651 10 4.6 37.3
0 4808.832 6 4.6 37.3
0 4808.84 129 4.6 37.3
0 4809.049 5 4.6 37.3
0 4809.052 316 4.6 37.3
0 4809.161 9 4.6 37.3
0 4809.264 10 4.6 37.3
0 4809.374 9 4.6 37.3
0 4809.463 11 4.6 37.3
0 4809.564 10 4.6 37.3
0 4809.667 10 4.6 37.3
0 4809.766 10 4.6 37.3
0 4809.97 5 4.0 37.3
0 4809.974 275 4.0 37.3
0 4810.084 9 4.0 37.3
0 4810.187 10 4.0 37.3
0 4810.561 3 4.0 37.3
0 4810.565 249 4.0 37.3
0 4810.675 9 4.0 37.3
0 4810.777 10 4.0 37.3
0 4810.876 10 4.0 37.3
0 4810.975 10 4.0 37.3
0 4811.086 9 4.0 37.3
0 4811.173 11 4.0 37.3
0 4811.375 5 4.0 37.3
0 4811.548 6 4.0 37.3
0 4811.551 279 4.0 37.3
0 4811.674 8 4.0 37.3
0 4811.762 11 4.0 37.3
0 4811.864 10 4.0 37.3
0 4812.069 5 4.0 37.3
0 4812.073 266 4.0 37.3
0 4812.195 8 4.0 37.3
0 4812.283 11 4.0 37.3
0 4812.481 5 4.0 37.3
0 4812.484 298 4.0 37.3
0 4812.704 5 4.0 37.3
0 4812.792 11 4.0 37.3
0 4812.81 54 4.0 37.3
0 4813.008 5 4.0 37.3
0 4813.011 298 4.0 37.3
0 4813.122 9 4.0 37.3
0 4813.228 9 4.0 37.3
0 4813.327 10 4.0 37.3
0 4813.423 10 4.0 37.3
0 4813.525 10 4.0 37.3
0 4813.624 10 4.0 37.3
0 4813.729 10 4.0 37.3
0 4813.937 5 4.0 37.3
0 4813.941 275 4.0 37.3
0 4814.175 4 4.0 37.3
0 4814.179 297 4.0 37.3
0 4814.298 8 4.0 37.3
0 4814.394 10 4.0 37.3
0 4814.491 10 4.0 37.3
0 4814.591 10 4.0 37.3
0 4814.693 10 4.0 37.3
0 4814.792 10 4.0 37.3
0 4814.997 5 4.0 37.3
0 4815.001 276 4.0 37.3
0 4815.112 9 4.0 37.3
0 4815.213 10 4.0 37.3
0 4815.588 3 4.0 37.3
0 4815.592 255 4.0 37.3
0 4815.705 9 4.0 37.3
0 4815.804 10 4.0 37.3
0 4815.905 10 4.0 37.3
0 4816.0 11 4.0 37.3
0 4816.111 9 4.0 37.3
0 4816.205 11 4.0 37.3
0 4816.4 5 4.0 37.3
0 4816.574 6 4.0 37.3
0 4816.577 290 4.0 37.3
0 4816.698 8 4.0 37.3
0 4816.789 11 4.0 37.3
0 4816.892 10 4.0 37.3
0 4817.099 5 4.0 37.3
0 4817.103 273 4.0 37.3
0 4817.224 8 4.0 37.3
0 4817.305 12 4.0 37.3
0 4817.502 5 4.0 37.3
0 4817.506 304 4.0 37.3
0 4817.71 5 4.0 37.3
0 4817.8 11 4.0 37.3
0 4817.814 74 4.0 37.3
0 4818.013 5 4.0 37.3
0 4818.016 298 4.0 37.3
0 4818.127 9 4.0 37.3
0 4818.228 10 4.0 37.3
0 4818.337 9 4.0 37.3
0 4818.426 11 4.0 37.3
0 4818.531 10 4.0 37.3
0 4818.627 10 4.0 37.3
0 4818.729 10 4.0 37.3
0 4818.94 5 4.0 37.3
0 4818.944 272 4.0 37.3
0 4819.158 5 4.0 37.3
0 4819.161 319 4.0 37.3
0 4819.273 9 4.0 37.3
0 4819.378 9 4.0 37.3
0 4819.474 10 4.0 37.3
0 4819.575 10 4.0 37.3
0 4819.674 10 4.0 37.3
0 4819.774 10 4.0 37.3
0 4819.881 9 4.0 37.3
0 4820.084 5 3.6 37.3
0 4820.088 244 3.6 37.3
0 4820.199 9 3.6 37.3
0 4820.299 10 3.6 37.3
0 4820.66 3 3.6 37.3
0 4820.665 236 3.6 37.3
0 4820.776 9 3.6 37.3
0 4820.876 10 3.6 37.3
0 4820.976 10 3.6 37.3
0 4821.075 10 3.6 37.3
0 4821.187 9 3.6 37.3
0 4821.407 5 3.6 37.3
0 4821.593 5 3.6 37.3
0 4821.606 76 3.6 37.3
0 4821.737 8 3.6 37.3
0 4821.835 10 3.6 37.3
0 4821.934 10 3.6 37.3
0 4822.131 5 3.6 37.3
0 4822.144 75 3.6 37.3
0 4822.281 7 3.6 37.3
0 4822.373 11 3.6 37.3
0 4822.539 6 3.6 37.3
0 4822.552 75 3.6 37.3
0 4822.765 5 3.6 37.3
0 4822.861 10 3.6 37.3
0 4822.88 51 3.6 37.3
0 4823.087 5 3.6 37.3
0 4823.1 76 3.6 37.3
0 4823.232 8 3.6 37.3
0 4823.334 10 3.6 37.3
0 4823.437 10 3.6 37.3
0 4823.533 10 3.6 37.3
0 4823.634 10 3.6 37.3
0 4823.733 10 3.6 37.3
0 4823.93 5 3.6 37.3
0 4823.946 60 3.6 37.3
0 4824.075 8 3.6 37.3
0 4824.26 5 3.6 37.3
0 4824.273 77 3.6 37.3
0 4824.405 8 3.6 37.3
0 4824.509 10 3.6 37.3
0 4824.598 11 3.6 37.3
0 4824.707 9 3.6 37.3
0 4824.804 10 3.6 37.3
0 4824.907 10 3.6 37.3
0 4825.102 5 3.6 37.3
0 4825.115 76 3.6 37.3
0 4825.24 8 3.6 37.3
0 4825.343 10 3.6 37.3
0 4825.61 4 3.6 37.3
0 4825.623 80 3.6 37.3
0 4825.756 8 3.6 37.3
0 4825.856 10 3.6 37.3
0 4825.939 12 3.6 37.3
0 4826.056 9 3.6 37.3
0 4826.159 10 3.6 37.3
0 4826.256 10 3.6 37.3
0 4826.46 5 3.6 37.3
0 4826.643 5 3.6 37.3
0 4826.66 62 3.6 37.3
0 4826.787 8 3.6 37.3
0 4826.888 10 3.6 37.3
0 4826.986 10 3.6 37.3
0 4827.181 5 3.6 37.3
0 4827.197 63 3.6 37.3
0 4827.323 8 3.6 37.3
0 4827.416 11 3.6 37.3
0 4827.601 5 3.6 37.3
0 4827.614 80 3.6 37.3
0 4827.834 5 3.6 37.3
0 4827.932 10 3.6 37.3
0 4827.947 69 3.6 37.3
0 4828.146 5 3.6 37.3
0 4828.16 75 3.6 37.3
0 4828.294 7 3.6 37.3
0 4828.394 10 3.6 37.3
0 4828.49 10 3.6 37.3
0 4828.588 10 3.6 37.3
0 4828.662 13 3.6 37.3
0 4828.794 8 3.6 37.3
0 4828.968 6 3.6 37.3
0 4828.982 70 3.6 37.3
0 4829.112 8 3.6 37.3
0 4829.297 5 3.6 37.3
0 4829.309 78 3.6 37.3
0 4829.435 8 3.6 37.3
0 4829.544 9 3.6 37.3
0 4829.638 11 3.6 37.3
0 4829.743 9 3.6 37.3
0 4829.845 10 3.6 37.3
0 4829.936 11 3.6 37.3
0 4830.132 5 4.4 37.3
0 4830.145 74 4.4 37.3
0 4830.266 8 4.4 37.3
0 4830.381 9 4.4 37.3
0 4830.622 4 4.4 37.3
0 4830.635 75 4.4 37.3
0 4830.766 8 4.4 37.3
0 4830.853 12 4.4 37.3
0 4830.946 11 4.4 37.3
0 4831.083 7 4.4 37.3
0 4831.194 9 4.4 37.3
0 4831.278 12 4.4 37.3
0 4831.35 14 4.4 37.3
0 4831.589 4 4.4 37.3
0 4831.78 5 4.4 37.3
0 4831.803 44 4.4 37.3
0 4831.937 7 4.4 37.3
0 4832.051 9 4.4 37.3
0 4832.244 5 4.4 37.3
0 4832.276 31 4.4 37.3
0 4832.475 5 4.4 37.3
0 4832.488 76 4.4 37.3
0 4832.7 5 4.4 37.3
0 4832.713 82 4.4 37.3
0 4832.924 5 4.4 37.3
0 4833.022 10 4.4 37.3
0 4833.037 67 4.4 37.3
0 4833.251 5 4.4 37.3
0 4833.263 80 4.4 37.3
0 4833.393 8 4.4 37.3
0 4833.491 10 4.4 37.3
0 4833.595 10 4.4 37.3
0 4833.689 11 4.4 37.3
0 4833.801 9 4.4 37.3
0 4833.987 5 4.4 37.3
0 4834.001 74 4.4 37.3
0 4834.133 8 4.4 37.3
0 4834.231 10 4.4 37.3
0 4834.332 10 4.4 37.3
0 4834.421 11 4.4 37.3
0 4834.528 9 4.4 37.3
0 4834.633 9 4.4 37.3
0 4834.731 10 4.4 37.3
0 4834.833 10 4.4 37.3
0 4834.933 10 4.4 37.3
0 4835.031 10 4.4 37.3
0 4835.228 5 4.4 37.3
0 4835.242 71 4.4 37.3
0 4835.373 8 4.4 37.3
0 4835.459 12 4.4 37.3
0 4835.715 4 4.4 37.3
0 4835.729 72 4.4 37.3
0 4835.857 8 4.4 37.3
0 4835.949 11 4.4 37.3
0 4836.059 9 4.4 37.3
0 4836.16 10 4.4 37.3
0 4836.259 10 4.4 37.3
0 4836.359 10 4.4 37.3
0 4836.452 11 4.4 37.3
0 4836.635 5 4.4 37.3
0 4836.82 5 4.4 37.3
0 4836.834 72 4.4 37.3
0 4836.948 9 4.4 37.3
0 4837.064 9 4.4 37.3
0 4837.26 5 4.4 37.3
0 4837.272 78 4.4 37.3
0 4837.494 5 4.4 37.3
0 4837.508 72 4.4 37.3
0 4837.715 5 4.4 37.3
0 4837.727 83 4.4 37.3
0 4837.955 4 4.4 37.3
0 4838.053 10 4.4 37.3
0 4838.069 64 4.4 37.3
0 4838.284 5 4.4 37.3
0 4838.298 73 4.4 37.3
0 4838.428 8 4.4 37.3
0 4838.52 11 4.4 37.3
0 4838.633 9 4.4 37.3
0 4838.708 13 4.4 37.3
0 4838.821 9 4.4 37.3
0 4839.014 5 4.4 37.3
0 4839.027 74 4.4 37.3
0 4839.163 7 4.4 37.3
0 4839.257 11 4.4 37.3
0 4839.349 11 4.4 37.3
0 4839.443 11 4.4 37.3
0 4839.558 9 4.4 37.3
0 4839.664 9 4.4 37.3
0 4839.799 7 4.4 37.3
0 4839.822 44 4.4 37.3
0 4839.924 10 4.4 37.3
0 4840.026 10 4.4 37.3
0 4840.247 5 4.6 37.3
0 4840.251 225 4.6 37.3
0 4840.358 9 4.6 37.3
0 4840.463 10 4.6 37.3
0 4840.721 4 4.6 37.3
0 4840.725 237 4.6 37.3
0 4840.839 9 4.6 37.3
0 4840.933 11 4.6 37.3
0 4841.038 10 4.6 37.3
0 4841.136 10 4.6 37.3
0 4841.241 10 4.6 37.3
0 4841.341 10 4.6 37.3
0 4841.437 10 4.6 37.3
0 4841.536 10 4.6 37.3
0 4841.742 5 4.6 37.3
0 4841.923 6 4.6 37.3
0 4841.926 284 4.6 37.3
0 4842.04 9 4.6 37.3
0 4842.14 10 4.6 37.3
0 4842.336 5 4.6 37.3
0 4842.342 173 4.6 37.3
0 4842.552 5 4.6 37.3
0 4842.556 257 4.6 37.3
0 4842.763 5 4.6 37.3
0 4842.766 336 4.6 37.3
0 4842.987 5 4.6 37.3
0 4843.075 11 4.6 37.3
0 4843.093 55 4.6 37.3
0 4843.306 5 4.6 37.3
0 4843.309 312 4.6 37.3
0 4843.426 9 4.6 37.3
0 4843.522 10 4.6 37.3
0 4843.651 8 4.6 37.3
0 4843.723 14 4.6 37.3
0 4843.851 8 4.6 37.3
0 4844.03 6 4.6 37.3
0 4844.043 76 4.6 37.3
0 4844.176 8 4.6 37.3
0 4844.272 10 4.6 37.3
0 4844.372 10 4.6 37.3
0 4844.451 13 4.6 37.3
0 4844.573 8 4.6 37.3
0 4844.65 13 4.6 37.3
0 4844.775 8 4.6 37.3
0 4844.873 10 4.6 37.3
0 4844.953 12 4.6 37.3
0 4845.079 8 4.6 37.3
0 4845.269 5 4.6 37.3
0 4845.283 70 4.6 37.3
0 4845.41 8 4.6 37.3
0 4845.51 10 4.6 37.3
0 4845.778 4 4.6 37.3
0 4845.792 72 4.6 37.3
0 4845.918 8 4.6 37.3
0 4846.013 11 4.6 37.3
0 4846.124 9 4.6 37.3
0 4846.222 10 4.6 37.3
0 4846.325 10 4.6 37.3
0 4846.42 10 4.6 37.3
0 4846.521 10 4.6 37.3
0 4846.621 10 4.6 37.3
0 4846.81 5 4.6 37.3
0 4846.999 5 4.6 37.3
0 4847.012 75 4.6 37.3
0 4847.144 8 4.6 37.3
0 4847.329 5 4.6 37.3
0 4847.343 72 4.6 37.3
0 4847.539 5 4.6 37.3
0 4847.553 74 4.6 37.3
0 4847.684 8 4.6 37.3
0 4847.863 6 4.6 37.3
0 4847.876 77 4.6 37.3
0 4848.104 4 4.6 37.3
0 4848.202 10 4.6 37.3
0 4848.303 10 4.6 37.3
0 4848.317 72 4.6 37.3
0 4848.438 8 4.6 37.3
0 4848.541 10 4.6 37.3
0 4848.645 10 4.6 37.3
0 4848.744 10 4.6 37.3
0 4848.849 10 4.6 37.3
0 4848.941 11 4.6 37.3
0 4849.148 5 4.6 37.3
0 4849.163 68 4.6 37.3
0 4849.289 8 4.6 37.3
0 4849.393 10 4.6 37.3
0 4849.49 10 4.6 37.3
0 4849.585 11 4.6 37.3
0 4849.693 9 4.6 37.3
0 4849.795 10 4.6 37.3
0 4849.889 11 4.6 37.3
0 4849.988 10 4.6 37.3
0 4850.094 9 4.6 37.3
0 4850.279 5 4.2 37.3
0 4850.294 66 4.2 37.3
0 4850.422 8 4.2 37.3
0 4850.516 11 4.2 37.3
0 4850.791 4 4.2 37.3
0 4850.808 60 4.2 37.3
0 4850.936 8 4.2 37.3
0 4851.034 10 4.2 37.3
0 4851.136 10 4.2 37.3
0 4851.235 10 4.2 37.3
0 4851.34 10 4.2 37.3
0 4851.433 11 4.2 37.3
0 4851.533 10 4.2 37.3
0 4851.636 10 4.2 37.3
0 4851.829 5 4.2 37.3
0 4852.014 5 4.2 37.3
0 4852.028 70 4.2 37.3
0 4852.158 8 4.2 37.3
0 4852.367 5 4.2 37.3
0 4852.382 68 4.2 37.3
0 4852.601 5 4.2 37.3
0 4852.615 72 4.2 37.3
0 4852.747 8 4.2 37.3
0 4852.93 5 4.2 37.3
0 4852.944 72 4.2 37.3
0 4853.175 4 4.2 37.3
0 4853.271 10 4.2 37.3
0 4853.372 10 4.2 37.3
0 4853.389 58 4.2 37.3
0 4853.49 10 4.2 37.3
0 4853.619 8 4.2 37.3
0 4853.721 10 4.2 37.3
0 4853.821 10 4.2 37.3
0 4853.913 11 4.2 37.3
0 4854.022 9 4.2 37.3
0 4854.211 5 4.2 37.3
0 4854.227 64 4.2 37.3
0 4854.358 8 4.2 37.3
0 4854.443 12 4.2 37.3
0 4854.556 9 4.2 37.3
0 4854.656 10 4.2 37.3
0 4854.755 10 4.2 37.3
0 4854.849 11 4.2 37.3
0 4854.945 10 4.2 37.3
0 4855.048 10 4.2 37.3
0 4855.158 9 4.2 37.3
0 4855.36 5 4.2 37.3
0 4855.373 74 4.2 37.3
0 4855.496 8 4.2 37.3
0 4855.575 13 4.2 37.3
0 4855.87 3 4.2 37.3
0 4855.885 67 4.2 37.3
0 4856.004 8 4.2 37.3
0 4856.096 11 4.2 37.3
0 4856.209 9 4.2 37.3
0 4856.291 12 4.2 37.3
0 4856.414 8 4.2 37.3
0 4856.504 11 4.2 37.3
0 4856.607 10 4.2 37.3
0 4856.714 9 4.2 37.3
0 4856.909 5 4.2 37.3
0 4857.096 5 4.2 37.3
0 4857.11 71 4.2 37.3
0 4857.237 8 4.2 37.3
0 4857.442 5 4.2 37.3
0 4857.629 5 4.2 37.3
0 4857.633 238 4.2 37.3
0 4857.744 9 4.2 37.3
0 4857.95 5 4.2 37.3
0 4857.954 289 4.2 37.3
0 4858.068 9 4.2 37.3
0 4858.273 5 4.2 37.3
0 4858.36 12 4.2 37.3
0 4858.478 8 4.2 37.3
0 4858.482 283 4.2 37.3
0 4858.597 9 4.2 37.3
0 4858.695 10 4.2 37.3
0 4858.8 10 4.2 37.3
0 4858.894 11 4.2 37.3
0 4858.998 10 4.2 37.3
0 4859.097 10 4.2 37.3
0 4859.305 5 4.2 37.3
0 4859.309 226 4.2 37.3
0 4859.418 9 4.2 37.3
0 4859.523 10 4.2 37.3
0 4859.623 10 4.2 37.3
0 4859.724 10 4.2 37.3
0 4859.857 7 4.2 37.3
0 4859.932 13 4.2 37.3
0 4860.051 8 4.2 37.3
0 4860.15 10 4.2 37.3
0 4860.25 10 4.2 37.3
0 4860.443 5 4.3 37.4
0 4860.458 67 4.3 37.4
0 4860.572 9 4.3 37.4
0 4860.69 8 4.3 37.4
0 4860.964 4 4.3 37.4
0 4860.977 78 4.3 37.4
0 4861.112 7 4.3 37.4
0 4861.21 10 4.3 37.4
0 4861.312 10 4.3 37.4
0 4861.399 11 4.3 37.4
0 4861.508 9 4.3 37.4
0 4861.612 10 4.3 37.4
0 4861.712 10 4.3 37.4
0 4861.813 10 4.3 37.4
0 4861.998 5 4.3 37.4
0 4862.183 5 4.3 37.4
0 4862.198 68 4.3 37.4
0 4862.324 8 4.3 37.4
0 4862.413 11 4.3 37.4
0 4862.697 4 4.3 37.4
0 4862.712 68 4.3 37.4
0 4862.846 7 4.3 37.4
0 4863.004 6 4.3 37.4
0 4863.017 77 4.3 37.4
0 4863.15 7 4.3 37.4
0 4863.339 5 4.3 37.4
0 4863.441 10 4.3 37.4
0 4863.537 10 4.3 37.4
0 4863.558 48 4.3 37.4
0 4863.677 8 4.3 37.4
0 4863.792 9 4.3 37.4
0 4863.891 10 4.3 37.4
0 4863.963 14 4.3 37.4
0 4864.088 8 4.3 37.4
0 4864.178 11 4.3 37.4
0 4864.378 5 4.3 37.4
0 4864.394 65 4.3 37.4
0 4864.526 8 4.3 37.4
0 4864.623 10 4.3 37.4
0 4864.709 12 4.3 37.4
0 4864.83 8 4.3 37.4
0 4864.924 11 4.3 37.4
0 4865.023 10 4.3 37.4
0 4865.125 10 4.3 37.4
0 4865.225 10 4.3 37.4
0 4865.323 10 4.3 37.4
0 4865.508 5 4.3 37.4
0 4865.522 70 4.3 37.4
0 4865.654 8 4.3 37.4
0 4865.754 10 4.3 37.4
0 4866.029 4 4.3 37.4
0 4866.043 73 4.3 37.4
0 4866.176 8 4.3 37.4
0 4866.274 10 4.3 37.4
0 4866.375 10 4.3 37.4
0 4866.457 12 4.3 37.4
0 4866.58 8 4.3 37.4
0 4866.675 10 4.3 37.4
0 4866.775 10 4.3 37.4
0 4866.875 10 4.3 37.4
0 4867.047 6 4.3 37.4
0 4867.233 5 4.3 37.4
0 4867.245 81 4.3 37.4
0 4867.378 8 4.3 37.4
0 4867.458 12 4.3 37.4
0 4867.747 3 4.3 37.4
0 4867.762 67 4.3 37.4
0 4867.894 8 4.3 37.4
0 4868.053 6 4.3 37.4
0 4868.065 81 4.3 37.4
0 4868.203 7 4.3 37.4
0 4868.387 5 4.3 37.4
0 4868.485 10 4.3 37.4
0 4868.593 9 4.3 37.4
0 4868.606 78 4.3 37.4
0 4868.742 7 4.3 37.4
0 4868.91 6 4.3 37.4
0 4868.915 180 4.3 37.4
0 4869.024 9 4.3 37.4
0 4869.124 10 4.3 37.4
0 4869.227 10 4.3 37.4
0 4869.439 5 4.3 37.4
0 4869.444 211 4.3 37.4
0 4869.553 9 4.3 37.4
0 4869.654 10 4.3 37.4
0 4869.757 10 4.3 37.4
0 4869.859 10 4.3 37.4
0 4869.952 11 4.3 37.4
0 4870.054 10 4.3 37.4
0 4870.154 10 4.3 37.4
0 4870.257 10 4.3 37.4
0 4870.359 10 4.3 37.4
0 4870.538 6 4.4 37.4
0 4870.545 132 4.4 37.4
0 4870.655 9 4.4 37.4
0 4870.759 10 4.4 37.4
0 4871.042 4 4.4 37.4
0 4871.047 196 4.4 37.4
0 4871.157 9 4.4 37.4
0 4871.26 10 4.4 37.4
0 4871.36 10 4.4 37.4
0 4871.447 12 4.4 37.4
0 4871.557 9 4.4 37.4
0 4871.658 10 4.4 37.4
0 4871.751 11 4.4 37.4
0 4871.864 9 4.4 37.4
0 4872.047 5 4.4 37.4
0 4872.051 261 4.4 37.4
0 4872.354 3 4.4 37.4
0 4872.359 196 4.4 37.4
0 4872.467 9 4.4 37.4
0 4872.748 4 4.4 37.4
0 4872.752 240 4.4 37.4
0 4872.868 9 4.4 37.4
0 4873.046 6 4.4 37.4
0 4873.052 166 4.4 37.4
0 4873.164 9 4.4 37.4
0 4873.266 10 4.4 37.4
0 4873.463 5 4.4 37.4
0 4873.554 11 4.4 37.4
0 4873.649 11 4.4 37.4
0 4873.67 47 4.4 37.4
0 4873.782 9 4.4 37.4
0 4873.992 5 4.4 37.4
0 4873.998 186 4.4 37.4
0 4874.113 9 4.4 37.4
0 4874.209 10 4.4 37.4
0 4874.311 10 4.4 37.4
0 4874.512 5 4.4 37.4
0 4874.517 216 4.4 37.4
0 4874.632 9 4.4 37.4
0 4874.729 10 4.4 37.4
0 4874.831 10 4.4 37.4
0 4874.927 10 4.4 37.4
0 4875.033 9 4.4 37.4
0 4875.127 11 4.4 37.4
0 4875.23 10 4.4 37.4
0 4875.333 10 4.4 37.4
0 4875.427 11 4.4 37.4
0 4875.641 5 4.4 37.4
0 4875.645 215 4.4 37.4
0 4875.758 9 4.4 37.4
0 4875.857 10 4.4 37.4
0 4876.117 4 4.4 37.4
0 4876.121 276 4.4 37.4
0 4876.237 9 4.4 37.4
0 4876.335 10 4.4 37.4
0 4876.435 10 4.4 37.4
0 4876.531 10 4.4 37.4
0 4876.639 9 4.4 37.4
0 4876.756 9 4.4 37.4
0 4876.862 9 4.4 37.4
0 4877.044 6 4.4 37.4
0 4877.056 79 4.4 37.4
0 4877.363 3 4.4 37.4
0 4877.377 71 4.4 37.4
0 4877.501 8 4.4 37.4
0 4877.787 3 4.4 37.4
0 4877.801 74 4.4 37.4
0 4877.924 8 4.4 37.4
0 4878.11 5 4.4 37.4
0 4878.122 82 4.4 37.4
0 4878.253 8 4.4 37.4
0 4878.354 10 4.4 37.4
0 4878.536 6 4.4 37.4
0 4878.632 10 4.4 37.4
0 4878.733 10 4.4 37.4
0 4878.75 59 4.4 37.4
0 4878.978 4 4.4 37.4
0 4878.993 67 4.4 37.4
0 4879.123 8 4.4 37.4
0 4879.222 10 4.4 37.4
0 4879.321 10 4.4 37.4
0 4879.515 5 4.4 37.4
0 4879.53 68 4.4 37.4
0 4879.659 8 4.4 37.4
0 4879.76 10 4.4 37.4
0 4879.861 10 4.4 37.4
0 4879.936 13 4.4 37.4
0 4880.041 10 4.4 37.4
0 4880.155 9 4.4 37.4
0 4880.26 10 4.4 37.4
0 4880.359 10 4.4 37.4
0 4880.452 11 4.4 37.4
0 4880.632 6 4.0 37.4
0 4880.645 75 4.0 37.4
0 4880.778 8 4.0 37.4
0 4880.876 10 4.0 37.4
0 4880.961 12 4.0 37.4
0 4881.151 5 4.0 37.4
0 4881.164 77 4.0 37.4
0 4881.296 8 4.0 37.4
0 4881.387 11 4.0 37.4
0 4881.468 12 4.0 37.4
0 4881.594 8 4.0 37.4
0 4881.684 11 4.0 37.4
0 4881.786 10 4.0 37.4
0 4881.889 10 4.0 37.4
0 4882.079 5 4.0 37.4
0 4882.093 72 4.0 37.4
0 4882.412 3 4.0 37.4
0 4882.427 68 4.0 37.4
0 4882.554 8 4.0 37.4
0 4882.829 4 4.0 37.4
0 4882.842 78 4.0 37.4
0 4882.962 8 4.0 37.4
0 4883.158 5 4.0 37.4
0 4883.171 79 4.0 37.4
0 4883.303 8 4.0 37.4
0 4883.4 10 4.0 37.4
0 4883.596 5 4.0 37.4
0 4883.695 10 4.0 37.4
0 4883.79 11 4.0 37.4
0 4883.811 48 4.0 37.4
0 4884.023 5 4.0 37.4
0 4884.038 68 4.0 37.4
0 4884.168 8 4.0 37.4
0 4884.269 10 4.0 37.4
0 4884.34 14 4.0 37.4
0 4884.539 5 4.0 37.4
0 4884.553 71 4.0 37.4
0 4884.685 8 4.0 37.4
0 4884.787 10 4.0 37.4
0 4884.882 10 4.0 37.4
0 4884.957 13 4.0 37.4
0 4885.083 8 4.0 37.4
0 4885.177 11 4.0 37.4
0 4885.288 9 4.0 37.4
0 4885.384 10 4.0 37.4
0 4885.461 13 4.0 37.4
0 4885.682 5 4.0 37.4
0 4885.696 71 4.0 37.4
0 4885.817 8 4.0 37.4
0 4885.916 10 4.0 37.4
0 4886.02 10 4.0 37.4
0 4886.223 5 4.0 37.4
0 4886.236 73 4.0 37.4
0 4886.365 8 4.0 37.4
0 4886.454 11 4.0 37.4
0 4886.545 11 4.0 37.4
0 4886.666 8 4.0 37.4
0 4886.741 13 4.0 37.4
0 4886.868 8 4.0 37.4
0 4886.956 11 4.0 37.4
0 4887.16 5 4.0 37.4
0 4887.174 71 4.0 37.4
0 4887.484 3 4.0 37.4
0 4887.498 67 4.0 37.4
0 4887.62 8 4.0 37.4
0 4887.893 4 4.0 37.4
0 4887.907 71 4.0 37.4
0 4888.037 8 4.0 37.4
0 4888.208 6 4.0 37.4
0 4888.221 77 4.0 37.4
0 4888.351 8 4.0 37.4
0 4888.449 10 4.0 37.4
0 4888.631 6 4.0 37.4
0 4888.725 11 4.0 37.4
0 4888.825 10 4.0 37.4
0 4888.845 51 4.0 37.4
0 4889.04 5 4.0 37.4
0 4889.055 68 4.0 37.4
0 4889.175 8 4.0 37.4
0 4889.282 9 4.0 37.4
0 4889.377 11 4.0 37.4
0 4889.56 5 4.0 37.4
0 4889.574 70 4.0 37.4
0 4889.699 8 4.0 37.4
0 4889.795 10 4.0 37.4
0 4889.903 9 4.0 37.4
0 4889.998 11 4.0 37.4
0 4890.089 11 4.0 37.4
0 4890.202 9 4.0 37.4
0 4890.304 10 4.0 37.4
0 4890.403 10 4.0 37.4
0 4890.505 10 4.0 37.4
0 4890.684 6 4.6 37.4
0 4890.698 74 4.6 37.4
0 4890.83 8 4.6 37.4
0 4890.929 10 4.6 37.4
0 4891.017 11 4.6 37.4
0 4891.121 10 4.6 37.4
0 4891.326 5 4.6 37.4
0 4891.341 66 4.6 37.4
0 4891.456 9 4.6 37.4
0 4891.57 9 4.6 37.4
0 4891.667 10 4.6 37.4
0 4891.763 10 4.6 37.4
0 4891.864 10 4.6 37.4
0 4891.956 11 4.6 37.4
0 4892.059 10 4.6 37.4
0 4892.269 5 4.6 37.4
0 4892.282 80 4.6 37.4
0 4892.584 3 4.6 37.4
0 4892.598 73 4.6 37.4
0 4892.976 3 4.6 37.4
0 4892.98 307 4.6 37.4
0 4893.096 9 4.6 37.4
0 4893.294 5 4.6 37.4
0 4893.297 308 4.6 37.4
0 4893.405 9 4.6 37.4
0 4893.508 10 4.6 37.4
0 4893.71 5 4.6 37.4
0 4893.797 11 4.6 37.4
0 4893.901 10 4.6 37.4
0 4893.915 72 4.6 37.4
0 4894.13 5 4.6 37.4
0 4894.133 282 4.6 37.4
0 4894.251 9 4.6 37.4
0 4894.338 11 4.6 37.4
0 4894.448 9 4.6 37.4
0 4894.637 5 4.6 37.4
0 4894.641 300 4.6 37.4
0 4894.757 9 4.6 37.4
0 4894.843 12 4.6 37.4
0 4894.95 9 4.6 37.4
0 4895.051 10 4.6 37.4
0 4895.152 10 4.6 37.4
0 4895.257 10 4.6 37.4
0 4895.346 11 4.6 37.4
0 4895.45 10 4.6 37.4
0 4895.552 10 4.6 37.4
0 4895.768 5 4.6 37.4
0 4895.773 207 4.6 37.4
0 4895.882 9 4.6 37.4
0 4895.986 10 4.6 37.4
0 4896.082 10 4.6 37.4
0 4896.184 10 4.6 37.4
0 4896.367 5 4.6 37.4
0 4896.372 195 4.6 37.4
0 4896.491 8 4.6 37.4
0 4896.582 11 4.6 37.4
0 4896.683 10 4.6 37.4
0 4896.781 10 4.6 37.4
0 4896.888 9 4.6 37.4
0 4896.993 10 4.6 37.4
0 4897.084 11 4.6 37.4
0 4897.286 5 4.6 37.4
0 4897.289 265 4.6 37.4
0 4897.404 9 4.6 37.4
0 4897.689 4 4.6 37.4
0 4897.692 308 4.6 37.4
0 4898.076 3 4.6 37.4
0 4898.081 184 4.6 37.4
0 4898.193 9 4.6 37.4
0 4898.389 5 4.6 37.4
0 4898.392 290 4.6 37.4
0 4898.502 9 4.6 37.4
0 4898.714 5 4.6 37.4
0 4898.802 11 4.6 37.4
0 4898.913 9 4.6 37.4
0 4898.917 251 4.6 37.4
0 4899.125 5 4.6 37.4
0 4899.13 177 4.6 37.4
0 4899.246 9 4.6 37.4
0 4899.341 11 4.6 37.4
0 4899.44 10 4.6 37.4
0 4899.539 10 4.6 37.4
0 4899.757 5 4.6 37.4
0 4899.762 218 4.6 37.4
0 4899.873 9 4.6 37.4
0 4899.97 10 4.6 37.4
0 4900.072 10 4.6 37.4
0 4900.18 9 4.6 37.4
0 4900.277 10 4.6 37.4
0 4900.374 10 4.6 37.4
0 4900.47 10 4.6 37.4
0 4900.57 10 4.6 37.4
0 4900.777 5 3.8 37.4
0 4900.782 211 3.8 37.4
0 4900.894 9 3.8 37.4
0 4900.991 10 3.8 37.4
0 4901.092 10 3.8 37.4
0 4901.2 9 3.8 37.4
0 4901.398 5 3.8 37.4
0 4901.401 317 3.8 37.4
0 4901.511 9 3.8 37.4
0 4901.611 10 3.8 37.4
0 4901.72 9 3.8 37.4
0 4901.812 11 3.8 37.4
0 4901.919 9 3.8 37.4
0 4902.012 11 3.8 37.4
0 4902.112 10 3.8 37.4
0 4902.324 5 3.8 37.4
0 4902.327 290 3.8 37.4
0 4902.439 9 3.8 37.4
0 4902.721 4 3.8 37.4
0 4902.726 188 3.8 37.4
0 4903.111 3 3.8 37.4
0 4903.114 293 3.8 37.4
0 4903.225 9 3.8 37.4
0 4903.43 5 3.8 37.4
0 4903.433 338 3.8 37.4
0 4903.544 9 3.8 37.4
0 4903.744 5 3.8 37.4
0 4903.83 12 3.8 37.4
0 4903.939 9 3.8 37.4
0 4903.948 113 3.8 37.4
0 4904.169 5 3.8 37.4
0 4904.172 261 3.8 37.4
0 4904.29 9 3.8 37.4
0 4904.384 11 3.8 37.4
0 4904.488 10 3.8 37.4
0 4904.586 10 3.8 37.4
0 4904.781 5 3.8 37.4
0 4904.786 217 3.8 37.4
0 4904.896 9 3.8 37.4
0 4905.001 10 3.8 37.4
0 4905.098 10 3.8 37.4
0 4905.197 10 3.8 37.4
0 4905.301 10 3.8 37.4
0 4905.399 10 3.8 37.4
0 4905.502 10 3.8 37.4
0 4905.624 8 3.8 37.4
0 4905.817 5 3.8 37.4
0 4905.831 72 3.8 37.4
0 4905.956 8 3.8 37.4
0 4906.067 9 3.8 37.4
0 4906.163 10 3.8 37.4
0 4906.265 10 3.8 37.4
0 4906.448 5 3.8 37.4
0 4906.462 73 3.8 37.4
0 4906.585 8 3.8 37.4
0 4906.696 9 3.8 37.4
0 4906.793 10 3.8 37.4
0 4906.896 10 3.8 37.4
0 4906.969 14 3.8 37.4
0 4907.093 8 3.8 37.4
0 4907.195 10 3.8 37.4
0 4907.388 5 3.8 37.4
0 4907.402 74 3.8 37.4
0 4907.52 8 3.8 37.4
0 4907.813 3 3.8 37.4
0 4907.826 75 3.8 37.4
0 4908.208 3 3.8 37.4
0 4908.223 68 3.8 37.4
0 4908.355 8 3.8 37.4
0 4908.535 6 3.8 37.4
0 4908.549 68 3.8 37.4
0 4908.763 5 3.8 37.4
0 4908.861 10 3.8 37.4
0 4908.959 10 3.8 37.4
0 4908.977 53 3.8 37.4
0 4909.102 8 3.8 37.4
0 4909.21 9 3.8 37.4
0 4909.318 9 3.8 37.4
0 4909.407 11 3.8 37.4
0 4909.501 11 3.8 37.4
0 4909.593 11 3.8 37.4
0 4909.716 8 3.8 37.4
0 4909.894 6 3.8 37.4
0 4909.91 64 3.8 37.4
0 4910.026 9 3.8 37.4
0 4910.125 10 3.8 37.4
0 4910.227 10 3.8 37.4
0 4910.312 12 3.8 37.4
0 4910.435 8 3.8 37.4
0 4910.528 11 3.8 37.4
0 4910.629 10 3.8 37.4
0 4910.817 5 4.2 37.5
0 4910.835 55 4.2 37.5
0 4910.959 8 4.2 37.5
0 4911.06 10 4.2 37.5
0 4911.164 10 4.2 37.5
0 4911.264 10 4.2 37.5
0 4911.44 6 4.2 37.5
0 4911.455 65 4.2 37.5
0 4911.585 8 4.2 37.5
0 4911.684 10 4.2 37.5
0 4911.788 10 4.2 37.5
0 4911.887 10 4.2 37.5
0 4911.968 12 4.2 37.5
0 4912.082 9 4.2 37.5
0 4912.173 11 4.2 37.5
0 4912.274 10 4.2 37.5
0 4912.467 5 4.2 37.5
0 4912.481 68 4.2 37.5
0 4912.596 9 4.2 37.5
0 4912.862 4 4.2 37.5
0 4912.876 72 4.2 37.5
0 4913.247 3 4.2 37.5
0 4913.26 74 4.2 37.5
0 4913.375 9 4.2 37.5
0 4913.552 6 4.2 37.5
0 4913.565 80 4.2 37.5
0 4913.77 5 4.2 37.5
0 4913.87 10 4.2 37.5
0 4913.97 10 4.2 37.5
0 4913.984 71 4.2 37.5
0 4914.102 8 4.2 37.5
0 4914.196 11 4.2 37.5
0 4914.303 9 4.2 37.5
0 4914.399 10 4.2 37.5
0 4914.499 10 4.2 37.5
0 4914.6 10 4.2 37.5
0 4914.705 10 4.2 37.5
0 4914.893 5 4.2 37.5
0 4914.906 75 4.2 37.5
0 4915.023 9 4.2 37.5
0 4915.129 9 4.2 37.5
0 4915.23 10 4.2 37.5
0 4915.329 10 4.2 37.5
0 4915.426 10 4.2 37.5
0 4915.514 11 4.2 37.5
0 4915.626 9 4.2 37.5
0 4915.724 10 4.2 37.5
0 4915.914 5 4.2 37.5
0 4915.928 69 4.2 37.5
0 4916.045 9 4.2 37.5
0 4916.144 10 4.2 37.5
0 4916.238 11 4.2 37.5
0 4916.355 9 4.2 37.5
0 4916.529 6 4.2 37.5
0 4916.542 72 4.2 37.5
0 4916.657 9 4.2 37.5
0 4916.75 11 4.2 37.5
0 4916.867 9 4.2 37.5
0 4916.962 11 4.2 37.5
0 4917.14 6 4.2 37.5
0 4917.144 251 4.2 37.5
0 4917.247 10 4.2 37.5
0 4917.461 5 4.2 37.5
0 4917.465 267 4.2 37.5
0 4917.577 9 4.2 37.5
0 4917.676 10 4.2 37.5
0 4917.955 4 4.2 37.5
0 4917.96 219 4.2 37.5
0 4918.317 3 4.2 37.5
0 4918.321 240 4.2 37.5
0 4918.434 9 4.2 37.5
0 4918.62 5 4.2 37.5
0 4918.623 330 4.2 37.5
0 4918.834 5 4.2 37.5
0 4918.918 12 4.2 37.5
0 4919.029 9 4.2 37.5
0 4919.037 112 4.2 37.5
0 4919.15 9 4.2 37.5
0 4919.248 10 4.2 37.5
0 4919.352 10 4.2 37.5
0 4919.449 10 4.2 37.5
0 4919.549 10 4.2 37.5
0 4919.653 10 4.2 37.5
0 4919.749 10 4.2 37.5
0 4919.951 5 4.2 37.5
0 4919.954 287 4.2 37.5
0 4920.069 9 4.2 37.5
0 4920.172 10 4.2 37.5
0 4920.263 11 4.2 37.5
0 4920.37 9 4.2 37.5
0 4920.458 11 4.2 37.5
0 4920.567 9 4.2 37.5
0 4920.657 11 4.2 37.5
0 4920.77 9 4.2 37.5
0 4920.968 5 4.4 37.4
0 4920.973 224 4.4 37.4
0 4921.084 9 4.4 37.4
0 4921.185 10 4.4 37.4
0 4921.288 10 4.4 37.4
0 4921.384 10 4.4 37.4
0 4921.557 6 4.4 37.4
0 4921.575 57 4.4 37.4
0 4921.688 9 4.4 37.4
0 4921.789 10 4.4 37.4
0 4921.885 10 4.4 37.4
0 4921.985 10 4.4 37.4
0 4922.18 5 4.4 37.4
0 4922.185 218 4.4 37.4
0 4922.3 9 4.4 37.4
0 4922.49 5 4.4 37.4
0 4922.493 261 4.4 37.4
0 4922.598 10 4.4 37.4
0 4922.702 10 4.4 37.4
0 4922.987 4 4.4 37.4
0 4922.991 258 4.4 37.4
0 4923.379 3 4.4 37.4
0 4923.384 206 4.4 37.4
0 4923.493 9 4.4 37.4
0 4923.69 5 4.4 37.4
0 4923.693 328 4.4 37.4
0 4923.907 5 4.4 37.4
0 4923.994 11 4.4 37.4
0 4924.099 10 4.4 37.4
0 4924.11 85 4.4 37.4
0 4924.222 9 4.4 37.4
0 4924.322 10 4.4 37.4
0 4924.426 10 4.4 37.4
0 4924.525 10 4.4 37.4
0 4924.611 12 4.4 37.4
0 4924.724 9 4.4 37.4
0 4924.823 10 4.4 37.4
0 4925.035 5 4.4 37.4
0 4925.04 211 4.4 37.4
0 4925.151 9 4.4 37.4
0 4925.251 10 4.4 37.4
0 4925.351 10 4.4 37.4
0 4925.456 10 4.4 37.4
0 4925.557 10 4.4 37.4
0 4925.646 11 4.4 37.4
0 4925.753 9 4.4 37.4
0 4925.852 10 4.4 37.4
0 4926.042 5 4.4 37.4
0 4926.046 255 4.4 37.4
0 4926.163 9 4.4 37.4
0 4926.258 11 4.4 37.4
0 4926.357 10 4.4 37.4
0 4926.457 10 4.4 37.4
0 4926.651 5 4.4 37.4
0 4926.655 233 4.4 37.4
0 4926.771 9 4.4 37.4
0 4926.867 10 4.4 37.4
0 4926.965 10 4.4 37.4
0 4927.066 10 4.4 37.4
0 4927.272 5 4.4 37.4
0 4927.277 194 4.4 37.4
0 4927.381 10 4.4 37.4
0 4927.585 5 4.4 37.4
0 4927.589 264 4.4 37.4
0 4927.69 10 4.4 37.4
0 4927.805 9 4.4 37.4
0 4928.086 4 4.4 37.4
0 4928.09 249 4.4 37.4
0 4928.468 3 4.4 37.4
0 4928.472 271 4.4 37.4
0 4928.577 10 4.4 37.4
0 4928.783 5 4.4 37.4
0 4928.787 302 4.4 37.4
0 4929.004 5 4.4 37.4
0 4929.093 11 4.4 37.4
0 4929.197 10 4.4 37.4
0 4929.209 84 4.4 37.4
0 4929.324 9 4.4 37.4
0 4929.416 11 4.4 37.4
0 4929.525 9 4.4 37.4
0 4929.624 10 4.4 37.4
0 4929.719 10 4.4 37.4
0 4929.824 9 4.4 37.4
0 4929.916 11 4.4 37.4
0 4930.123 5 4.4 37.4
0 4930.128 230 4.4 37.4
0 4930.238 9 4.4 37.4
0 4930.342 10 4.4 37.4
0 4930.439 10 4.4 37.4
0 4930.54 10 4.4 37.4
0 4930.643 10 4.4 37.4
0 4930.739 10 4.4 37.4
0 4930.839 10 4.4 37.4
0 4930.942 10 4.4 37.4
0 4931.147 5 3.6 37.4
0 4931.152 226 3.6 37.4
0 4931.262 9 3.6 37.4
0 4931.363 10 3.6 37.4
0 4931.46 10 3.6 37.4
0 4931.667 5 3.6 37.4
0 4931.67 327 3.6 37.4
0 4931.781 9 3.6 37.4
0 4931.883 10 3.6 37.4
0 4931.981 10 3.6 37.4
0 4932.084 10 3.6 37.4
0 4932.29 5 3.6 37.4
0 4932.294 249 3.6 37.4
0 4932.404 9 3.6 37.4
0 4932.604 5 3.6 37.4
0 4932.608 251 3.6 37.4
0 4932.724 9 3.6 37.4
0 4932.819 11 3.6 37.4
0 4933.113 3 3.6 37.4
0 4933.118 222 3.6 37.4
0 4933.5 3 3.6 37.4
0 4933.504 233 3.6 37.4
0 4933.614 9 3.6 37.4
0 4933.809 5 3.6 37.4
0 4933.812 324 3.6 37.4
0 4934.026 5 3.6 37.4
0 4934.114 11 3.6 37.4
0 4934.216 10 3.6 37.4
0 4934.23 75 3.6 37.4
0 4934.345 9 3.6 37.4
0 4934.441 10 3.6 37.4
0 4934.548 9 3.6 37.4
0 4934.642 11 3.6 37.4
0 4934.74 10 3.6 37.4
0 4934.847 9 3.6 37.4
0 4934.943 10 3.6 37.4
0 4935.153 5 3.6 37.4
0 4935.157 262 3.6 37.4
0 4935.262 10 3.6 37.4
0 4935.373 9 3.6 37.4
0 4935.462 11 3.6 37.4
0 4935.572 9 3.6 37.4
0 4935.661 11 3.6 37.4
0 4935.768 9 3.6 37.4
0 4935.874 9 3.6 37.4
0 4935.962 11 3.6 37.4
0 4936.182 5 3.6 37.4
0 4936.186 248 3.6 37.4
0 4936.296 9 3.6 37.4
0 4936.402 9 3.6 37.4
0 4936.497 11 3.6 37.4
0 4936.705 5 3.6 37.4
0 4936.708 282 3.6 37.4
0 4936.819 9 3.6 37.4
0 4936.925 9 3.6 37.4
0 4937.019 11 3.6 37.4
0 4937.122 10 3.6 37.4
0 4937.325 5 3.6 37.4
0 4937.329 285 3.6 37.4
0 4937.444 9 3.6 37.4
0 4937.646 5 3.6 37.4
0 4937.649 266 3.6 37.4
0 4937.765 9 3.6 37.4
0 4937.86 11 3.6 37.4
0 4938.131 4 3.6 37.4
0 4938.134 309 3.6 37.4
0 4938.509 3 3.6 37.4
0 4938.514 203 3.6 37.4
0 4938.618 10 3.6 37.4
0 4938.827 5 3.6 37.4
0 4938.831 277 3.6 37.4
0 4939.042 5 3.6 37.4
0 4939.132 11 3.6 37.4
0 4939.233 10 3.6 37.4
0 4939.246 77 3.6 37.4
0 4939.359 9 3.6 37.4
0 4939.455 10 3.6 37.4
0 4939.563 9 3.6 37.4
0 4939.66 10 3.6 37.4
0 4939.757 10 3.6 37.4
0 4939.861 10 3.6 37.4
0 4939.957 10 3.6 37.4
0 4940.17 5 3.6 37.4
0 4940.174 209 3.6 37.4
0 4940.274 10 3.6 37.4
0 4940.387 9 3.6 37.4
0 4940.474 11 3.6 37.4
0 4940.587 9 3.6 37.4
0 4940.676 11 3.6 37.4
0 4940.774 10 3.6 37.4
0 4940.888 9 3.6 37.4
0 4940.984 10 3.6 37.4
0 4941.193 5 3.6 37.4
0 4941.198 205 3.6 37.4
0 4941.307 9 3.6 37.4
0 4941.411 10 3.6 37.4
0 4941.507 10 3.6 37.4
0 4941.72 5 3.6 37.4
0 4941.724 263 3.6 37.4
0 4941.834 9 3.6 37.4
0 4941.937 10 3.6 37.4
0 4942.034 10 3.6 37.4
0 4942.136 10 3.6 37.4
0 4942.337 5 3.6 37.4
0 4942.341 290 3.6 37.4
0 4942.454 9 3.6 37.4
0 4942.655 5 3.6 37.4
0 4942.659 261 3.6 37.4
0 4942.779 8 3.6 37.4
0 4942.871 11 3.6 37.4
0 4943.131 4 3.6 37.4
0 4943.134 289 3.6 37.4
0 4943.247 9 3.6 37.4
0 4943.604 3 3.6 37.4
0 4943.608 253 3.6 37.4
0 4943.72 9 3.6 37.4
0 4943.905 5 3.6 37.4
0 4943.908 334 3.6 37.4
0 4944.117 5 3.6 37.4
0 4944.205 11 3.6 37.4
0 4944.317 9 3.6 37.4
0 4944.321 214 3.6 37.4
0 4944.435 9 3.6 37.4
0 4944.533 10 3.6 37.4
0 4944.64 9 3.6 37.4
0 4944.734 11 3.6 37.4
0 4944.825 11 3.6 37.4
0 4944.935 9 3.6 37.4
0 4945.034 10 3.6 37.4
0 4945.242 5 3.6 37.4
0 4945.247 186 3.6 37.4
0 4945.346 10 3.6 37.4
0 4945.459 9 3.6 37.4
0 4945.558 10 3.6 37.4
0 4945.656 10 3.6 37.4
0 4945.762 9 3.6 37.4
0 4945.856 11 3.6 37.4
0 4945.96 10 3.6 37.4
0 4946.058 10 3.6 37.4
0 4946.268 5 3.6 37.4
0 4946.273 173 3.6 37.4
0 4946.377 10 3.6 37.4
0 4946.48 10 3.6 37.4
0 4946.584 10 3.6 37.4
0 4946.79 5 3.6 37.4
0 4946.794 248 3.6 37.4
0 4946.906 9 3.6 37.4
0 4947.008 10 3.6 37.4
0 4947.105 10 3.6 37.4
0 4947.206 10 3.6 37.4
0 4947.414 5 3.6 37.4
0 4947.418 253 3.6 37.4
0 4947.531 9 3.6 37.4
0 4947.736 5 3.6 37.4
0 4947.739 310 3.6 37.4
0 4947.859 8 3.6 37.4
0 4947.952 11 3.6 37.4
0 4948.223 4 3.6 37.4
0 4948.227 263 3.6 37.4
0 4948.336 9 3.6 37.4
0 4948.699 3 3.6 37.4
0 4948.703 237 3.6 37.4
0 4948.815 9 3.6 37.4
0 4949.012 5 3.6 37.4
0 4949.016 251 3.6 37.4
0 4949.231 5 3.6 37.4
0 4949.403 6 3.6 37.4
0 4949.406 330 3.6 37.4
0 4949.516 9 3.6 37.4
0 4949.619 10 3.6 37.4
0 4949.721 10 3.6 37.4
0 4949.825 10 3.6 37.4
0 4949.922 10 3.6 37.4
0 4950.017 10 3.6 37.4
0 4950.12 10 3.6 37.4
0 4950.308 5 3.6 37.4
0 4950.312 265 3.6 37.4
0 4950.415 10 3.6 37.4
0 4950.523 9 3.6 37.4
0 4950.625 10 3.6 37.4
0 4950.723 10 3.6 37.4
0 4950.824 10 3.6 37.4
0 4950.932 9 3.6 37.4
0 4951.026 11 3.6 37.4
0 4951.126 10 3.6 37.4
0 4951.327 5 3.7 37.4
0 4951.33 269 3.7 37.4
0 4951.446 9 3.7 37.4
0 4951.543 10 3.7 37.4
0 4951.67 8 3.7 37.4
0 4951.828 6 3.7 37.4
0 4951.842 75 3.7 37.4
0 4951.96 8 3.7 37.4
0 4952.072 9 3.7 37.4
0 4952.174 10 3.7 37.4
0 4952.266 11 3.7 37.4
0 4952.455 5 3.7 37.4
0 4952.473 58 3.7 37.4
0 4952.598 8 3.7 37.4
0 4952.78 5 3.7 37.4
0 4952.793 77 3.7 37.4
0 4952.925 8 3.7 37.4
0 4953.022 10 3.7 37.4
0 4953.304 4 3.7 37.4
0 4953.319 65 3.7 37.4
0 4953.439 8 3.7 37.4
0 4953.721 4 3.7 37.4
0 4953.736 70 3.7 37.4
0 4953.838 10 3.7 37.4
0 4954.034 5 3.7 37.4
0 4954.046 80 3.7 37.4
0 4954.271 4 3.7 37.4
0 4954.451 6 3.7 37.4
0 4954.465 73 3.7 37.4
0 4954.593 8 3.7 37.4
0 4954.666 14 3.7 37.4
0 4954.795 8 3.7 37.4
0 4954.892 10 3.7 37.4
0 4954.976 12 3.7 37.4
0 4955.097 8 3.7 37.4
0 4955.196 10 3.7 37.4
0 4955.405 5 3.7 37.4
0 4955.419 74 3.7 37.4
0 4955.55 8 3.7 37.4
0 4955.65 10 3.7 37.4
0 4955.719 14 3.7 37.4
0 4955.837 8 3.7 37.4
0 4955.95 9 3.7 37.4
0 4956.05 10 3.7 37.4
0 4956.152 10 3.7 37.4
0 4956.347 5 3.7 37.4
0 4956.362 68 3.7 37.4
0 4956.476 9 3.7 37.4
0 4956.591 9 3.7 37.4
0 4956.692 10 3.7 37.4
0 4956.878 5 3.7 37.4
0 4956.891 78 3.7 37.4
0 4957.019 8 3.7 37.4
0 4957.116 10 3.7 37.4
0 4957.225 9 3.7 37.4
0 4957.321 10 3.7 37.4
0 4957.518 5 3.7 37.4
0 4957.532 72 3.7 37.4
0 4957.662 8 3.7 37.4
0 4957.857 5 3.7 37.4
0 4957.87 76 3.7 37.4
0 4957.986 9 3.7 37.4
0 4958.099 9 3.7 37.4
0 4958.378 4 3.7 37.4
0 4958.403 40 3.7 37.4
0 4958.537 7 3.7 37.4
0 4958.812 4 3.7 37.4
0 4958.837 39 3.7 37.4
0 4958.962 8 3.7 37.4
0 4959.131 6 3.7 37.4
0 4959.153 44 3.7 37.4
0 4959.374 5 3.7 37.4
0 4959.566 5 3.7 37.4
0 4959.589 44 3.7 37.4
0 4959.723 7 3.7 37.4
0 4959.819 10 3.7 37.4
0 4959.918 10 3.7 37.4
0 4959.996 13 3.7 37.4
0 4960.125 8 3.7 37.4
0 4960.219 11 3.7 37.4
0 4960.321 10 3.7 37.4
0 4960.418 10 3.7 37.4
0 4960.496 13 3.7 37.4
0 4960.626 8 3.7 37.4
0 4960.713 11 3.7 37.4
0 4960.818 10 3.7 37.4
0 4960.921 10 3.7 37.4
0 4960.998 13 3.7 37.4
0 4961.122 8 3.7 37.4
0 4961.222 10 3.7 37.4
0 4961.408 5 4.6 37.4
0 4961.432 41 4.6 37.4
0 4961.554 8 4.6 37.4
0 4961.651 10 4.6 37.4
0 4961.765 9 4.6 37.4
0 4961.946 6 4.6 37.4
0 4961.97 42 4.6 37.4
0 4962.114 7 4.6 37.4
0 4962.204 11 4.6 37.4
0 4962.301 10 4.6 37.4
0 4962.387 12 4.6 37.4
0 4962.585 5 4.6 37.4
0 4962.609 42 4.6 37.4
0 4962.735 8 4.6 37.4
0 4962.937 5 4.6 37.4
0 4962.96 45 4.6 37.4
0 4963.089 8 4.6 37.4
0 4963.192 10 4.6 37.4
0 4963.463 4 4.6 37.4
0 4963.487 42 4.6 37.4
0 4963.613 8 4.6 37.4
0 4963.886 4 4.6 37.4
0 4963.91 43 4.6 37.4
0 4964.041 8 4.6 37.4
0 4964.221 6 4.6 37.4
0 4964.244 45 4.6 37.4
0 4964.446 5 4.6 37.4
0 4964.639 5 4.6 37.4
0 4964.661 45 4.6 37.4
0 4964.791 8 4.6 37.4
0 4964.884 11 4.6 37.4
0 4964.982 10 4.6 37.4
0 4965.11 8 4.6 37.4
0 4965.198 11 4.6 37.4
0 4965.303 10 4.6 37.4
0 4965.38 13 4.6 37.4
0 4965.558 6 4.6 37.4
0 4965.571 77 4.6 37.4
0 4965.703 8 4.6 37.4
0 4965.808 9 4.6 37.4
0 4965.904 10 4.6 37.4
0 4965.982 13 4.6 37.4
0 4966.103 8 4.6 37.4
0 4966.205 10 4.6 37.4
0 4966.311 9 4.6 37.4
0 4966.476 6 4.6 37.4
0 4966.49 70 4.6 37.4
0 4966.622 8 4.6 37.4
0 4966.714 11 4.6 37.4
0 4966.827 9 4.6 37.4
0 4967.01 5 4.6 37.4
0 4967.022 81 4.6 37.4
0 4967.156 7 4.6 37.4
0 4967.245 11 4.6 37.4
0 4967.345 10 4.6 37.4
0 4967.445 10 4.6 37.4
0 4967.641 5 4.6 37.4
0 4967.655 75 4.6 37.4
0 4967.776 8 4.6 37.4
0 4967.967 5 4.6 37.4
0 4967.98 75 4.6 37.4
0 4968.114 7 4.6 37.4
0 4968.211 10 4.6 37.4
0 4968.312 10 4.6 37.4
0 4968.58 4 4.6 37.4
0 4968.594 72 4.6 37.4
0 4968.721 8 4.6 37.4
0 4968.992 4 4.6 37.4
0 4969.006 68 4.6 37.4
0 4969.209 5 4.6 37.4
0 4969.297 11 4.6 37.4
0 4969.313 65 4.6 37.4
0 4969.525 5 4.6 37.4
0 4969.705 6 4.6 37.4
0 4969.708 264 4.6 37.4
0 4969.82 9 4.6 37.4
0 4969.918 10 4.6 37.4
0 4970.02 10 4.6 37.4
0 4970.122 10 4.6 37.4
0 4970.231 9 4.6 37.4
0 4970.321 11 4.6 37.4
0 4970.421 10 4.6 37.4
0 4970.622 5 4.6 37.4
0 4970.626 260 4.6 37.4
0 4970.729 10 4.6 37.4
0 4970.838 9 4.6 37.4
0 4970.938 10 4.6 37.4
0 4971.037 10 4.6 37.4
0 4971.14 10 4.6 37.4
0 4971.248 9 4.6 37.4
0 4971.339 11 4.6 37.4
0 4971.536 5 4.6 37.4
0 4971.539 285 4.6 37.4
0 4971.653 9 4.6 37.4
0 4971.758 9 4.6 37.4
0 4971.853 11 4.6 37.4
0 4972.049 5 4.6 37.4
0 4972.052 323 4.6 37.4
0 4972.167 9 4.6 37.4
0 4972.273 9 4.6 37.4
0 4972.365 11 4.6 37.4
0 4972.465 10 4.6 37.4
0 4972.673 5 4.6 37.4
0 4972.677 230 4.6 37.4
0 4972.797 8 4.6 37.4
0 4972.992 5 4.6 37.4
0 4972.996 273 4.6 37.4
0 4973.106 9 4.6 37.4
0 4973.206 10 4.6 37.4
0 4973.318 9 4.6 37.4
0 4973.575 4 4.6 37.4
0 4973.579 238 4.6 37.4
0 4973.684 10 4.6 37.4
0 4973.792 9 4.6 37.4
0 4974.074 4 4.6 37.4
0 4974.078 284 4.6 37.4
0 4974.368 3 4.6 37.4
0 4974.372 233 4.6 37.4
0 4974.585 5 4.6 37.4
0 4974.757 6 4.6 37.4
0 4974.761 287 4.6 37.4
0 4974.873 9 4.6 37.4
0 4974.98 9 4.6 37.4
0 4975.076 10 4.6 37.4
0 4975.179 10 4.6 37.4
0 4975.274 11 4.6 37.4
0 4975.373 10 4.6 37.4
0 4975.471 10 4.6 37.4
0 4975.681 5 4.6 37.4
0 4975.684 319 4.6 37.4
0 4975.795 9 4.6 37.4
0 4975.896 10 4.6 37.4
0 4975.99 11 4.6 37.4
0 4976.098 9 4.6 37.4
0 4976.206 9 4.6 37.4
0 4976.298 11 4.6 37.4
0 4976.397 10 4.6 37.4
0 4976.582 5 4.6 37.4
0 4976.586 284 4.6 37.4
0 4976.708 8 4.6 37.4
0 4976.799 11 4.6 37.4
0 4976.899 10 4.6 37.4
0 4977.1 5 4.6 37.4
0 4977.103 305 4.6 37.4
0 4977.225 8 4.6 37.4
0 4977.316 11 4.6 37.4
0 4977.416 10 4.6 37.4
0 4977.517 10 4.6 37.4
0 4977.718 5 4.6 37.4
0 4977.725 148 4.6 37.4
0 4977.827 10 4.6 37.4
0 4978.027 5 4.6 37.4
0 4978.031 244 4.6 37.4
0 4978.141 9 4.6 37.4
0 4978.253 9 4.6 37.4
0 4978.343 11 4.6 37.4
0 4978.621 4 4.6 37.4
0 4978.625 255 4.6 37.4
0 4978.734 9 4.6 37.4
0 4978.845 9 4.6 37.4
0 4979.115 4 4.6 37.4
0 4979.119 276 4.6 37.4
0 4979.417 3 4.6 37.4
0 4979.422 209 4.6 37.4
0 4979.635 5 4.6 37.4
0 4979.806 6 4.6 37.4
0 4979.81 260 4.6 37.4
0 4979.919 9 4.6 37.4
0 4980.028 9 4.6 37.4
0 4980.121 11 4.6 37.4
0 4980.222 10 4.6 37.4
0 4980.325 10 4.6 37.4
0 4980.429 10 4.6 37.4
0 4980.516 11 4.6 37.4
0 4980.726 5 4.6 37.4
0 4980.729 325 4.6 37.4
0 4980.831 10 4.6 37.4
0 4980.947 9 4.6 37.4
0 4981.042 11 4.6 37.4
0 4981.134 11 4.6 37.4
0 4981.247 9 4.6 37.4
0 4981.343 10 4.6 37.4
0 4981.431 11 4.6 37.4
0 4981.641 5 3.7 37.4
0 4981.644 290 3.7 37.4
0 4981.761 9 3.7 37.4
0 4981.859 10 3.7 37.4
0 4981.955 10 3.7 37.4
0 4982.158 5 3.7 37.4
0 4982.161 294 3.7 37.4
0 4982.277 9 3.7 37.4
0 4982.376 10 3.7 37.4
0 4982.471 10 3.7 37.4
0 4982.575 10 3.7 37.4
0 4982.778 5 3.7 37.4
0 4982.783 208 3.7 37.4
0 4982.897 9 3.7 37.4
0 4983.086 5 3.7 37.4
0 4983.101 69 3.7 37.4
0 4983.232 8 3.7 37.4
0 4983.332 10 3.7 37.4
0 4983.431 10 3.7 37.4
0 4983.689 4 3.7 37.4
0 4983.703 74 3.7 37.4
0 4983.812 9 3.7 37.4
0 4983.926 9 3.7 37.4
0 4984.194 4 3.7 37.4
0 4984.209 71 3.7 37.4
0 4984.494 3 3.7 37.4
0 4984.51 64 3.7 37.4
0 4984.637 8 3.7 37.4
0 4984.896 4 3.7 37.4
0 4984.91 73 3.7 37.4
0 4985.043 8 3.7 37.4
0 4985.14 10 3.7 37.4
0 4985.241 10 3.7 37.4
0 4985.324 12 3.7 37.4
0 4985.442 9 3.7 37.4
0 4985.568 8 3.7 37.4
0 4985.663 11 3.7 37.4
0 4985.905 4 3.7 37.4
0 4985.92 69 3.7 37.4
0 4986.051 8 3.7 37.4
0 4986.152 10 3.7 37.4
0 4986.25 10 3.7 37.4
0 4986.349 10 3.7 37.4
0 4986.449 10 3.7 37.4
0 4986.638 5 3.7 37.4
0 4986.653 65 3.7 37.4
0 4986.777 8 3.7 37.4
0 4986.872 11 3.7 37.4
0 4986.975 10 3.7 37.4
0 4987.085 9 3.7 37.4
0 4987.261 6 3.7 37.4
0 4987.273 79 3.7 37.4
0 4987.399 8 3.7 37.4
0 4987.492 11 3.7 37.4
0 4987.601 9 3.7 37.4
0 4987.802 5 3.7 37.4
0 4987.818 65 3.7 37.4
0 4987.944 8 3.7 37.4
0 4988.143 5 3.7 37.4
0 4988.157 69 3.7 37.4
0 4988.287 8 3.7 37.4
0 4988.389 10 3.7 37.4
0 4988.48 11 3.7 37.4
0 4988.752 4 3.7 37.4
0 4988.766 73 3.7 37.4
0 4988.896 8 3.7 37.4
0 4988.983 11 3.7 37.4
0 4989.097 9 3.7 37.4
0 4989.292 5 3.7 37.4
0 4989.306 70 3.7 37.4
0 4989.592 3 3.7 37.4
0 4989.606 73 3.7 37.4
0 4989.735 8 3.7 37.4
0 4989.997 4 3.7 37.4
0 4990.012 70 3.7 37.4
0 4990.139 8 3.7 37.4
0 4990.24 10 3.7 37.4
0 4990.341 10 3.7 37.4
0 4990.44 10 3.7 37.4
0 4990.539 10 3.7 37.4
0 4990.636 10 3.7 37.4
0 4990.91 4 3.7 37.4
0 4990.923 75 3.7 37.4
0 4991.054 8 3.7 37.4
0 4991.154 10 3.7 37.4
0 4991.253 10 3.7 37.4
0 4991.356 10 3.7 37.4
0 4991.454 10 3.7 37.4
0 4991.644 5 4.6 37.4
0 4991.658 75 4.6 37.4
0 4991.789 8 4.6 37.4
0 4991.888 10 4.6 37.4
0 4991.981 11 4.6 37.4
0 4992.092 9 4.6 37.4
0 4992.282 5 4.6 37.4
0 4992.305 44 4.6 37.4
0 4992.444 7 4.6 37.4
0 4992.512 15 4.6 37.4
0 4992.64 8 4.6 37.4
0 4992.743 10 4.6 37.4
0 4992.826 12 4.6 37.4
0 4992.947 8 4.6 37.4
0 4993.02 14 4.6 37.4
0 4993.227 5 4.6 37.4
0 4993.252 40 4.6 37.4
0 4993.368 9 4.6 37.4
0 4993.484 9 4.6 37.4
0 4993.597 9 4.6 37.4
0 4993.855 4 4.6 37.4
0 4993.878 44 4.6 37.4
0 4993.996 8 4.6 37.4
0 4994.111 9 4.6 37.4
0 4994.295 5 4.6 37.4
0 4994.317 44 4.6 37.4
0 4994.609 3 4.6 37.4
0 4994.631 44 4.6 37.4
0 4994.736 9 4.6 37.4
0 4995.012 4 4.6 37.4
0 4995.036 42 4.6 37.4
0 4995.171 7 4.6 37.4
0 4995.25 13 4.6 37.4
0 4995.355 10 4.6 37.4
0 4995.455 10 4.6 37.4
0 4995.564 9 4.6 37.4
0 4995.669 10 4.6 37.4
0 4995.922 4 4.6 37.4
0 4995.945 44 4.6 37.4
0 4996.08 7 4.6 37.4
0 4996.251 6 4.6 37.4
0 4996.264 78 4.6 37.4
0 4996.394 8 4.6 37.4
0 4996.488 11 4.6 37.4
0 4996.671 5 4.6 37.4
0 4996.686 68 4.6 37.4
0 4996.818 8 4.6 37.4
0 4996.914 10 4.6 37.4
0 4997.001 11 4.6 37.4
0 4997.114 9 4.6 37.4
0 4997.286 6 4.6 37.4
0 4997.299 76 4.6 37.4
0 4997.406 9 4.6 37.4
0 4997.515 9 4.6 37.4
0 4997.636 8 4.6 37.4
0 4997.732 10 4.6 37.4
0 4997.841 9 4.6 37.4
0 4997.906 15 4.6 37.4
0 4998.027 8 4.6 37.4
0 4998.132 9 4.6 37.4
0 4998.309 6 4.6 37.4
0 4998.324 66 4.6 37.4
0 4998.445 8 4.6 37.4
0 4998.534 11 4.6 37.4
0 4998.646 9 4.6 37.4
0 4998.924 4 4.6 37.4
0 4998.938 75 4.6 37.4
0 4999.063 8 4.6 37.4
0 4999.145 12 4.6 37.4
0 4999.357 5 4.6 37.4
0 4999.371 76 4.6 37.4
0 4999.666 3 4.6 37.4
0 4999.681 70 4.6 37.4
0 4999.815 7 4.6 37.4
0 5000.078 4 4.6 37.4
0 5000.092 69 4.6 37.4
0 5000.228 7 4.6 37.4
0 5000.32 11 4.6 37.4
0 5000.401 12 4.6 37.4
0 5000.514 9 4.6 37.4
0 5000.62 9 4.6 37.4
0 5000.725 10 4.6 37.4
0 5000.991 4 4.6 37.4
0 5001.003 81 4.6 37.4
0 5001.142 7 4.6 37.4
0 5001.314 6 4.6 37.4
0 5001.328 74 4.6 37.4
0 5001.452 8 4.6 37.4
0 5001.542 11 4.6 37.4
0 5001.75 5 4.9 37.4
0 5001.762 81 4.9 37.4
0 5001.899 7 4.9 37.4
0 5001.99 11 4.9 37.4
0 5002.091 10 4.9 37.4
0 5002.203 9 4.9 37.4
0 5002.38 6 4.9 37.4
0 5002.394 73 4.9 37.4
0 5002.519 8 4.9 37.4
0 5002.626 9 4.9 37.4
0 5002.732 9 4.9 37.4
0 5002.827 11 4.9 37.4
0 5002.946 8 4.9 37.4
0 5003.029 12 4.9 37.4
0 5003.126 10 4.9 37.4
0 5003.329 5 4.9 37.4
0 5003.352 44 4.9 37.4
0 5003.487 7 4.9 37.4
0 5003.568 12 4.9 37.4
0 5003.698 8 4.9 37.4
0 5003.951 4 4.9 37.4
0 5003.977 37 4.9 37.4
0 5004.115 7 4.9 37.4
0 5004.215 10 4.9 37.4
0 5004.297 12 4.9 37.4
0 5004.411 9 4.9 37.4
0 5004.505 11 4.9 37.4
0 5004.789 4 4.9 37.4
0 5004.814 40 4.9 37.4
0 5005.11 3 4.9 37.4
0 5005.135 41 4.9 37.4
0 5005.272 7 4.9 37.4
0 5005.371 10 4.9 37.4
0 5005.465 11 4.9 37.4
0 5005.558 11 4.9 37.4
0 5005.684 8 4.9 37.4
0 5005.759 13 4.9 37.4
0 5006.057 3 4.9 37.4
0 5006.091 29 4.9 37.4
0 5006.25 6 4.9 37.4
0 5006.388 7 4.9 37.4
0 5006.427 26 4.9 37.4
0 5006.544 9 4.9 37.4
0 5006.77 4 4.9 37.4
0 5006.804 29 4.9 37.4
0 5006.94 7 4.9 37.4
0 5007.028 11 4.9 37.4
0 5007.135 9 4.9 37.4
0 5007.254 8 4.9 37.4
0 5007.423 6 4.9 37.4
0 5007.456 30 4.9 37.4
0 5007.613 6 4.9 37.4
0 5007.705 11 4.9 37.4
0 5007.815 9 4.9 37.4
0 5007.889 14 4.9 37.4
0 5008.001 9 4.9 37.4
0 5008.083 12 4.9 37.4
0 5008.206 8 4.9 37.4
0 5008.394 5 4.9 37.4
0 5008.428 29 4.9 37.4
0 5008.574 7 4.9 37.4
0 5008.672 10 4.9 37.4
0 5008.849 6 4.9 37.4
0 5009.046 5 4.9 37.4
0 5009.074 37 4.9 37.4
0 5009.186 9 4.9 37.4
0 5009.31 8 4.9 37.4
0 5009.398 11 4.9 37.4
0 5009.493 11 4.9 37.4
0 5009.599 9 4.9 37.4
0 5009.778 6 4.9 37.4
0 5009.803 39 4.9 37.4
0 5010.002 5 4.9 37.4
0 5010.119 9 4.9 37.4
0 5010.144 41 4.9 37.4
0 5010.279 7 4.9 37.4
0 5010.377 10 4.9 37.4
0 5010.473 10 4.9 37.4
0 5010.564 11 4.9 37.4
0 5010.685 8 4.9 37.4
0 5010.773 11 4.9 37.4
0 5011.048 4 4.9 37.4
0 5011.071 43 4.9 37.4
0 5011.214 7 4.9 37.4
0 5011.394 6 4.9 37.4
0 5011.493 10 4.9 37.4
0 5011.507 71 4.9 37.4
0 5011.633 8 4.9 37.4
0 5011.83 5 5.5 37.4
0 5011.843 79 5.5 37.4
0 5011.97 8 5.5 37.4
0 5012.08 9 5.5 37.4
0 5012.17 11 5.5 37.4
0 5012.278 9 5.5 37.4
0 5012.458 6 5.5 37.4
0 5012.471 76 5.5 37.4
0 5012.593 8 5.5 37.4
0 5012.699 9 5.5 37.4
0 5012.8 10 5.5 37.4
0 5012.9 10 5.5 37.4
0 5012.991 11 5.5 37.4
0 5013.09 10 5.5 37.4
0 5013.195 10 5.5 37.4
0 5013.386 5 5.5 37.4
0 5013.4 71 5.5 37.4
0 5013.505 10 5.5 37.4
0 5013.622 9 5.5 37.4
0 5013.705 12 5.5 37.4
0 5013.934 4 5.5 37.4
0 5014.118 5 5.5 37.4
0 5014.132 75 5.5 37.4
0 5014.259 8 5.5 37.4
0 5014.364 10 5.5 37.4
0 5014.456 11 5.5 37.4
0 5014.557 10 5.5 37.4
0 5014.659 10 5.5 37.4
0 5014.86 5 5.5 37.4
0 5014.877 60 5.5 37.4
0 5015.155 4 5.5 37.4
0 5015.169 71 5.5 37.4
0 5015.295 8 5.5 37.4
0 5015.4 10 5.5 37.4
0 5015.491 11 5.5 37.4
0 5015.595 10 5.5 37.4
0 5015.696 10 5.5 37.4
0 5015.778 12 5.5 37.4
0 5016.071 3 5.5 37.4
0 5016.096 40 5.5 37.4
0 5016.222 8 5.5 37.4
0 5016.501 4 5.5 37.4
0 5016.525 41 5.5 37.4
0 5016.664 7 5.5 37.4
0 5016.868 5 5.5 37.4
0 5016.89 45 5.5 37.4
0 5017.005 9 5.5 37.4
0 5017.113 9 5.5 37.4
0 5017.237 8 5.5 37.4
0 5017.332 11 5.5 37.4
0 5017.514 5 5.5 37.4
0 5017.536 45 5.5 37.4
0 5017.674 7 5.5 37.4
0 5017.78 9 5.5 37.4
0 5017.875 11 5.5 37.4
0 5017.978 10 5.5 37.4
0 5018.076 10 5.5 37.4
0 5018.174 10 5.5 37.4
0 5018.282 9 5.5 37.4
0 5018.442 6 5.5 37.4
0 5018.465 44 5.5 37.4
0 5018.6 7 5.5 37.4
0 5018.766 6 5.5 37.4
0 5018.782 61 5.5 37.4
0 5018.996 5 5.5 37.4
0 5019.174 6 5.5 37.4
0 5019.187 77 5.5 37.4
0 5019.319 8 5.5 37.4
0 5019.399 13 5.5 37.4
0 5019.501 10 5.5 37.4
0 5019.606 9 5.5 37.4
0 5019.718 9 5.5 37.4
0 5019.918 5 5.5 37.4
0 5019.932 71 5.5 37.4
0 5020.056 8 5.5 37.4
0 5020.229 6 5.5 37.4
0 5020.242 80 5.5 37.4
0 5020.375 8 5.5 37.4
0 5020.468 11 5.5 37.4
0 5020.568 10 5.5 37.4
0 5020.667 10 5.5 37.4
0 5020.771 10 5.5 37.4
0 5020.876 10 5.5 37.4
0 5021.138 4 5.5 37.4
0 5021.151 79 5.5 37.4
0 5021.282 8 5.5 37.4
0 5021.549 4 5.5 37.4
0 5021.563 76 5.5 37.4
0 5021.691 8 5.5 37.4
0 5021.891 5 4.7 37.4
0 5021.906 66 4.7 37.4
0 5022.028 8 4.7 37.4
0 5022.126 10 4.7 37.4
0 5022.228 10 4.7 37.4
0 5022.335 9 4.7 37.4
0 5022.413 13 4.7 37.4
0 5022.619 5 4.7 37.4
0 5022.633 70 4.7 37.4
0 5022.744 9 4.7 37.4
0 5022.847 10 4.7 37.4
0 5022.977 8 4.7 37.4
0 5023.075 10 4.7 37.4
0 5023.158 12 4.7 37.4
0 5023.261 10 4.7 37.4
0 5023.467 5 4.7 37.4
0 5023.493 39 4.7 37.4
0 5023.636 7 4.7 37.4
0 5023.786 7 4.7 37.4
0 5023.808 46 4.7 37.4
0 5023.997 5 4.7 37.4
0 5024.195 5 4.7 37.4
0 5024.217 44 4.7 37.4
0 5024.351 7 4.7 37.4
0 5024.444 11 4.7 37.4
0 5024.546 10 4.7 37.4
0 5024.657 9 4.7 37.4
0 5024.761 10 4.7 37.4
0 5024.946 5 4.7 37.4
0 5024.97 41 4.7 37.4
0 5025.117 7 4.7 37.4
0 5025.279 6 4.7 37.4
0 5025.302 43 4.7 37.4
0 5025.449 7 4.7 37.4
0 5025.519 14 4.7 37.4
0 5025.638 8 4.7 37.4
0 5025.748 9 4.7 37.4
0 5025.806 17 4.7 37.4
0 5025.936 8 4.7 37.4
0 5026.193 4 4.7 37.4
0 5026.219 39 4.7 37.4
0 5026.336 9 4.7 37.4
0 5026.535 5 4.7 37.4
0 5026.558 44 4.7 37.4
0 5026.669 9 4.7 37.4
0 5026.898 4 4.7 37.4
0 5026.923 39 4.7 37.4
0 5027.046 8 4.7 37.4
0 5027.153 9 4.7 37.4
0 5027.26 9 4.7 37.4
0 5027.361 10 4.7 37.4
0 5027.439 13 4.7 37.4
0 5027.637 5 4.7 37.4
0 5027.661 42 4.7 37.4
0 5027.793 8 4.7 37.4
0 5027.896 10 4.7 37.4
0 5027.99 11 4.7 37.4
0 5028.089 10 4.7 37.4
0 5028.181 11 4.7 37.4
0 5028.291 9 4.7 37.4
0 5028.545 4 4.7 37.4
0 5028.558 76 4.7 37.4
0 5028.686 8 4.7 37.4
0 5028.863 6 4.7 37.4
0 5028.876 77 4.7 37.4
0 5029.082 5 4.7 37.4
0 5029.265 5 4.7 37.4
0 5029.35 12 4.7 37.4
0 5029.373 42 4.7 37.4
0 5029.486 9 4.7 37.4
0 5029.582 10 4.7 37.4
0 5029.678 10 4.7 37.4
0 5029.776 10 4.7 37.4
0 5029.986 5 4.7 37.4
0 5030.001 65 4.7 37.4
0 5030.135 7 4.7 37.4
0 5030.306 6 4.7 37.4
0 5030.319 80 4.7 37.4
0 5030.43 9 4.7 37.4
0 5030.552 8 4.7 37.4
0 5030.644 11 4.7 37.4
0 5030.733 11 4.7 37.4
0 5030.845 9 4.7 37.4
0 5030.95 10 4.7 37.4
0 5031.213 4 4.7 37.4
0 5031.226 78 4.7 37.4
0 5031.357 8 4.7 37.4
0 5031.531 6 4.7 37.4
0 5031.546 71 4.7 37.4
0 5031.672 8 4.7 37.4
0 5031.781 9 4.7 37.4
0 5031.976 5 5.1 37.4
0 5031.991 70 5.1 37.4
0 5032.121 8 5.1 37.4
0 5032.204 12 5.1 37.4
0 5032.325 8 5.1 37.4
0 5032.419 11 5.1 37.4
0 5032.499 13 5.1 37.4
0 5032.698 5 5.1 37.4
0 5032.711 75 5.1 37.4
0 5032.846 7 5.1 37.4
0 5032.935 11 5.1 37.4
0 5033.014 13 5.1 37.4
0 5033.138 8 5.1 37.4
0 5033.231 11 5.1 37.4
0 5033.338 9 5.1 37.4
0 5033.59 4 5.1 37.4
0 5033.605 70 5.1 37.4
0 5033.722 9 5.1 37.4
0 5033.911 5 5.1 37.4
0 5033.923 79 5.1 37.4
0 5034.135 5 5.1 37.4
0 5034.33 5 5.1 37.4
0 5034.353 43 5.1 37.4
0 5034.485 8 5.1 37.4
0 5034.569 12 5.1 37.4
0 5034.669 10 5.1 37.4
0 5034.766 10 5.1 37.4
0 5034.87 10 5.1 37.4
0 5034.957 11 5.1 37.4
0 5035.074 9 5.1 37.4
0 5035.19 9 5.1 37.4
0 5035.368 6 5.1 37.4
0 5035.393 40 5.1 37.4
0 5035.515 8 5.1 37.4
0 5035.638 8 5.1 37.4
0 5035.726 11 5.1 37.4
0 5035.815 11 5.1 37.4
0 5035.909 11 5.1 37.4
0 5036.016 9 5.1 37.4
0 5036.282 4 5.1 37.4
0 5036.306 41 5.1 37.4
0 5036.441 7 5.1 37.4
0 5036.597 6 5.1 37.4
0 5036.628 32 5.1 37.4
0 5036.752 8 5.1 37.4
0 5036.844 11 5.1 37.4
0 5037.034 5 5.1 37.4
0 5037.057 44 5.1 37.4
0 5037.196 7 5.1 37.4
0 5037.296 10 5.1 37.4
0 5037.395 10 5.1 37.4
0 5037.492 10 5.1 37.4
0 5037.587 11 5.1 37.4
0 5037.766 6 5.1 37.4
0 5037.789 44 5.1 37.4
0 5037.934 7 5.1 37.4
0 5038.007 14 5.1 37.4
0 5038.123 9 5.1 37.4
0 5038.221 10 5.1 37.4
0 5038.334 9 5.1 37.4
0 5038.412 13 5.1 37.4
0 5038.687 4 5.1 37.4
0 5038.71 43 5.1 37.4
0 5038.854 7 5.1 37.4
0 5039.027 6 5.1 37.4
0 5039.133 9 5.1 37.4
0 5039.158 40 5.1 37.4
0 5039.45 3 5.1 37.4
0 5039.475 41 5.1 37.4
0 5039.607 8 5.1 37.4
0 5039.702 11 5.1 37.4
0 5039.783 12 5.1 37.4
0 5039.903 8 5.1 37.4
0 5039.999 10 5.1 37.4
0 5040.098 10 5.1 37.4
0 5040.209 9 5.1 37.4
0 5040.384 6 5.1 37.4
0 5040.407 44 5.1 37.4
0 5040.518 9 5.1 37.4
0 5040.705 5 5.1 37.4
0 5040.72 67 5.1 37.4
0 5040.82 10 5.1 37.4
0 5040.947 8 5.1 37.4
0 5041.052 10 5.1 37.4
0 5041.319 4 5.1 37.4
0 5041.332 76 5.1 37.4
0 5041.462 8 5.1 37.4
0 5041.657 5 5.1 37.4
0 5041.672 64 5.1 37.4
0 5041.786 9 5.1 37.4
0 5041.898 9 5.1 37.4
0 5042.092 5 5.2 37.4
0 5042.105 73 5.2 37.4
0 5042.227 8 5.2 37.4
0 5042.337 9 5.2 37.4
0 5042.409 14 5.2 37.4
0 5042.507 10 5.2 37.4
0 5042.631 8 5.2 37.4
0 5042.809 6 5.2 37.4
0 5042.822 82 5.2 37.4
0 5042.959 7 5.2 37.4
0 5043.049 11 5.2 37.4
0 5043.158 9 5.2 37.4
0 5043.329 6 5.2 37.4
0 5043.333 249 5.2 37.4
0 5043.448 9 5.2 37.4
0 5043.73 4 5.2 37.4
0 5043.735 226 5.2 37.4
0 5043.849 9 5.2 37.4
0 5044.134 4 5.2 37.4
0 5044.137 301 5.2 37.4
0 5044.347 5 5.2 37.4
0 5044.35 271 5.2 37.4
0 5044.568 5 5.2 37.4
0 5044.573 216 5.2 37.4
0 5044.672 10 5.2 37.4
0 5044.787 9 5.2 37.4
0 5044.889 10 5.2 37.4
0 5044.978 11 5.2 37.4
0 5045.089 9 5.2 37.4
0 5045.183 11 5.2 37.4
0 5045.379 5 5.2 37.4
0 5045.383 299 5.2 37.4
0 5045.492 9 5.2 37.4
0 5045.6 9 5.2 37.4
0 5045.803 5 5.2 37.4
0 5045.808 216 5.2 37.4
0 5045.921 9 5.2 37.4
0 5046.019 10 5.2 37.4
0 5046.124 10 5.2 37.4
0 5046.407 4 5.2 37.4
0 5046.411 226 5.2 37.4
0 5046.525 9 5.2 37.4
0 5046.734 5 5.2 37.4
0 5046.738 281 5.2 37.4
0 5046.844 9 5.2 37.4
0 5046.953 9 5.2 37.4
0 5047.161 5 5.2 37.4
0 5047.165 250 5.2 37.4
0 5047.278 9 5.2 37.4
0 5047.375 10 5.2 37.4
0 5047.479 10 5.2 37.4
0 5047.58 10 5.2 37.4
0 5047.677 10 5.2 37.4
0 5047.878 5 5.2 37.4
0 5047.881 331 5.2 37.4
0 5047.993 9 5.2 37.4
0 5048.096 10 5.2 37.4
0 5048.195 10 5.2 37.4
0 5048.397 5 5.2 37.4
0 5048.402 236 5.2 37.4
0 5048.503 10 5.2 37.4
0 5048.805 3 5.2 37.4
0 5048.808 302 5.2 37.4
0 5048.923 9 5.2 37.4
0 5049.201 4 5.2 37.4
0 5049.204 295 5.2 37.4
0 5049.42 5 5.2 37.4
0 5049.424 314 5.2 37.4
0 5049.638 5 5.2 37.4
0 5049.642 256 5.2 37.4
0 5049.752 9 5.2 37.4
0 5049.872 8 5.2 37.4
0 5049.983 9 5.2 37.4
0 5050.081 10 5.2 37.4
0 5050.155 14 5.2 37.4
0 5050.279 8 5.2 37.4
0 5050.473 5 5.2 37.4
0 5050.488 67 5.2 37.4
0 5050.615 8 5.2 37.4
0 5050.818 5 5.2 37.4
0 5050.831 78 5.2 37.4
0 5050.953 8 5.2 37.4
0 5051.062 9 5.2 37.4
0 5051.162 10 5.2 37.4
0 5051.436 4 5.2 37.4
0 5051.449 79 5.2 37.4
0 5051.583 7 5.2 37.4
0 5051.766 5 5.2 37.4
0 5051.779 77 5.2 37.4
0 5051.908 8 5.2 37.4
0 5052.0 11 5.2 37.4
0 5052.213 5 3.9 37.4
0 5052.227 74 3.9 37.4
0 5052.354 8 3.9 37.4
0 5052.455 10 3.9 37.4
0 5052.553 10 3.9 37.4
0 5052.661 9 3.9 37.4
0 5052.751 11 3.9 37.4
0 5052.938 5 3.9 37.4
0 5052.95 80 3.9 37.4
0 5053.069 8 3.9 37.4
0 5053.173 10 3.9 37.4
0 5053.278 9 3.9 37.4
0 5053.464 5 3.9 37.4
0 5053.477 78 3.9 37.4
0 5053.605 8 3.9 37.4
0 5053.703 10 3.9 37.4
0 5053.885 6 3.9 37.4
0 5053.898 76 3.9 37.4
0 5054.009 9 3.9 37.4
0 5054.3 3 3.9 37.4
0 5054.314 72 3.9 37.4
0 5054.529 5 3.9 37.4
0 5054.621 11 3.9 37.4
0 5054.642 46 3.9 37.4
0 5054.762 8 3.9 37.4
0 5054.854 11 3.9 37.4
0 5054.973 8 3.9 37.4
0 5055.069 10 3.9 37.4
0 5055.171 10 3.9 37.4
0 5055.248 13 3.9 37.4
0 5055.36 9 3.9 37.4
0 5055.547 5 3.9 37.4
0 5055.56 76 3.9 37.4
0 5055.681 8 3.9 37.4
0 5055.874 5 3.9 37.4
0 5055.889 63 3.9 37.4
0 5056.007 9 3.9 37.4
0 5056.111 10 3.9 37.4
0 5056.21 10 3.9 37.4
0 5056.466 4 3.9 37.4
0 5056.481 67 3.9 37.4
0 5056.764 4 3.9 37.4
0 5056.767 270 3.9 37.4
0 5056.878 9 3.9 37.4
0 5056.986 9 3.9 37.4
0 5057.087 10 3.9 37.4
0 5057.29 5 3.9 37.4
0 5057.294 253 3.9 37.4
0 5057.404 9 3.9 37.4
0 5057.5 10 3.9 37.4
0 5057.61 9 3.9 37.4
0 5057.704 11 3.9 37.4
0 5057.805 10 3.9 37.4
0 5058.006 5 3.9 37.4
0 5058.01 293 3.9 37.4
0 5058.127 9 3.9 37.4
0 5058.217 11 3.9 37.4
0 5058.311 11 3.9 37.4
0 5058.516 5 3.9 37.4
0 5058.52 207 3.9 37.4
0 5058.638 8 3.9 37.4
0 5058.729 11 3.9 37.4
0 5058.952 4 3.9 37.4
0 5058.965 78 3.9 37.4
0 5059.096 8 3.9 37.4
0 5059.367 4 3.9 37.4
0 5059.381 73 3.9 37.4
0 5059.685 3 3.9 37.4
0 5059.698 72 3.9 37.4
0 5059.823 8 3.9 37.4
0 5059.926 10 3.9 37.4
0 5060.008 12 3.9 37.4
0 5060.129 8 3.9 37.4
0 5060.212 12 3.9 37.4
0 5060.33 9 3.9 37.4
0 5060.42 11 3.9 37.4
0 5060.599 6 3.9 37.4
0 5060.612 77 3.9 37.4
0 5060.715 10 3.9 37.4
0 5060.899 5 3.9 37.4
0 5060.915 64 3.9 37.4
0 5061.04 8 3.9 37.4
0 5061.142 10 3.9 37.4
0 5061.228 12 3.9 37.4
0 5061.52 3 3.9 37.4
0 5061.534 73 3.9 37.4
0 5061.658 8 3.9 37.4
0 5061.862 5 3.9 37.4
0 5061.875 77 3.9 37.4
0 5062.004 8 3.9 37.4
0 5062.102 10 3.9 37.4
0 5062.298 5 4.4 37.4
0 5062.312 71 4.4 37.4
0 5062.441 8 4.4 37.4
0 5062.521 13 4.4 37.4
0 5062.636 9 4.4 37.4
0 5062.733 10 4.4 37.4
0 5062.837 10 4.4 37.4
0 5063.025 5 4.4 37.4
0 5063.038 76 4.4 37.4
0 5063.159 8 4.4 37.4
0 5063.256 10 4.4 37.4
0 5063.361 10 4.4 37.4
0 5063.561 5 4.4 37.4
0 5063.577 62 4.4 37.4
0 5063.705 8 4.4 37.4
0 5063.804 10 4.4 37.4
0 5064.02 5 4.4 37.4
0 5064.033 77 4.4 37.4
0 5064.149 9 4.4 37.4
0 5064.432 4 4.4 37.4
0 5064.447 70 4.4 37.4
0 5064.755 3 4.4 37.4
0 5064.769 73 4.4 37.4
0 5064.89 8 4.4 37.4
0 5064.997 9 4.4 37.4
0 5065.097 10 4.4 37.4
0 5065.196 10 4.4 37.4
0 5065.29 11 4.4 37.4
0 5065.393 10 4.4 37.4
0 5065.499 9 4.4 37.4
0 5065.681 5 4.4 37.4
0 5065.695 69 4.4 37.4
0 5065.913 5 4.4 37.4
0 5065.927 72 4.4 37.4
0 5066.04 9 4.4 37.4
0 5066.154 9 4.4 37.4
0 5066.245 11 4.4 37.4
0 5066.529 4 4.4 37.4
0 5066.544 67 4.4 37.4
0 5066.672 8 4.4 37.4
0 5066.862 5 4.4 37.4
0 5066.876 73 4.4 37.4
0 5067.003 8 4.4 37.4
0 5067.105 10 4.4 37.4
0 5067.306 5 4.4 37.4
0 5067.319 76 4.4 37.4
0 5067.44 8 4.4 37.4
0 5067.524 12 4.4 37.4
0 5067.646 8 4.4 37.4
0 5067.749 10 4.4 37.4
0 5067.84 11 4.4 37.4
0 5068.05 5 4.4 37.4
0 5068.063 74 4.4 37.4
0 5068.198 7 4.4 37.4
0 5068.29 11 4.4 37.4
0 5068.389 10 4.4 37.4
0 5068.591 5 4.4 37.4
0 5068.606 65 4.4 37.4
0 5068.808 5 4.4 37.4
0 5068.811 307 4.4 37.4
0 5069.024 5 4.4 37.4
0 5069.028 299 4.4 37.4
0 5069.145 9 4.4 37.4
0 5069.346 5 4.4 37.4
0 5069.439 11 4.4 37.4
0 5069.45 87 4.4 37.4
0 5069.56 9 4.4 37.4
0 5069.845 4 4.4 37.4
0 5069.851 171 4.4 37.4
0 5069.959 9 4.4 37.4
0 5070.059 10 4.4 37.4
0 5070.159 10 4.4 37.4
0 5070.263 10 4.4 37.4
0 5070.372 9 4.4 37.4
0 5070.459 11 4.4 37.4
0 5070.559 10 4.4 37.4
0 5070.767 5 4.4 37.4
0 5070.77 324 4.4 37.4
0 5070.982 5 4.4 37.4
0 5070.992 98 4.4 37.4
0 5071.095 10 4.4 37.4
0 5071.196 10 4.4 37.4
0 5071.3 10 4.4 37.4
0 5071.589 3 4.4 37.4
0 5071.592 315 4.4 37.4
0 5071.698 9 4.4 37.4
0 5071.906 5 4.4 37.4
0 5071.91 212 4.4 37.4
0 5072.01 10 4.4 37.4
0 5072.126 9 4.4 37.4
0 5072.333 5 4.3 37.4
0 5072.337 251 4.3 37.4
0 5072.452 9 4.3 37.4
0 5072.547 10 4.3 37.4
0 5072.655 9 4.3 37.4
0 5072.749 11 4.3 37.4
0 5072.851 10 4.3 37.4
0 5073.055 5 4.3 37.4
0 5073.058 332 4.3 37.4
0 5073.175 8 4.3 37.4
0 5073.268 11 4.3 37.4
0 5073.37 10 4.3 37.4
0 5073.475 10 4.3 37.4
0 5073.678 5 4.3 37.4
0 5073.683 220 4.3 37.4
0 5073.902 5 4.3 37.4
0 5073.905 325 4.3 37.4
0 5074.091 5 4.3 37.4
0 5074.108 62 4.3 37.4
0 5074.219 9 4.3 37.4
0 5074.507 3 4.3 37.4
0 5074.523 63 4.3 37.4
0 5074.642 8 4.3 37.4
0 5074.917 4 4.3 37.4
0 5074.93 75 4.3 37.4
0 5075.062 8 4.3 37.4
0 5075.16 10 4.3 37.4
0 5075.257 10 4.3 37.4
0 5075.349 11 4.3 37.4
0 5075.45 10 4.3 37.4
0 5075.544 11 4.3 37.4
0 5075.744 5 4.3 37.4
0 5075.757 78 4.3 37.4
0 5075.863 9 4.3 37.4
0 5076.075 5 4.3 37.4
0 5076.089 70 4.3 37.4
0 5076.217 8 4.3 37.4
0 5076.292 13 4.3 37.4
0 5076.392 10 4.3 37.4
0 5076.669 4 4.3 37.4
0 5076.673 247 4.3 37.4
0 5076.785 9 4.3 37.4
0 5076.971 5 4.3 37.4
0 5076.975 295 4.3 37.4
0 5077.086 9 4.3 37.4
0 5077.196 9 4.3 37.4
0 5077.395 5 4.3 37.4
0 5077.399 255 4.3 37.4
0 5077.504 10 4.3 37.4
0 5077.61 9 4.3 37.4
0 5077.719 9 4.3 37.4
0 5077.811 11 4.3 37.4
0 5077.91 10 4.3 37.4
0 5078.099 5 4.3 37.4
0 5078.102 294 4.3 37.4
0 5078.222 8 4.3 37.4
0 5078.313 11 4.3 37.4
0 5078.407 11 4.3 37.4
0 5078.514 9 4.3 37.4
0 5078.725 5 4.3 37.4
0 5078.73 190 4.3 37.4
0 5078.945 5 4.3 37.4
0 5078.949 318 4.3 37.4
0 5079.172 4 4.3 37.4
0 5079.177 194 4.3 37.4
0 5079.297 8 4.3 37.4
0 5079.568 4 4.3 37.4
0 5079.571 285 4.3 37.4
0 5079.687 9 4.3 37.4
0 5079.979 3 4.3 37.4
0 5079.984 221 4.3 37.4
0 5080.097 9 4.3 37.4
0 5080.199 10 4.3 37.4
0 5080.294 10 4.3 37.4
0 5080.394 10 4.3 37.4
0 5080.502 9 4.3 37.4
0 5080.597 11 4.3 37.4
0 5080.785 5 4.3 37.4
0 5080.788 323 4.3 37.4
0 5080.899 9 4.3 37.4
0 5081.092 5 4.3 37.4
0 5081.096 254 4.3 37.4
0 5081.207 9 4.3 37.4
0 5081.311 10 4.3 37.4
0 5081.405 11 4.3 37.4
0 5081.687 4 4.3 37.4
0 5081.691 243 4.3 37.4
0 5081.801 9 4.3 37.4
0 5081.997 5 4.3 37.4
0 5082.001 225 4.3 37.4
0 5082.114 9 4.3 37.4
0 5082.218 10 4.3 37.4
0 5082.423 5 3.9 37.4
0 5082.427 260 3.9 37.4
0 5082.543 9 3.9 37.4
0 5082.64 10 3.9 37.4
0 5082.745 10 3.9 37.4
0 5082.838 11 3.9 37.4
0 5082.938 10 3.9 37.4
0 5083.145 5 3.9 37.4
0 5083.148 295 3.9 37.4
0 5083.266 8 3.9 37.4
0 5083.36 11 3.9 37.4
0 5083.458 10 3.9 37.4
0 5083.563 10 3.9 37.4
0 5083.783 5 3.9 37.4
0 5083.788 215 3.9 37.4
0 5084.0 5 3.9 37.4
0 5084.004 313 3.9 37.4
0 5084.225 5 3.9 37.4
0 5084.23 195 3.9 37.4
0 5084.347 9 3.9 37.4
0 5084.612 4 3.9 37.4
0 5084.616 220 3.9 37.4
0 5084.726 9 3.9 37.4
0 5085.011 4 3.9 37.4
0 5085.015 248 3.9 37.4
0 5085.13 9 3.9 37.4
0 5085.226 11 3.9 37.4
0 5085.326 10 3.9 37.4
0 5085.429 10 3.9 37.4
0 5085.529 10 3.9 37.4
0 5085.631 10 3.9 37.4
0 5085.819 5 3.9 37.4
0 5085.822 311 3.9 37.4
0 5085.938 9 3.9 37.4
0 5086.141 5 3.9 37.4
0 5086.145 237 3.9 37.4
0 5086.255 9 3.9 37.4
0 5086.356 10 3.9 37.4
0 5086.455 10 3.9 37.4
0 5086.743 3 3.9 37.4
0 5086.747 238 3.9 37.4
0 5086.857 9 3.9 37.4
0 5087.054 5 3.9 37.4
0 5087.058 256 3.9 37.4
0 5087.17 9 3.9 37.4
0 5087.277 9 3.9 37.4
0 5087.476 5 3.9 37.4
0 5087.48 247 3.9 37.4
0 5087.597 9 3.9 37.4
0 5087.692 11 3.9 37.4
0 5087.797 9 3.9 37.4
0 5087.89 11 3.9 37.4
0 5087.992 10 3.9 37.4
0 5088.185 5 3.9 37.4
0 5088.189 298 3.9 37.4
0 5088.308 8 3.9 37.4
0 5088.394 12 3.9 37.4
0 5088.501 9 3.9 37.4
0 5088.603 10 3.9 37.4
0 5088.804 5 3.9 37.4
0 5088.809 198 3.9 37.4
0 5089.02 5 3.9 37.4
0 5089.023 328 3.9 37.4
0 5089.231 5 3.9 37.4
0 5089.235 208 3.9 37.4
0 5089.352 9 3.9 37.4
0 5089.63 4 3.9 37.4
0 5089.635 227 3.9 37.4
0 5089.749 9 3.9 37.4
0 5090.036 3 3.9 37.4
0 5090.04 236 3.9 37.4
0 5090.155 9 3.9 37.4
0 5090.255 10 3.9 37.4
0 5090.351 10 3.9 37.4
0 5090.45 10 3.9 37.4
0 5090.558 9 3.9 37.4
0 5090.657 10 3.9 37.4
0 5090.851 5 3.9 37.4
0 5090.855 293 3.9 37.4
0 5090.965 9 3.9 37.4
0 5091.17 5 3.9 37.4
0 5091.175 216 3.9 37.4
0 5091.285 9 3.9 37.4
0 5091.39 10 3.9 37.4
0 5091.474 12 3.9 37.4
0 5091.773 3 3.9 37.4
0 5091.777 257 3.9 37.4
0 5091.891 9 3.9 37.4
0 5092.077 5 3.9 37.4
0 5092.081 242 3.9 37.4
0 5092.192 9 3.9 37.4
0 5092.3 9 3.9 37.4
0 5092.498 5 3.8 37.4
0 5092.501 264 3.8 37.4
0 5092.616 9 3.8 37.4
0 5092.713 10 3.8 37.4
0 5092.822 9 3.8 37.4
0 5092.917 11 3.8 37.4
0 5093.007 11 3.8 37.4
0 5093.218 5 3.8 37.4
0 5093.221 328 3.8 37.4
0 5093.34 8 3.8 37.4
0 5093.436 10 3.8 37.4
0 5093.531 11 3.8 37.4
0 5093.636 10 3.8 37.4
0 5093.844 5 3.8 37.4
0 5093.849 201 3.8 37.4
0 5094.05 5 3.8 37.4
0 5094.053 334 3.8 37.4
0 5094.272 5 3.8 37.4
0 5094.275 308 3.8 37.4
0 5094.395 8 3.8 37.4
0 5094.671 4 3.8 37.4
0 5094.676 222 3.8 37.4
0 5094.786 9 3.8 37.4
0 5095.071 4 3.8 37.4
0 5095.075 220 3.8 37.4
0 5095.193 8 3.8 37.4
0 5095.285 11 3.8 37.4
0 5095.386 10 3.8 37.4
0 5095.484 10 3.8 37.4
0 5095.592 9 3.8 37.4
0 5095.694 10 3.8 37.4
0 5095.894 5 3.8 37.4
0 5095.897 326 3.8 37.4
0 5096.003 9 3.8 37.4
0 5096.218 5 3.8 37.4
0 5096.223 182 3.8 37.4
0 5096.332 9 3.8 37.4
0 5096.43 10 3.8 37.4
0 5096.522 11 3.8 37.4
0 5096.821 3 3.8 37.4
0 5096.825 244 3.8 37.4
0 5096.935 9 3.8 37.4
0 5097.132 5 3.8 37.4
0 5097.135 264 3.8 37.4
0 5097.25 9 3.8 37.4
0 5097.355 10 3.8 37.4
0 5097.552 5 3.8 37.4
0 5097.565 76 3.8 37.4
0 5097.696 8 3.8 37.4
0 5097.796 10 3.8 37.4
0 5097.897 10 3.8 37.4
0 5097.996 10 3.8 37.4
0 5098.094 10 3.8 37.4
0 5098.282 5 3.8 37.4
0 5098.296 72 3.8 37.4
0 5098.418 8 3.8 37.4
0 5098.515 10 3.8 37.4
0 5098.623 9 3.8 37.4
0 5098.726 10 3.8 37.4
0 5098.922 5 3.8 37.4
0 5098.937 66 3.8 37.4
0 5099.142 5 3.8 37.4
0 5099.154 82 3.8 37.4
0 5099.374 5 3.8 37.4
0 5099.388 72 3.8 37.4
0 5099.675 3 3.8 37.4
0 5099.688 77 3.8 37.4
0 5099.819 8 3.8 37.4
0 5100.094 4 3.8 37.4
0 5100.108 70 3.8 37.4
0 5100.228 8 3.8 37.4
0 5100.333 10 3.8 37.4
0 5100.438 10 3.8 37.4
0 5100.519 12 3.8 37.4
0 5100.643 8 3.8 37.4
0 5100.713 14 3.8 37.4
0 5100.91 5 3.8 37.4
0 5100.924 70 3.8 37.4
0 5101.029 10 3.8 37.4
0 5101.234 5 3.8 37.4
0 5101.248 73 3.8 37.4
0 5101.377 8 3.8 37.4
0 5101.476 10 3.8 37.4
0 5101.567 11 3.8 37.4
0 5101.68 9 3.8 37.4
0 5101.874 5 3.8 37.4
0 5101.888 73 3.8 37.4
0 5102.015 8 3.8 37.4
0 5102.217 5 3.8 37.4
0 5102.231 71 3.8 37.4
0 5102.359 8 3.8 37.4
0 5102.563 5 4.0 37.4
0 5102.576 75 4.0 37.4
0 5102.708 8 4.0 37.4
0 5102.81 10 4.0 37.4
0 5102.908 10 4.0 37.4
0 5103.008 10 4.0 37.4
0 5103.106 10 4.0 37.4
0 5103.295 5 4.0 37.4
0 5103.309 69 4.0 37.4
0 5103.436 8 4.0 37.4
0 5103.522 12 4.0 37.4
0 5103.638 9 4.0 37.4
0 5103.736 10 4.0 37.4
0 5103.914 6 4.0 37.4
0 5103.927 77 4.0 37.4
0 5104.052 8 4.0 37.4
0 5104.243 5 4.0 37.4
0 5104.257 74 4.0 37.4
0 5104.464 5 4.0 37.4
0 5104.477 77 4.0 37.4
0 5104.764 3 4.0 37.4
0 5104.778 73 4.0 37.4
0 5104.911 7 4.0 37.4
0 5105.174 4 4.0 37.4
0 5105.189 67 4.0 37.4
0 5105.32 8 4.0 37.4
0 5105.4 13 4.0 37.4
0 5105.514 9 4.0 37.4
0 5105.596 12 4.0 37.4
0 5105.735 7 4.0 37.4
0 5105.834 10 4.0 37.4
0 5105.988 7 4.0 37.4
0 5106.021 30 4.0 37.4
0 5106.148 8 4.0 37.4
0 5106.249 10 4.0 37.4
0 5106.345 11 4.0 37.4
0 5106.455 9 4.0 37.4
0 5106.534 13 4.0 37.4
0 5106.654 8 4.0 37.4
0 5106.756 10 4.0 37.4
0 5106.935 6 4.0 37.4
0 5106.959 42 4.0 37.4
0 5107.086 8 4.0 37.4
0 5107.278 5 4.0 37.4
0 5107.301 44 4.0 37.4
0 5107.437 7 4.0 37.4
0 5107.616 6 4.0 37.4
0 5107.642 38 4.0 37.4
0 5107.786 7 4.0 37.4
0 5107.881 11 4.0 37.4
0 5107.981 10 4.0 37.4
0 5108.06 13 4.0 37.4
0 5108.176 9 4.0 37.4
0 5108.356 6 4.0 37.4
0 5108.388 31 4.0 37.4
0 5108.515 8 4.0 37.4
0 5108.603 11 4.0 37.4
0 5108.727 8 4.0 37.4
0 5108.821 11 4.0 37.4
0 5109.022 5 4.0 37.4
0 5109.047 41 4.0 37.4
0 5109.256 5 4.0 37.4
0 5109.351 11 4.0 37.4
0 5109.37 52 4.0 37.4
0 5109.586 5 4.0 37.4
0 5109.763 6 4.0 37.4
0 5109.778 69 4.0 37.4
0 5109.906 8 4.0 37.4
0 5109.983 13 4.0 37.4
0 5110.272 3 4.0 37.4
0 5110.287 69 4.0 37.4
0 5110.416 8 4.0 37.4
0 5110.514 10 4.0 37.4
0 5110.612 10 4.0 37.4
0 5110.719 9 4.0 37.4
0 5110.822 10 4.0 37.4
0 5110.888 15 4.0 37.4
0 5111.101 5 4.0 37.4
0 5111.115 71 4.0 37.4
0 5111.244 8 4.0 37.4
0 5111.347 10 4.0 37.4
0 5111.444 10 4.0 37.4
0 5111.522 13 4.0 37.4
0 5111.643 8 4.0 37.4
0 5111.747 10 4.0 37.4
0 5111.949 5 4.0 37.4
0 5111.963 75 4.0 37.4
0 5112.082 8 4.0 37.4
0 5112.304 5 4.0 37.4
0 5112.327 43 4.0 37.4
0 5112.464 7 4.0 37.4
0 5112.639 6 4.8 37.4
0 5112.662 43 4.8 37.4
0 5112.799 7 4.8 37.4
0 5112.906 9 4.8 37.4
0 5112.974 15 4.8 37.4
0 5113.076 10 4.8 37.4
0 5113.203 8 4.8 37.4
0 5113.401 5 4.8 37.4
0 5113.425 42 4.8 37.4
0 5113.534 9 4.8 37.4
0 5113.666 8 4.8 37.4
0 5113.771 10 4.8 37.4
0 5113.862 11 4.8 37.4
0 5114.068 5 4.8 37.4
0 5114.093 41 4.8 37.4
0 5114.236 7 4.8 37.4
0 5114.424 5 4.8 37.4
0 5114.45 38 4.8 37.4
0 5114.668 5 4.8 37.4
0 5114.87 5 4.8 37.4
0 5114.893 44 4.8 37.4
0 5115.025 8 4.8 37.4
0 5115.284 4 4.8 37.4
0 5115.308 43 4.8 37.4
0 5115.439 8 4.8 37.4
0 5115.531 11 4.8 37.4
0 5115.612 12 4.8 37.4
0 5115.736 8 4.8 37.4
0 5115.841 10 4.8 37.4
0 5115.908 15 4.8 37.4
0 5116.122 5 4.8 37.4
0 5116.145 45 4.8 37.4
0 5116.257 9 4.8 37.4
0 5116.385 8 4.8 37.4
0 5116.463 13 4.8 37.4
0 5116.568 9 4.8 37.4
0 5116.762 5 4.8 37.4
0 5116.775 76 4.8 37.4
0 5117.001 4 4.8 37.4
0 5117.014 75 4.8 37.4
0 5117.141 8 4.8 37.4
0 5117.339 5 4.8 37.4
0 5117.352 74 4.8 37.4
0 5117.48 8 4.8 37.4
0 5117.659 6 4.8 37.4
0 5117.673 75 4.8 37.4
0 5117.802 8 4.8 37.4
0 5117.903 10 4.8 37.4
0 5118.002 10 4.8 37.4
0 5118.087 12 4.8 37.4
0 5118.201 9 4.8 37.4
0 5118.396 5 4.8 37.4
0 5118.411 66 4.8 37.4
0 5118.523 9 4.8 37.4
0 5118.634 9 4.8 37.4
0 5118.737 10 4.8 37.4
0 5118.837 10 4.8 37.4
0 5118.941 10 4.8 37.4
0 5119.117 6 4.8 37.4
0 5119.13 76 4.8 37.4
0 5119.259 8 4.8 37.4
0 5119.452 5 4.8 37.4
0 5119.467 69 4.8 37.4
0 5119.684 5 4.8 37.4
0 5119.784 10 4.8 37.4
0 5119.88 10 4.8 37.4
0 5119.898 58 4.8 37.4
0 5120.023 8 4.8 37.4
0 5120.306 4 4.8 37.4
0 5120.319 77 4.8 37.4
0 5120.447 8 4.8 37.4
0 5120.53 12 4.8 37.4
0 5120.64 9 4.8 37.4
0 5120.749 9 4.8 37.4
0 5120.851 10 4.8 37.4
0 5120.946 11 4.8 37.4
0 5121.122 6 4.8 37.4
0 5121.137 69 4.8 37.4
0 5121.257 8 4.8 37.4
0 5121.358 10 4.8 37.4
0 5121.457 10 4.8 37.4
0 5121.556 10 4.8 37.4
0 5121.66 10 4.8 37.4
0 5121.843 5 4.8 37.4
0 5121.856 75 4.8 37.4
0 5122.078 5 4.8 37.4
0 5122.092 72 4.8 37.4
0 5122.216 8 4.8 37.4
0 5122.401 5 4.8 37.4
0 5122.415 75 4.8 37.4
0 5122.529 9 4.8 37.4
0 5122.725 5 4.8 37.4
0 5122.742 61 4.8 37.4
0 5122.848 9 4.8 37.4
0 5122.961 9 4.8 37.4
0 5123.06 10 4.8 37.4
0 5123.16 10 4.8 37.4
0 5123.263 10 4.8 37.4
0 5123.519 4 4.8 37.4
0 5123.522 319 4.8 37.4
0 5123.625 10 4.8 37.4
0 5123.736 9 4.8 37.4
0 5123.844 9 4.8 37.4
0 5123.933 11 4.8 37.4
0 5124.134 5 4.8 37.4
0 5124.137 261 4.8 37.4
0 5124.244 9 4.8 37.4
0 5124.355 9 4.8 37.4
0 5124.551 5 4.8 37.4
0 5124.555 317 4.8 37.4
0 5124.773 5 4.8 37.4
0 5124.949 6 4.8 37.4
0 5124.953 258 4.8 37.4
0 5125.062 9 4.8 37.4
0 5125.351 3 4.8 37.4
0 5125.354 289 4.8 37.4
0 5125.476 8 4.8 37.4
0 5125.563 11 4.8 37.4
0 5125.664 10 4.8 37.4
0 5125.764 10 4.8 37.4
0 5125.868 10 4.8 37.4
0 5125.976 9 4.8 37.4
0 5126.158 6 4.8 37.4
0 5126.161 314 4.8 37.4
0 5126.267 9 4.8 37.4
0 5126.376 9 4.8 37.4
0 5126.482 9 4.8 37.4
0 5126.57 11 4.8 37.4
0 5126.672 10 4.8 37.4
0 5126.875 5 4.8 37.4
0 5126.879 297 4.8 37.4
0 5127.091 5 4.8 37.4
0 5127.094 297 4.8 37.4
0 5127.205 9 4.8 37.4
0 5127.305 10 4.8 37.4
0 5127.506 5 4.8 37.4
0 5127.51 203 4.8 37.4
0 5127.624 9 4.8 37.4
0 5127.822 5 4.8 37.4
0 5127.826 289 4.8 37.4
0 5127.938 9 4.8 37.4
0 5128.034 10 4.8 37.4
0 5128.142 9 4.8 37.4
0 5128.238 10 4.8 37.4
0 5128.337 10 4.8 37.4
0 5128.629 3 4.8 37.4
0 5128.633 247 4.8 37.4
0 5128.746 9 4.8 37.4
0 5128.843 10 4.8 37.4
0 5128.944 10 4.8 37.4
0 5129.147 5 4.8 37.4
0 5129.153 162 4.8 37.4
0 5129.264 9 4.8 37.4
0 5129.361 10 4.8 37.4
0 5129.557 5 4.8 37.4
0 5129.561 253 4.8 37.4
0 5129.755 5 4.8 37.4
0 5129.762 148 4.8 37.4
0 5130.056 3 4.8 37.4
0 5130.059 294 4.8 37.4
0 5130.358 3 4.8 37.4
0 5130.364 177 4.8 37.4
0 5130.472 9 4.8 37.4
0 5130.572 10 4.8 37.4
0 5130.672 10 4.8 37.4
0 5130.777 10 4.8 37.4
0 5130.885 9 4.8 37.4
0 5130.973 11 4.8 37.4
0 5131.17 5 4.8 37.4
0 5131.173 329 4.8 37.4
0 5131.281 9 4.8 37.4
0 5131.396 9 4.8 37.4
0 5131.484 11 4.8 37.4
0 5131.584 10 4.8 37.4
0 5131.685 10 4.8 37.4
0 5131.878 5 4.8 37.4
0 5131.883 220 4.8 37.4
0 5132.102 5 4.8 37.4
0 5132.105 318 4.8 37.4
0 5132.21 9 4.8 37.4
0 5132.315 10 4.8 37.4
0 5132.523 5 4.8 37.4
0 5132.527 263 4.8 37.4
0 5132.642 9 4.8 37.4
0 5132.841 5 3.7 37.4
0 5132.844 303 3.7 37.4
0 5132.96 9 3.7 37.4
0 5133.062 10 3.7 37.4
0 5133.161 10 3.7 37.4
0 5133.256 10 3.7 37.4
0 5133.355 10 3.7 37.4
0 5133.652 3 3.7 37.4
0 5133.655 265 3.7 37.4
0 5133.768 9 3.7 37.4
0 5133.866 10 3.7 37.4
0 5133.969 10 3.7 37.4
0 5134.167 5 3.7 37.4
0 5134.174 166 3.7 37.4
0 5134.284 9 3.7 37.4
0 5134.382 10 3.7 37.4
0 5134.575 5 3.7 37.4
0 5134.578 321 3.7 37.4
0 5134.799 5 3.7 37.4
0 5134.803 287 3.7 37.4
0 5135.102 3 3.7 37.4
0 5135.106 257 3.7 37.4
0 5135.4 3 3.7 37.4
0 5135.403 290 3.7 37.4
0 5135.514 9 3.7 37.4
0 5135.615 10 3.7 37.4
0 5135.719 10 3.7 37.4
0 5135.817 10 3.7 37.4
0 5135.917 10 3.7 37.4
0 5136.015 10 3.7 37.4
0 5136.227 5 3.7 37.4
0 5136.241 74 3.7 37.4
0 5136.376 7 3.7 37.4
0 5136.468 11 3.7 37.4
0 5136.572 10 3.7 37.4
0 5136.674 10 3.7 37.4
0 5136.771 10 3.7 37.4
0 5136.956 5 3.7 37.4
0 5136.969 76 3.7 37.4
0 5137.184 5 3.7 37.4
0 5137.197 76 3.7 37.4
0 5137.334 7 3.7 37.4
0 5137.412 13 3.7 37.4
0 5137.608 5 3.7 37.4
0 5137.621 78 3.7 37.4
0 5137.754 8 3.7 37.4
0 5137.858 10 3.7 37.4
0 5137.953 10 3.7 37.4
0 5138.049 10 3.7 37.4
0 5138.16 9 3.7 37.4
0 5138.274 9 3.7 37.4
0 5138.37 10 3.7 37.4
0 5138.469 10 3.7 37.4
0 5138.55 12 3.7 37.4
0 5138.76 5 3.7 37.4
0 5138.794 29 3.7 37.4
0 5138.931 7 3.7 37.4
0 5139.02 11 3.7 37.4
0 5139.192 6 3.7 37.4
0 5139.214 44 3.7 37.4
0 5139.361 7 3.7 37.4
0 5139.461 10 3.7 37.4
0 5139.625 6 3.7 37.4
0 5139.65 41 3.7 37.4
0 5139.873 4 3.7 37.4
0 5139.899 39 3.7 37.4
0 5140.19 3 3.7 37.4
0 5140.213 43 3.7 37.4
0 5140.524 3 3.7 37.4
0 5140.55 40 3.7 37.4
0 5140.671 8 3.7 37.4
0 5140.77 10 3.7 37.4
0 5140.869 10 3.7 37.4
0 5140.95 12 3.7 37.4
0 5141.071 8 3.7 37.4
0 5141.257 5 3.7 37.4
0 5141.281 41 3.7 37.4
0 5141.404 8 3.7 37.4
0 5141.502 10 3.7 37.4
0 5141.603 10 3.7 37.4
0 5141.703 10 3.7 37.4
0 5141.803 10 3.7 37.4
0 5142.003 5 3.7 37.4
0 5142.027 42 3.7 37.4
0 5142.246 5 3.7 37.4
0 5142.277 32 3.7 37.4
0 5142.398 8 3.7 37.4
0 5142.493 11 3.7 37.4
0 5142.678 5 3.7 37.4
0 5142.706 35 3.7 37.4
0 5142.847 7 4.5 37.5
0 5142.926 13 4.5 37.5
0 5143.023 10 4.5 37.5
0 5143.125 10 4.5 37.5
0 5143.238 9 4.5 37.5
0 5143.339 10 4.5 37.5
0 5143.431 11 4.5 37.5
0 5143.527 10 4.5 37.5
0 5143.624 10 4.5 37.5
0 5143.811 5 4.5 37.5
0 5143.836 40 4.5 37.5
0 5143.959 8 4.5 37.5
0 5144.052 11 4.5 37.5
0 5144.246 5 4.5 37.5
0 5144.269 43 4.5 37.5
0 5144.396 8 4.5 37.5
0 5144.492 10 4.5 37.5
0 5144.679 5 4.5 37.5
0 5144.703 42 4.5 37.5
0 5144.912 5 4.5 37.5
0 5144.938 38 4.5 37.5
0 5145.215 4 4.5 37.5
0 5145.24 40 4.5 37.5
0 5145.539 3 4.5 37.5
0 5145.562 43 4.5 37.5
0 5145.707 7 4.5 37.5
0 5145.78 14 4.5 37.5
0 5145.901 8 4.5 37.5
0 5145.999 10 4.5 37.5
0 5146.096 10 4.5 37.5
0 5146.272 6 4.5 37.5
0 5146.305 30 4.5 37.5
0 5146.436 8 4.5 37.5
0 5146.532 10 4.5 37.5
0 5146.652 8 4.5 37.5
0 5146.738 12 4.5 37.5
0 5146.816 13 4.5 37.5
0 5147.047 4 4.5 37.5
0 5147.092 22 4.5 37.5
0 5147.289 5 4.5 37.5
0 5147.325 28 4.5 37.5
0 5147.463 7 4.5 37.5
0 5147.53 15 4.5 37.5
0 5147.755 4 4.5 37.5
0 5147.79 28 4.5 37.5
0 5147.938 7 4.5 37.5
0 5148.028 11 4.5 37.5
0 5148.13 10 4.5 37.5
0 5148.201 14 4.5 37.5
0 5148.333 8 4.5 37.5
0 5148.418 12 4.5 37.5
0 5148.525 9 4.5 37.5
0 5148.711 5 4.5 37.5
0 5148.821 9 4.5 37.5
0 5148.847 38 4.5 37.5
0 5148.984 7 4.5 37.5
0 5149.059 13 4.5 37.5
0 5149.298 4 4.5 37.5
0 5149.323 39 4.5 37.5
0 5149.463 7 4.5 37.5
0 5149.545 12 4.5 37.5
0 5149.756 5 4.5 37.5
0 5149.779 43 4.5 37.5
0 5150.009 4 4.5 37.5
0 5150.032 43 4.5 37.5
0 5150.335 3 4.5 37.5
0 5150.358 44 4.5 37.5
0 5150.591 4 4.5 37.5
0 5150.614 43 4.5 37.5
0 5150.748 7 4.5 37.5
0 5150.853 9 4.5 37.5
0 5150.943 11 4.5 37.5
0 5151.035 11 4.5 37.5
0 5151.16 8 4.5 37.5
0 5151.325 6 4.5 37.5
0 5151.349 40 4.5 37.5
0 5151.464 9 4.5 37.5
0 5151.55 12 4.5 37.5
0 5151.67 8 4.5 37.5
0 5151.752 12 4.5 37.5
0 5151.861 9 4.5 37.5
0 5152.053 5 4.5 37.5
0 5152.078 41 4.5 37.5
0 5152.315 4 4.5 37.5
0 5152.338 43 4.5 37.5
0 5152.454 9 4.5 37.5
0 5152.547 11 4.5 37.5
0 5152.752 5 4.5 37.5
0 5152.776 42 4.5 37.5
0 5152.896 8 5.5 37.5
0 5152.992 10 5.5 37.5
0 5153.088 10 5.5 37.5
0 5153.187 10 5.5 37.5
0 5153.291 10 5.5 37.5
0 5153.385 11 5.5 37.5
0 5153.492 9 5.5 37.5
0 5153.588 10 5.5 37.5
0 5153.761 6 5.5 37.5
0 5153.883 8 5.5 37.5
0 5153.906 43 5.5 37.5
0 5154.032 8 5.5 37.5
0 5154.14 9 5.5 37.5
0 5154.317 6 5.5 37.5
0 5154.342 41 5.5 37.5
0 5154.446 10 5.5 37.5
0 5154.551 10 5.5 37.5
0 5154.753 5 5.5 37.5
0 5154.776 43 5.5 37.5
0 5154.902 8 5.5 37.5
0 5155.104 5 5.5 37.5
0 5155.128 41 5.5 37.5
0 5155.415 3 5.5 37.5
0 5155.438 44 5.5 37.5
0 5155.637 5 5.5 37.5
0 5155.66 43 5.5 37.5
0 5155.784 8 5.5 37.5
0 5155.887 10 5.5 37.5
0 5155.964 13 5.5 37.5
0 5156.091 8 5.5 37.5
0 5156.193 10 5.5 37.5
0 5156.384 5 5.5 37.5
0 5156.406 46 5.5 37.5
0 5156.529 8 5.5 37.5
0 5156.64 9 5.5 37.5
0 5156.738 10 5.5 37.5
0 5156.835 10 5.5 37.5
0 5156.936 10 5.5 37.5
0 5157.113 6 5.5 37.5
0 5157.136 44 5.5 37.5
0 5157.364 4 5.5 37.5
0 5157.387 45 5.5 37.5
0 5157.515 8 5.5 37.5
0 5157.616 10 5.5 37.5
0 5157.8 5 5.5 37.5
0 5157.823 43 5.5 37.5
0 5157.954 8 5.5 37.5
0 5158.042 11 5.5 37.5
0 5158.151 9 5.5 37.5
0 5158.251 10 5.5 37.5
0 5158.331 13 5.5 37.5
0 5158.429 10 5.5 37.5
0 5158.546 9 5.5 37.5
0 5158.653 9 5.5 37.5
0 5158.839 5 5.5 37.5
0 5158.951 9 5.5 37.5
0 5158.973 45 5.5 37.5
0 5159.113 7 5.5 37.5
0 5159.197 12 5.5 37.5
0 5159.396 5 5.5 37.5
0 5159.429 31 5.5 37.5
0 5159.558 8 5.5 37.5
0 5159.658 10 5.5 37.5
0 5159.842 5 5.5 37.5
0 5159.874 31 5.5 37.5
0 5160.006 8 5.5 37.5
0 5160.205 5 5.5 37.5
0 5160.238 30 5.5 37.5
0 5160.502 4 5.5 37.5
0 5160.536 30 5.5 37.5
0 5160.748 5 5.5 37.5
0 5160.781 30 5.5 37.5
0 5160.909 8 5.5 37.5
0 5160.982 14 5.5 37.5
0 5161.111 8 5.5 37.5
0 5161.216 10 5.5 37.5
0 5161.4 5 5.5 37.5
0 5161.431 32 5.5 37.5
0 5161.553 8 5.5 37.5
0 5161.657 10 5.5 37.5
0 5161.757 10 5.5 37.5
0 5161.886 8 5.5 37.5
0 5161.988 10 5.5 37.5
0 5162.135 7 5.5 37.5
0 5162.188 19 5.5 37.5
0 5162.375 5 5.5 37.5
0 5162.411 28 5.5 37.5
0 5162.623 5 5.5 37.5
0 5162.647 42 5.5 37.5
0 5162.865 5 5.5 37.5
0 5162.888 43 5.5 37.5
0 5163.089 5 5.4 37.5
0 5163.103 74 5.4 37.5
0 5163.236 7 5.4 37.5
0 5163.325 11 5.4 37.5
0 5163.406 12 5.4 37.5
0 5163.53 8 5.4 37.5
0 5163.635 10 5.4 37.5
0 5163.741 10 5.4 37.5
0 5163.829 11 5.4 37.5
0 5164.019 5 5.4 37.5
0 5164.033 69 5.4 37.5
0 5164.154 8 5.4 37.5
0 5164.269 9 5.4 37.5
0 5164.442 6 5.4 37.5
0 5164.454 81 5.4 37.5
0 5164.586 8 5.4 37.5
0 5164.687 10 5.4 37.5
0 5164.866 6 5.4 37.5
0 5164.881 68 5.4 37.5
0 5165.012 8 5.4 37.5
0 5165.113 10 5.4 37.5
0 5165.296 5 5.4 37.5
0 5165.309 76 5.4 37.5
0 5165.62 3 5.4 37.5
0 5165.635 69 5.4 37.5
0 5165.841 5 5.4 37.5
0 5165.853 79 5.4 37.5
0 5165.967 9 5.4 37.5
0 5166.092 8 5.4 37.5
0 5166.187 11 5.4 37.5
0 5166.278 11 5.4 37.5
0 5166.475 5 5.4 37.5
0 5166.488 74 5.4 37.5
0 5166.621 8 5.4 37.5
0 5166.725 10 5.4 37.5
0 5166.806 12 5.4 37.5
0 5166.912 9 5.4 37.5
0 5167.013 10 5.4 37.5
0 5167.279 4 5.4 37.5
0 5167.367 11 5.4 37.5
0 5167.384 62 5.4 37.5
0 5167.496 9 5.4 37.5
0 5167.696 5 5.4 37.5
0 5167.7 240 5.4 37.5
0 5167.906 5 5.4 37.5
0 5167.909 321 5.4 37.5
0 5168.117 5 5.4 37.5
0 5168.12 329 5.4 37.5
0 5168.241 8 5.4 37.5
0 5168.333 11 5.4 37.5
0 5168.433 10 5.4 37.5
0 5168.528 11 5.4 37.5
0 5168.635 9 5.4 37.5
0 5168.742 9 5.4 37.5
0 5168.834 11 5.4 37.5
0 5169.033 5 5.4 37.5
0 5169.036 294 5.4 37.5
0 5169.151 9 5.4 37.5
0 5169.256 9 5.4 37.5
0 5169.447 5 5.4 37.5
0 5169.451 286 5.4 37.5
0 5169.562 9 5.4 37.5
0 5169.664 10 5.4 37.5
0 5169.873 5 5.4 37.5
0 5169.877 268 5.4 37.5
0 5169.986 9 5.4 37.5
0 5170.09 10 5.4 37.5
0 5170.293 5 5.4 37.5
0 5170.297 213 5.4 37.5
0 5170.413 9 5.4 37.5
0 5170.684 4 5.4 37.5
0 5170.689 208 5.4 37.5
0 5170.901 5 5.4 37.5
0 5170.906 193 5.4 37.5
0 5171.017 9 5.4 37.5
0 5171.117 10 5.4 37.5
0 5171.221 10 5.4 37.5
0 5171.315 11 5.4 37.5
0 5171.517 5 5.4 37.5
0 5171.52 324 5.4 37.5
0 5171.632 9 5.4 37.5
0 5171.736 10 5.4 37.5
0 5171.831 11 5.4 37.5
0 5171.935 10 5.4 37.5
0 5172.031 10 5.4 37.5
0 5172.318 3 5.4 37.5
0 5172.408 11 5.4 37.5
0 5172.421 79 5.4 37.5
0 5172.532 9 5.4 37.5
0 5172.649 9 5.4 37.5
0 5172.753 10 5.4 37.5
0 5172.936 5 5.4 37.5
0 5172.949 76 5.4 37.5
0 5173.166 5 4.0 37.5
0 5173.178 79 4.0 37.5
0 5173.311 8 4.0 37.5
0 5173.41 10 4.0 37.5
0 5173.509 10 4.0 37.5
0 5173.608 10 4.0 37.5
0 5173.714 9 4.0 37.5
0 5173.812 10 4.0 37.5
0 5173.909 10 4.0 37.5
0 5174.016 9 4.0 37.5
0 5174.138 8 4.0 37.5
0 5174.246 9 4.0 37.5
0 5174.341 11 4.0 37.5
0 5174.533 5 4.0 37.5
0 5174.566 30 4.0 37.5
0 5174.716 7 4.0 37.5
0 5174.907 5 4.0 37.5
0 5174.941 29 4.0 37.5
0 5175.077 7 4.0 37.5
0 5175.189 9 4.0 37.5
0 5175.352 6 4.0 37.5
0 5175.386 29 4.0 37.5
0 5175.503 9 4.0 37.5
0 5175.776 4 4.0 37.5
0 5175.896 8 4.0 37.5
0 5175.935 26 4.0 37.5
0 5176.078 7 4.0 37.5
0 5176.178 10 4.0 37.5
0 5176.281 10 4.0 37.5
0 5176.355 14 4.0 37.5
0 5176.527 6 4.0 37.5
0 5176.562 28 4.0 37.5
0 5176.722 6 4.0 37.5
0 5176.796 14 4.0 37.5
0 5176.886 11 4.0 37.5
0 5177.014 8 4.0 37.5
0 5177.088 13 4.0 37.5
0 5177.374 4 4.0 37.5
0 5177.496 8 4.0 37.5
0 5177.53 29 4.0 37.5
0 5177.663 8 4.0 37.5
0 5177.776 9 4.0 37.5
0 5177.956 6 4.0 37.5
0 5177.996 25 4.0 37.5
0 5178.141 7 4.0 37.5
0 5178.233 11 4.0 37.5
0 5178.328 10 4.0 37.5
0 5178.415 12 4.0 37.5
0 5178.527 9 4.0 37.5
0 5178.639 9 4.0 37.5
0 5178.732 11 4.0 37.5
0 5178.836 10 4.0 37.5
0 5178.902 15 4.0 37.5
0 5179.033 8 4.0 37.5
0 5179.138 10 4.0 37.5
0 5179.236 10 4.0 37.5
0 5179.34 10 4.0 37.5
0 5179.407 15 4.0 37.5
0 5179.618 5 4.0 37.5
0 5179.653 29 4.0 37.5
0 5179.79 7 4.0 37.5
0 5179.973 5 4.0 37.5
0 5180.006 30 4.0 37.5
0 5180.146 7 4.0 37.5
0 5180.233 11 4.0 37.5
0 5180.431 5 4.0 37.5
0 5180.468 27 4.0 37.5
0 5180.576 9 4.0 37.5
0 5180.857 4 4.0 37.5
0 5180.973 9 4.0 37.5
0 5181.008 29 4.0 37.5
0 5181.161 7 4.0 37.5
0 5181.258 10 4.0 37.5
0 5181.353 10 4.0 37.5
0 5181.439 12 4.0 37.5
0 5181.634 5 4.0 37.5
0 5181.679 22 4.0 37.5
0 5181.803 8 4.0 37.5
0 5181.901 10 4.0 37.5
0 5182.02 8 4.0 37.5
0 5182.086 15 4.0 37.5
0 5182.376 3 4.0 37.5
0 5182.511 7 4.0 37.5
0 5182.543 30 4.0 37.5
0 5182.702 6 4.0 37.5
0 5182.776 14 4.0 37.5
0 5182.959 5 4.0 37.5
0 5182.992 30 4.0 37.5
0 5183.147 6 4.0 37.5
0 5183.227 13 5.7 37.5
0 5183.337 9 5.7 37.5
0 5183.402 15 5.7 37.5
0 5183.529 8 5.7 37.5
0 5183.64 9 5.7 37.5
0 5183.716 13 5.7 37.5
0 5183.831 9 5.7 37.5
0 5183.898 15 5.7 37.5
0 5184.04 7 5.7 37.5
0 5184.128 11 5.7 37.5
0 5184.231 10 5.7 37.5
0 5184.316 12 5.7 37.5
0 5184.418 10 5.7 37.5
0 5184.629 5 5.7 37.5
0 5184.664 29 5.7 37.5
0 5184.812 7 5.7 37.5
0 5184.974 6 5.7 37.5
0 5185.017 23 5.7 37.5
0 5185.242 4 5.7 37.5
0 5185.287 22 5.7 37.5
0 5185.51 4 5.7 37.5
0 5185.546 28 5.7 37.5
0 5185.661 9 5.7 37.5
0 5185.934 4 5.7 37.5
0 5186.052 8 5.7 37.5
0 5186.089 28 5.7 37.5
0 5186.285 5 5.7 37.5
0 5186.315 33 5.7 37.5
0 5186.439 8 5.7 37.5
0 5186.541 10 5.7 37.5
0 5186.717 6 5.7 37.5
0 5186.741 43 5.7 37.5
0 5186.873 8 5.7 37.5
0 5186.983 9 5.7 37.5
0 5187.067 12 5.7 37.5
0 5187.188 8 5.7 37.5
0 5187.354 6 5.7 37.5
0 5187.377 43 5.7 37.5
0 5187.606 4 5.7 37.5
0 5187.633 38 5.7 37.5
0 5187.774 7 5.7 37.5
0 5187.874 10 5.7 37.5
0 5188.025 7 5.7 37.5
0 5188.052 37 5.7 37.5
0 5188.196 7 5.7 37.5
0 5188.288 11 5.7 37.5
0 5188.388 10 5.7 37.5
0 5188.49 10 5.7 37.5
0 5188.555 15 5.7 37.5
0 5188.766 5 5.7 37.5
0 5188.779 74 5.7 37.5
0 5188.907 8 5.7 37.5
0 5189.005 10 5.7 37.5
0 5189.108 10 5.7 37.5
0 5189.212 10 5.7 37.5
0 5189.311 10 5.7 37.5
0 5189.398 11 5.7 37.5
0 5189.512 9 5.7 37.5
0 5189.704 5 5.7 37.5
0 5189.72 66 5.7 37.5
0 5189.848 8 5.7 37.5
0 5190.046 5 5.7 37.5
0 5190.059 74 5.7 37.5
0 5190.275 5 5.7 37.5
0 5190.289 70 5.7 37.5
0 5190.493 5 5.7 37.5
0 5190.506 74 5.7 37.5
0 5190.633 8 5.7 37.5
0 5190.733 10 5.7 37.5
0 5190.983 4 5.7 37.5
0 5191.08 10 5.7 37.5
0 5191.096 59 5.7 37.5
0 5191.307 5 5.7 37.5
0 5191.321 73 5.7 37.5
0 5191.445 8 5.7 37.5
0 5191.543 10 5.7 37.5
0 5191.722 6 5.7 37.5
0 5191.735 81 5.7 37.5
0 5191.868 7 5.7 37.5
0 5191.964 10 5.7 37.5
0 5192.063 10 5.7 37.5
0 5192.167 10 5.7 37.5
0 5192.363 5 5.7 37.5
0 5192.389 38 5.7 37.5
0 5192.602 5 5.7 37.5
0 5192.626 42 5.7 37.5
0 5192.748 8 5.7 37.5
0 5192.863 9 5.7 37.5
0 5193.047 5 5.7 37.5
0 5193.074 37 5.7 37.5
0 5193.207 8 5.7 37.5
0 5193.302 11 5.2 37.5
0 5193.399 10 5.2 37.5
0 5193.573 6 5.2 37.5
0 5193.587 73 5.2 37.5
0 5193.812 4 5.2 37.5
0 5193.825 73 5.2 37.5
0 5193.949 8 5.2 37.5
0 5194.044 11 5.2 37.5
0 5194.159 9 5.2 37.5
0 5194.255 10 5.2 37.5
0 5194.354 10 5.2 37.5
0 5194.449 10 5.2 37.5
0 5194.544 11 5.2 37.5
0 5194.749 5 5.2 37.5
0 5194.765 65 5.2 37.5
0 5194.883 8 5.2 37.5
0 5195.082 5 5.2 37.5
0 5195.096 71 5.2 37.5
0 5195.312 5 5.2 37.5
0 5195.326 72 5.2 37.5
0 5195.53 5 5.2 37.5
0 5195.544 76 5.2 37.5
0 5195.673 8 5.2 37.5
0 5195.763 11 5.2 37.5
0 5196.035 4 5.2 37.5
0 5196.132 10 5.2 37.5
0 5196.149 58 5.2 37.5
0 5196.278 8 5.2 37.5
0 5196.377 10 5.2 37.5
0 5196.462 12 5.2 37.5
0 5196.565 10 5.2 37.5
0 5196.777 5 5.2 37.5
0 5196.791 68 5.2 37.5
0 5196.899 9 5.2 37.5
0 5197.023 8 5.2 37.5
0 5197.118 11 5.2 37.5
0 5197.22 10 5.2 37.5
0 5197.419 5 5.2 37.5
0 5197.433 72 5.2 37.5
0 5197.639 5 5.2 37.5
0 5197.652 75 5.2 37.5
0 5197.775 8 5.2 37.5
0 5197.874 10 5.2 37.5
0 5198.06 5 5.2 37.5
0 5198.074 71 5.2 37.5
0 5198.199 8 5.2 37.5
0 5198.275 13 5.2 37.5
0 5198.392 9 5.2 37.5
0 5198.476 12 5.2 37.5
0 5198.689 5 5.2 37.5
0 5198.704 66 5.2 37.5
0 5198.91 5 5.2 37.5
0 5198.924 70 5.2 37.5
0 5199.047 8 5.2 37.5
0 5199.146 10 5.2 37.5
0 5199.243 10 5.2 37.5
0 5199.346 10 5.2 37.5
0 5199.443 10 5.2 37.5
0 5199.544 10 5.2 37.5
0 5199.646 10 5.2 37.5
0 5199.836 5 5.2 37.5
0 5199.85 73 5.2 37.5
0 5199.966 9 5.2 37.5
0 5200.158 5 5.2 37.5
0 5200.172 72 5.2 37.5
0 5200.39 5 5.2 37.5
0 5200.405 71 5.2 37.5
0 5200.608 5 5.2 37.5
0 5200.621 73 5.2 37.5
0 5200.744 8 5.2 37.5
0 5200.845 10 5.2 37.5
0 5201.117 4 5.2 37.5
0 5201.22 10 5.2 37.5
0 5201.233 75 5.2 37.5
0 5201.357 8 5.2 37.5
0 5201.453 10 5.2 37.5
0 5201.55 10 5.2 37.5
0 5201.826 4 5.2 37.5
0 5201.83 315 5.2 37.5
0 5201.948 8 5.2 37.5
0 5202.036 11 5.2 37.5
0 5202.15 9 5.2 37.5
0 5202.241 11 5.2 37.5
0 5202.44 5 5.2 37.5
0 5202.444 221 5.2 37.5
0 5202.544 10 5.2 37.5
0 5202.765 5 5.2 37.5
0 5202.768 315 5.2 37.5
0 5202.879 9 5.2 37.5
0 5203.085 5 5.2 37.5
0 5203.089 288 5.2 37.5
0 5203.203 9 5.2 37.5
0 5203.306 10 4.5 37.5
0 5203.394 11 4.5 37.5
0 5203.503 9 4.5 37.5
0 5203.602 10 4.5 37.5
0 5203.809 5 4.5 37.5
0 5203.813 317 4.5 37.5
0 5204.029 5 4.5 37.5
0 5204.035 166 4.5 37.5
0 5204.137 10 4.5 37.5
0 5204.234 10 4.5 37.5
0 5204.351 9 4.5 37.5
0 5204.443 11 4.5 37.5
0 5204.547 10 4.5 37.5
0 5204.647 10 4.5 37.5
0 5204.747 10 4.5 37.5
0 5204.954 5 4.5 37.5
0 5204.958 301 4.5 37.5
0 5205.171 5 4.5 37.5
0 5205.175 247 4.5 37.5
0 5205.284 9 4.5 37.5
0 5205.494 5 4.5 37.5
0 5205.498 299 4.5 37.5
0 5205.713 5 4.5 37.5
0 5205.717 260 4.5 37.5
0 5205.828 9 4.5 37.5
0 5206.112 4 4.5 37.5
0 5206.116 216 4.5 37.5
0 5206.33 5 4.5 37.5
0 5206.334 255 4.5 37.5
0 5206.443 9 4.5 37.5
0 5206.54 10 4.5 37.5
0 5206.836 3 4.5 37.5
0 5206.84 272 4.5 37.5
0 5206.95 9 4.5 37.5
0 5207.046 10 4.5 37.5
0 5207.152 9 4.5 37.5
0 5207.251 10 4.5 37.5
0 5207.436 5 4.5 37.5
0 5207.44 325 4.5 37.5
0 5207.541 10 4.5 37.5
0 5207.66 8 4.5 37.5
0 5207.847 5 4.5 37.5
0 5207.851 228 4.5 37.5
0 5207.964 9 4.5 37.5
0 5208.165 5 4.5 37.5
0 5208.169 274 4.5 37.5
0 5208.279 9 4.5 37.5
0 5208.383 10 4.5 37.5
0 5208.483 10 4.5 37.5
0 5208.577 11 4.5 37.5
0 5208.688 9 4.5 37.5
0 5208.87 5 4.5 37.5
0 5208.874 272 4.5 37.5
0 5209.084 5 4.5 37.5
0 5209.088 297 4.5 37.5
0 5209.208 8 4.5 37.5
0 5209.297 11 4.5 37.5
0 5209.401 10 4.5 37.5
0 5209.502 10 4.5 37.5
0 5209.599 10 4.5 37.5
0 5209.707 9 4.5 37.5
0 5209.8 11 4.5 37.5
0 5210.008 5 4.5 37.5
0 5210.013 221 4.5 37.5
0 5210.224 5 4.5 37.5
0 5210.228 233 4.5 37.5
0 5210.339 9 4.5 37.5
0 5210.546 5 4.5 37.5
0 5210.55 230 4.5 37.5
0 5210.769 5 4.5 37.5
0 5210.774 208 4.5 37.5
0 5210.884 9 4.5 37.5
0 5211.162 4 4.5 37.5
0 5211.165 296 4.5 37.5
0 5211.387 5 4.5 37.5
0 5211.391 213 4.5 37.5
0 5211.492 10 4.5 37.5
0 5211.607 9 4.5 37.5
0 5211.884 4 4.5 37.5
0 5211.888 238 4.5 37.5
0 5211.999 9 4.5 37.5
0 5212.095 10 4.5 37.5
0 5212.204 9 4.5 37.5
0 5212.299 11 4.5 37.5
0 5212.506 5 4.5 37.5
0 5212.51 282 4.5 37.5
0 5212.62 9 4.5 37.5
0 5212.726 9 4.5 37.5
0 5212.921 5 4.5 37.5
0 5212.924 318 4.5 37.5
0 5213.04 9 4.5 37.5
0 5213.228 5 4.5 37.5
0 5213.233 220 4.5 37.5
0 5213.344 9 4.2 37.5
0 5213.442 10 4.2 37.5
0 5213.543 10 4.2 37.5
0 5213.643 10 4.2 37.5
0 5213.75 9 4.2 37.5
0 5213.944 5 4.2 37.5
0 5213.948 303 4.2 37.5
0 5214.151 5 4.2 37.5
0 5214.155 280 4.2 37.5
0 5214.273 8 4.2 37.5
0 5214.366 11 4.2 37.5
0 5214.466 10 4.2 37.5
0 5214.569 10 4.2 37.5
0 5214.667 10 4.2 37.5
0 5214.773 9 4.2 37.5
0 5214.866 11 4.2 37.5
0 5215.061 5 4.2 37.5
0 5215.067 182 4.2 37.5
0 5215.281 5 4.2 37.5
0 5215.285 206 4.2 37.5
0 5215.394 9 4.2 37.5
0 5215.592 5 4.2 37.5
0 5215.595 277 4.2 37.5
0 5215.815 5 4.2 37.5
0 5215.82 206 4.2 37.5
0 5215.93 9 4.2 37.5
0 5216.201 4 4.2 37.5
0 5216.205 255 4.2 37.5
0 5216.41 5 4.2 37.5
0 5216.415 209 4.2 37.5
0 5216.524 9 4.2 37.5
0 5216.631 9 4.2 37.5
0 5216.914 4 4.2 37.5
0 5216.919 209 4.2 37.5
0 5217.028 9 4.2 37.5
0 5217.135 9 4.2 37.5
0 5217.23 10 4.2 37.5
0 5217.328 10 4.2 37.5
0 5217.535 5 4.2 37.5
0 5217.539 268 4.2 37.5
0 5217.65 9 4.2 37.5
0 5217.752 10 4.2 37.5
0 5217.948 5 4.2 37.5
0 5217.952 235 4.2 37.5
0 5218.054 10 4.2 37.5
0 5218.27 5 4.2 37.5
0 5218.273 267 4.2 37.5
0 5218.383 9 4.2 37.5
0 5218.487 10 4.2 37.5
0 5218.586 10 4.2 37.5
0 5218.684 10 4.2 37.5
0 5218.794 9 4.2 37.5
0 5218.967 6 4.2 37.5
0 5218.974 160 4.2 37.5
0 5219.186 5 4.2 37.5
0 5219.19 285 4.2 37.5
0 5219.31 8 4.2 37.5
0 5219.4 11 4.2 37.5
0 5219.49 11 4.2 37.5
0 5219.608 9 4.2 37.5
0 5219.703 11 4.2 37.5
0 5219.81 9 4.2 37.5
0 5219.93 8 4.2 37.5
0 5220.115 5 4.2 37.5
0 5220.13 67 4.2 37.5
0 5220.354 4 4.2 37.5
0 5220.367 73 4.2 37.5
0 5220.497 8 4.2 37.5
0 5220.654 6 4.2 37.5
0 5220.669 70 4.2 37.5
0 5220.799 8 4.2 37.5
0 5220.896 10 4.2 37.5
0 5220.997 10 4.2 37.5
0 5221.242 4 4.2 37.5
0 5221.256 69 4.2 37.5
0 5221.473 5 4.2 37.5
0 5221.487 71 4.2 37.5
0 5221.607 8 4.2 37.5
0 5221.718 9 4.2 37.5
0 5221.99 4 4.2 37.5
0 5222.003 75 4.2 37.5
0 5222.13 8 4.2 37.5
0 5222.235 9 4.2 37.5
0 5222.335 10 4.2 37.5
0 5222.404 15 4.2 37.5
0 5222.615 5 4.2 37.5
0 5222.628 78 4.2 37.5
0 5222.76 8 4.2 37.5
0 5222.862 10 4.2 37.5
0 5223.035 6 4.2 37.5
0 5223.05 67 4.2 37.5
0 5223.186 7 4.2 37.5
0 5223.366 6 3.9 37.5
0 5223.378 79 3.9 37.5
0 5223.511 8 3.9 37.5
0 5223.609 10 3.9 37.5
0 5223.717 9 3.9 37.5
0 5223.811 11 3.9 37.5
0 5223.908 10 3.9 37.5
0 5224.181 4 3.9 37.5
0 5224.197 62 3.9 37.5
0 5224.329 8 3.9 37.5
0 5224.427 10 3.9 37.5
0 5224.526 10 3.9 37.5
0 5224.623 10 3.9 37.5
0 5224.735 9 3.9 37.5
0 5224.827 11 3.9 37.5
0 5224.927 10 3.9 37.5
0 5225.015 11 3.9 37.5
0 5225.225 5 3.9 37.5
0 5225.328 10 3.9 37.5
0 5225.34 80 3.9 37.5
0 5225.459 8 3.9 37.5
0 5225.564 9 3.9 37.5
0 5225.782 5 3.9 37.5
0 5225.808 38 3.9 37.5
0 5225.948 7 3.9 37.5
0 5226.026 13 3.9 37.5
0 5226.291 4 3.9 37.5
0 5226.321 33 3.9 37.5
0 5226.537 5 3.9 37.5
0 5226.561 42 3.9 37.5
0 5226.702 7 3.9 37.5
0 5226.805 10 3.9 37.5
0 5227.056 4 3.9 37.5
0 5227.079 44 3.9 37.5
0 5227.217 7 3.9 37.5
0 5227.318 10 3.9 37.5
0 5227.394 13 3.9 37.5
0 5227.518 8 3.9 37.5
0 5227.686 6 3.9 37.5
0 5227.709 44 3.9 37.5
0 5227.854 7 3.9 37.5
0 5227.947 11 3.9 37.5
0 5228.134 5 3.9 37.5
0 5228.157 44 3.9 37.5
0 5228.392 4 3.9 37.5
0 5228.416 41 3.9 37.5
0 5228.535 8 3.9 37.5
0 5228.64 9 3.9 37.5
0 5228.756 9 3.9 37.5
0 5228.856 10 3.9 37.5
0 5228.947 11 3.9 37.5
0 5229.048 10 3.9 37.5
0 5229.241 5 3.9 37.5
0 5229.265 42 3.9 37.5
0 5229.402 7 3.9 37.5
0 5229.506 10 3.9 37.5
0 5229.573 15 3.9 37.5
0 5229.707 7 3.9 37.5
0 5229.805 10 3.9 37.5
0 5229.902 10 3.9 37.5
0 5230.002 10 3.9 37.5
0 5230.083 12 3.9 37.5
0 5230.297 5 3.9 37.5
0 5230.403 9 3.9 37.5
0 5230.426 43 3.9 37.5
0 5230.55 8 3.9 37.5
0 5230.746 5 3.9 37.5
0 5230.846 10 3.9 37.5
0 5230.86 72 3.9 37.5
0 5230.98 8 3.9 37.5
0 5231.065 12 3.9 37.5
0 5231.365 3 3.9 37.5
0 5231.379 71 3.9 37.5
0 5231.6 5 3.9 37.5
0 5231.616 64 3.9 37.5
0 5231.743 8 3.9 37.5
0 5231.844 10 3.9 37.5
0 5232.109 4 3.9 37.5
0 5232.126 61 3.9 37.5
0 5232.253 8 3.9 37.5
0 5232.356 10 3.9 37.5
0 5232.424 15 3.9 37.5
0 5232.547 8 3.9 37.5
0 5232.734 5 3.9 37.5
0 5232.748 74 3.9 37.5
0 5232.869 8 3.9 37.5
0 5232.977 9 3.9 37.5
0 5233.152 6 3.9 37.5
0 5233.167 70 3.9 37.5
0 5233.382 5 5.0 37.6
0 5233.394 78 5.0 37.6
0 5233.525 8 5.0 37.6
0 5233.622 10 5.0 37.6
0 5233.727 9 5.0 37.6
0 5233.825 10 5.0 37.6
0 5233.924 10 5.0 37.6
0 5234.026 10 5.0 37.6
0 5234.114 11 5.0 37.6
0 5234.3 5 5.0 37.6
0 5234.313 76 5.0 37.6
0 5234.443 8 5.0 37.6
0 5234.54 10 5.0 37.6
0 5234.635 11 5.0 37.6
0 5234.745 9 5.0 37.6
0 5234.843 10 5.0 37.6
0 5234.947 10 5.0 37.6
0 5235.045 10 5.0 37.6
0 5235.133 11 5.0 37.6
0 5235.306 6 5.0 37.6
0 5235.405 10 5.0 37.6
0 5235.42 65 5.0 37.6
0 5235.548 8 5.0 37.6
0 5235.641 11 5.0 37.6
0 5235.821 6 5.0 37.6
0 5235.915 11 5.0 37.6
0 5235.936 48 5.0 37.6
0 5236.043 9 5.0 37.6
0 5236.168 8 5.0 37.6
0 5236.438 4 5.0 37.6
0 5236.452 73 5.0 37.6
0 5236.648 5 5.0 37.6
0 5236.662 74 5.0 37.6
0 5236.797 7 5.0 37.6
0 5236.893 10 5.0 37.6
0 5237.157 4 5.0 37.6
0 5237.17 79 5.0 37.6
0 5237.305 7 5.0 37.6
0 5237.397 11 5.0 37.6
0 5237.497 10 5.0 37.6
0 5237.598 10 5.0 37.6
0 5237.78 6 5.0 37.6
0 5237.793 76 5.0 37.6
0 5238.006 5 5.0 37.6
0 5238.009 308 5.0 37.6
0 5238.223 5 5.0 37.6
0 5238.227 261 5.0 37.6
0 5238.443 5 5.0 37.6
0 5238.447 245 5.0 37.6
0 5238.555 9 5.0 37.6
0 5238.656 10 5.0 37.6
0 5238.758 10 5.0 37.6
0 5238.86 10 5.0 37.6
0 5238.954 11 5.0 37.6
0 5239.058 10 5.0 37.6
0 5239.156 10 5.0 37.6
0 5239.359 5 5.0 37.6
0 5239.363 247 5.0 37.6
0 5239.477 9 5.0 37.6
0 5239.582 10 5.0 37.6
0 5239.674 11 5.0 37.6
0 5239.775 10 5.0 37.6
0 5239.876 10 5.0 37.6
0 5239.977 10 5.0 37.6
0 5240.084 9 5.0 37.6
0 5240.173 11 5.0 37.6
0 5240.376 5 5.0 37.6
0 5240.464 11 5.0 37.6
0 5240.483 52 5.0 37.6
0 5240.596 9 5.0 37.6
0 5240.69 11 5.0 37.6
0 5240.897 5 5.0 37.6
0 5240.984 11 5.0 37.6
0 5241.003 53 5.0 37.6
0 5241.121 8 5.0 37.6
0 5241.211 11 5.0 37.6
0 5241.503 3 5.0 37.6
0 5241.508 198 5.0 37.6
0 5241.725 5 5.0 37.6
0 5241.728 304 5.0 37.6
0 5241.84 9 5.0 37.6
0 5241.94 10 5.0 37.6
0 5242.218 4 5.0 37.6
0 5242.221 311 5.0 37.6
0 5242.337 9 5.0 37.6
0 5242.43 11 5.0 37.6
0 5242.533 10 5.0 37.6
0 5242.634 10 5.0 37.6
0 5242.836 5 5.0 37.6
0 5242.839 307 5.0 37.6
0 5243.055 5 5.0 37.6
0 5243.058 274 5.0 37.6
0 5243.248 5 5.0 37.6
0 5243.259 91 5.0 37.6
0 5243.467 5 4.2 37.6
0 5243.47 294 4.2 37.6
0 5243.583 9 4.2 37.6
0 5243.683 10 4.2 37.6
0 5243.783 10 4.2 37.6
0 5243.88 10 4.2 37.6
0 5243.988 9 4.2 37.6
0 5244.083 11 4.2 37.6
0 5244.184 10 4.2 37.6
0 5244.392 5 4.2 37.6
0 5244.396 247 4.2 37.6
0 5244.509 9 4.2 37.6
0 5244.607 10 4.2 37.6
0 5244.708 10 4.2 37.6
0 5244.809 10 4.2 37.6
0 5244.908 10 4.2 37.6
0 5245.016 9 4.2 37.6
0 5245.108 11 4.2 37.6
0 5245.208 10 4.2 37.6
0 5245.41 5 4.2 37.6
0 5245.497 11 4.2 37.6
0 5245.519 46 4.2 37.6
0 5245.625 9 4.2 37.6
0 5245.726 10 4.2 37.6
0 5245.93 5 4.2 37.6
0 5246.018 11 4.2 37.6
0 5246.038 52 4.2 37.6
0 5246.146 9 4.2 37.6
0 5246.247 10 4.2 37.6
0 5246.538 3 4.2 37.6
0 5246.544 161 4.2 37.6
0 5246.754 5 4.2 37.6
0 5246.758 263 4.2 37.6
0 5246.868 9 4.2 37.6
0 5246.972 10 4.2 37.6
0 5247.259 3 4.2 37.6
0 5247.263 252 4.2 37.6
0 5247.373 9 4.2 37.6
0 5247.476 10 4.2 37.6
0 5247.572 10 4.2 37.6
0 5247.673 10 4.2 37.6
0 5247.882 5 4.2 37.6
0 5247.885 298 4.2 37.6
0 5248.098 5 4.2 37.6
0 5248.101 310 4.2 37.6
0 5248.301 5 4.2 37.6
0 5248.306 239 4.2 37.6
0 5248.52 5 4.2 37.6
0 5248.524 239 4.2 37.6
0 5248.635 9 4.2 37.6
0 5248.734 10 4.2 37.6
0 5248.838 10 4.2 37.6
0 5248.935 10 4.2 37.6
0 5249.048 9 4.2 37.6
0 5249.136 11 4.2 37.6
0 5249.235 10 4.2 37.6
0 5249.444 5 4.2 37.6
0 5249.448 305 4.2 37.6
0 5249.556 9 4.2 37.6
0 5249.659 10 4.2 37.6
0 5249.759 10 4.2 37.6
0 5249.863 10 4.2 37.6
0 5249.959 10 4.2 37.6
0 5250.055 10 4.2 37.6
0 5250.162 9 4.2 37.6
0 5250.258 10 4.2 37.6
0 5250.465 5 4.2 37.6
0 5250.554 11 4.2 37.6
0 5250.574 49 4.2 37.6
0 5250.681 9 4.2 37.6
0 5250.78 10 4.2 37.6
0 5250.981 5 4.2 37.6
0 5251.069 11 4.2 37.6
0 5251.092 42 4.2 37.6
0 5251.197 10 4.2 37.6
0 5251.295 10 4.2 37.6
0 5251.592 3 4.2 37.6
0 5251.599 152 4.2 37.6
0 5251.803 5 4.2 37.6
0 5251.806 295 4.2 37.6
0 5251.919 9 4.2 37.6
0 5252.018 10 4.2 37.6
0 5252.301 4 4.2 37.6
0 5252.304 319 4.2 37.6
0 5252.414 9 4.2 37.6
0 5252.519 10 4.2 37.6
0 5252.616 10 4.2 37.6
0 5252.716 10 4.2 37.6
0 5252.915 5 4.2 37.6
0 5252.918 306 4.2 37.6
0 5253.126 5 4.2 37.6
0 5253.129 318 4.2 37.6
0 5253.338 5 4.2 37.6
0 5253.342 242 4.2 37.6
0 5253.559 5 3.7 37.6
0 5253.564 229 3.7 37.6
0 5253.672 9 3.7 37.6
0 5253.774 10 3.7 37.6
0 5253.877 10 3.7 37.6
0 5253.976 10 3.7 37.6
0 5254.067 11 3.7 37.6
0 5254.174 9 3.7 37.6
0 5254.273 10 3.7 37.6
0 5254.471 5 3.7 37.6
0 5254.475 241 3.7 37.6
0 5254.597 8 3.7 37.6
0 5254.685 11 3.7 37.6
0 5254.785 10 3.7 37.6
0 5254.888 10 3.7 37.6
0 5254.982 11 3.7 37.6
0 5255.098 9 3.7 37.6
0 5255.181 12 3.7 37.6
0 5255.285 10 3.7 37.6
0 5255.495 5 3.7 37.6
0 5255.581 12 3.7 37.6
0 5255.61 35 3.7 37.6
0 5255.708 10 3.7 37.6
0 5255.809 10 3.7 37.6
0 5256.008 5 3.7 37.6
0 5256.098 11 3.7 37.6
0 5256.117 51 3.7 37.6
0 5256.223 9 3.7 37.6
0 5256.324 10 3.7 37.6
0 5256.596 4 3.7 37.6
0 5256.6 246 3.7 37.6
0 5256.811 5 3.7 37.6
0 5256.814 310 3.7 37.6
0 5256.919 9 3.7 37.6
0 5257.028 9 3.7 37.6
0 5257.316 3 3.7 37.6
0 5257.32 239 3.7 37.6
0 5257.429 9 3.7 37.6
0 5257.531 10 3.7 37.6
0 5257.631 10 3.7 37.6
0 5257.731 10 3.7 37.6
0 5257.946 5 3.7 37.6
0 5257.949 309 3.7 37.6
0 5258.143 5 3.7 37.6
0 5258.149 162 3.7 37.6
0 5258.355 5 3.7 37.6
0 5258.36 229 3.7 37.6
0 5258.576 5 3.7 37.6
0 5258.58 261 3.7 37.6
0 5258.691 9 3.7 37.6
0 5258.786 10 3.7 37.6
0 5258.893 9 3.7 37.6
0 5258.992 10 3.7 37.6
0 5259.102 9 3.7 37.6
0 5259.192 11 3.7 37.6
0 5259.291 10 3.7 37.6
0 5259.5 5 3.7 37.6
0 5259.504 255 3.7 37.6
0 5259.611 9 3.7 37.6
0 5259.71 10 3.7 37.6
0 5259.81 10 3.7 37.6
0 5259.919 9 3.7 37.6
0 5260.018 10 3.7 37.6
0 5260.108 11 3.7 37.6
0 5260.216 9 3.7 37.6
0 5260.343 8 3.7 37.6
0 5260.531 5 3.7 37.6
0 5260.632 10 3.7 37.6
0 5260.647 68 3.7 37.6
0 5260.763 9 3.7 37.6
0 5260.87 9 3.7 37.6
0 5261.077 5 3.7 37.6
0 5261.176 10 3.7 37.6
0 5261.191 67 3.7 37.6
0 5261.312 8 3.7 37.6
0 5261.414 10 3.7 37.6
0 5261.693 4 3.7 37.6
0 5261.71 60 3.7 37.6
0 5261.925 5 3.7 37.6
0 5261.938 74 3.7 37.6
0 5262.061 8 3.7 37.6
0 5262.352 3 3.7 37.6
0 5262.365 74 3.7 37.6
0 5262.494 8 3.7 37.6
0 5262.568 13 3.7 37.6
0 5262.691 8 3.7 37.6
0 5262.779 11 3.7 37.6
0 5262.977 5 3.7 37.6
0 5262.99 79 3.7 37.6
0 5263.112 8 3.7 37.6
0 5263.214 10 3.7 37.6
0 5263.39 6 3.7 37.6
0 5263.405 67 3.7 37.6
0 5263.605 5 3.9 37.6
0 5263.618 76 3.9 37.6
0 5263.75 8 3.9 37.6
0 5263.846 10 3.9 37.6
0 5263.939 11 3.9 37.6
0 5264.021 12 3.9 37.6
0 5264.151 8 3.9 37.6
0 5264.229 13 3.9 37.6
0 5264.348 8 3.9 37.6
0 5264.534 5 3.9 37.6
0 5264.548 72 3.9 37.6
0 5264.682 7 3.9 37.6
0 5264.772 11 3.9 37.6
0 5264.868 10 3.9 37.6
0 5264.999 8 3.9 37.6
0 5265.081 12 3.9 37.6
0 5265.2 8 3.9 37.6
0 5265.285 12 3.9 37.6
0 5265.389 10 3.9 37.6
0 5265.592 5 3.9 37.6
0 5265.715 8 3.9 37.6
0 5265.741 39 3.9 37.6
0 5265.862 8 3.9 37.6
0 5265.962 10 3.9 37.6
0 5266.148 5 3.9 37.6
0 5266.261 9 3.9 37.6
0 5266.285 41 3.9 37.6
0 5266.409 8 3.9 37.6
0 5266.506 10 3.9 37.6
0 5266.77 4 3.9 37.6
0 5266.797 37 3.9 37.6
0 5267.009 5 3.9 37.6
0 5267.033 41 3.9 37.6
0 5267.159 8 3.9 37.6
0 5267.353 5 3.9 37.6
0 5267.377 42 3.9 37.6
0 5267.504 8 3.9 37.6
0 5267.582 13 3.9 37.6
0 5267.72 7 3.9 37.6
0 5267.808 11 3.9 37.6
0 5268.011 5 3.9 37.6
0 5268.035 41 3.9 37.6
0 5268.177 7 3.9 37.6
0 5268.237 17 3.9 37.6
0 5268.466 4 3.9 37.6
0 5268.49 42 3.9 37.6
0 5268.679 5 3.9 37.6
0 5268.702 44 3.9 37.6
0 5268.83 8 3.9 37.6
0 5268.93 10 3.9 37.6
0 5269.036 9 3.9 37.6
0 5269.115 13 3.9 37.6
0 5269.248 8 3.9 37.6
0 5269.328 13 3.9 37.6
0 5269.443 9 3.9 37.6
0 5269.634 5 3.9 37.6
0 5269.658 41 3.9 37.6
0 5269.775 9 3.9 37.6
0 5269.873 10 3.9 37.6
0 5269.984 9 3.9 37.6
0 5270.08 10 3.9 37.6
0 5270.177 10 3.9 37.6
0 5270.279 10 3.9 37.6
0 5270.374 10 3.9 37.6
0 5270.472 10 3.9 37.6
0 5270.653 6 3.9 37.6
0 5270.762 9 3.9 37.6
0 5270.786 41 3.9 37.6
0 5270.904 8 3.9 37.6
0 5271.024 8 3.9 37.6
0 5271.176 7 3.9 37.6
0 5271.294 9 3.9 37.6
0 5271.319 40 3.9 37.6
0 5271.448 8 3.9 37.6
0 5271.556 9 3.9 37.6
0 5271.812 4 3.9 37.6
0 5271.838 39 3.9 37.6
0 5272.081 4 3.9 37.6
0 5272.113 31 3.9 37.6
0 5272.243 8 3.9 37.6
0 5272.408 6 3.9 37.6
0 5272.431 43 3.9 37.6
0 5272.547 9 3.9 37.6
0 5272.658 9 3.9 37.6
0 5272.763 10 3.9 37.6
0 5272.847 12 3.9 37.6
0 5273.035 5 3.9 37.6
0 5273.135 10 3.9 37.6
0 5273.149 71 3.9 37.6
0 5273.269 8 3.9 37.6
0 5273.366 10 3.9 37.6
0 5273.567 5 3.9 37.6
0 5273.581 71 3.9 37.6
0 5273.802 5 5.3 37.7
0 5273.816 71 5.3 37.7
0 5273.94 8 5.3 37.7
0 5274.048 9 5.3 37.7
0 5274.145 10 5.3 37.7
0 5274.247 10 5.3 37.7
0 5274.34 11 5.3 37.7
0 5274.438 10 5.3 37.7
0 5274.637 5 5.3 37.7
0 5274.654 60 5.3 37.7
0 5274.772 8 5.3 37.7
0 5274.873 10 5.3 37.7
0 5274.976 10 5.3 37.7
0 5275.074 10 5.3 37.7
0 5275.186 9 5.3 37.7
0 5275.279 11 5.3 37.7
0 5275.38 10 5.3 37.7
0 5275.48 10 5.3 37.7
0 5275.566 12 5.3 37.7
0 5275.769 5 5.3 37.7
0 5275.868 10 5.3 37.7
0 5275.883 68 5.3 37.7
0 5276.0 9 5.3 37.7
0 5276.086 12 5.3 37.7
0 5276.373 3 5.3 37.7
0 5276.388 66 5.3 37.7
0 5276.504 9 5.3 37.7
0 5276.607 10 5.3 37.7
0 5276.877 4 5.3 37.7
0 5276.893 62 5.3 37.7
0 5277.097 5 5.3 37.7
0 5277.111 75 5.3 37.7
0 5277.232 8 5.3 37.7
0 5277.421 5 5.3 37.7
0 5277.434 77 5.3 37.7
0 5277.557 8 5.3 37.7
0 5277.655 10 5.3 37.7
0 5277.759 10 5.3 37.7
0 5277.863 10 5.3 37.7
0 5277.966 10 5.3 37.7
0 5278.144 6 5.3 37.7
0 5278.24 10 5.3 37.7
0 5278.267 37 5.3 37.7
0 5278.386 8 5.3 37.7
0 5278.58 5 5.3 37.7
0 5278.594 73 5.3 37.7
0 5278.82 4 5.3 37.7
0 5278.909 11 5.3 37.7
0 5278.925 64 5.3 37.7
0 5279.039 9 5.3 37.7
0 5279.141 10 5.3 37.7
0 5279.235 11 5.3 37.7
0 5279.338 10 5.3 37.7
0 5279.435 10 5.3 37.7
0 5279.542 9 5.3 37.7
0 5279.755 5 5.3 37.7
0 5279.759 275 5.3 37.7
0 5279.871 9 5.3 37.7
0 5279.97 10 5.3 37.7
0 5280.063 11 5.3 37.7
0 5280.178 9 5.3 37.7
0 5280.265 11 5.3 37.7
0 5280.372 9 5.3 37.7
0 5280.468 10 5.3 37.7
0 5280.561 11 5.3 37.7
0 5280.779 5 5.3 37.7
0 5280.783 303 5.3 37.7
0 5280.996 5 5.3 37.7
0 5281.0 296 5.3 37.7
0 5281.103 10 5.3 37.7
0 5281.417 3 5.3 37.7
0 5281.421 239 5.3 37.7
0 5281.53 9 5.3 37.7
0 5281.631 10 5.3 37.7
0 5281.924 3 5.3 37.7
0 5281.929 206 5.3 37.7
0 5282.134 5 5.3 37.7
0 5282.137 298 5.3 37.7
0 5282.249 9 5.3 37.7
0 5282.445 5 5.3 37.7
0 5282.448 274 5.3 37.7
0 5282.559 9 5.3 37.7
0 5282.659 10 5.3 37.7
0 5282.76 10 5.3 37.7
0 5282.861 10 5.3 37.7
0 5282.973 9 5.3 37.7
0 5283.147 6 5.3 37.7
0 5283.234 11 5.3 37.7
0 5283.253 53 5.3 37.7
0 5283.362 9 5.3 37.7
0 5283.467 9 5.3 37.7
0 5283.651 5 5.3 37.7
0 5283.654 297 5.3 37.7
0 5283.861 5 4.1 37.7
0 5283.95 11 4.1 37.7
0 5283.981 31 4.1 37.7
0 5284.079 10 4.1 37.7
0 5284.211 8 4.1 37.7
0 5284.303 11 4.1 37.7
0 5284.405 10 4.1 37.7
0 5284.51 10 4.1 37.7
0 5284.584 14 4.1 37.7
0 5284.794 5 4.1 37.7
0 5284.808 70 4.1 37.7
0 5284.939 8 4.1 37.7
0 5285.045 9 4.1 37.7
0 5285.139 11 4.1 37.7
0 5285.218 13 4.1 37.7
0 5285.334 9 4.1 37.7
0 5285.434 10 4.1 37.7
0 5285.545 9 4.1 37.7
0 5285.636 11 4.1 37.7
0 5285.839 5 4.1 37.7
0 5285.853 71 4.1 37.7
0 5286.067 5 4.1 37.7
0 5286.082 67 4.1 37.7
0 5286.214 8 4.1 37.7
0 5286.492 4 4.1 37.7
0 5286.506 72 4.1 37.7
0 5286.639 7 4.1 37.7
0 5286.737 10 4.1 37.7
0 5287.005 4 4.1 37.7
0 5287.019 69 4.1 37.7
0 5287.157 7 4.1 37.7
0 5287.248 11 4.1 37.7
0 5287.351 10 4.1 37.7
0 5287.522 6 4.1 37.7
0 5287.536 71 4.1 37.7
0 5287.675 7 4.1 37.7
0 5287.768 11 4.1 37.7
0 5287.867 10 4.1 37.7
0 5287.968 10 4.1 37.7
0 5288.069 10 4.1 37.7
0 5288.251 5 4.1 37.7
0 5288.349 10 4.1 37.7
0 5288.364 68 4.1 37.7
0 5288.494 8 4.1 37.7
0 5288.662 6 4.1 37.7
0 5288.685 43 4.1 37.7
0 5288.891 5 4.1 37.7
0 5288.985 11 4.1 37.7
0 5289.005 51 4.1 37.7
0 5289.127 8 4.1 37.7
0 5289.224 10 4.1 37.7
0 5289.338 9 4.1 37.7
0 5289.427 11 4.1 37.7
0 5289.532 10 4.1 37.7
0 5289.637 10 4.1 37.7
0 5289.837 5 4.1 37.7
0 5289.85 74 4.1 37.7
0 5289.984 8 4.1 37.7
0 5290.073 11 4.1 37.7
0 5290.258 5 4.1 37.7
0 5290.263 196 4.1 37.7
0 5290.375 9 4.1 37.7
0 5290.475 10 4.1 37.7
0 5290.563 11 4.1 37.7
0 5290.675 9 4.1 37.7
0 5290.892 5 4.1 37.7
0 5290.896 252 4.1 37.7
0 5291.114 5 4.1 37.7
0 5291.117 294 4.1 37.7
0 5291.229 9 4.1 37.7
0 5291.521 3 4.1 37.7
0 5291.526 230 4.1 37.7
0 5291.636 9 4.1 37.7
0 5291.738 10 4.1 37.7
0 5292.03 3 4.1 37.7
0 5292.036 160 4.1 37.7
0 5292.144 9 4.1 37.7
0 5292.245 10 4.1 37.7
0 5292.346 10 4.1 37.7
0 5292.54 5 4.1 37.7
0 5292.543 303 4.1 37.7
0 5292.654 9 4.1 37.7
0 5292.755 10 4.1 37.7
0 5292.857 10 4.1 37.7
0 5292.953 10 4.1 37.7
0 5293.063 9 4.1 37.7
0 5293.255 5 4.1 37.7
0 5293.339 12 4.1 37.7
0 5293.361 47 4.1 37.7
0 5293.467 9 4.1 37.7
0 5293.655 5 4.1 37.7
0 5293.658 291 4.1 37.7
0 5293.77 9 4.1 37.7
0 5293.969 5 4.2 37.7
0 5294.053 12 4.2 37.7
0 5294.078 40 4.2 37.7
0 5294.19 9 4.2 37.7
0 5294.285 10 4.2 37.7
0 5294.385 10 4.2 37.7
0 5294.482 10 4.2 37.7
0 5294.589 9 4.2 37.7
0 5294.691 10 4.2 37.7
0 5294.892 5 4.2 37.7
0 5294.896 215 4.2 37.7
0 5295.007 9 4.2 37.7
0 5295.113 9 4.2 37.7
0 5295.312 5 4.2 37.7
0 5295.316 265 4.2 37.7
0 5295.428 9 4.2 37.7
0 5295.526 10 4.2 37.7
0 5295.634 9 4.2 37.7
0 5295.729 11 4.2 37.7
0 5295.938 5 4.2 37.7
0 5295.942 250 4.2 37.7
0 5296.149 5 4.2 37.7
0 5296.154 196 4.2 37.7
0 5296.265 9 4.2 37.7
0 5296.547 4 4.2 37.7
0 5296.551 266 4.2 37.7
0 5296.668 9 4.2 37.7
0 5296.761 11 4.2 37.7
0 5297.034 4 4.2 37.7
0 5297.038 257 4.2 37.7
0 5297.154 9 4.2 37.7
0 5297.255 10 4.2 37.7
0 5297.349 11 4.2 37.7
0 5297.549 5 4.2 37.7
0 5297.552 285 4.2 37.7
0 5297.669 9 4.2 37.7
0 5297.77 10 4.2 37.7
0 5297.863 11 4.2 37.7
0 5297.962 10 4.2 37.7
0 5298.065 10 4.2 37.7
0 5298.265 5 4.2 37.7
0 5298.364 10 4.2 37.7
0 5298.368 224 4.2 37.7
0 5298.478 9 4.2 37.7
0 5298.667 5 4.2 37.7
0 5298.671 252 4.2 37.7
0 5298.789 8 4.2 37.7
0 5298.982 5 4.2 37.7
0 5299.071 11 4.2 37.7
0 5299.088 59 4.2 37.7
0 5299.201 9 4.2 37.7
0 5299.304 10 4.2 37.7
0 5299.397 11 4.2 37.7
0 5299.498 10 4.2 37.7
0 5299.598 10 4.2 37.7
0 5299.702 10 4.2 37.7
0 5299.907 5 4.2 37.7
0 5299.911 261 4.2 37.7
0 5300.024 9 4.2 37.7
0 5300.122 10 4.2 37.7
0 5300.324 5 4.2 37.7
0 5300.328 233 4.2 37.7
0 5300.439 9 4.2 37.7
0 5300.539 10 4.2 37.7
0 5300.637 10 4.2 37.7
0 5300.743 9 4.2 37.7
0 5300.949 5 4.2 37.7
0 5300.953 284 4.2 37.7
0 5301.149 5 4.2 37.7
0 5301.153 223 4.2 37.7
0 5301.268 9 4.2 37.7
0 5301.464 5 4.2 37.7
0 5301.55 12 4.2 37.7
0 5301.568 55 4.2 37.7
0 5301.679 9 4.2 37.7
0 5301.784 10 4.2 37.7
0 5302.075 3 4.2 37.7
0 5302.079 262 4.2 37.7
0 5302.191 9 4.2 37.7
0 5302.291 10 4.2 37.7
0 5302.383 11 4.2 37.7
0 5302.597 5 4.2 37.7
0 5302.6 328 4.2 37.7
0 5302.712 9 4.2 37.7
0 5302.817 9 4.2 37.7
0 5302.911 11 4.2 37.7
0 5303.01 10 4.2 37.7
0 5303.12 9 4.2 37.7
0 5303.3 6 4.2 37.7
0 5303.39 11 4.2 37.7
0 5303.405 66 4.2 37.7
0 5303.513 9 4.2 37.7
0 5303.726 5 4.2 37.7
0 5303.73 269 4.2 37.7
0 5303.842 9 4.2 37.7
0 5304.029 5 3.6 37.7
0 5304.119 11 3.6 37.7
0 5304.134 66 3.6 37.7
0 5304.247 9 3.6 37.7
0 5304.344 10 3.6 37.7
0 5304.444 10 3.6 37.7
0 5304.545 10 3.6 37.7
0 5304.65 10 3.6 37.7
0 5304.749 10 3.6 37.7
0 5304.923 6 3.6 37.7
0 5304.934 90 3.6 37.7
0 5305.047 9 3.6 37.7
0 5305.151 10 3.6 37.7
0 5305.336 5 3.6 37.7
0 5305.348 78 3.6 37.7
0 5305.466 8 3.6 37.7
0 5305.575 9 3.6 37.7
0 5305.679 10 3.6 37.7
0 5305.777 10 3.6 37.7
0 5305.97 5 3.6 37.7
0 5305.984 73 3.6 37.7
0 5306.174 5 3.6 37.7
0 5306.198 42 3.6 37.7
0 5306.327 8 3.6 37.7
0 5306.589 4 3.6 37.7
0 5306.613 42 3.6 37.7
0 5306.741 8 3.6 37.7
0 5306.837 10 3.6 37.7
0 5306.946 9 3.6 37.7
0 5307.151 5 3.6 37.7
0 5307.175 41 3.6 37.7
0 5307.316 7 3.6 37.7
0 5307.407 11 3.6 37.7
0 5307.497 11 3.6 37.7
0 5307.685 5 3.6 37.7
0 5307.709 42 3.6 37.7
0 5307.833 8 3.6 37.7
0 5307.932 10 3.6 37.7
0 5308.029 10 3.6 37.7
0 5308.134 10 3.6 37.7
0 5308.323 5 3.6 37.7
0 5308.349 39 3.6 37.7
0 5308.468 8 3.6 37.7
0 5308.569 10 3.6 37.7
0 5308.767 5 3.6 37.7
0 5308.791 42 3.6 37.7
0 5308.918 8 3.6 37.7
0 5309.107 5 3.6 37.7
0 5309.214 9 3.6 37.7
0 5309.237 45 3.6 37.7
0 5309.368 8 3.6 37.7
0 5309.464 10 3.6 37.7
0 5309.562 10 3.6 37.7
0 5309.65 11 3.6 37.7
0 5309.766 9 3.6 37.7
0 5309.951 5 3.6 37.7
0 5309.98 35 3.6 37.7
0 5310.089 9 3.6 37.7
0 5310.199 9 3.6 37.7
0 5310.393 5 3.6 37.7
0 5310.417 42 3.6 37.7
0 5310.549 8 3.6 37.7
0 5310.638 11 3.6 37.7
0 5310.752 9 3.6 37.7
0 5310.856 10 3.6 37.7
0 5311.024 6 3.6 37.7
0 5311.049 40 3.6 37.7
0 5311.285 4 3.6 37.7
0 5311.308 43 3.6 37.7
0 5311.63 3 3.6 37.7
0 5311.656 39 3.6 37.7
0 5311.797 7 3.6 37.7
0 5311.894 10 3.6 37.7
0 5311.981 11 3.6 37.7
0 5312.185 5 3.6 37.7
0 5312.211 38 3.6 37.7
0 5312.348 7 3.6 37.7
0 5312.449 10 3.6 37.7
0 5312.533 12 3.6 37.7
0 5312.731 5 3.6 37.7
0 5312.826 11 3.6 37.7
0 5312.853 37 3.6 37.7
0 5312.965 9 3.6 37.7
0 5313.065 10 3.6 37.7
0 5313.173 9 3.6 37.7
0 5313.368 5 3.6 37.7
0 5313.382 76 3.6 37.7
0 5313.494 9 3.6 37.7
0 5313.599 10 3.6 37.7
0 5313.793 5 3.6 37.7
0 5313.808 68 3.6 37.7
0 5313.931 8 3.6 37.7
0 5314.11 6 4.8 37.7
0 5314.124 75 4.8 37.7
0 5314.334 5 4.8 37.7
0 5314.348 68 4.8 37.7
0 5314.472 8 4.8 37.7
0 5314.566 11 4.8 37.7
0 5314.669 10 4.8 37.7
0 5314.769 10 4.8 37.7
0 5314.961 5 4.8 37.7
0 5314.978 60 4.8 37.7
0 5315.082 10 4.8 37.7
0 5315.205 8 4.8 37.7
0 5315.294 11 4.8 37.7
0 5315.496 5 4.8 37.7
0 5315.511 65 4.8 37.7
0 5315.636 8 4.8 37.7
0 5315.738 10 4.8 37.7
0 5315.832 11 4.8 37.7
0 5315.931 10 4.8 37.7
0 5316.139 5 4.8 37.7
0 5316.151 79 4.8 37.7
0 5316.375 4 4.8 37.7
0 5316.388 75 4.8 37.7
0 5316.682 3 4.8 37.7
0 5316.696 72 4.8 37.7
0 5316.824 8 4.8 37.7
0 5316.925 10 4.8 37.7
0 5317.013 11 4.8 37.7
0 5317.223 5 4.8 37.7
0 5317.238 65 4.8 37.7
0 5317.365 8 4.8 37.7
0 5317.465 10 4.8 37.7
0 5317.566 10 4.8 37.7
0 5317.751 5 4.8 37.7
0 5317.921 6 4.8 37.7
0 5317.924 326 4.8 37.7
0 5318.033 9 4.8 37.7
0 5318.138 9 4.8 37.7
0 5318.235 10 4.8 37.7
0 5318.445 5 4.8 37.7
0 5318.449 272 4.8 37.7
0 5318.557 9 4.8 37.7
0 5318.662 9 4.8 37.7
0 5318.86 5 4.8 37.7
0 5318.863 292 4.8 37.7
0 5318.983 8 4.8 37.7
0 5319.162 6 4.8 37.7
0 5319.167 226 4.8 37.7
0 5319.368 5 4.8 37.7
0 5319.371 300 4.8 37.7
0 5319.493 8 4.8 37.7
0 5319.577 12 4.8 37.7
0 5319.687 9 4.8 37.7
0 5319.783 10 4.8 37.7
0 5319.987 5 4.8 37.7
0 5319.993 154 4.8 37.7
0 5320.099 9 4.8 37.7
0 5320.192 11 4.8 37.7
0 5320.297 10 4.8 37.7
0 5320.401 10 4.8 37.7
0 5320.616 5 4.8 37.7
0 5320.62 295 4.8 37.7
0 5320.735 9 4.8 37.7
0 5320.831 10 4.8 37.7
0 5320.931 10 4.8 37.7
0 5321.037 9 4.8 37.7
0 5321.21 6 4.8 37.7
0 5321.221 96 4.8 37.7
0 5321.439 5 4.8 37.7
0 5321.443 309 4.8 37.7
0 5321.743 3 4.8 37.7
0 5321.746 291 4.8 37.7
0 5321.861 9 4.8 37.7
0 5321.958 10 4.8 37.7
0 5322.061 10 4.8 37.7
0 5322.268 5 4.8 37.7
0 5322.274 188 4.8 37.7
0 5322.387 9 4.8 37.7
0 5322.482 10 4.8 37.7
0 5322.575 11 4.8 37.7
0 5322.784 5 4.8 37.7
0 5322.953 6 4.8 37.7
0 5322.957 251 4.8 37.7
0 5323.067 9 4.8 37.7
0 5323.172 10 4.8 37.7
0 5323.299 8 4.8 37.7
0 5323.477 6 4.8 37.7
0 5323.492 70 4.8 37.7
0 5323.602 9 4.8 37.7
0 5323.727 8 4.8 37.7
0 5323.912 5 4.8 37.7
0 5323.925 79 4.8 37.7
0 5324.063 7 4.8 37.7
0 5324.236 6 4.0 37.7
0 5324.249 73 4.0 37.7
0 5324.458 5 4.0 37.7
0 5324.471 78 4.0 37.7
0 5324.585 9 4.0 37.7
0 5324.705 8 4.0 37.7
0 5324.809 10 4.0 37.7
0 5324.999 5 4.0 37.7
0 5325.012 74 4.0 37.7
0 5325.15 7 4.0 37.7
0 5325.238 11 4.0 37.7
0 5325.346 9 4.0 37.7
0 5325.424 13 4.0 37.7
0 5325.631 5 4.0 37.7
0 5325.646 69 4.0 37.7
0 5325.777 8 4.0 37.7
0 5325.879 10 4.0 37.7
0 5325.974 10 4.0 37.7
0 5326.076 10 4.0 37.7
0 5326.156 13 4.0 37.7
0 5326.278 8 4.0 37.7
0 5326.462 5 4.0 37.7
0 5326.475 77 4.0 37.7
0 5326.667 5 4.0 37.7
0 5326.762 11 4.0 37.7
0 5326.781 52 4.0 37.7
0 5326.914 8 4.0 37.7
0 5327.012 10 4.0 37.7
0 5327.09 13 4.0 37.7
0 5327.309 5 4.0 37.7
0 5327.322 76 4.0 37.7
0 5327.43 9 4.0 37.7
0 5327.546 9 4.0 37.7
0 5327.653 9 4.0 37.7
0 5327.839 5 4.0 37.7
0 5328.027 5 4.0 37.7
0 5328.04 80 4.0 37.7
0 5328.172 8 4.0 37.7
0 5328.272 10 4.0 37.7
0 5328.38 9 4.0 37.7
0 5328.54 6 4.0 37.7
0 5328.555 67 4.0 37.7
0 5328.685 8 4.0 37.7
0 5328.787 10 4.0 37.7
0 5328.967 6 4.0 37.7
0 5328.981 73 4.0 37.7
0 5329.082 10 4.0 37.7
0 5329.296 5 4.0 37.7
0 5329.309 77 4.0 37.7
0 5329.521 5 4.0 37.7
0 5329.534 78 4.0 37.7
0 5329.668 7 4.0 37.7
0 5329.767 10 4.0 37.7
0 5329.867 10 4.0 37.7
0 5330.06 5 4.0 37.7
0 5330.075 65 4.0 37.7
0 5330.207 8 4.0 37.7
0 5330.3 11 4.0 37.7
0 5330.407 9 4.0 37.7
0 5330.503 10 4.0 37.7
0 5330.667 6 4.0 37.7
0 5330.681 75 4.0 37.7
0 5330.813 8 4.0 37.7
0 5330.905 11 4.0 37.7
0 5331.002 10 4.0 37.7
0 5331.089 12 4.0 37.7
0 5331.219 8 4.0 37.7
0 5331.308 11 4.0 37.7
0 5331.489 6 4.0 37.7
0 5331.503 72 4.0 37.7
0 5331.798 3 4.0 37.7
0 5331.813 70 4.0 37.7
0 5331.936 8 4.0 37.7
0 5332.041 9 4.0 37.7
0 5332.143 10 4.0 37.7
0 5332.34 5 4.0 37.7
0 5332.355 67 4.0 37.7
0 5332.476 8 4.0 37.7
0 5332.579 10 4.0 37.7
0 5332.688 9 4.0 37.7
0 5332.871 5 4.0 37.7
0 5333.06 5 4.0 37.7
0 5333.074 71 4.0 37.7
0 5333.205 8 4.0 37.7
0 5333.305 10 4.0 37.7
0 5333.403 10 4.0 37.7
0 5333.583 6 4.0 37.7
0 5333.597 72 4.0 37.7
0 5333.73 8 4.0 37.7
0 5333.83 10 4.0 37.7
0 5334.014 5 4.0 37.7
0 5334.027 72 4.0 37.7
0 5334.132 10 4.0 37.7
0 5334.331 5 4.5 37.7
0 5334.344 77 4.5 37.7
0 5334.542 5 4.5 37.7
0 5334.555 78 4.5 37.7
0 5334.685 8 4.5 37.7
0 5334.757 14 4.5 37.7
0 5334.889 8 4.5 37.7
0 5334.964 13 4.5 37.7
0 5335.168 5 4.5 37.7
0 5335.183 70 4.5 37.7
0 5335.314 8 4.5 37.7
0 5335.414 10 4.5 37.7
0 5335.515 10 4.5 37.7
0 5335.749 4 4.5 37.7
0 5335.753 217 4.5 37.7
0 5335.864 9 4.5 37.7
0 5335.962 10 4.5 37.7
0 5336.064 10 4.5 37.7
0 5336.155 11 4.5 37.7
0 5336.256 10 4.5 37.7
0 5336.366 9 4.5 37.7
0 5336.57 5 4.5 37.7
0 5336.574 260 4.5 37.7
0 5336.876 3 4.5 37.7
0 5336.881 205 4.5 37.7
0 5336.99 9 4.5 37.7
0 5337.084 11 4.5 37.7
0 5337.194 9 4.5 37.7
0 5337.386 5 4.5 37.7
0 5337.393 142 4.5 37.7
0 5337.5 9 4.5 37.7
0 5337.603 10 4.5 37.7
0 5337.703 10 4.5 37.7
0 5337.903 5 4.5 37.7
0 5338.082 6 4.5 37.7
0 5338.086 301 4.5 37.7
0 5338.197 9 4.5 37.7
0 5338.3 10 4.5 37.7
0 5338.392 11 4.5 37.7
0 5338.601 5 4.5 37.7
0 5338.605 278 4.5 37.7
0 5338.717 9 4.5 37.7
0 5338.819 10 4.5 37.7
0 5339.02 5 4.5 37.7
0 5339.025 216 4.5 37.7
0 5339.142 9 4.5 37.7
0 5339.336 5 4.5 37.7
0 5339.34 285 4.5 37.7
0 5339.556 5 4.5 37.7
0 5339.561 232 4.5 37.7
0 5339.677 9 4.5 37.7
0 5339.773 10 4.5 37.7
0 5339.873 10 4.5 37.7
0 5339.97 10 4.5 37.7
0 5340.074 10 4.5 37.7
0 5340.27 5 4.5 37.7
0 5340.274 259 4.5 37.7
0 5340.387 9 4.5 37.7
0 5340.484 10 4.5 37.7
0 5340.579 11 4.5 37.7
0 5340.894 3 4.5 37.7
0 5340.898 229 4.5 37.7
0 5341.006 9 4.5 37.7
0 5341.111 9 4.5 37.7
0 5341.213 10 4.5 37.7
0 5341.302 11 4.5 37.7
0 5341.415 9 4.5 37.7
0 5341.61 5 4.5 37.7
0 5341.615 231 4.5 37.7
0 5341.903 3 4.5 37.7
0 5341.908 231 4.5 37.7
0 5342.021 9 4.5 37.7
0 5342.116 11 4.5 37.7
0 5342.222 9 4.5 37.7
0 5342.427 5 4.5 37.7
0 5342.433 190 4.5 37.7
0 5342.546 9 4.5 37.7
0 5342.641 10 4.5 37.7
0 5342.745 10 4.5 37.7
0 5342.948 5 4.5 37.7
0 5343.119 6 4.5 37.7
0 5343.122 306 4.5 37.7
0 5343.234 9 4.5 37.7
0 5343.338 10 4.5 37.7
0 5343.435 10 4.5 37.7
0 5343.644 5 4.5 37.7
0 5343.647 326 4.5 37.7
0 5343.759 9 4.5 37.7
0 5343.863 10 4.5 37.7
0 5344.06 5 4.5 37.7
0 5344.064 309 4.5 37.7
0 5344.187 8 4.5 37.7
0 5344.38 5 3.9 37.7
0 5344.385 236 3.9 37.7
0 5344.59 5 3.9 37.7
0 5344.593 326 3.9 37.7
0 5344.713 8 3.9 37.7
0 5344.804 11 3.9 37.7
0 5344.902 10 3.9 37.7
0 5345.006 10 3.9 37.7
0 5345.103 10 3.9 37.7
0 5345.321 5 3.9 37.7
0 5345.324 292 3.9 37.7
0 5345.438 9 3.9 37.7
0 5345.537 10 3.9 37.7
0 5345.635 10 3.9 37.7
0 5345.922 3 3.9 37.7
0 5345.926 264 3.9 37.7
0 5346.04 9 3.9 37.7
0 5346.136 10 3.9 37.7
0 5346.237 10 3.9 37.7
0 5346.341 10 3.9 37.7
0 5346.443 10 3.9 37.7
0 5346.636 5 3.9 37.7
0 5346.639 314 3.9 37.7
0 5346.941 3 3.9 37.7
0 5346.945 242 3.9 37.7
0 5347.059 9 3.9 37.7
0 5347.155 11 3.9 37.7
0 5347.256 10 3.9 37.7
0 5347.459 5 3.9 37.7
0 5347.465 164 3.9 37.7
0 5347.577 9 3.9 37.7
0 5347.673 10 3.9 37.7
0 5347.775 10 3.9 37.7
0 5347.972 5 3.9 37.7
0 5348.144 6 3.9 37.7
0 5348.148 239 3.9 37.7
0 5348.257 9 3.9 37.7
0 5348.36 10 3.9 37.7
0 5348.459 10 3.9 37.7
0 5348.667 5 3.9 37.7
0 5348.671 240 3.9 37.7
0 5348.782 9 3.9 37.7
0 5348.885 10 3.9 37.7
0 5349.083 5 3.9 37.7
0 5349.087 273 3.9 37.7
0 5349.206 8 3.9 37.7
0 5349.405 5 3.9 37.7
0 5349.409 261 3.9 37.7
0 5349.623 5 3.9 37.7
0 5349.627 288 3.9 37.7
0 5349.749 8 3.9 37.7
0 5349.837 11 3.9 37.7
0 5349.94 10 3.9 37.7
0 5350.038 10 3.9 37.7
0 5350.139 10 3.9 37.7
0 5350.345 5 3.9 37.7
0 5350.351 155 3.9 37.7
0 5350.46 9 3.9 37.7
0 5350.559 10 3.9 37.7
0 5350.659 10 3.9 37.7
0 5350.947 3 3.9 37.7
0 5350.952 182 3.9 37.7
0 5351.063 9 3.9 37.7
0 5351.174 9 3.9 37.7
0 5351.29 9 3.9 37.7
0 5351.391 10 3.9 37.7
0 5351.495 10 3.9 37.7
0 5351.67 6 3.9 37.7
0 5351.683 77 3.9 37.7
0 5351.981 3 3.9 37.7
0 5351.996 65 3.9 37.7
0 5352.097 10 3.9 37.7
0 5352.223 8 3.9 37.7
0 5352.323 10 3.9 37.7
0 5352.488 6 3.9 37.7
0 5352.505 60 3.9 37.7
0 5352.619 9 3.9 37.7
0 5352.723 10 3.9 37.7
0 5352.823 10 3.9 37.7
0 5353.023 5 3.9 37.7
0 5353.216 5 3.9 37.7
0 5353.239 43 3.9 37.7
0 5353.363 8 3.9 37.7
0 5353.46 10 3.9 37.7
0 5353.572 9 3.9 37.7
0 5353.746 6 3.9 37.7
0 5353.769 43 3.9 37.7
0 5353.913 7 3.9 37.7
0 5354.011 10 3.9 37.7
0 5354.103 11 3.9 37.7
0 5354.177 14 3.9 37.7
0 5354.295 8 3.9 37.7
0 5354.393 10 4.1 37.7
0 5354.491 10 4.1 37.7
0 5354.685 5 4.1 37.7
0 5354.708 42 4.1 37.7
0 5354.833 8 4.1 37.7
0 5354.915 12 4.1 37.7
0 5355.03 9 4.1 37.7
0 5355.215 5 4.1 37.7
0 5355.23 66 4.1 37.7
0 5355.436 5 4.1 37.7
0 5355.45 75 4.1 37.7
0 5355.578 8 4.1 37.7
0 5355.664 12 4.1 37.7
0 5355.864 5 4.1 37.7
0 5355.964 10 4.1 37.7
0 5355.977 76 4.1 37.7
0 5356.096 8 4.1 37.7
0 5356.183 11 4.1 37.7
0 5356.31 8 4.1 37.7
0 5356.411 10 4.1 37.7
0 5356.508 10 4.1 37.7
0 5356.675 6 4.1 37.7
0 5356.689 72 4.1 37.7
0 5356.794 9 4.1 37.7
0 5357.101 3 4.1 37.7
0 5357.116 68 4.1 37.7
0 5357.234 8 4.1 37.7
0 5357.34 9 4.1 37.7
0 5357.536 5 4.1 37.7
0 5357.55 68 4.1 37.7
0 5357.676 8 4.1 37.7
0 5357.775 10 4.1 37.7
0 5357.876 10 4.1 37.7
0 5358.064 5 4.1 37.7
0 5358.246 6 4.1 37.7
0 5358.26 69 4.1 37.7
0 5358.39 8 4.1 37.7
0 5358.488 10 4.1 37.7
0 5358.581 11 4.1 37.7
0 5358.775 5 4.1 37.7
0 5358.789 76 4.1 37.7
0 5358.92 8 4.1 37.7
0 5359.017 10 4.1 37.7
0 5359.097 13 4.1 37.7
0 5359.217 8 4.1 37.7
0 5359.313 10 4.1 37.7
0 5359.42 9 4.1 37.7
0 5359.52 10 4.1 37.7
0 5359.683 6 4.1 37.7
0 5359.695 80 4.1 37.7
0 5359.818 8 4.1 37.7
0 5359.926 9 4.1 37.7
0 5360.028 10 4.1 37.7
0 5360.207 6 4.1 37.7
0 5360.221 72 4.1 37.7
0 5360.454 4 4.1 37.7
0 5360.468 76 4.1 37.7
0 5360.588 8 4.1 37.7
0 5360.695 9 4.1 37.7
0 5360.98 4 4.1 37.7
0 5360.994 72 4.1 37.7
0 5361.111 9 4.1 37.7
0 5361.194 12 4.1 37.7
0 5361.326 8 4.1 37.7
0 5361.423 10 4.1 37.7
0 5361.681 4 4.1 37.7
0 5361.685 280 4.1 37.7
0 5361.795 9 4.1 37.7
0 5361.899 10 4.1 37.7
0 5362.187 3 4.1 37.7
0 5362.19 271 4.1 37.7
0 5362.302 9 4.1 37.7
0 5362.408 9 4.1 37.7
0 5362.621 5 4.1 37.7
0 5362.625 252 4.1 37.7
0 5362.739 9 4.1 37.7
0 5362.835 10 4.1 37.7
0 5362.941 9 4.1 37.7
0 5363.139 5 4.1 37.7
0 5363.32 6 4.1 37.7
0 5363.323 286 4.1 37.7
0 5363.434 9 4.1 37.7
0 5363.54 9 4.1 37.7
0 5363.633 11 4.1 37.7
0 5363.85 5 4.1 37.7
0 5363.853 288 4.1 37.7
0 5363.966 9 4.1 37.7
0 5364.057 11 4.1 37.7
0 5364.166 9 4.1 37.7
0 5364.267 10 4.1 37.7
0 5364.367 10 4.1 37.7
0 5364.466 10 4.4 37.7
0 5364.569 10 4.4 37.7
0 5364.768 5 4.4 37.7
0 5364.771 260 4.4 37.7
0 5364.887 9 4.4 37.7
0 5364.983 10 4.4 37.7
0 5365.083 10 4.4 37.7
0 5365.283 5 4.4 37.7
0 5365.287 243 4.4 37.7
0 5365.515 4 4.4 37.7
0 5365.519 246 4.4 37.7
0 5365.628 9 4.4 37.7
0 5365.732 10 4.4 37.7
0 5366.023 3 4.4 37.7
0 5366.027 243 4.4 37.7
0 5366.144 9 4.4 37.7
0 5366.239 10 4.4 37.7
0 5366.343 10 4.4 37.7
0 5366.436 11 4.4 37.7
0 5366.727 3 4.4 37.7
0 5366.731 251 4.4 37.7
0 5366.847 9 4.4 37.7
0 5366.942 10 4.4 37.7
0 5367.235 3 4.4 37.7
0 5367.24 199 4.4 37.7
0 5367.354 9 4.4 37.7
0 5367.449 11 4.4 37.7
0 5367.657 5 4.4 37.7
0 5367.661 244 4.4 37.7
0 5367.782 8 4.4 37.7
0 5367.874 11 4.4 37.7
0 5367.972 10 4.4 37.7
0 5368.174 5 4.4 37.7
0 5368.357 5 4.4 37.7
0 5368.37 76 4.4 37.7
0 5368.491 8 4.4 37.7
0 5368.592 10 4.4 37.7
0 5368.702 9 4.4 37.7
0 5368.886 5 4.4 37.7
0 5368.9 77 4.4 37.7
0 5369.001 10 4.4 37.7
0 5369.115 9 4.4 37.7
0 5369.231 9 4.4 37.7
0 5369.329 10 4.4 37.7
0 5369.425 10 4.4 37.7
0 5369.532 9 4.4 37.7
0 5369.605 14 4.4 37.7
0 5369.732 8 4.4 37.7
0 5369.821 11 4.4 37.7
0 5369.927 9 4.4 37.7
0 5370.032 9 4.4 37.7
0 5370.114 12 4.4 37.7
0 5370.323 5 4.4 37.7
0 5370.336 77 4.4 37.7
0 5370.56 4 4.4 37.7
0 5370.573 74 4.4 37.7
0 5370.705 8 4.4 37.7
0 5370.801 10 4.4 37.7
0 5371.089 3 4.4 37.7
0 5371.104 67 4.4 37.7
0 5371.207 10 4.4 37.7
0 5371.332 8 4.4 37.7
0 5371.43 10 4.4 37.7
0 5371.531 10 4.4 37.7
0 5371.811 4 4.4 37.7
0 5371.824 76 4.4 37.7
0 5371.955 8 4.4 37.7
0 5372.234 4 4.4 37.7
0 5372.249 65 4.4 37.7
0 5372.456 5 4.4 37.7
0 5372.46 297 4.4 37.7
0 5372.671 5 4.4 37.7
0 5372.675 262 4.4 37.7
0 5372.811 7 4.4 37.7
0 5372.917 9 4.4 37.7
0 5373.02 10 4.4 37.7
0 5373.187 6 4.4 37.7
0 5373.389 5 4.4 37.7
0 5373.403 70 4.4 37.7
0 5373.538 7 4.4 37.7
0 5373.604 15 4.4 37.7
0 5373.728 8 4.4 37.7
0 5373.912 5 4.4 37.7
0 5373.926 75 4.4 37.7
0 5374.062 7 4.4 37.7
0 5374.158 10 4.4 37.7
0 5374.251 11 4.4 37.7
0 5374.358 9 4.4 37.7
0 5374.459 10 4.4 37.7
0 5374.563 10 4.4 37.7
0 5374.657 11 4.4 37.7
0 5374.762 10 4.4 37.7
0 5374.859 10 4.4 37.7
0 5374.962 10 4.4 37.7
0 5375.061 10 4.4 37.7
0 5375.16 10 4.4 37.7
0 5375.258 10 4.4 37.7
0 5375.448 5 4.4 37.7
0 5375.462 71 4.4 37.7
0 5375.676 5 4.4 37.7
0 5375.69 73 4.4 37.7
0 5375.82 8 4.4 37.7
0 5375.922 10 4.4 37.7
0 5376.113 5 4.4 37.7
0 5376.127 75 4.4 37.7
0 5376.249 8 4.4 37.7
0 5376.359 9 4.4 37.7
0 5376.456 10 4.4 37.7
0 5376.553 10 4.4 37.7
0 5376.82 4 4.4 37.7
0 5376.832 81 4.4 37.7
0 5376.981 7 4.4 37.7
0 5377.255 4 4.4 37.7
0 5377.278 42 4.4 37.7
0 5377.417 7 4.4 37.7
0 5377.522 10 4.4 37.7
0 5377.704 6 4.4 37.7
0 5377.726 44 4.4 37.7
0 5377.853 8 4.4 37.7
0 5377.966 9 4.4 37.7
0 5378.064 10 4.4 37.7
0 5378.231 6 4.4 37.7
0 5378.424 5 4.4 37.7
0 5378.452 36 4.4 37.7
0 5378.586 7 4.4 37.7
0 5378.664 13 4.4 37.7
0 5378.79 8 4.4 37.7
0 5378.952 6 4.4 37.7
0 5378.974 45 4.4 37.7
0 5379.095 8 4.4 37.7
0 5379.206 9 4.4 37.7
0 5379.293 11 4.4 37.7
0 5379.404 9 4.4 37.7
0 5379.506 10 4.4 37.7
0 5379.6 11 4.4 37.7
0 5379.708 9 4.4 37.7
0 5379.805 10 4.4 37.7
0 5379.888 12 4.4 37.7
0 5380.005 9 4.4 37.7
0 5380.099 11 4.4 37.7
0 5380.215 9 4.4 37.7
0 5380.31 11 4.4 37.7
0 5380.491 6 4.4 37.7
0 5380.514 44 4.4 37.7
0 5380.829 3 4.4 37.7
0 5380.843 74 4.4 37.7
0 5380.965 8 4.4 37.7
0 5381.164 5 4.4 37.7
0 5381.178 71 4.4 37.7
0 5381.301 8 4.4 37.7
0 5381.398 10 4.4 37.7
0 5381.508 9 4.4 37.7
0 5381.6 11 4.4 37.7
0 5381.884 4 4.4 37.7
0 5381.897 76 4.4 37.7
0 5382.028 8 4.4 37.7
0 5382.272 4 4.4 37.7
0 5382.285 74 4.4 37.7
0 5382.401 9 4.4 37.7
0 5382.512 9 4.4 37.7
0 5382.604 11 4.4 37.7
0 5382.816 5 4.4 37.7
0 5382.831 71 4.4 37.7
0 5382.962 8 4.4 37.7
0 5383.06 10 4.4 37.7
0 5383.241 6 4.4 37.7
0 5383.432 5 4.4 37.7
0 5383.444 81 4.4 37.7
0 5383.578 7 4.4 37.7
0 5383.674 10 4.4 37.7
0 5383.775 10 4.4 37.7
0 5383.952 6 4.4 37.7
0 5383.964 81 4.4 37.7
0 5384.088 8 4.4 37.7
0 5384.197 9 4.4 37.7
0 5384.294 10 4.4 37.7
0 5384.395 10 4.4 37.7
0 5384.491 10 4.4 37.7
0 5384.596 10 4.9 37.7
0 5384.695 10 4.9 37.7
0 5384.798 10 4.9 37.7
0 5384.892 11 4.9 37.7
0 5384.989 10 4.9 37.7
0 5385.096 9 4.9 37.7
0 5385.196 10 4.9 37.7
0 5385.274 13 4.9 37.7
0 5385.385 9 4.9 37.7
0 5385.574 5 4.9 37.7
0 5385.588 72 4.9 37.7
0 5385.878 3 4.9 37.7
0 5385.893 67 4.9 37.7
0 5386.015 8 4.9 37.7
0 5386.187 6 4.9 37.7
0 5386.2 78 4.9 37.7
0 5386.33 8 4.9 37.7
0 5386.404 13 4.9 37.7
0 5386.52 9 4.9 37.7
0 5386.608 11 4.9 37.7
0 5386.896 3 4.9 37.7
0 5386.911 67 4.9 37.7
0 5387.039 8 4.9 37.7
0 5387.304 4 4.9 37.7
0 5387.317 76 4.9 37.7
0 5387.435 8 4.9 37.7
0 5387.54 9 4.9 37.7
0 5387.646 9 4.9 37.7
0 5387.828 5 4.9 37.7
0 5387.841 79 4.9 37.7
0 5387.976 7 4.9 37.7
0 5388.073 10 4.9 37.7
0 5388.258 5 4.9 37.7
0 5388.45 5 4.9 37.7
0 5388.465 66 4.9 37.7
0 5388.592 8 4.9 37.7
0 5388.691 10 4.9 37.7
0 5388.789 10 4.9 37.7
0 5388.975 5 4.9 37.7
0 5388.988 76 4.9 37.7
0 5389.101 9 4.9 37.7
0 5389.219 9 4.9 37.7
0 5389.311 11 4.9 37.7
0 5389.41 10 4.9 37.7
0 5389.514 10 4.9 37.7
0 5389.611 10 4.9 37.7
0 5389.717 9 4.9 37.7
0 5389.816 10 4.9 37.7
0 5389.909 11 4.9 37.7
0 5390.086 6 4.9 37.7
0 5390.09 264 4.9 37.7
0 5390.212 8 4.9 37.7
0 5390.3 11 4.9 37.7
0 5390.401 10 4.9 37.7
0 5390.603 5 4.9 37.7
0 5390.607 269 4.9 37.7
0 5390.917 3 4.9 37.7
0 5390.921 296 4.9 37.7
0 5391.032 9 4.9 37.7
0 5391.243 5 4.9 37.7
0 5391.248 192 4.9 37.7
0 5391.357 9 4.9 37.7
0 5391.457 10 4.9 37.7
0 5391.561 10 4.9 37.7
0 5391.657 10 4.9 37.7
0 5391.945 3 4.9 37.7
0 5391.949 316 4.9 37.7
0 5392.064 9 4.9 37.7
0 5392.346 4 4.9 37.7
0 5392.35 235 4.9 37.7
0 5392.463 9 4.9 37.7
0 5392.556 11 4.9 37.7
0 5392.664 9 4.9 37.7
0 5392.858 5 4.9 37.7
0 5392.862 216 4.9 37.7
0 5392.977 9 4.9 37.7
0 5393.072 11 4.9 37.7
0 5393.275 5 4.9 37.7
0 5393.46 5 4.9 37.7
0 5393.474 71 4.9 37.7
0 5393.593 8 4.9 37.7
0 5393.691 10 4.9 37.7
0 5393.792 10 4.9 37.7
0 5393.981 5 4.9 37.7
0 5393.995 73 4.9 37.7
0 5394.101 9 4.9 37.7
0 5394.219 8 4.9 37.7
0 5394.314 11 4.9 37.7
0 5394.401 12 4.9 37.7
0 5394.517 9 4.9 37.7
0 5394.606 11 4.8 37.7
0 5394.72 9 4.8 37.7
0 5394.804 12 4.8 37.7
0 5394.901 10 4.8 37.7
0 5395.107 5 4.8 37.7
0 5395.121 75 4.8 37.7
0 5395.238 9 4.8 37.7
0 5395.334 10 4.8 37.7
0 5395.426 11 4.8 37.7
0 5395.63 5 4.8 37.7
0 5395.645 68 4.8 37.7
0 5395.936 3 4.8 37.7
0 5395.951 69 4.8 37.7
0 5396.06 9 4.8 37.7
0 5396.261 5 4.8 37.7
0 5396.274 79 4.8 37.7
0 5396.388 9 4.8 37.7
0 5396.492 10 4.8 37.7
0 5396.591 10 4.8 37.7
0 5396.697 9 4.8 37.7
0 5396.968 4 4.8 37.7
0 5396.981 73 4.8 37.7
0 5397.099 8 4.8 37.7
0 5397.289 5 4.8 37.7
0 5397.301 79 4.8 37.7
0 5397.408 9 4.8 37.7
0 5397.527 8 4.8 37.7
0 5397.608 12 4.8 37.7
0 5397.73 8 4.8 37.7
0 5397.921 5 4.8 37.7
0 5397.934 75 4.8 37.7
0 5398.063 8 4.8 37.7
0 5398.163 10 4.8 37.7
0 5398.347 5 4.8 37.7
0 5398.533 5 4.8 37.7
0 5398.548 68 4.8 37.7
0 5398.678 8 4.8 37.7
0 5398.766 11 4.8 37.7
0 5398.857 11 4.8 37.7
0 5399.05 5 4.8 37.7
0 5399.065 69 4.8 37.7
0 5399.187 8 4.8 37.7
0 5399.289 10 4.8 37.7
0 5399.395 9 4.8 37.7
0 5399.477 12 4.8 37.7
0 5399.576 10 4.8 37.7
0 5399.691 9 4.8 37.7
0 5399.786 10 4.8 37.7
0 5399.885 10 4.8 37.7
0 5399.981 10 4.8 37.7
0 5400.166 5 4.8 37.7
0 5400.178 78 4.8 37.7
0 5400.299 8 4.8 37.7
0 5400.398 10 4.8 37.7
0 5400.489 11 4.8 37.7
0 5400.68 5 4.8 37.7
0 5400.693 79 4.8 37.7
0 5400.99 3 4.8 37.7
0 5401.005 67 4.8 37.7
0 5401.106 10 4.8 37.7
0 5401.314 5 4.8 37.7
0 5401.329 71 4.8 37.7
0 5401.447 8 4.8 37.7
0 5401.551 10 4.8 37.7
0 5401.655 10 4.8 37.7
0 5401.75 11 4.8 37.7
0 5402.036 3 4.8 37.7
0 5402.051 69 4.8 37.7
0 5402.184 8 4.8 37.7
0 5402.366 5 4.8 37.7
0 5402.379 77 4.8 37.7
0 5402.506 8 4.8 37.7
0 5402.598 11 4.8 37.7
0 5402.716 8 4.8 37.7
0 5402.811 11 4.8 37.7
0 5402.983 6 4.8 37.7
0 5402.996 75 4.8 37.7
0 5403.107 9 4.8 37.7
0 5403.232 8 4.8 37.7
0 5403.411 6 4.8 37.7
0 5403.599 5 4.8 37.7
0 5403.615 63 4.8 37.7
0 5403.748 8 4.8 37.7
0 5403.844 10 4.8 37.7
0 5403.941 10 4.8 37.7
0 5404.132 5 4.8 37.7
0 5404.145 78 4.8 37.7
0 5404.275 8 4.8 37.7
0 5404.374 10 4.8 37.7
0 5404.47 10 4.8 37.7
0 5404.554 12 4.8 37.7
0 5404.685 8 4.7 37.6
0 5404.779 11 4.7 37.6
0 5404.879 10 4.7 37.6
0 5404.975 10 4.7 37.6
0 5405.079 10 4.7 37.6
0 5405.275 5 4.7 37.6
0 5405.289 69 4.7 37.6
0 5405.399 9 4.7 37.6
0 5405.513 9 4.7 37.6
0 5405.687 6 4.7 37.6
0 5405.701 73 4.7 37.6
0 5406.087 3 4.7 37.6
0 5406.091 241 4.7 37.6
0 5406.203 9 4.7 37.6
0 5406.413 5 4.7 37.6
0 5406.416 306 4.7 37.6
0 5406.527 9 4.7 37.6
0 5406.63 10 4.7 37.6
0 5406.729 10 4.7 37.6
0 5406.929 5 4.7 37.6
0 5407.026 10 4.7 37.6
0 5407.033 150 4.7 37.6
0 5407.145 9 4.7 37.6
0 5407.245 10 4.7 37.6
0 5407.436 5 4.7 37.6
0 5407.439 266 4.7 37.6
0 5407.551 9 4.7 37.6
0 5407.651 10 4.7 37.6
0 5407.752 10 4.7 37.6
0 5407.854 10 4.7 37.6
0 5408.061 5 4.7 37.6
0 5408.065 257 4.7 37.6
0 5408.178 9 4.7 37.6
0 5408.276 10 4.7 37.6
0 5408.479 5 4.7 37.6
0 5408.65 6 4.7 37.6
0 5408.653 309 4.7 37.6
0 5408.768 9 4.7 37.6
0 5408.866 10 4.7 37.6
0 5408.965 10 4.7 37.6
0 5409.16 5 4.7 37.6
0 5409.163 321 4.7 37.6
0 5409.278 9 4.7 37.6
0 5409.376 10 4.7 37.6
0 5409.475 10 4.7 37.6
0 5409.577 10 4.7 37.6
0 5409.683 9 4.7 37.6
0 5409.779 10 4.7 37.6
0 5409.876 10 4.7 37.6
0 5409.976 10 4.7 37.6
0 5410.078 10 4.7 37.6
0 5410.282 5 4.7 37.6
0 5410.285 276 4.7 37.6
0 5410.397 9 4.7 37.6
0 5410.496 10 4.7 37.6
0 5410.684 5 4.7 37.6
0 5410.687 306 4.7 37.6
0 5410.808 8 4.7 37.6
0 5411.167 3 4.7 37.6
0 5411.171 232 4.7 37.6
0 5411.281 9 4.7 37.6
0 5411.484 5 4.7 37.6
0 5411.487 284 4.7 37.6
0 5411.595 9 4.7 37.6
0 5411.702 9 4.7 37.6
0 5411.799 10 4.7 37.6
0 5412.084 4 4.7 37.6
0 5412.087 271 4.7 37.6
0 5412.198 9 4.7 37.6
0 5412.302 10 4.7 37.6
0 5412.504 5 4.7 37.6
0 5412.508 233 4.7 37.6
0 5412.623 9 4.7 37.6
0 5412.718 11 4.7 37.6
0 5412.822 10 4.7 37.6
0 5412.914 11 4.7 37.6
0 5413.126 5 4.7 37.6
0 5413.131 190 4.7 37.6
0 5413.24 9 4.7 37.6
0 5413.343 10 4.7 37.6
0 5413.533 5 4.7 37.6
0 5413.706 6 4.7 37.6
0 5413.709 330 4.7 37.6
0 5413.82 9 4.7 37.6
0 5413.923 10 4.7 37.6
0 5414.02 10 4.7 37.6
0 5414.219 5 4.7 37.6
0 5414.222 301 4.7 37.6
0 5414.333 9 4.7 37.6
0 5414.435 10 4.7 37.6
0 5414.532 10 4.7 37.6
0 5414.635 10 4.7 37.6
0 5414.744 9 3.8 37.6
0 5414.834 11 3.8 37.6
0 5414.928 11 3.8 37.6
0 5415.038 9 3.8 37.6
0 5415.136 10 3.8 37.6
0 5415.336 5 3.8 37.6
0 5415.339 319 3.8 37.6
0 5415.449 9 3.8 37.6
0 5415.553 10 3.8 37.6
0 5415.74 5 3.8 37.6
0 5415.744 282 3.8 37.6
0 5415.863 8 3.8 37.6
0 5416.227 3 3.8 37.6
0 5416.231 207 3.8 37.6
0 5416.342 9 3.8 37.6
0 5416.545 5 3.8 37.6
0 5416.549 310 3.8 37.6
0 5416.659 9 3.8 37.6
0 5416.764 10 3.8 37.6
0 5416.86 10 3.8 37.6
0 5417.15 3 3.8 37.6
0 5417.154 300 3.8 37.6
0 5417.27 9 3.8 37.6
0 5417.363 11 3.8 37.6
0 5417.569 5 3.8 37.6
0 5417.573 249 3.8 37.6
0 5417.681 9 3.8 37.6
0 5417.79 9 3.8 37.6
0 5417.885 10 3.8 37.6
0 5417.984 10 3.8 37.6
0 5418.163 6 3.8 37.6
0 5418.175 86 3.8 37.6
0 5418.296 8 3.8 37.6
0 5418.386 11 3.8 37.6
0 5418.601 5 3.8 37.6
0 5418.774 6 3.8 37.6
0 5418.779 233 3.8 37.6
0 5418.885 9 3.8 37.6
0 5418.987 10 3.8 37.6
0 5419.091 10 3.8 37.6
0 5419.29 5 3.8 37.6
0 5419.294 276 3.8 37.6
0 5419.414 8 3.8 37.6
0 5419.503 11 3.8 37.6
0 5419.599 10 3.8 37.6
0 5419.704 10 3.8 37.6
0 5419.811 9 3.8 37.6
0 5419.915 10 3.8 37.6
0 5420.003 11 3.8 37.6
0 5420.099 10 3.8 37.6
0 5420.206 9 3.8 37.6
0 5420.411 5 3.8 37.6
0 5420.416 207 3.8 37.6
0 5420.524 9 3.8 37.6
0 5420.625 10 3.8 37.6
0 5420.839 5 3.8 37.6
0 5420.842 254 3.8 37.6
0 5421.136 3 3.8 37.6
0 5421.14 301 3.8 37.6
0 5421.35 5 3.8 37.6
0 5421.354 250 3.8 37.6
0 5421.566 5 3.8 37.6
0 5421.57 292 3.8 37.6
0 5421.683 9 3.8 37.6
0 5421.781 10 3.8 37.6
0 5421.885 10 3.8 37.6
0 5422.169 4 3.8 37.6
0 5422.172 308 3.8 37.6
0 5422.286 9 3.8 37.6
0 5422.386 10 3.8 37.6
0 5422.579 5 3.8 37.6
0 5422.582 298 3.8 37.6
0 5422.699 9 3.8 37.6
0 5422.796 10 3.8 37.6
0 5422.897 10 3.8 37.6
0 5423.0 10 3.8 37.6
0 5423.191 5 3.8 37.6
0 5423.197 188 3.8 37.6
0 5423.31 9 3.8 37.6
0 5423.396 12 3.8 37.6
0 5423.611 5 3.8 37.6
0 5423.789 6 3.8 37.6
0 5423.792 320 3.8 37.6
0 5423.895 10 3.8 37.6
0 5424.001 9 3.8 37.6
0 5424.107 9 3.8 37.6
0 5424.299 5 3.8 37.6
0 5424.302 311 3.8 37.6
0 5424.414 9 3.8 37.6
0 5424.511 10 3.8 37.6
0 5424.614 10 3.8 37.6
0 5424.715 10 3.8 37.6
0 5424.824 9 3.7 37.6
0 5424.917 11 3.7 37.6
0 5425.006 11 3.7 37.6
0 5425.106 10 3.7 37.6
0 5425.217 9 3.7 37.6
0 5425.411 5 3.7 37.6
0 5425.414 272 3.7 37.6
0 5425.523 9 3.7 37.6
0 5425.624 10 3.7 37.6
0 5425.832 5 3.7 37.6
0 5425.836 264 3.7 37.6
0 5425.957 8 3.7 37.6
0 5426.235 4 3.7 37.6
0 5426.24 241 3.7 37.6
0 5426.464 4 3.7 37.6
0 5426.561 10 3.7 37.6
0 5426.568 148 3.7 37.6
0 5426.678 9 3.7 37.6
0 5426.782 10 3.7 37.6
0 5426.88 10 3.7 37.6
0 5426.986 10 3.7 37.6
0 5427.264 4 3.7 37.6
0 5427.267 315 3.7 37.6
0 5427.383 9 3.7 37.6
0 5427.477 11 3.7 37.6
0 5427.681 5 3.7 37.6
0 5427.684 269 3.7 37.6
0 5427.798 9 3.7 37.6
0 5427.893 11 3.7 37.6
0 5427.99 10 3.7 37.6
0 5428.198 5 3.7 37.6
0 5428.203 189 3.7 37.6
0 5428.317 9 3.7 37.6
0 5428.417 10 3.7 37.6
0 5428.617 5 3.7 37.6
0 5428.792 6 3.7 37.6
0 5428.796 263 3.7 37.6
0 5428.909 9 3.7 37.6
0 5429.012 10 3.7 37.6
0 5429.101 11 3.7 37.6
0 5429.304 5 3.7 37.6
0 5429.308 270 3.7 37.6
0 5429.422 9 3.7 37.6
0 5429.523 10 3.7 37.6
0 5429.61 11 3.7 37.6
0 5429.719 9 3.7 37.6
0 5429.829 9 3.7 37.6
0 5429.921 11 3.7 37.6
0 5430.026 10 3.7 37.6
0 5430.109 12 3.7 37.6
0 5430.219 9 3.7 37.6
0 5430.425 5 3.7 37.6
0 5430.428 314 3.7 37.6
0 5430.537 9 3.7 37.6
0 5430.637 10 3.7 37.6
0 5430.843 5 3.7 37.6
0 5430.847 253 3.7 37.6
0 5430.964 9 3.7 37.6
0 5431.153 5 3.7 37.6
0 5431.238 12 3.7 37.6
0 5431.259 47 3.7 37.6
0 5431.474 5 3.7 37.6
0 5431.571 10 3.7 37.6
0 5431.579 139 3.7 37.6
0 5431.689 9 3.7 37.6
0 5431.787 10 3.7 37.6
0 5431.891 10 3.7 37.6
0 5431.995 10 3.7 37.6
0 5432.267 4 3.7 37.6
0 5432.27 296 3.7 37.6
0 5432.381 9 3.7 37.6
0 5432.483 10 3.7 37.6
0 5432.678 5 3.7 37.6
0 5432.682 227 3.7 37.6
0 5432.795 9 3.7 37.6
0 5432.893 10 3.7 37.6
0 5432.995 10 3.7 37.6
0 5433.094 10 3.7 37.6
0 5433.302 5 3.7 37.6
0 5433.307 223 3.7 37.6
0 5433.417 9 3.7 37.6
0 5433.619 5 3.7 37.6
0 5433.791 6 3.7 37.6
0 5433.795 301 3.7 37.6
0 5433.909 9 3.7 37.6
0 5434.006 10 3.7 37.6
0 5434.102 10 3.7 37.6
0 5434.308 5 3.7 37.6
0 5434.312 259 3.7 37.6
0 5434.425 9 3.7 37.6
0 5434.521 10 3.7 37.6
0 5434.618 10 3.7 37.6
0 5434.721 10 3.7 37.6
0 5434.833 9 3.6 37.6
0 5434.926 11 3.6 37.6
0 5435.023 10 3.6 37.6
0 5435.123 10 3.6 37.6
0 5435.223 10 3.6 37.6
0 5435.437 5 3.6 37.6
0 5435.44 311 3.6 37.6
0 5435.549 9 3.6 37.6
0 5435.652 10 3.6 37.6
0 5435.857 5 3.6 37.6
0 5435.862 198 3.6 37.6
0 5435.964 10 3.6 37.6
0 5436.261 3 3.6 37.6
0 5436.265 257 3.6 37.6
0 5436.367 10 3.6 37.6
0 5436.585 5 3.6 37.6
0 5436.685 10 3.6 37.6
0 5436.688 302 3.6 37.6
0 5436.801 9 3.6 37.6
0 5436.904 10 3.6 37.6
0 5437.008 10 3.6 37.6
0 5437.269 4 3.6 37.6
0 5437.272 318 3.6 37.6
0 5437.386 9 3.6 37.6
0 5437.487 10 3.6 37.6
0 5437.676 5 3.6 37.6
0 5437.679 325 3.6 37.6
0 5437.791 9 3.6 37.6
0 5437.892 10 3.6 37.6
0 5437.994 10 3.6 37.6
0 5438.092 10 3.6 37.6
0 5438.197 10 3.6 37.6
0 5438.384 5 3.6 37.6
0 5438.388 221 3.6 37.6
0 5438.502 9 3.6 37.6
0 5438.684 5 3.6 37.6
0 5438.852 6 3.6 37.6
0 5438.855 301 3.6 37.6
0 5438.969 9 3.6 37.6
0 5439.07 10 3.6 37.6
0 5439.167 10 3.6 37.6
0 5439.373 5 3.6 37.6
0 5439.376 315 3.6 37.6
0 5439.49 9 3.6 37.6
0 5439.592 10 3.6 37.6
0 5439.687 11 3.6 37.6
0 5439.788 10 3.6 37.6
0 5439.896 9 3.6 37.6
0 5439.989 11 3.6 37.6
0 5440.092 10 3.6 37.6
0 5440.183 11 3.6 37.6
0 5440.288 10 3.6 37.6
0 5440.494 5 3.6 37.6
0 5440.498 265 3.6 37.6
0 5440.605 9 3.6 37.6
0 5440.708 10 3.6 37.6
0 5440.903 5 3.6 37.6
0 5440.906 313 3.6 37.6
0 5441.027 8 3.6 37.6
0 5441.27 4 3.6 37.6
0 5441.274 298 3.6 37.6
0 5441.383 9 3.6 37.6
0 5441.594 5 3.6 37.6
0 5441.684 11 3.6 37.6
0 5441.699 69 3.6 37.6
0 5441.808 9 3.6 37.6
0 5441.909 10 3.6 37.6
0 5442.008 10 3.6 37.6
0 5442.279 4 3.6 37.6
0 5442.283 230 3.6 37.6
0 5442.392 9 3.6 37.6
0 5442.493 10 3.6 37.6
0 5442.682 5 3.6 37.6
0 5442.686 247 3.6 37.6
0 5442.808 8 3.6 37.6
0 5442.896 11 3.6 37.6
0 5442.996 10 3.6 37.6
0 5443.096 10 3.6 37.6
0 5443.2 10 3.6 37.6
0 5443.406 5 3.6 37.6
0 5443.41 268 3.6 37.6
0 5443.52 9 3.6 37.6
0 5443.698 6 3.6 37.6
0 5443.889 5 3.6 37.6
0 5443.892 321 3.6 37.6
0 5444.002 9 3.6 37.6
0 5444.102 10 3.6 37.6
0 5444.203 10 3.6 37.6
0 5444.409 5 3.6 37.6
0 5444.413 253 3.6 37.6
0 5444.522 9 3.6 37.6
0 5444.613 11 3.6 37.6
0 5444.723 9 3.6 37.6
0 5444.827 10 3.6 37.6
0 5444.937 9 3.6 37.6
0 5445.023 12 3.6 37.6
0 5445.114 11 3.6 37.6
0 5445.223 9 3.6 37.6
0 5445.327 10 3.6 37.6
0 5445.53 5 3.6 37.6
0 5445.533 311 3.6 37.6
0 5445.643 9 3.6 37.6
0 5445.743 10 3.6 37.6
0 5445.942 5 3.6 37.6
0 5445.947 226 3.6 37.6
0 5446.066 8 3.6 37.6
0 5446.315 4 3.6 37.6
0 5446.319 282 3.6 37.6
0 5446.431 9 3.6 37.6
0 5446.637 5 3.6 37.6
0 5446.727 11 3.6 37.6
0 5446.746 53 3.6 37.6
0 5446.851 10 3.6 37.6
0 5446.954 10 3.6 37.6
0 5447.055 10 3.6 37.6
0 5447.331 4 3.6 37.6
0 5447.334 314 3.6 37.6
0 5447.443 9 3.6 37.6
0 5447.547 10 3.6 37.6
0 5447.743 5 3.6 37.6
0 5447.748 223 3.6 37.6
0 5447.863 9 3.6 37.6
0 5447.957 11 3.6 37.6
0 5448.059 10 3.6 37.6
0 5448.161 10 3.6 37.6
0 5448.263 10 3.6 37.6
0 5448.46 5 3.6 37.6
0 5448.463 273 3.6 37.6
0 5448.575 9 3.6 37.6
0 5448.774 5 3.6 37.6
0 5448.944 6 3.6 37.6
0 5448.947 302 3.6 37.6
0 5449.058 9 3.6 37.6
0 5449.16 10 3.6 37.6
0 5449.259 10 3.6 37.6
0 5449.473 5 3.6 37.6
0 5449.476 330 3.6 37.6
0 5449.58 10 3.6 37.6
0 5449.686 9 3.6 37.6
0 5449.788 10 3.6 37.6
0 5449.89 10 3.6 37.6
0 5449.998 9 3.6 37.6
0 5450.088 11 3.6 37.6
0 5450.189 10 3.6 37.6
0 5450.289 10 3.6 37.6
0 5450.39 10 3.6 37.6
0 5450.585 5 3.6 37.6
0 5450.588 306 3.6 37.6
0 5450.7 9 3.6 37.6
0 5450.8 10 3.6 37.6
0 5450.997 5 3.6 37.6
0 5451.001 286 3.6 37.6
0 5451.104 10 3.6 37.6
0 5451.404 3 3.6 37.6
0 5451.408 243 3.6 37.6
0 5451.519 9 3.6 37.6
0 5451.699 6 3.6 37.6
0 5451.796 10 3.6 37.6
0 5451.808 85 3.6 37.6
0 5451.922 9 3.6 37.6
0 5452.02 10 3.6 37.6
0 5452.113 11 3.6 37.6
0 5452.409 3 3.6 37.6
0 5452.412 291 3.6 37.6
0 5452.525 9 3.6 37.6
0 5452.615 11 3.6 37.6
0 5452.824 5 3.6 37.6
0 5452.828 309 3.6 37.6
0 5452.941 9 3.6 37.6
0 5453.041 10 3.6 37.6
0 5453.147 9 3.6 37.6
0 5453.241 11 3.6 37.6
0 5453.359 8 3.6 37.6
0 5453.548 5 3.6 37.6
0 5453.562 71 3.6 37.6
0 5453.686 8 3.6 37.6
0 5453.957 4 3.6 37.6
0 5454.052 10 3.6 37.6
0 5454.071 53 3.6 37.6
0 5454.187 9 3.6 37.6
0 5454.305 8 3.6 37.6
0 5454.467 6 3.6 37.6
0 5454.479 82 3.6 37.6
0 5454.608 8 3.6 37.6
0 5454.709 10 3.6 37.6
0 5454.811 10 3.6 37.6
0 5454.91 10 3.6 37.6
0 5455.012 10 3.8 37.6
0 5455.114 10 3.8 37.6
0 5455.189 13 3.8 37.6
0 5455.319 8 3.8 37.6
0 5455.413 11 3.8 37.6
0 5455.512 10 3.8 37.6
0 5455.697 5 3.8 37.6
0 5455.71 76 3.8 37.6
0 5455.847 7 3.8 37.6
0 5456.027 6 3.8 37.6
0 5456.039 80 3.8 37.6
0 5456.17 8 3.8 37.6
0 5456.361 5 3.8 37.6
0 5456.375 72 3.8 37.6
0 5456.503 8 3.8 37.6
0 5456.606 10 3.8 37.6
0 5456.788 5 3.8 37.6
0 5456.888 10 3.8 37.6
0 5456.902 70 3.8 37.6
0 5457.035 8 3.8 37.6
0 5457.119 12 3.8 37.6
0 5457.203 12 3.8 37.6
0 5457.507 3 3.8 37.6
0 5457.52 76 3.8 37.6
0 5457.628 9 3.8 37.6
0 5457.747 8 3.8 37.6
0 5457.938 5 3.8 37.6
0 5457.951 77 3.8 37.6
0 5458.088 7 3.8 37.6
0 5458.181 11 3.8 37.6
0 5458.284 10 3.8 37.6
0 5458.388 10 3.8 37.6
0 5458.579 5 3.8 37.6
0 5458.594 65 3.8 37.6
0 5458.724 8 3.8 37.6
0 5458.997 4 3.8 37.6
0 5459.095 10 3.8 37.6
0 5459.111 62 3.8 37.6
0 5459.242 8 3.8 37.6
0 5459.343 10 3.8 37.6
0 5459.519 6 3.8 37.6
0 5459.533 75 3.8 37.6
0 5459.657 8 3.8 37.6
0 5459.752 11 3.8 37.6
0 5459.853 10 3.8 37.6
0 5460.02 6 3.8 37.6
0 5460.026 191 3.8 37.6
0 5460.14 9 3.8 37.6
0 5460.237 10 3.8 37.6
0 5460.336 10 3.8 37.6
0 5460.436 10 3.8 37.6
0 5460.544 9 3.8 37.6
0 5460.741 5 3.8 37.6
0 5460.744 313 3.8 37.6
0 5460.856 9 3.8 37.6
0 5461.054 5 3.8 37.6
0 5461.059 195 3.8 37.6
0 5461.17 9 3.8 37.6
0 5461.37 5 3.8 37.6
0 5461.374 250 3.8 37.6
0 5461.486 9 3.8 37.6
0 5461.591 10 3.8 37.6
0 5461.687 10 3.8 37.6
0 5461.895 5 3.8 37.6
0 5461.982 11 3.8 37.6
0 5462.002 50 3.8 37.6
0 5462.111 9 3.8 37.6
0 5462.21 10 3.8 37.6
0 5462.3 11 3.8 37.6
0 5462.589 3 3.8 37.6
0 5462.592 272 3.8 37.6
0 5462.706 9 3.8 37.6
0 5462.802 10 3.8 37.6
0 5463.007 5 3.8 37.6
0 5463.011 274 3.8 37.6
0 5463.115 10 3.8 37.6
0 5463.228 9 3.8 37.6
0 5463.325 10 3.8 37.6
0 5463.42 11 3.8 37.6
0 5463.63 5 3.8 37.6
0 5463.634 204 3.8 37.6
0 5463.75 9 3.8 37.6
0 5464.043 3 3.8 37.6
0 5464.131 11 3.8 37.6
0 5464.15 53 3.8 37.6
0 5464.262 9 3.8 37.6
0 5464.358 10 3.8 37.6
0 5464.549 5 3.8 37.6
0 5464.552 313 3.8 37.6
0 5464.67 8 3.8 37.6
0 5464.77 10 3.8 37.6
0 5464.866 10 3.8 37.6
0 5465.072 5 4.2 37.6
0 5465.076 246 4.2 37.6
0 5465.191 9 4.2 37.6
0 5465.294 10 4.2 37.6
0 5465.389 11 4.2 37.6
0 5465.486 10 4.2 37.6
0 5465.589 10 4.2 37.6
0 5465.792 5 4.2 37.6
0 5465.796 256 4.2 37.6
0 5465.909 9 4.2 37.6
0 5466.112 5 4.2 37.6
0 5466.115 289 4.2 37.6
0 5466.228 9 4.2 37.6
0 5466.438 5 4.2 37.6
0 5466.442 246 4.2 37.6
0 5466.542 10 4.2 37.6
0 5466.654 9 4.2 37.6
0 5466.754 10 4.2 37.6
0 5466.963 5 4.2 37.6
0 5467.053 11 4.2 37.6
0 5467.067 70 4.2 37.6
0 5467.181 9 4.2 37.6
0 5467.279 10 4.2 37.6
0 5467.383 10 4.2 37.6
0 5467.66 4 4.2 37.6
0 5467.673 76 4.2 37.6
0 5467.805 8 4.2 37.6
0 5467.897 11 4.2 37.6
0 5468.086 5 4.2 37.6
0 5468.099 78 4.2 37.6
0 5468.232 8 4.2 37.6
0 5468.327 11 4.2 37.6
0 5468.415 11 4.2 37.6
0 5468.532 9 4.2 37.6
0 5468.622 11 4.2 37.6
0 5468.734 9 4.2 37.6
0 5468.833 10 4.2 37.6
0 5469.1 4 4.2 37.6
0 5469.196 10 4.2 37.6
0 5469.217 49 4.2 37.6
0 5469.348 8 4.2 37.6
0 5469.445 10 4.2 37.6
0 5469.632 5 4.2 37.6
0 5469.645 72 4.2 37.6
0 5469.779 7 4.2 37.6
0 5469.881 10 4.2 37.6
0 5469.978 10 4.2 37.6
0 5470.162 5 4.2 37.6
0 5470.178 65 4.2 37.6
0 5470.311 8 4.2 37.6
0 5470.399 11 4.2 37.6
0 5470.507 9 4.2 37.6
0 5470.604 10 4.2 37.6
0 5470.705 10 4.2 37.6
0 5470.893 5 4.2 37.6
0 5470.981 11 4.2 37.6
0 5470.997 64 4.2 37.6
0 5471.188 5 4.2 37.6
0 5471.198 96 4.2 37.6
0 5471.305 9 4.2 37.6
0 5471.509 5 4.2 37.6
0 5471.513 275 4.2 37.6
0 5471.615 10 4.2 37.6
0 5471.73 9 4.2 37.6
0 5471.824 11 4.2 37.6
0 5472.035 5 4.2 37.6
0 5472.123 11 4.2 37.6
0 5472.141 58 4.2 37.6
0 5472.25 9 4.2 37.6
0 5472.349 10 4.2 37.6
0 5472.453 10 4.2 37.6
0 5472.742 3 4.2 37.6
0 5472.747 198 4.2 37.6
0 5472.86 9 4.2 37.6
0 5472.961 10 4.2 37.6
0 5473.164 5 4.2 37.6
0 5473.168 317 4.2 37.6
0 5473.283 9 4.2 37.6
0 5473.382 10 4.2 37.6
0 5473.485 10 4.2 37.6
0 5473.581 10 4.2 37.6
0 5473.679 10 4.2 37.6
0 5473.787 9 4.2 37.6
0 5473.884 10 4.2 37.6
0 5474.168 4 4.2 37.6
0 5474.258 11 4.2 37.6
0 5474.274 64 4.2 37.6
0 5474.391 9 4.2 37.6
0 5474.482 11 4.2 37.6
0 5474.69 5 4.2 37.6
0 5474.693 319 4.2 37.6
0 5474.807 9 4.2 37.6
0 5474.913 9 4.2 37.6
0 5475.005 11 4.2 37.6
0 5475.196 5 4.0 37.6
0 5475.201 205 4.0 37.6
0 5475.313 9 4.0 37.6
0 5475.419 9 4.0 37.6
0 5475.511 11 4.0 37.6
0 5475.61 10 4.0 37.6
0 5475.716 9 4.0 37.6
0 5475.895 6 4.0 37.6
0 5475.982 11 4.0 37.6
0 5476.008 39 4.0 37.6
0 5476.207 5 4.0 37.6
0 5476.212 209 4.0 37.6
0 5476.316 10 4.0 37.6
0 5476.511 5 4.0 37.6
0 5476.516 201 4.0 37.6
0 5476.617 10 4.0 37.6
0 5476.729 9 4.0 37.6
0 5476.829 10 4.0 37.6
0 5476.927 10 4.0 37.6
0 5477.137 5 4.0 37.6
0 5477.227 11 4.0 37.6
0 5477.242 66 4.0 37.6
0 5477.354 9 4.0 37.6
0 5477.45 10 4.0 37.6
0 5477.745 3 4.0 37.6
0 5477.749 246 4.0 37.6
0 5477.862 9 4.0 37.6
0 5477.959 10 4.0 37.6
0 5478.168 5 4.0 37.6
0 5478.171 273 4.0 37.6
0 5478.289 9 4.0 37.6
0 5478.386 10 4.0 37.6
0 5478.482 10 4.0 37.6
0 5478.588 9 4.0 37.6
0 5478.684 10 4.0 37.6
0 5478.791 9 4.0 37.6
0 5478.884 11 4.0 37.6
0 5479.083 5 4.0 37.6
0 5479.177 11 4.0 37.6
0 5479.279 10 4.0 37.6
0 5479.288 110 4.0 37.6
0 5479.401 9 4.0 37.6
0 5479.498 10 4.0 37.6
0 5479.703 5 4.0 37.6
0 5479.706 329 4.0 37.6
0 5479.826 8 4.0 37.6
0 5479.921 10 4.0 37.6
0 5480.018 10 4.0 37.6
0 5480.206 5 4.0 37.6
0 5480.21 251 4.0 37.6
0 5480.329 8 4.0 37.6
0 5480.423 11 4.0 37.6
0 5480.52 10 4.0 37.6
0 5480.617 10 4.0 37.6
0 5480.724 9 4.0 37.6
0 5481.008 4 4.0 37.6
0 5481.013 223 4.0 37.6
0 5481.203 5 4.0 37.6
0 5481.212 118 4.0 37.6
0 5481.322 9 4.0 37.6
0 5481.528 5 4.0 37.6
0 5481.534 175 4.0 37.6
0 5481.644 9 4.0 37.6
0 5481.743 10 4.0 37.6
0 5481.844 10 4.0 37.6
0 5481.943 10 4.0 37.6
0 5482.152 5 4.0 37.6
0 5482.237 12 4.0 37.6
0 5482.258 46 4.0 37.6
0 5482.37 9 4.0 37.6
0 5482.465 10 4.0 37.6
0 5482.76 3 4.0 37.6
0 5482.764 254 4.0 37.6
0 5482.875 9 4.0 37.6
0 5482.976 10 4.0 37.6
0 5483.182 5 4.0 37.6
0 5483.185 291 4.0 37.6
0 5483.303 8 4.0 37.6
0 5483.399 10 4.0 37.6
0 5483.496 10 4.0 37.6
0 5483.6 10 4.0 37.6
0 5483.702 10 4.0 37.6
0 5483.832 8 4.0 37.6
0 5483.92 11 4.0 37.6
0 5484.205 4 4.0 37.6
0 5484.305 10 4.0 37.6
0 5484.318 76 4.0 37.6
0 5484.45 8 4.0 37.6
0 5484.55 10 4.0 37.6
0 5484.716 6 4.0 37.6
0 5484.729 75 4.0 37.6
0 5484.849 8 4.0 37.6
0 5484.937 11 4.0 37.6
0 5485.063 8 4.0 37.6
0 5485.135 14 4.0 37.6
0 5485.266 8 3.8 37.6
0 5485.354 11 3.8 37.6
0 5485.437 12 3.8 37.6
0 5485.56 8 3.8 37.6
0 5485.636 13 3.8 37.6
0 5485.767 8 3.8 37.6
0 5486.02 4 3.8 37.6
0 5486.033 76 3.8 37.6
0 5486.249 5 3.8 37.6
0 5486.262 73 3.8 37.6
0 5486.39 8 3.8 37.6
0 5486.582 5 3.8 37.6
0 5486.594 81 3.8 37.6
0 5486.73 7 3.8 37.6
0 5486.827 10 3.8 37.6
0 5486.929 10 3.8 37.6
0 5487.023 11 3.8 37.6
0 5487.212 5 3.8 37.6
0 5487.306 11 3.8 37.6
0 5487.328 45 3.8 37.6
0 5487.431 10 3.8 37.6
0 5487.56 8 3.8 37.6
0 5487.793 4 3.8 37.6
0 5487.806 77 3.8 37.6
0 5487.928 8 3.8 37.6
0 5488.035 9 3.8 37.6
0 5488.206 6 3.8 37.6
0 5488.218 81 3.8 37.6
0 5488.353 7 3.8 37.6
0 5488.445 11 3.8 37.6
0 5488.553 9 3.8 37.6
0 5488.629 13 3.8 37.6
0 5488.756 8 3.8 37.6
0 5488.836 12 3.8 37.6
0 5488.948 9 3.8 37.6
0 5489.241 3 3.8 37.6
0 5489.339 10 3.8 37.6
0 5489.354 67 3.8 37.6
0 5489.487 7 3.8 37.6
0 5489.564 13 3.8 37.6
0 5489.773 5 3.8 37.6
0 5489.785 79 3.8 37.6
0 5489.918 8 3.8 37.6
0 5490.021 10 3.8 37.6
0 5490.12 10 3.8 37.6
0 5490.217 10 3.8 37.6
0 5490.323 9 3.8 37.6
0 5490.414 11 3.8 37.6
0 5490.509 10 3.8 37.6
0 5490.61 10 3.8 37.6
0 5490.72 9 3.8 37.6
0 5490.825 9 3.8 37.6
0 5491.08 4 3.8 37.6
0 5491.094 72 3.8 37.6
0 5491.312 5 3.8 37.6
0 5491.337 40 3.8 37.6
0 5491.474 7 3.8 37.6
0 5491.636 6 3.8 37.6
0 5491.659 44 3.8 37.6
0 5491.804 7 3.8 37.6
0 5491.889 12 3.8 37.6
0 5492.0 9 3.8 37.6
0 5492.091 11 3.8 37.6
0 5492.275 5 3.8 37.6
0 5492.382 9 3.8 37.6
0 5492.407 39 3.8 37.6
0 5492.535 8 3.8 37.6
0 5492.639 10 3.8 37.6
0 5492.816 6 3.8 37.6
0 5492.839 44 3.8 37.6
0 5492.976 7 3.8 37.6
0 5493.084 9 3.8 37.6
0 5493.245 6 3.8 37.6
0 5493.268 42 3.8 37.6
0 5493.4 8 3.8 37.6
0 5493.511 9 3.8 37.6
0 5493.606 11 3.8 37.6
0 5493.695 11 3.8 37.6
0 5493.814 8 3.8 37.6
0 5493.893 13 3.8 37.6
0 5494.017 8 3.8 37.6
0 5494.257 4 3.8 37.6
0 5494.36 10 3.8 37.6
0 5494.386 38 3.8 37.6
0 5494.52 7 3.8 37.6
0 5494.623 10 3.8 37.6
0 5494.794 6 3.8 37.6
0 5494.82 38 3.8 37.6
0 5494.96 7 3.8 37.6
0 5495.063 10 3.8 37.6
0 5495.152 11 3.8 37.6
0 5495.263 9 3.8 37.6
0 5495.351 11 5.0 37.6
0 5495.454 10 5.0 37.6
0 5495.554 10 5.0 37.6
0 5495.645 11 5.0 37.6
0 5495.763 8 5.0 37.6
0 5495.852 11 5.0 37.6
0 5496.109 4 5.0 37.6
0 5496.133 42 5.0 37.6
0 5496.349 5 5.0 37.6
0 5496.376 38 5.0 37.6
0 5496.514 7 5.0 37.6
0 5496.689 6 5.0 37.6
0 5496.713 42 5.0 37.6
0 5496.815 10 5.0 37.6
0 5496.927 9 5.0 37.6
0 5497.058 8 5.0 37.6
0 5497.138 12 5.0 37.6
0 5497.317 6 5.0 37.6
0 5497.433 9 5.0 37.6
0 5497.533 10 5.0 37.6
0 5497.546 76 5.0 37.6
0 5497.678 8 5.0 37.6
0 5497.857 6 5.0 37.6
0 5497.87 80 5.0 37.6
0 5498.008 7 5.0 37.6
0 5498.081 14 5.0 37.6
0 5498.288 5 5.0 37.6
0 5498.303 67 5.0 37.6
0 5498.411 9 5.0 37.6
0 5498.527 9 5.0 37.6
0 5498.63 10 5.0 37.6
0 5498.725 11 5.0 37.6
0 5498.837 9 5.0 37.6
0 5498.926 11 5.0 37.6
0 5499.04 9 5.0 37.6
0 5499.299 4 5.0 37.6
0 5499.397 10 5.0 37.6
0 5499.412 66 5.0 37.6
0 5499.547 7 5.0 37.6
0 5499.631 12 5.0 37.6
0 5499.826 5 5.0 37.6
0 5499.839 80 5.0 37.6
0 5499.948 9 5.0 37.6
0 5500.068 8 5.0 37.6
0 5500.172 10 5.0 37.6
0 5500.254 12 5.0 37.6
0 5500.374 8 5.0 37.6
0 5500.463 11 5.0 37.6
0 5500.559 10 5.0 37.6
0 5500.678 8 5.0 37.6
0 5500.758 12 5.0 37.6
0 5500.875 9 5.0 37.6
0 5501.142 4 5.0 37.6
0 5501.157 64 5.0 37.6
0 5501.383 4 5.0 37.6
0 5501.398 70 5.0 37.6
0 5501.518 8 5.0 37.6
0 5501.707 5 5.0 37.6
0 5501.721 68 5.0 37.6
0 5501.855 8 5.0 37.6
0 5501.941 12 5.0 37.6
0 5502.053 9 5.0 37.6
0 5502.142 11 5.0 37.6
0 5502.342 5 5.0 37.6
0 5502.442 10 5.0 37.6
0 5502.552 9 5.0 37.6
0 5502.566 73 5.0 37.6
0 5502.697 8 5.0 37.6
0 5502.885 5 5.0 37.6
0 5502.898 78 5.0 37.6
0 5503.028 8 5.0 37.6
0 5503.128 10 5.0 37.6
0 5503.321 5 5.0 37.6
0 5503.335 72 5.0 37.6
0 5503.464 8 5.0 37.6
0 5503.567 10 5.0 37.6
0 5503.646 13 5.0 37.6
0 5503.758 9 5.0 37.6
0 5503.867 9 5.0 37.6
0 5503.953 12 5.0 37.6
0 5504.047 11 5.0 37.6
0 5504.306 4 5.0 37.6
0 5504.41 10 5.0 37.6
0 5504.422 78 5.0 37.6
0 5504.543 8 5.0 37.6
0 5504.637 11 5.0 37.6
0 5504.831 5 5.0 37.6
0 5504.844 76 5.0 37.6
0 5504.97 8 5.0 37.6
0 5505.076 9 5.0 37.6
0 5505.177 10 5.0 37.6
0 5505.275 10 5.0 37.6
0 5505.379 10 4.9 37.6
0 5505.475 10 4.9 37.6
0 5505.565 11 4.9 37.6
0 5505.678 9 4.9 37.6
0 5505.777 10 4.9 37.6
0 5505.877 10 4.9 37.6
0 5506.05 6 4.9 37.6
0 5506.148 10 4.9 37.6
0 5506.164 60 4.9 37.6
0 5506.379 5 4.9 37.6
0 5506.392 79 4.9 37.6
0 5506.513 8 4.9 37.6
0 5506.625 9 4.9 37.6
0 5506.813 5 4.9 37.6
0 5506.826 79 4.9 37.6
0 5506.956 8 4.9 37.6
0 5507.041 12 4.9 37.6
0 5507.139 10 4.9 37.6
0 5507.345 5 4.9 37.6
0 5507.441 10 4.9 37.6
0 5507.545 10 4.9 37.6
0 5507.56 67 4.9 37.6
0 5507.679 8 4.9 37.6
0 5507.764 12 4.9 37.6
0 5507.968 5 4.9 37.6
0 5507.981 76 4.9 37.6
0 5508.105 8 4.9 37.6
0 5508.207 10 4.9 37.6
0 5508.386 6 4.9 37.6
0 5508.398 81 4.9 37.6
0 5508.518 8 4.9 37.6
0 5508.622 10 4.9 37.6
0 5508.724 10 4.9 37.6
0 5508.824 10 4.9 37.6
0 5508.919 11 4.9 37.6
0 5509.019 10 4.9 37.6
0 5509.121 10 4.9 37.6
0 5509.385 4 4.9 37.6
0 5509.486 10 4.9 37.6
0 5509.498 81 4.9 37.6
0 5509.627 8 4.9 37.6
0 5509.734 9 4.9 37.6
0 5509.915 6 4.9 37.6
0 5509.928 76 4.9 37.6
0 5510.057 8 4.9 37.6
0 5510.144 11 4.9 37.6
0 5510.263 8 4.9 37.6
0 5510.361 10 4.9 37.6
0 5510.465 10 4.9 37.6
0 5510.531 15 4.9 37.6
0 5510.644 9 4.9 37.6
0 5510.764 8 4.9 37.6
0 5510.849 12 4.9 37.6
0 5510.954 9 4.9 37.6
0 5511.207 4 4.9 37.6
0 5511.222 69 4.9 37.6
0 5511.439 5 4.9 37.6
0 5511.453 72 4.9 37.6
0 5511.583 8 4.9 37.6
0 5511.683 10 4.9 37.6
0 5511.869 5 4.9 37.6
0 5511.882 73 4.9 37.6
0 5511.984 10 4.9 37.6
0 5512.093 9 4.9 37.6
0 5512.21 9 4.9 37.6
0 5512.39 6 4.9 37.6
0 5512.493 10 4.9 37.6
0 5512.59 10 4.9 37.6
0 5512.606 65 4.9 37.6
0 5512.738 8 4.9 37.6
0 5512.827 11 4.9 37.6
0 5513.009 6 4.9 37.6
0 5513.023 71 4.9 37.6
0 5513.135 9 4.9 37.6
0 5513.24 9 4.9 37.6
0 5513.423 5 4.9 37.6
0 5513.437 71 4.9 37.6
0 5513.562 8 4.9 37.6
0 5513.646 12 4.9 37.6
0 5513.757 9 4.9 37.6
0 5513.863 9 4.9 37.6
0 5513.956 11 4.9 37.6
0 5514.065 9 4.9 37.6
0 5514.145 12 4.9 37.6
0 5514.438 3 4.9 37.6
0 5514.54 10 4.9 37.6
0 5514.557 59 4.9 37.6
0 5514.671 9 4.9 37.6
0 5514.762 11 4.9 37.6
0 5514.965 5 4.9 37.6
0 5514.979 74 4.9 37.6
0 5515.109 8 4.9 37.6
0 5515.209 10 4.9 37.6
0 5515.31 10 4.9 37.6
0 5515.399 11 4.8 37.6
0 5515.502 10 4.8 37.6
0 5515.604 10 4.8 37.6
0 5515.694 11 4.8 37.6
0 5515.794 10 4.8 37.6
0 5515.908 9 4.8 37.6
0 5515.999 11 4.8 37.6
0 5516.281 4 4.8 37.6
0 5516.295 71 4.8 37.6
0 5516.581 4 4.8 37.6
0 5516.586 203 4.8 37.6
0 5516.704 8 4.8 37.6
0 5516.898 5 4.8 37.6
0 5516.902 267 4.8 37.6
0 5517.007 9 4.8 37.6
0 5517.115 9 4.8 37.6
0 5517.219 10 4.8 37.6
0 5517.306 11 4.8 37.6
0 5517.591 4 4.8 37.6
0 5517.679 11 4.8 37.6
0 5517.699 52 4.8 37.6
0 5517.813 9 4.8 37.6
0 5517.905 11 4.8 37.6
0 5518.093 5 4.8 37.6
0 5518.097 317 4.8 37.6
0 5518.211 9 4.8 37.6
0 5518.314 10 4.8 37.6
0 5518.507 5 4.8 37.6
0 5518.511 264 4.8 37.6
0 5518.618 9 4.8 37.6
0 5518.726 9 4.8 37.6
0 5518.829 10 4.8 37.6
0 5518.922 11 4.8 37.6
0 5519.021 10 4.8 37.6
0 5519.12 10 4.8 37.6
0 5519.227 9 4.8 37.6
0 5519.505 4 4.8 37.6
0 5519.6 11 4.8 37.6
0 5519.608 125 4.8 37.6
0 5519.719 9 4.8 37.6
0 5519.825 9 4.8 37.6
0 5520.015 5 4.8 37.6
0 5520.018 320 4.8 37.6
0 5520.127 9 4.8 37.6
0 5520.224 10 4.8 37.6
0 5520.335 9 4.8 37.6
0 5520.43 11 4.8 37.6
0 5520.538 9 4.8 37.6
0 5520.627 11 4.8 37.6
0 5520.73 10 4.8 37.6
0 5520.837 9 4.8 37.6
0 5520.93 11 4.8 37.6
0 5521.041 9 4.8 37.6
0 5521.307 4 4.8 37.6
0 5521.31 292 4.8 37.6
0 5521.61 3 4.8 37.6
0 5521.616 187 4.8 37.6
0 5521.726 9 4.8 37.6
0 5521.93 5 4.8 37.6
0 5521.935 207 4.8 37.6
0 5522.043 9 4.8 37.6
0 5522.143 10 4.8 37.6
0 5522.246 10 4.8 37.6
0 5522.345 10 4.8 37.6
0 5522.644 3 4.8 37.6
0 5522.736 11 4.8 37.6
0 5522.748 89 4.8 37.6
0 5522.858 9 4.8 37.6
0 5522.963 10 4.8 37.6
0 5523.179 5 4.8 37.6
0 5523.183 286 4.8 37.6
0 5523.3 9 4.8 37.6
0 5523.394 11 4.8 37.6
0 5523.605 5 4.8 37.6
0 5523.609 311 4.8 37.6
0 5523.725 9 4.8 37.6
0 5523.826 10 4.8 37.6
0 5523.915 11 4.8 37.6
0 5524.025 9 4.8 37.6
0 5524.119 11 4.8 37.6
0 5524.226 9 4.8 37.6
0 5524.322 10 4.8 37.6
0 5524.612 3 4.8 37.6
0 5524.704 11 4.8 37.6
0 5524.718 68 4.8 37.6
0 5524.832 9 4.8 37.6
0 5525.032 5 4.8 37.6
0 5525.036 286 4.8 37.6
0 5525.154 8 4.8 37.6
0 5525.249 11 4.8 37.6
0 5525.351 10 4.8 37.6
0 5525.447 10 3.8 37.6
0 5525.547 10 3.8 37.6
0 5525.648 10 3.8 37.6
0 5525.756 9 3.8 37.6
0 5525.852 10 3.8 37.6
0 5525.948 10 3.8 37.6
0 5526.047 10 3.8 37.6
0 5526.326 4 3.8 37.6
0 5526.333 164 3.8 37.6
0 5526.62 3 3.8 37.6
0 5526.623 282 3.8 37.6
0 5526.736 9 3.8 37.6
0 5526.943 5 3.8 37.6
0 5526.949 169 3.8 37.6
0 5527.058 9 3.8 37.6
0 5527.156 10 3.8 37.6
0 5527.26 10 3.8 37.6
0 5527.358 10 3.8 37.6
0 5527.545 5 3.8 37.6
0 5527.548 303 3.8 37.6
0 5527.845 3 3.8 37.6
0 5527.849 255 3.8 37.6
0 5527.96 9 3.8 37.6
0 5528.162 5 3.8 37.6
0 5528.166 291 3.8 37.6
0 5528.277 9 3.8 37.6
0 5528.38 10 3.8 37.6
0 5528.483 10 3.8 37.6
0 5528.679 5 3.8 37.6
0 5528.682 325 3.8 37.6
0 5528.793 9 3.8 37.6
0 5528.896 10 3.8 37.6
0 5529.0 10 3.8 37.6
0 5529.093 11 3.8 37.6
0 5529.198 10 3.8 37.6
0 5529.293 10 3.8 37.6
0 5529.397 10 3.8 37.6
0 5529.687 3 3.8 37.6
0 5529.775 11 3.8 37.6
0 5529.793 57 3.8 37.6
0 5529.904 9 3.8 37.6
0 5530.106 5 3.8 37.6
0 5530.109 288 3.8 37.6
0 5530.226 9 3.8 37.6
0 5530.325 10 3.8 37.6
0 5530.423 10 3.8 37.6
0 5530.521 10 3.8 37.6
0 5530.622 10 3.8 37.6
0 5530.727 10 3.8 37.6
0 5530.826 10 3.8 37.6
0 5530.924 10 3.8 37.6
0 5531.021 10 3.8 37.6
0 5531.122 10 3.8 37.6
0 5531.404 4 3.8 37.6
0 5531.408 251 3.8 37.6
0 5531.714 3 3.8 37.6
0 5531.728 71 3.8 37.6
0 5531.956 4 3.8 37.6
0 5531.969 76 3.8 37.6
0 5532.103 7 3.8 37.6
0 5532.197 11 3.8 37.6
0 5532.301 10 3.8 37.6
0 5532.401 10 3.8 37.6
0 5532.579 6 3.8 37.6
0 5532.592 73 3.8 37.6
0 5532.895 3 3.8 37.6
0 5532.911 62 3.8 37.6
0 5533.029 8 3.8 37.6
0 5533.137 9 3.8 37.6
0 5533.231 11 3.8 37.6
0 5533.338 9 3.8 37.6
0 5533.444 9 3.8 37.6
0 5533.536 11 3.8 37.6
0 5533.727 5 3.8 37.6
0 5533.74 75 3.8 37.6
0 5533.845 10 3.8 37.6
0 5533.974 8 3.8 37.6
0 5534.068 11 3.8 37.6
0 5534.147 13 3.8 37.6
0 5534.27 8 3.8 37.6
0 5534.371 10 3.8 37.6
0 5534.464 11 3.8 37.6
0 5534.731 4 3.8 37.6
0 5534.831 10 3.8 37.6
0 5534.844 76 3.8 37.6
0 5534.97 8 3.8 37.6
0 5535.154 5 3.8 37.6
0 5535.167 75 3.8 37.6
0 5535.3 8 3.8 37.6
0 5535.397 10 3.8 37.6
0 5535.496 10 4.0 37.6
0 5535.594 10 4.0 37.6
0 5535.696 10 4.0 37.6
0 5535.797 10 4.0 37.6
0 5535.897 10 4.0 37.6
0 5536.001 10 4.0 37.6
0 5536.096 11 4.0 37.6
0 5536.196 10 4.0 37.6
0 5536.466 4 4.0 37.6
0 5536.483 59 4.0 37.6
0 5536.769 4 4.0 37.6
0 5536.783 73 4.0 37.6
0 5536.999 5 4.0 37.6
0 5537.014 63 4.0 37.6
0 5537.115 10 4.0 37.6
0 5537.243 8 4.0 37.6
0 5537.343 10 4.0 37.6
0 5537.441 10 4.0 37.6
0 5537.641 5 4.0 37.6
0 5537.654 75 4.0 37.6
0 5537.961 3 4.0 37.6
0 5537.975 72 4.0 37.6
0 5538.109 7 4.0 37.6
0 5538.201 11 4.0 37.6
0 5538.303 10 4.0 37.6
0 5538.405 10 4.0 37.6
0 5538.505 10 4.0 37.6
0 5538.606 10 4.0 37.6
0 5538.788 6 4.0 37.6
0 5538.801 75 4.0 37.6
0 5538.923 8 4.0 37.6
0 5539.03 9 4.0 37.6
0 5539.124 11 4.0 37.6
0 5539.212 11 4.0 37.6
0 5539.337 8 4.0 37.6
0 5539.416 13 4.0 37.6
0 5539.534 9 4.0 37.6
0 5539.786 4 4.0 37.6
0 5539.881 11 4.0 37.6
0 5539.904 44 4.0 37.6
0 5540.026 8 4.0 37.6
0 5540.211 5 4.0 37.6
0 5540.224 77 4.0 37.6
0 5540.357 8 4.0 37.6
0 5540.459 10 4.0 37.6
0 5540.544 12 4.0 37.6
0 5540.644 10 4.0 37.6
0 5540.734 11 4.0 37.6
0 5540.85 9 4.0 37.6
0 5540.955 10 4.0 37.6
0 5541.055 10 4.0 37.6
0 5541.142 12 4.0 37.6
0 5541.256 9 4.0 37.6
0 5541.525 4 4.0 37.6
0 5541.538 75 4.0 37.6
0 5541.827 3 4.0 37.6
0 5541.841 72 4.0 37.6
0 5542.057 5 4.0 37.6
0 5542.071 74 4.0 37.6
0 5542.2 8 4.0 37.6
0 5542.301 10 4.0 37.6
0 5542.405 10 4.0 37.6
0 5542.499 11 4.0 37.6
0 5542.675 6 4.0 37.6
0 5542.69 71 4.0 37.6
0 5543.007 3 4.0 37.6
0 5543.021 74 4.0 37.6
0 5543.144 8 4.0 37.6
0 5543.253 9 4.0 37.6
0 5543.351 10 4.0 37.6
0 5543.445 11 4.0 37.6
0 5543.553 9 4.0 37.6
0 5543.638 12 4.0 37.6
0 5543.856 5 4.0 37.6
0 5543.869 77 4.0 37.6
0 5544.002 8 4.0 37.6
0 5544.096 11 4.0 37.6
0 5544.182 12 4.0 37.6
0 5544.301 8 4.0 37.6
0 5544.401 10 4.0 37.6
0 5544.499 10 4.0 37.6
0 5544.597 10 4.0 37.6
0 5544.867 4 4.0 37.6
0 5545.047 6 4.0 37.6
0 5545.05 328 4.0 37.6
0 5545.265 5 4.0 37.6
0 5545.268 330 4.0 37.6
0 5545.385 9 4.0 37.6
0 5545.481 10 4.0 37.6
0 5545.58 10 4.6 37.6
0 5545.678 10 4.6 37.6
0 5545.785 9 4.6 37.6
0 5545.875 11 4.6 37.6
0 5545.986 9 4.6 37.6
0 5546.082 10 4.6 37.6
0 5546.178 10 4.6 37.6
0 5546.286 9 4.6 37.6
0 5546.538 4 4.6 37.6
0 5546.544 177 4.6 37.6
0 5546.644 10 4.6 37.6
0 5546.938 3 4.6 37.6
0 5546.942 310 4.6 37.6
0 5547.162 5 4.6 37.6
0 5547.166 247 4.6 37.6
0 5547.277 9 4.6 37.6
0 5547.38 10 4.6 37.6
0 5547.479 10 4.6 37.6
0 5547.585 9 4.6 37.6
0 5547.784 5 4.6 37.6
0 5547.787 310 4.6 37.6
0 5548.084 3 4.6 37.6
0 5548.099 66 4.6 37.6
0 5548.216 9 4.6 37.6
0 5548.329 9 4.6 37.6
0 5548.431 10 4.6 37.6
0 5548.53 10 4.6 37.6
0 5548.629 10 4.6 37.6
0 5548.725 10 4.6 37.6
0 5548.909 5 4.6 37.6
0 5548.922 82 4.6 37.6
0 5549.055 8 4.6 37.6
0 5549.147 11 4.6 37.6
0 5549.256 9 4.6 37.6
0 5549.354 10 4.6 37.6
0 5549.455 10 4.6 37.6
0 5549.556 10 4.6 37.6
0 5549.647 11 4.6 37.6
0 5549.931 4 4.6 37.6
0 5550.106 6 4.6 37.6
0 5550.118 82 4.6 37.6
0 5550.338 5 4.6 37.6
0 5550.351 81 4.6 37.6
0 5550.486 7 4.6 37.6
0 5550.585 10 4.6 37.6
0 5550.653 15 4.6 37.6
0 5550.787 7 4.6 37.6
0 5550.888 10 4.6 37.6
0 5550.977 11 4.6 37.6
0 5551.086 9 4.6 37.6
0 5551.156 14 4.6 37.6
0 5551.289 8 4.6 37.6
0 5551.381 11 4.6 37.6
0 5551.563 6 4.6 37.6
0 5551.575 81 4.6 37.6
0 5551.707 8 4.6 37.6
0 5551.981 4 4.6 37.6
0 5551.994 76 4.6 37.6
0 5552.201 5 4.6 37.6
0 5552.214 77 4.6 37.6
0 5552.352 7 4.6 37.6
0 5552.435 12 4.6 37.6
0 5552.548 9 4.6 37.6
0 5552.642 11 4.6 37.6
0 5552.816 6 4.6 37.6
0 5552.83 71 4.6 37.6
0 5553.112 4 4.6 37.6
0 5553.127 67 4.6 37.6
0 5553.231 10 4.6 37.6
0 5553.357 8 4.6 37.6
0 5553.453 10 4.6 37.6
0 5553.564 9 4.6 37.6
0 5553.649 12 4.6 37.6
0 5553.753 10 4.6 37.6
0 5553.941 5 4.6 37.6
0 5553.955 73 4.6 37.6
0 5554.086 8 4.6 37.6
0 5554.181 11 4.6 37.6
0 5554.279 10 4.6 37.6
0 5554.383 10 4.6 37.6
0 5554.489 9 4.6 37.6
0 5554.581 11 4.6 37.6
0 5554.672 11 4.6 37.6
0 5554.957 4 4.6 37.6
0 5555.139 5 4.6 37.6
0 5555.152 77 4.6 37.6
0 5555.367 5 4.6 37.6
0 5555.379 81 4.6 37.6
0 5555.517 7 4.6 37.6
0 5555.611 11 4.4 37.6
0 5555.706 11 4.4 37.6
0 5555.813 9 4.4 37.6
0 5555.916 10 4.4 37.6
0 5556.02 10 4.4 37.6
0 5556.116 10 4.4 37.6
0 5556.21 11 4.4 37.6
0 5556.295 12 4.4 37.6
0 5556.397 10 4.4 37.6
0 5556.6 5 4.4 37.6
0 5556.614 76 4.4 37.6
0 5556.747 8 4.4 37.6
0 5557.016 4 4.4 37.6
0 5557.029 74 4.4 37.6
0 5557.233 5 4.4 37.6
0 5557.246 73 4.4 37.6
0 5557.379 8 4.4 37.6
0 5557.481 10 4.4 37.6
0 5557.64 6 4.4 37.6
0 5557.645 177 4.4 37.6
0 5557.85 5 4.4 37.6
0 5557.853 317 4.4 37.6
0 5558.143 3 4.4 37.6
0 5558.149 157 4.4 37.6
0 5558.256 9 4.4 37.6
0 5558.357 10 4.4 37.6
0 5558.456 10 4.4 37.6
0 5558.556 10 4.4 37.6
0 5558.653 10 4.4 37.6
0 5558.757 10 4.4 37.6
0 5558.954 5 4.4 37.6
0 5558.957 330 4.4 37.6
0 5559.068 9 4.4 37.6
0 5559.181 9 4.4 37.6
0 5559.268 11 4.4 37.6
0 5559.368 10 4.4 37.6
0 5559.469 10 4.4 37.6
0 5559.568 10 4.4 37.6
0 5559.659 11 4.4 37.6
0 5559.952 3 4.4 37.6
0 5559.955 328 4.4 37.6
0 5560.258 3 4.4 37.6
0 5560.346 11 4.4 37.6
0 5560.365 52 4.4 37.6
0 5560.483 8 4.4 37.6
0 5560.567 12 4.4 37.6
0 5560.662 11 4.4 37.6
0 5560.773 9 4.4 37.6
0 5560.875 10 4.4 37.6
0 5560.983 9 4.4 37.6
0 5561.073 11 4.4 37.6
0 5561.173 10 4.4 37.6
0 5561.263 11 4.4 37.6
0 5561.378 9 4.4 37.6
0 5561.474 10 4.4 37.6
0 5561.686 5 4.4 37.6
0 5561.689 325 4.4 37.6
0 5561.8 9 4.4 37.6
0 5562.075 4 4.4 37.6
0 5562.08 227 4.4 37.6
0 5562.28 5 4.4 37.6
0 5562.285 202 4.4 37.6
0 5562.394 9 4.4 37.6
0 5562.498 10 4.4 37.6
0 5562.71 5 4.4 37.6
0 5562.713 286 4.4 37.6
0 5562.927 5 4.4 37.6
0 5562.93 300 4.4 37.6
0 5563.236 3 4.4 37.6
0 5563.24 224 4.4 37.6
0 5563.356 9 4.4 37.6
0 5563.453 10 4.4 37.6
0 5563.554 10 4.4 37.6
0 5563.642 11 4.4 37.6
0 5563.755 9 4.4 37.6
0 5563.857 10 4.4 37.6
0 5564.055 5 4.4 37.6
0 5564.06 238 4.4 37.6
0 5564.167 9 4.4 37.6
0 5564.274 9 4.4 37.6
0 5564.376 10 4.4 37.6
0 5564.469 11 4.4 37.6
0 5564.578 9 4.4 37.6
0 5564.667 11 4.4 37.6
0 5564.777 9 4.4 37.6
0 5565.046 4 4.4 37.6
0 5565.049 321 4.4 37.6
0 5565.329 4 4.4 37.6
0 5565.414 12 4.4 37.6
0 5565.435 49 4.4 37.6
0 5565.543 9 4.4 37.6
0 5565.644 10 3.9 37.6
0 5565.745 10 3.9 37.6
0 5565.852 9 3.9 37.6
0 5565.946 11 3.9 37.6
0 5566.044 10 3.9 37.6
0 5566.144 10 3.9 37.6
0 5566.246 10 3.9 37.6
0 5566.352 9 3.9 37.6
0 5566.434 12 3.9 37.6
0 5566.546 9 3.9 37.6
0 5566.728 5 3.9 37.6
0 5566.734 166 3.9 37.6
0 5566.854 8 3.9 37.6
0 5567.125 4 3.9 37.6
0 5567.129 269 3.9 37.6
0 5567.333 5 3.9 37.6
0 5567.337 273 3.9 37.6
0 5567.455 9 3.9 37.6
0 5567.547 11 3.9 37.6
0 5567.737 5 3.9 37.6
0 5567.742 192 3.9 37.6
0 5567.953 5 3.9 37.6
0 5567.957 230 3.9 37.6
0 5568.262 3 3.9 37.6
0 5568.267 190 3.9 37.6
0 5568.377 9 3.9 37.6
0 5568.484 9 3.9 37.6
0 5568.576 11 3.9 37.6
0 5568.675 10 3.9 37.6
0 5568.779 10 3.9 37.6
0 5568.873 11 3.9 37.6
0 5569.086 5 3.9 37.6
0 5569.089 318 3.9 37.6
0 5569.198 9 3.9 37.6
0 5569.292 11 3.9 37.6
0 5569.392 10 3.9 37.6
0 5569.505 9 3.9 37.6
0 5569.605 10 3.9 37.6
0 5569.701 10 3.9 37.6
0 5569.808 9 3.9 37.6
0 5570.077 4 3.9 37.6
0 5570.081 252 3.9 37.6
0 5570.377 3 3.9 37.6
0 5570.463 12 3.9 37.6
0 5570.485 46 3.9 37.6
0 5570.595 9 3.9 37.6
0 5570.692 10 3.9 37.6
0 5570.791 10 3.9 37.6
0 5570.901 9 3.9 37.6
0 5570.996 11 3.9 37.6
0 5571.097 10 3.9 37.6
0 5571.193 11 3.9 37.6
0 5571.293 10 3.9 37.6
0 5571.402 9 3.9 37.6
0 5571.497 11 3.9 37.6
0 5571.628 8 3.9 37.6
0 5571.811 5 3.9 37.6
0 5571.824 75 3.9 37.6
0 5571.962 7 3.9 37.6
0 5572.237 4 3.9 37.6
0 5572.251 69 3.9 37.6
0 5572.467 5 3.9 37.6
0 5572.482 67 3.9 37.6
0 5572.587 9 3.9 37.6
0 5572.794 5 3.9 37.6
0 5572.809 68 3.9 37.6
0 5573.025 5 3.9 37.6
0 5573.039 70 3.9 37.6
0 5573.242 5 3.9 37.6
0 5573.254 80 3.9 37.6
0 5573.391 7 3.9 37.6
0 5573.487 10 3.9 37.6
0 5573.593 9 3.9 37.6
0 5573.666 14 3.9 37.6
0 5573.786 8 3.9 37.6
0 5573.886 10 3.9 37.6
0 5573.987 10 3.9 37.6
0 5574.169 6 3.9 37.6
0 5574.182 73 3.9 37.6
0 5574.313 8 3.9 37.6
0 5574.417 10 3.9 37.6
0 5574.515 10 3.9 37.6
0 5574.612 10 3.9 37.6
0 5574.72 9 3.9 37.6
0 5574.792 14 3.9 37.6
0 5574.912 8 3.9 37.6
0 5575.172 4 3.9 37.6
0 5575.185 77 3.9 37.6
0 5575.565 3 3.9 37.6
0 5575.578 80 3.9 37.6
0 5575.712 7 4.0 37.6
0 5575.81 10 4.0 37.6
0 5575.897 11 4.0 37.6
0 5576.013 9 4.0 37.6
0 5576.112 10 4.0 37.6
0 5576.212 10 4.0 37.6
0 5576.308 10 4.0 37.6
0 5576.409 10 4.0 37.6
0 5576.514 10 4.0 37.6
0 5576.609 10 4.0 37.6
0 5576.714 9 4.0 37.6
0 5576.87 6 4.0 37.6
0 5576.884 72 4.0 37.6
0 5577.011 8 4.0 37.6
0 5577.289 4 4.0 37.6
0 5577.303 72 4.0 37.6
0 5577.491 5 4.0 37.6
0 5577.505 72 4.0 37.6
0 5577.637 8 4.0 37.6
0 5577.825 5 4.0 37.6
0 5577.84 69 4.0 37.6
0 5578.057 5 4.0 37.6
0 5578.071 70 4.0 37.6
0 5578.292 5 4.0 37.6
0 5578.305 77 4.0 37.6
0 5578.432 8 4.0 37.6
0 5578.538 9 4.0 37.6
0 5578.638 10 4.0 37.6
0 5578.74 10 4.0 37.6
0 5578.838 10 4.0 37.6
0 5578.941 10 4.0 37.6
0 5579.038 10 4.0 37.6
0 5579.223 5 4.0 37.6
0 5579.236 76 4.0 37.6
0 5579.362 8 4.0 37.6
0 5579.453 11 4.0 37.6
0 5579.57 9 4.0 37.6
0 5579.646 13 4.0 37.6
0 5579.754 9 4.0 37.6
0 5579.867 9 4.0 37.6
0 5579.948 12 4.0 37.6
0 5580.238 3 4.0 37.6
0 5580.252 72 4.0 37.6
0 5580.653 2 4.0 37.6
0 5580.666 74 4.0 37.6
0 5580.796 8 4.0 37.6
0 5580.88 12 4.0 37.6
0 5580.986 9 4.0 37.6
0 5581.087 10 4.0 37.6
0 5581.19 10 4.0 37.6
0 5581.292 10 4.0 37.6
0 5581.385 11 4.0 37.6
0 5581.471 12 4.0 37.6
0 5581.601 8 4.0 37.6
0 5581.692 11 4.0 37.6
0 5581.802 9 4.0 37.6
0 5581.986 5 4.0 37.6
0 5581.999 77 4.0 37.6
0 5582.303 3 4.0 37.6
0 5582.32 60 4.0 37.6
0 5582.503 5 4.0 37.6
0 5582.516 81 4.0 37.6
0 5582.648 8 4.0 37.6
0 5582.852 5 4.0 37.6
0 5582.87 56 4.0 37.6
0 5583.085 5 4.0 37.6
0 5583.098 76 4.0 37.6
0 5583.311 5 4.0 37.6
0 5583.324 75 4.0 37.6
0 5583.451 8 4.0 37.6
0 5583.543 11 4.0 37.6
0 5583.645 10 4.0 37.6
0 5583.744 10 4.0 37.6
0 5583.844 10 4.0 37.6
0 5583.951 9 4.0 37.6
0 5584.044 11 4.0 37.6
0 5584.237 5 4.0 37.6
0 5584.25 74 4.0 37.6
0 5584.37 8 4.0 37.6
0 5584.479 9 4.0 37.6
0 5584.569 11 4.0 37.6
0 5584.664 11 4.0 37.6
0 5584.771 9 4.0 37.6
0 5584.869 10 4.0 37.6
0 5584.98 9 4.0 37.6
0 5585.251 4 4.0 37.6
0 5585.264 75 4.0 37.6
0 5585.553 3 4.0 37.6
0 5585.662 9 4.0 37.6
0 5585.675 75 4.0 37.6
0 5585.8 8 4.5 37.6
0 5585.895 11 4.5 37.6
0 5585.996 10 4.5 37.6
0 5586.105 9 4.5 37.6
0 5586.194 11 4.5 37.6
0 5586.292 10 4.5 37.6
0 5586.398 9 4.5 37.6
0 5586.475 13 4.5 37.6
0 5586.608 8 4.5 37.6
0 5586.706 10 4.5 37.6
0 5586.802 10 4.5 37.6
0 5586.988 5 4.5 37.6
0 5587.001 80 4.5 37.6
0 5587.305 3 4.5 37.6
0 5587.32 65 4.5 37.6
0 5587.525 5 4.5 37.6
0 5587.539 75 4.5 37.6
0 5587.656 8 4.5 37.6
0 5587.854 5 4.5 37.6
0 5587.87 62 4.5 37.6
0 5588.07 5 4.5 37.6
0 5588.084 76 4.5 37.6
0 5588.204 8 4.5 37.6
0 5588.41 5 4.5 37.6
0 5588.425 66 4.5 37.6
0 5588.545 8 4.5 37.6
0 5588.644 10 4.5 37.6
0 5588.746 10 4.5 37.6
0 5588.844 10 4.5 37.6
0 5588.952 9 4.5 37.6
0 5589.044 11 4.5 37.6
0 5589.144 10 4.5 37.6
0 5589.329 5 4.5 37.6
0 5589.343 71 4.5 37.6
0 5589.467 8 4.5 37.6
0 5589.562 11 4.5 37.6
0 5589.657 11 4.5 37.6
0 5589.764 9 4.5 37.6
0 5589.863 10 4.5 37.6
0 5589.968 10 4.5 37.6
0 5590.061 11 4.5 37.6
0 5590.339 4 4.5 37.6
0 5590.353 70 4.5 37.6
0 5590.742 3 4.5 37.6
0 5590.756 74 4.5 37.6
0 5590.879 8 4.5 37.6
0 5590.976 10 4.5 37.6
0 5591.076 10 4.5 37.6
0 5591.171 11 4.5 37.6
0 5591.282 9 4.5 37.6
0 5591.386 10 4.5 37.6
0 5591.492 9 4.5 37.6
0 5591.605 9 4.5 37.6
0 5591.679 14 4.5 37.6
0 5591.799 8 4.5 37.6
0 5591.905 9 4.5 37.6
0 5592.081 6 4.5 37.6
0 5592.108 38 4.5 37.6
0 5592.324 5 4.5 37.6
0 5592.359 29 4.5 37.6
0 5592.566 5 4.5 37.6
0 5592.591 40 4.5 37.6
0 5592.725 7 4.5 37.6
0 5592.931 5 4.5 37.6
0 5592.956 39 4.5 37.6
0 5593.173 5 4.5 37.6
0 5593.199 38 4.5 37.6
0 5593.412 5 4.5 37.6
0 5593.434 44 4.5 37.6
0 5593.582 7 4.5 37.6
0 5593.664 12 4.5 37.6
0 5593.781 8 4.5 37.6
0 5593.859 13 4.5 37.6
0 5593.981 8 4.5 37.6
0 5594.086 10 4.5 37.6
0 5594.165 13 4.5 37.6
0 5594.351 5 4.5 37.6
0 5594.374 43 4.5 37.6
0 5594.512 7 4.5 37.6
0 5594.62 9 4.5 37.6
0 5594.684 16 4.5 37.6
0 5594.819 7 4.5 37.6
0 5594.918 10 4.5 37.6
0 5595.012 11 4.5 37.6
0 5595.125 9 4.5 37.6
0 5595.348 4 4.5 37.6
0 5595.372 42 4.5 37.6
0 5595.75 3 4.5 37.6
0 5595.772 44 4.5 37.6
0 5595.918 7 4.6 37.6
0 5596.008 11 4.6 37.6
0 5596.118 9 4.6 37.6
0 5596.182 16 4.6 37.6
0 5596.401 5 4.6 37.6
0 5596.415 71 4.6 37.6
0 5596.518 10 4.6 37.6
0 5596.636 8 4.6 37.6
0 5596.748 9 4.6 37.6
0 5596.851 10 4.6 37.6
0 5596.951 10 4.6 37.6
0 5597.125 6 4.6 37.6
0 5597.137 84 4.6 37.6
0 5597.356 5 4.6 37.6
0 5597.37 72 4.6 37.6
0 5597.594 4 4.6 37.6
0 5597.607 77 4.6 37.6
0 5597.74 8 4.6 37.6
0 5597.928 5 4.6 37.6
0 5597.943 67 4.6 37.6
0 5598.151 5 4.6 37.6
0 5598.164 76 4.6 37.6
0 5598.295 8 4.6 37.6
0 5598.476 6 4.6 37.6
0 5598.49 71 4.6 37.6
0 5598.624 7 4.6 37.6
0 5598.719 10 4.6 37.6
0 5598.821 10 4.6 37.6
0 5598.914 11 4.6 37.6
0 5599.022 9 4.6 37.6
0 5599.121 10 4.6 37.6
0 5599.213 11 4.6 37.6
0 5599.403 5 4.6 37.6
0 5599.416 76 4.6 37.6
0 5599.556 7 4.6 37.6
0 5599.644 11 4.6 37.6
0 5599.747 10 4.6 37.6
0 5599.843 10 4.6 37.6
0 5599.931 11 4.6 37.6
0 5600.041 9 4.6 37.6
0 5600.156 9 4.6 37.6
0 5600.414 4 4.6 37.6
0 5600.426 79 4.6 37.6
0 5600.806 3 4.6 37.6
0 5600.823 57 4.6 37.6
0 5600.949 8 4.6 37.6
0 5601.051 10 4.6 37.6
0 5601.152 10 4.6 37.6
0 5601.254 10 4.6 37.6
0 5601.447 5 4.6 37.6
0 5601.46 76 4.6 37.6
0 5601.595 7 4.6 37.6
0 5601.681 12 4.6 37.6
0 5601.79 9 4.6 37.6
0 5601.894 10 4.6 37.6
0 5601.982 11 4.6 37.6
0 5602.173 5 4.6 37.6
0 5602.185 80 4.6 37.6
0 5602.405 5 4.6 37.6
0 5602.419 71 4.6 37.6
0 5602.622 5 4.6 37.6
0 5602.635 78 4.6 37.6
0 5602.768 7 4.6 37.6
0 5602.934 6 4.6 37.6
0 5602.95 64 4.6 37.6
0 5603.165 5 4.6 37.6
0 5603.178 80 4.6 37.6
0 5603.313 7 4.6 37.6
0 5603.51 5 4.6 37.6
0 5603.525 69 4.6 37.6
0 5603.656 8 4.6 37.6
0 5603.756 10 4.6 37.6
0 5603.855 10 4.6 37.6
0 5603.957 10 4.6 37.6
0 5604.064 9 4.6 37.6
0 5604.155 11 4.6 37.6
0 5604.258 10 4.6 37.6
0 5604.432 6 4.6 37.6
0 5604.445 74 4.6 37.6
0 5604.585 7 4.6 37.6
0 5604.663 13 4.6 37.6
0 5604.778 9 4.6 37.6
0 5604.88 10 4.6 37.6
0 5604.979 10 4.6 37.6
0 5605.084 10 4.6 37.6
0 5605.163 13 4.6 37.6
0 5605.432 4 4.6 37.6
0 5605.445 80 4.6 37.6
0 5605.816 3 4.6 37.6
0 5605.828 78 4.6 37.6
0 5605.961 8 4.6 37.6
0 5606.062 10 4.6 37.6
0 5606.158 10 4.6 37.6
0 5606.263 9 4.6 37.6
0 5606.443 6 4.6 37.6
0 5606.457 74 4.6 37.6
0 5606.581 8 4.6 37.6
0 5606.672 11 4.6 37.6
0 5606.791 8 4.6 37.6
0 5606.895 10 4.6 37.6
0 5606.99 11 4.6 37.6
0 5607.088 10 4.6 37.6
0 5607.252 6 4.6 37.6
0 5607.266 71 4.6 37.6
0 5607.484 5 4.6 37.6
0 5607.499 68 4.6 37.6
0 5607.715 5 4.6 37.6
0 5607.728 73 4.6 37.6
0 5607.956 4 4.6 37.6
0 5607.97 71 4.6 37.6
0 5608.189 5 4.6 37.6
0 5608.202 78 4.6 37.6
0 5608.336 7 4.6 37.6
0 5608.513 6 4.6 37.6
0 5608.526 77 4.6 37.6
0 5608.658 8 4.6 37.6
0 5608.761 10 4.6 37.6
0 5608.862 10 4.6 37.6
0 5608.961 10 4.6 37.6
0 5609.058 10 4.6 37.6
0 5609.155 10 4.6 37.6
0 5609.264 9 4.6 37.6
0 5609.445 6 4.6 37.6
0 5609.46 68 4.6 37.6
0 5609.59 8 4.6 37.6
0 5609.67 13 4.6 37.6
0 5609.811 7 4.6 37.6
0 5609.908 10 4.6 37.6
0 5610.011 10 4.6 37.6
0 5610.105 11 4.6 37.6
0 5610.184 13 4.6 37.6
0 5610.467 4 4.6 37.6
0 5610.494 38 4.6 37.6
0 5610.691 5 4.6 37.6
0 5610.714 43 4.6 37.6
0 5610.938 4 4.6 37.6
0 5610.963 40 4.6 37.6
0 5611.104 7 4.6 37.6
0 5611.184 12 4.6 37.6
0 5611.272 11 4.6 37.6
0 5611.485 5 4.6 37.6
0 5611.508 43 4.6 37.6
0 5611.612 10 4.6 37.6
0 5611.75 7 4.6 37.6
0 5611.849 10 4.6 37.6
0 5611.95 10 4.6 37.6
0 5612.054 10 4.6 37.6
0 5612.154 10 4.6 37.6
0 5612.315 6 4.6 37.6
0 5612.338 43 4.6 37.6
0 5612.561 4 4.6 37.6
0 5612.586 40 4.6 37.6
0 5612.821 4 4.6 37.6
0 5612.844 43 4.6 37.6
0 5613.052 5 4.6 37.6
0 5613.081 35 4.6 37.6
0 5613.275 5 4.6 37.6
0 5613.301 38 4.6 37.6
0 5613.413 9 4.6 37.6
0 5613.613 5 4.6 37.6
0 5613.636 45 4.6 37.6
0 5613.78 7 4.6 37.6
0 5613.846 15 4.6 37.6
0 5613.953 9 4.6 37.6
0 5614.08 8 4.6 37.6
0 5614.164 12 4.6 37.6
0 5614.277 9 4.6 37.6
0 5614.437 6 4.6 37.6
0 5614.462 41 4.6 37.6
0 5614.602 7 4.6 37.6
0 5614.687 12 4.6 37.6
0 5614.803 9 4.6 37.6
0 5614.971 6 4.6 37.6
0 5614.986 64 4.6 37.6
0 5615.113 8 4.6 37.6
0 5615.212 10 4.6 37.6
0 5615.477 4 4.6 37.6
0 5615.492 65 4.6 37.6
0 5615.703 5 4.6 37.6
0 5615.715 79 4.6 37.6
0 5615.832 9 4.6 37.6
0 5616.044 5 4.9 37.6
0 5616.058 68 4.9 37.6
0 5616.168 9 4.9 37.6
0 5616.288 8 4.9 37.6
0 5616.386 10 4.9 37.6
0 5616.569 5 4.9 37.6
0 5616.585 60 4.9 37.6
0 5616.709 8 4.9 37.6
0 5616.81 10 4.9 37.6
0 5616.91 10 4.9 37.6
0 5617.005 11 4.9 37.6
0 5617.113 9 4.9 37.6
0 5617.363 4 4.9 37.6
0 5617.366 324 4.9 37.6
0 5617.576 5 4.9 37.6
0 5617.58 234 4.9 37.6
0 5617.698 8 4.9 37.6
0 5617.89 5 4.9 37.6
0 5617.893 315 4.9 37.6
0 5618.11 5 4.9 37.6
0 5618.115 210 4.9 37.6
0 5618.326 5 4.9 37.6
0 5618.329 319 4.9 37.6
0 5618.44 9 4.9 37.6
0 5618.643 5 4.9 37.6
0 5618.647 219 4.9 37.6
0 5618.764 9 4.9 37.6
0 5618.861 10 4.9 37.6
0 5618.95 11 4.9 37.6
0 5619.056 9 4.9 37.6
0 5619.158 10 4.9 37.6
0 5619.265 9 4.9 37.6
0 5619.457 5 4.9 37.6
0 5619.46 323 4.9 37.6
0 5619.571 9 4.9 37.6
0 5619.663 11 4.9 37.6
0 5619.779 9 4.9 37.6
0 5619.972 5 4.9 37.6
0 5619.976 264 4.9 37.6
0 5620.086 9 4.9 37.6
0 5620.189 10 4.9 37.6
0 5620.489 3 4.9 37.6
0 5620.492 330 4.9 37.6
0 5620.703 5 4.9 37.6
0 5620.707 266 4.9 37.6
0 5620.819 9 4.9 37.6
0 5620.918 10 4.9 37.6
0 5621.123 5 4.9 37.6
0 5621.126 301 4.9 37.6
0 5621.241 9 4.9 37.6
0 5621.337 10 4.9 37.6
0 5621.437 10 4.9 37.6
0 5621.641 5 4.9 37.6
0 5621.646 192 4.9 37.6
0 5621.76 9 4.9 37.6
0 5621.855 11 4.9 37.6
0 5621.955 10 4.9 37.6
0 5622.06 9 4.9 37.6
0 5622.16 10 4.9 37.6
0 5622.433 4 4.9 37.6
0 5622.436 317 4.9 37.6
0 5622.624 5 4.9 37.6
0 5622.637 77 4.9 37.6
0 5622.755 8 4.9 37.6
0 5622.957 5 4.9 37.6
0 5622.96 304 4.9 37.6
0 5623.18 5 4.9 37.6
0 5623.185 231 4.9 37.6
0 5623.393 5 4.9 37.6
0 5623.397 235 4.9 37.6
0 5623.506 9 4.9 37.6
0 5623.711 5 4.9 37.6
0 5623.715 239 4.9 37.6
0 5623.83 9 4.9 37.6
0 5623.933 10 4.9 37.6
0 5624.021 11 4.9 37.6
0 5624.125 10 4.9 37.6
0 5624.229 10 4.9 37.6
0 5624.33 10 4.9 37.6
0 5624.537 5 4.9 37.6
0 5624.54 311 4.9 37.6
0 5624.652 9 4.9 37.6
0 5624.755 10 4.9 37.6
0 5624.856 10 4.9 37.6
0 5625.061 5 4.9 37.6
0 5625.065 262 4.9 37.6
0 5625.167 10 4.9 37.6
0 5625.279 9 4.9 37.6
0 5625.56 4 4.9 37.6
0 5625.564 224 4.9 37.6
0 5625.761 5 4.9 37.6
0 5625.764 325 4.9 37.6
0 5625.878 9 4.9 37.6
0 5625.976 10 4.9 37.6
0 5626.188 5 3.8 37.6
0 5626.191 309 3.8 37.6
0 5626.304 9 3.8 37.6
0 5626.405 10 3.8 37.6
0 5626.501 10 3.8 37.6
0 5626.713 5 3.8 37.6
0 5626.718 209 3.8 37.6
0 5626.829 9 3.8 37.6
0 5626.931 10 3.8 37.6
0 5627.027 10 3.8 37.6
0 5627.132 10 3.8 37.6
0 5627.233 10 3.8 37.6
0 5627.516 4 3.8 37.6
0 5627.52 296 3.8 37.6
0 5627.734 5 3.8 37.6
0 5627.738 257 3.8 37.6
0 5627.848 9 3.8 37.6
0 5628.048 5 3.8 37.6
0 5628.052 243 3.8 37.6
0 5628.249 5 3.8 37.6
0 5628.254 196 3.8 37.6
0 5628.468 5 3.8 37.6
0 5628.472 284 3.8 37.6
0 5628.587 9 3.8 37.6
0 5628.769 6 3.8 37.6
0 5628.773 247 3.8 37.6
0 5628.878 10 3.8 37.6
0 5628.984 9 3.8 37.6
0 5629.087 10 3.8 37.6
0 5629.178 11 3.8 37.6
0 5629.29 9 3.8 37.6
0 5629.383 11 3.8 37.6
0 5629.579 5 3.8 37.6
0 5629.583 245 3.8 37.6
0 5629.698 9 3.8 37.6
0 5629.801 10 3.8 37.6
0 5629.894 11 3.8 37.6
0 5630.099 5 3.8 37.6
0 5630.103 234 3.8 37.6
0 5630.215 9 3.8 37.6
0 5630.32 9 3.8 37.6
0 5630.601 4 3.8 37.6
0 5630.605 256 3.8 37.6
0 5630.818 5 3.8 37.6
0 5630.821 304 3.8 37.6
0 5630.927 9 3.8 37.6
0 5631.031 10 3.8 37.6
0 5631.214 5 3.8 37.6
0 5631.222 131 3.8 37.6
0 5631.342 8 3.8 37.6
0 5631.427 12 3.8 37.6
0 5631.523 10 3.8 37.6
0 5631.74 5 3.8 37.6
0 5631.744 235 3.8 37.6
0 5631.864 8 3.8 37.6
0 5631.955 11 3.8 37.6
0 5632.054 10 3.8 37.6
0 5632.158 10 3.8 37.6
0 5632.257 10 3.8 37.6
0 5632.535 4 3.8 37.6
0 5632.539 269 3.8 37.6
0 5632.755 5 3.8 37.6
0 5632.76 207 3.8 37.6
0 5632.871 9 3.8 37.6
0 5633.078 5 3.8 37.6
0 5633.083 226 3.8 37.6
0 5633.3 5 3.8 37.6
0 5633.305 195 3.8 37.6
0 5633.522 5 3.8 37.6
0 5633.525 314 3.8 37.6
0 5633.642 9 3.8 37.6
0 5633.838 5 3.8 37.6
0 5633.843 217 3.8 37.6
0 5633.955 9 3.8 37.6
0 5634.052 10 3.8 37.6
0 5634.161 9 3.8 37.6
0 5634.253 11 3.8 37.6
0 5634.359 9 3.8 37.6
0 5634.454 10 3.8 37.6
0 5634.653 5 3.8 37.6
0 5634.657 210 3.8 37.6
0 5634.768 9 3.8 37.6
0 5634.872 10 3.8 37.6
0 5634.97 10 3.8 37.6
0 5635.177 5 3.8 37.6
0 5635.182 191 3.8 37.6
0 5635.292 9 3.8 37.6
0 5635.398 9 3.8 37.6
0 5635.681 4 3.8 37.6
0 5635.696 66 3.8 37.6
0 5635.906 5 3.8 37.6
0 5635.919 78 3.8 37.6
0 5636.036 9 3.8 37.6
0 5636.152 9 3.8 37.6
0 5636.335 5 4.0 37.6
0 5636.347 80 4.0 37.6
0 5636.486 7 4.0 37.6
0 5636.55 16 4.0 37.6
0 5636.671 8 4.0 37.6
0 5636.782 9 4.0 37.6
0 5636.885 10 4.0 37.6
0 5636.986 10 4.0 37.6
0 5637.077 11 4.0 37.6
0 5637.173 10 4.0 37.6
0 5637.281 9 4.0 37.6
0 5637.4 8 4.0 37.6
0 5637.66 4 4.0 37.6
0 5637.686 40 4.0 37.6
0 5637.83 7 4.0 37.6
0 5637.922 11 4.0 37.6
0 5638.108 5 4.0 37.6
0 5638.131 43 4.0 37.6
0 5638.37 4 4.0 37.6
0 5638.394 42 4.0 37.6
0 5638.628 4 4.0 37.6
0 5638.662 30 4.0 37.6
0 5638.873 5 4.0 37.6
0 5638.898 41 4.0 37.6
0 5639.041 7 4.0 37.6
0 5639.113 14 4.0 37.6
0 5639.22 9 4.0 37.6
0 5639.31 11 4.0 37.6
0 5639.444 7 4.0 37.6
0 5639.536 11 4.0 37.6
0 5639.697 6 4.0 37.6
0 5639.724 37 4.0 37.6
0 5639.869 7 4.0 37.6
0 5639.942 14 4.0 37.6
0 5640.042 10 4.0 37.6
0 5640.239 5 4.0 37.6
0 5640.264 40 4.0 37.6
0 5640.411 7 4.0 37.6
0 5640.489 13 4.0 37.6
0 5640.747 4 4.0 37.6
0 5640.774 37 4.0 37.6
0 5640.98 5 4.0 37.6
0 5641.015 28 4.0 37.6
0 5641.167 7 4.0 37.6
0 5641.25 12 4.0 37.6
0 5641.442 5 4.0 37.6
0 5641.475 30 4.0 37.6
0 5641.591 9 4.0 37.6
0 5641.694 10 4.0 37.6
0 5641.808 9 4.0 37.6
0 5641.905 10 4.0 37.6
0 5642.01 10 4.0 37.6
0 5642.105 11 4.0 37.6
0 5642.195 11 4.0 37.6
0 5642.304 9 4.0 37.6
0 5642.408 10 4.0 37.6
0 5642.69 4 4.0 37.6
0 5642.725 29 4.0 37.6
0 5642.856 8 4.0 37.6
0 5642.956 10 4.0 37.6
0 5643.138 5 4.0 37.6
0 5643.171 31 4.0 37.6
0 5643.397 4 4.0 37.6
0 5643.431 30 4.0 37.6
0 5643.641 5 4.0 37.6
0 5643.749 9 4.0 37.6
0 5643.774 41 4.0 37.6
0 5643.993 5 4.0 37.6
0 5644.017 43 4.0 37.6
0 5644.154 7 4.0 37.6
0 5644.218 16 4.0 37.6
0 5644.359 7 4.0 37.6
0 5644.461 10 4.0 37.6
0 5644.522 17 4.0 37.6
0 5644.745 4 4.0 37.6
0 5644.771 38 4.0 37.6
0 5644.905 7 4.0 37.6
0 5645.004 10 4.0 37.6
0 5645.107 10 4.0 37.6
0 5645.282 6 4.0 37.6
0 5645.307 40 4.0 37.6
0 5645.438 8 4.0 37.6
0 5645.543 10 4.0 37.6
0 5645.72 6 4.0 37.6
0 5645.744 41 4.0 37.6
0 5645.867 8 4.0 37.6
0 5646.06 5 4.0 37.6
0 5646.083 42 4.0 37.6
0 5646.191 9 4.0 37.6
0 5646.307 9 4.0 37.6
0 5646.499 5 5.2 37.6
0 5646.522 42 5.2 37.6
0 5646.646 8 5.2 37.6
0 5646.745 10 5.2 37.6
0 5646.865 8 5.2 37.6
0 5646.959 11 5.2 37.6
0 5647.063 10 5.2 37.6
0 5647.167 10 5.2 37.6
0 5647.264 10 5.2 37.6
0 5647.37 9 5.2 37.6
0 5647.434 15 5.2 37.6
0 5647.718 4 5.2 37.6
0 5647.741 43 5.2 37.6
0 5647.889 7 5.2 37.6
0 5648.056 6 5.2 37.6
0 5648.153 10 5.2 37.6
0 5648.17 60 5.2 37.6
0 5648.301 8 5.2 37.6
0 5648.485 5 5.2 37.6
0 5648.498 76 5.2 37.6
0 5648.714 5 5.2 37.6
0 5648.811 10 5.2 37.6
0 5648.829 55 5.2 37.6
0 5649.052 4 5.2 37.6
0 5649.066 75 5.2 37.6
0 5649.179 9 5.2 37.6
0 5649.294 9 5.2 37.6
0 5649.391 10 5.2 37.6
0 5649.494 10 5.2 37.6
0 5649.593 10 5.2 37.6
0 5649.772 6 5.2 37.6
0 5649.785 77 5.2 37.6
0 5649.917 8 5.2 37.6
0 5650.016 10 5.2 37.6
0 5650.109 11 5.2 37.6
0 5650.304 5 5.2 37.6
0 5650.318 73 5.2 37.6
0 5650.443 8 5.2 37.6
0 5650.548 10 5.2 37.6
0 5650.746 5 5.2 37.6
0 5650.759 76 5.2 37.6
0 5650.883 8 5.2 37.6
0 5651.06 6 5.2 37.6
0 5651.073 77 5.2 37.6
0 5651.184 9 5.2 37.6
0 5651.3 9 5.2 37.6
0 5651.392 11 5.2 37.6
0 5651.59 5 5.2 37.6
0 5651.604 70 5.2 37.6
0 5651.731 8 5.2 37.6
0 5651.835 10 5.2 37.6
0 5651.918 12 5.2 37.6
0 5652.017 10 5.2 37.6
0 5652.135 8 5.2 37.6
0 5652.231 10 5.2 37.6
0 5652.338 9 5.2 37.6
0 5652.433 10 5.2 37.6
0 5652.518 12 5.2 37.6
0 5652.802 4 5.2 37.6
0 5652.816 75 5.2 37.6
0 5652.947 8 5.2 37.6
0 5653.144 5 5.2 37.6
0 5653.241 10 5.2 37.6
0 5653.335 11 5.2 37.6
0 5653.348 76 5.2 37.6
0 5653.569 5 5.2 37.6
0 5653.572 288 5.2 37.6
0 5653.775 5 5.2 37.6
0 5653.865 11 5.2 37.6
0 5653.881 61 5.2 37.6
0 5654.098 5 5.2 37.6
0 5654.101 300 5.2 37.6
0 5654.213 9 5.2 37.6
0 5654.313 10 5.2 37.6
0 5654.422 9 5.2 37.6
0 5654.513 11 5.2 37.6
0 5654.603 11 5.2 37.6
0 5654.826 4 5.2 37.6
0 5654.839 79 5.2 37.6
0 5654.972 8 5.2 37.6
0 5655.072 10 5.2 37.6
0 5655.172 10 5.2 37.6
0 5655.359 5 5.2 37.6
0 5655.373 72 5.2 37.6
0 5655.51 7 5.2 37.6
0 5655.601 11 5.2 37.6
0 5655.77 6 5.2 37.6
0 5655.783 78 5.2 37.6
0 5655.916 8 5.2 37.6
0 5656.095 6 5.2 37.6
0 5656.108 78 5.2 37.6
0 5656.239 8 5.2 37.6
0 5656.347 9 5.2 37.6
0 5656.435 11 5.2 37.6
0 5656.627 5 4.5 37.6
0 5656.641 74 4.5 37.6
0 5656.772 8 4.5 37.6
0 5656.874 10 4.5 37.6
0 5656.973 10 4.5 37.6
0 5657.076 10 4.5 37.6
0 5657.172 10 4.5 37.6
0 5657.273 10 4.5 37.6
0 5657.369 10 4.5 37.6
0 5657.473 10 4.5 37.6
0 5657.575 10 4.5 37.6
0 5657.84 4 4.5 37.6
0 5657.854 72 4.5 37.6
0 5657.983 8 4.5 37.6
0 5658.196 5 4.5 37.6
0 5658.219 43 4.5 37.6
0 5658.432 5 4.5 37.6
0 5658.455 43 4.5 37.6
0 5658.681 4 4.5 37.6
0 5658.792 9 4.5 37.6
0 5658.905 9 4.5 37.6
0 5658.927 45 4.5 37.6
0 5659.158 4 4.5 37.6
0 5659.182 42 4.5 37.6
0 5659.324 7 4.5 37.6
0 5659.404 12 4.5 37.6
0 5659.524 8 4.5 37.6
0 5659.622 10 4.5 37.6
0 5659.693 14 4.5 37.6
0 5659.827 7 4.5 37.6
0 5659.905 13 4.5 37.6
0 5660.026 8 4.5 37.6
0 5660.123 10 4.5 37.6
0 5660.206 12 4.5 37.6
0 5660.432 4 4.5 37.6
0 5660.457 39 4.5 37.6
0 5660.602 7 4.5 37.6
0 5660.694 11 4.5 37.6
0 5660.874 6 4.5 37.6
0 5660.915 24 4.5 37.6
0 5661.108 5 4.5 37.6
0 5661.134 37 4.5 37.6
0 5661.269 7 4.5 37.6
0 5661.377 9 4.5 37.6
0 5661.458 12 4.5 37.6
0 5661.651 5 4.5 37.6
0 5661.683 30 4.5 37.6
0 5661.823 7 4.5 37.6
0 5661.921 10 4.5 37.6
0 5662.011 11 4.5 37.6
0 5662.09 13 4.5 37.6
0 5662.197 9 4.5 37.6
0 5662.31 9 4.5 37.6
0 5662.422 9 4.5 37.6
0 5662.512 11 4.5 37.6
0 5662.62 9 4.5 37.6
0 5662.86 4 4.5 37.6
0 5662.884 41 4.5 37.6
0 5663.028 7 4.5 37.6
0 5663.214 5 4.5 37.6
0 5663.237 43 4.5 37.6
0 5663.458 5 4.5 37.6
0 5663.492 30 4.5 37.6
0 5663.721 4 4.5 37.6
0 5663.838 9 4.5 37.6
0 5663.966 8 4.5 37.6
0 5664.006 25 4.5 37.6
0 5664.229 4 4.5 37.6
0 5664.271 24 4.5 37.6
0 5664.417 7 4.5 37.6
0 5664.508 11 4.5 37.6
0 5664.584 13 4.5 37.6
0 5664.68 10 4.5 37.6
0 5664.781 10 4.5 37.6
0 5664.882 10 4.5 37.6
0 5664.983 10 4.5 37.6
0 5665.086 10 4.5 37.6
0 5665.19 10 4.5 37.6
0 5665.295 9 4.5 37.6
0 5665.383 11 4.5 37.6
0 5665.498 9 4.5 37.6
0 5665.594 10 4.5 37.6
0 5665.696 10 4.5 37.6
0 5665.875 6 4.5 37.6
0 5665.91 29 4.5 37.6
0 5666.123 5 4.5 37.6
0 5666.156 31 4.5 37.6
0 5666.309 7 4.5 37.6
0 5666.392 12 4.5 37.6
0 5666.488 10 4.5 37.6
0 5666.665 6 5.3 37.6
0 5666.701 28 5.3 37.6
0 5666.834 8 5.3 37.6
0 5666.951 9 5.3 37.6
0 5667.042 11 5.3 37.6
0 5667.147 9 5.3 37.6
0 5667.218 14 5.3 37.6
0 5667.351 8 5.3 37.6
0 5667.417 15 5.3 37.6
0 5667.623 5 5.3 37.6
0 5667.65 37 5.3 37.6
0 5667.949 3 5.3 37.6
0 5667.973 42 5.3 37.6
0 5668.102 8 5.3 37.6
0 5668.28 6 5.3 37.6
0 5668.304 41 5.3 37.6
0 5668.509 5 5.3 37.6
0 5668.536 37 5.3 37.6
0 5668.756 5 5.3 37.6
0 5668.939 5 5.3 37.6
0 5669.039 10 5.3 37.6
0 5669.054 69 5.3 37.6
0 5669.261 5 5.3 37.6
0 5669.273 81 5.3 37.6
0 5669.399 8 5.3 37.6
0 5669.508 9 5.3 37.6
0 5669.613 10 5.3 37.6
0 5669.694 12 5.3 37.6
0 5669.83 7 5.3 37.6
0 5669.923 11 5.3 37.6
0 5670.011 11 5.3 37.6
0 5670.14 8 5.3 37.6
0 5670.194 19 5.3 37.6
0 5670.325 8 5.3 37.6
0 5670.414 11 5.3 37.6
0 5670.521 9 5.3 37.6
0 5670.625 10 5.3 37.6
0 5670.692 15 5.3 37.6
0 5670.899 5 5.3 37.6
0 5670.924 39 5.3 37.6
0 5671.133 5 5.3 37.6
0 5671.156 44 5.3 37.6
0 5671.308 7 5.3 37.6
0 5671.384 13 5.3 37.6
0 5671.495 9 5.3 37.6
0 5671.659 6 5.3 37.6
0 5671.685 39 5.3 37.6
0 5671.829 7 5.3 37.6
0 5671.925 11 5.3 37.6
0 5671.997 14 5.3 37.6
0 5672.089 11 5.3 37.6
0 5672.185 10 5.3 37.6
0 5672.32 7 5.3 37.6
0 5672.425 10 5.3 37.6
0 5672.497 14 5.3 37.6
0 5672.699 5 5.3 37.6
0 5672.723 41 5.3 37.6
0 5673.019 3 5.3 37.6
0 5673.049 33 5.3 37.6
0 5673.175 8 5.3 37.6
0 5673.381 5 5.3 37.6
0 5673.404 44 5.3 37.6
0 5673.625 5 5.3 37.6
0 5673.649 41 5.3 37.6
0 5673.795 7 5.3 37.6
0 5674.043 4 5.3 37.6
0 5674.15 9 5.3 37.6
0 5674.271 8 5.3 37.6
0 5674.301 33 5.3 37.6
0 5674.427 8 5.3 37.6
0 5674.517 11 5.3 37.6
0 5674.627 9 5.3 37.6
0 5674.715 11 5.3 37.6
0 5674.833 8 5.3 37.6
0 5674.926 11 5.3 37.6
0 5675.033 9 5.3 37.6
0 5675.134 10 5.3 37.6
0 5675.198 16 5.3 37.6
0 5675.347 7 5.3 37.6
0 5675.422 13 5.3 37.6
0 5675.533 9 5.3 37.6
0 5675.629 10 5.3 37.6
0 5675.728 10 5.3 37.6
0 5675.911 5 5.3 37.6
0 5675.938 37 5.3 37.6
0 5676.145 5 5.3 37.6
0 5676.167 45 5.3 37.6
0 5676.306 7 5.3 37.6
0 5676.39 12 5.3 37.6
0 5676.513 8 5.3 37.6
0 5676.671 6 5.3 37.6
0 5676.696 41 5.3 37.6
0 5676.835 7 5.3 37.6
0 5676.939 10 5.3 37.6
0 5677.024 12 5.3 37.6
0 5677.141 9 5.3 37.6
0 5677.201 17 5.3 37.6
0 5677.333 8 5.3 37.6
0 5677.432 10 5.3 37.6
0 5677.537 10 5.3 37.6
0 5677.707 6 5.3 37.6
0 5677.729 45 5.3 37.6
0 5678.029 3 5.3 37.6
0 5678.054 40 5.3 37.6
0 5678.186 8 5.3 37.6
0 5678.383 5 5.3 37.6
0 5678.406 43 5.3 37.6
0 5678.611 5 5.3 37.6
0 5678.634 42 5.3 37.6
0 5678.777 7 5.3 37.6
0 5678.88 10 5.3 37.6
0 5679.131 4 5.3 37.6
0 5679.344 5 5.3 37.6
0 5679.367 44 5.3 37.6
0 5679.498 8 5.3 37.6
0 5679.59 11 5.3 37.6
0 5679.694 10 5.3 37.6
0 5679.809 9 5.3 37.6
0 5679.895 12 5.3 37.6
0 5680.006 9 5.3 37.6
0 5680.096 11 5.3 37.6
0 5680.195 10 5.3 37.6
0 5680.306 9 5.3 37.6
0 5680.409 10 5.3 37.6
0 5680.509 10 5.3 37.6
0 5680.584 13 5.3 37.6
0 5680.697 9 5.3 37.6
0 5680.805 9 5.3 37.6
0 5681.06 4 5.3 37.6
0 5681.158 10 5.3 37.6
0 5681.176 57 5.3 37.6
0 5681.306 8 5.3 37.6
0 5681.395 11 5.3 37.6
0 5681.506 9 5.3 37.6
0 5681.666 6 5.3 37.6
0 5681.758 11 5.3 37.6
0 5681.77 88 5.3 37.6
0 5681.885 9 5.3 37.6
0 5681.983 10 5.3 37.6
0 5682.082 10 5.3 37.6
0 5682.184 10 5.3 37.6
0 5682.281 10 5.3 37.6
0 5682.386 10 5.3 37.6
0 5682.484 10 5.3 37.6
0 5682.581 10 5.3 37.6
0 5682.772 5 5.3 37.6
0 5682.775 273 5.3 37.6
0 5683.077 3 5.3 37.6
0 5683.08 314 5.3 37.6
0 5683.201 8 5.3 37.6
0 5683.387 5 5.3 37.6
0 5683.39 274 5.3 37.6
0 5683.605 5 5.3 37.6
0 5683.608 314 5.3 37.6
0 5683.727 8 5.3 37.6
0 5683.81 12 5.3 37.6
0 5683.944 7 5.3 37.6
0 5684.219 4 5.3 37.6
0 5684.408 5 5.3 37.6
0 5684.422 72 5.3 37.6
0 5684.553 8 5.3 37.6
0 5684.646 11 5.3 37.6
0 5684.73 12 5.3 37.6
0 5684.85 8 5.3 37.6
0 5684.954 10 5.3 37.6
0 5685.053 10 5.3 37.6
0 5685.153 10 5.3 37.6
0 5685.246 11 5.3 37.6
0 5685.367 8 5.3 37.6
0 5685.454 11 5.3 37.6
0 5685.556 10 5.3 37.6
0 5685.647 11 5.3 37.6
0 5685.745 10 5.3 37.6
0 5685.848 10 5.3 37.6
0 5686.129 4 5.3 37.6
0 5686.226 10 5.3 37.6
0 5686.244 56 5.3 37.6
0 5686.366 8 5.3 37.6
0 5686.464 10 5.3 37.6
0 5686.573 9 5.3 37.6
0 5686.852 4 4.9 37.6
0 5686.867 67 4.9 37.6
0 5686.971 10 4.9 37.6
0 5687.102 8 4.9 37.6
0 5687.184 12 4.9 37.6
0 5687.266 12 4.9 37.6
0 5687.399 8 4.9 37.6
0 5687.469 14 4.9 37.6
0 5687.602 8 4.9 37.6
0 5687.689 12 4.9 37.6
0 5687.88 5 4.9 37.6
0 5687.981 10 4.9 37.6
0 5687.994 77 4.9 37.6
0 5688.215 5 4.9 37.6
0 5688.228 74 4.9 37.6
0 5688.362 7 4.9 37.6
0 5688.451 11 4.9 37.6
0 5688.643 5 4.9 37.6
0 5688.657 75 4.9 37.6
0 5688.79 7 4.9 37.6
0 5688.89 10 4.9 37.6
0 5688.989 10 4.9 37.6
0 5689.257 4 4.9 37.6
0 5689.447 5 4.9 37.6
0 5689.461 76 4.9 37.6
0 5689.596 7 4.9 37.6
0 5689.682 12 4.9 37.6
0 5689.794 9 4.9 37.6
0 5689.898 10 4.9 37.6
0 5689.993 10 4.9 37.6
0 5690.098 10 4.9 37.6
0 5690.184 12 4.9 37.6
0 5690.29 9 4.9 37.6
0 5690.401 9 4.9 37.6
0 5690.487 12 4.9 37.6
0 5690.595 9 4.9 37.6
0 5690.684 11 4.9 37.6
0 5690.79 9 4.9 37.6
0 5690.897 9 4.9 37.6
0 5691.158 4 4.9 37.6
0 5691.257 10 4.9 37.6
0 5691.271 73 4.9 37.6
0 5691.411 7 4.9 37.6
0 5691.494 12 4.9 37.6
0 5691.59 10 4.9 37.6
0 5691.851 4 4.9 37.6
0 5691.865 72 4.9 37.6
0 5691.993 8 4.9 37.6
0 5692.096 10 4.9 37.6
0 5692.189 11 4.9 37.6
0 5692.298 9 4.9 37.6
0 5692.397 10 4.9 37.6
0 5692.5 10 4.9 37.6
0 5692.597 10 4.9 37.6
0 5692.688 11 4.9 37.6
0 5692.883 5 4.9 37.6
0 5692.984 10 4.9 37.6
0 5692.997 75 4.9 37.6
0 5693.208 5 4.9 37.6
0 5693.221 79 4.9 37.6
0 5693.349 8 4.9 37.6
0 5693.451 10 4.9 37.6
0 5693.56 9 4.9 37.6
0 5693.734 6 4.9 37.6
0 5693.747 74 4.9 37.6
0 5693.871 8 4.9 37.6
0 5693.973 10 4.9 37.6
0 5694.082 9 4.9 37.6
0 5694.347 4 4.9 37.6
0 5694.529 5 4.9 37.6
0 5694.542 76 4.9 37.6
0 5694.679 7 4.9 37.6
0 5694.776 10 4.9 37.6
0 5694.877 10 4.9 37.6
0 5694.974 10 4.9 37.6
0 5695.078 10 4.9 37.6
0 5695.182 10 4.9 37.6
0 5695.261 13 4.9 37.6
0 5695.363 10 4.9 37.6
0 5695.47 9 4.9 37.6
0 5695.576 9 4.9 37.6
0 5695.677 10 4.9 37.6
0 5695.771 11 4.9 37.6
0 5695.875 10 4.9 37.6
0 5695.976 10 4.9 37.6
0 5696.239 4 4.9 37.6
0 5696.34 10 4.9 37.6
0 5696.353 76 4.9 37.6
0 5696.473 8 4.9 37.6
0 5696.572 10 4.9 37.6
0 5696.674 10 4.9 37.6
0 5696.94 4 4.7 37.6
0 5697.038 10 4.7 37.6
0 5697.043 189 4.7 37.6
0 5697.157 9 4.7 37.6
0 5697.255 10 4.7 37.6
0 5697.361 9 4.7 37.6
0 5697.458 10 4.7 37.6
0 5697.556 10 4.7 37.6
0 5697.659 10 4.7 37.6
0 5697.755 10 4.7 37.6
0 5697.971 5 4.7 37.6
0 5698.066 10 4.7 37.6
0 5698.086 50 4.7 37.6
0 5698.284 5 4.7 37.6
0 5698.297 73 4.7 37.6
0 5698.403 10 4.7 37.6
0 5698.534 8 4.7 37.6
0 5698.631 10 4.7 37.6
0 5698.809 6 4.7 37.6
0 5698.822 79 4.7 37.6
0 5698.947 8 4.7 37.6
0 5699.055 9 4.7 37.6
0 5699.156 10 4.7 37.6
0 5699.426 4 4.7 37.6
0 5699.61 5 4.7 37.6
0 5699.625 69 4.7 37.6
0 5699.757 8 4.7 37.6
0 5699.856 10 4.7 37.6
0 5699.937 12 4.7 37.6
0 5700.059 8 4.7 37.6
0 5700.161 10 4.7 37.6
0 5700.257 10 4.7 37.6
0 5700.355 10 4.7 37.6
0 5700.45 11 4.7 37.6
0 5700.559 9 4.7 37.6
0 5700.662 10 4.7 37.6
0 5700.746 12 4.7 37.6
0 5700.835 11 4.7 37.6
0 5700.951 9 4.7 37.6
0 5701.055 10 4.7 37.6
0 5701.339 4 4.7 37.6
0 5701.438 10 4.7 37.6
0 5701.453 67 4.7 37.6
0 5701.586 7 4.7 37.6
0 5701.684 10 4.7 37.6
0 5701.87 5 4.7 37.6
0 5701.883 79 4.7 37.6
0 5702.098 5 4.7 37.6
0 5702.111 78 4.7 37.6
0 5702.244 7 4.7 37.6
0 5702.339 11 4.7 37.6
0 5702.45 9 4.7 37.6
0 5702.532 12 4.7 37.6
0 5702.646 9 4.7 37.6
0 5702.721 13 4.7 37.6
0 5702.834 9 4.7 37.6
0 5703.033 5 4.7 37.6
0 5703.13 10 4.7 37.6
0 5703.146 64 4.7 37.6
0 5703.355 5 4.7 37.6
0 5703.368 73 4.7 37.6
0 5703.503 7 4.7 37.6
0 5703.603 10 4.7 37.6
0 5703.688 12 4.7 37.6
0 5703.883 5 4.7 37.6
0 5703.895 79 4.7 37.6
0 5704.033 7 4.7 37.6
0 5704.122 11 4.7 37.6
0 5704.219 10 4.7 37.6
0 5704.486 4 4.7 37.6
0 5704.685 5 4.7 37.6
0 5704.698 72 4.7 37.6
0 5704.831 8 4.7 37.6
0 5704.908 13 4.7 37.6
0 5705.008 10 4.7 37.6
0 5705.134 8 4.7 37.6
0 5705.203 14 4.7 37.6
0 5705.353 7 4.7 37.6
0 5705.446 11 4.7 37.6
0 5705.54 11 4.7 37.6
0 5705.658 8 4.7 37.6
0 5705.749 11 4.7 37.6
0 5705.853 10 4.7 37.6
0 5705.937 12 4.7 37.6
0 5706.049 9 4.7 37.6
0 5706.15 10 4.7 37.6
0 5706.324 6 4.7 37.6
0 5706.351 37 4.7 37.6
0 5706.55 5 4.7 37.6
0 5706.574 42 4.7 37.6
0 5706.703 8 4.7 37.6
0 5706.892 5 4.7 37.6
0 5706.918 39 4.7 37.6
0 5707.138 5 4.6 37.6
0 5707.168 33 4.6 37.6
0 5707.305 7 4.6 37.6
0 5707.396 11 4.6 37.6
0 5707.514 8 4.6 37.6
0 5707.602 11 4.6 37.6
0 5707.696 11 4.6 37.6
0 5707.806 9 4.6 37.6
0 5707.896 11 4.6 37.6
0 5708.057 6 4.6 37.6
0 5708.165 9 4.6 37.6
0 5708.189 42 4.6 37.6
0 5708.391 5 4.6 37.6
0 5708.414 43 4.6 37.6
0 5708.551 7 4.6 37.6
0 5708.648 10 4.6 37.6
0 5708.75 10 4.6 37.6
0 5708.905 6 4.6 37.6
0 5708.93 41 4.6 37.6
0 5709.068 7 4.6 37.6
0 5709.167 10 4.6 37.6
0 5709.274 9 4.6 37.6
0 5709.498 4 4.6 37.6
0 5709.604 9 4.6 37.6
0 5709.717 9 4.6 37.6
0 5709.742 40 4.6 37.6
0 5709.87 8 4.6 37.6
0 5709.978 9 4.6 37.6
0 5710.077 10 4.6 37.6
0 5710.165 11 4.6 37.6
0 5710.284 8 4.6 37.6
0 5710.441 6 4.6 37.6
0 5710.454 75 4.6 37.6
0 5710.586 8 4.6 37.6
0 5710.682 10 4.6 37.6
0 5710.791 9 4.6 37.6
0 5710.866 13 4.6 37.6
0 5710.976 9 4.6 37.6
0 5711.09 9 4.6 37.6
0 5711.173 12 4.6 37.6
0 5711.368 5 4.6 37.6
0 5711.381 75 4.6 37.6
0 5711.587 5 4.6 37.6
0 5711.599 81 4.6 37.6
0 5711.727 8 4.6 37.6
0 5711.917 5 4.6 37.6
0 5711.931 74 4.6 37.6
0 5712.136 5 4.6 37.6
0 5712.151 69 4.6 37.6
0 5712.271 8 4.6 37.6
0 5712.368 10 4.6 37.6
0 5712.476 9 4.6 37.6
0 5712.568 11 4.6 37.6
0 5712.672 10 4.6 37.6
0 5712.771 10 4.6 37.6
0 5712.869 10 4.6 37.6
0 5713.075 5 4.6 37.6
0 5713.175 10 4.6 37.6
0 5713.19 69 4.6 37.6
0 5713.407 5 4.6 37.6
0 5713.419 78 4.6 37.6
0 5713.557 7 4.6 37.6
0 5713.654 10 4.6 37.6
0 5713.722 15 4.6 37.6
0 5713.928 5 4.6 37.6
0 5713.942 74 4.6 37.6
0 5714.066 8 4.6 37.6
0 5714.163 10 4.6 37.6
0 5714.264 10 4.6 37.6
0 5714.507 4 4.6 37.6
0 5714.606 10 4.6 37.6
0 5714.709 10 4.6 37.6
0 5714.722 81 4.6 37.6
0 5714.848 8 4.6 37.6
0 5714.956 9 4.6 37.6
0 5715.054 10 4.6 37.6
0 5715.16 9 4.6 37.6
0 5715.248 11 4.6 37.6
0 5715.349 10 4.6 37.6
0 5715.543 5 4.6 37.6
0 5715.557 71 4.6 37.6
0 5715.688 8 4.6 37.6
0 5715.79 10 4.6 37.6
0 5715.882 11 4.6 37.6
0 5715.981 10 4.6 37.6
0 5716.091 9 4.6 37.6
0 5716.187 10 4.6 37.6
0 5716.37 5 4.6 37.6
0 5716.383 77 4.6 37.6
0 5716.591 5 4.6 37.6
0 5716.605 73 4.6 37.6
0 5716.735 8 4.6 37.6
0 5716.922 5 4.6 37.6
0 5716.936 73 4.6 37.6
0 5717.155 5 4.8 37.6
0 5717.17 71 4.8 37.6
0 5717.305 7 4.8 37.6
0 5717.391 12 4.8 37.6
0 5717.504 9 4.8 37.6
0 5717.587 12 4.8 37.6
0 5717.691 10 4.8 37.6
0 5717.801 9 4.8 37.6
0 5717.891 11 4.8 37.6
0 5718.092 5 4.8 37.6
0 5718.187 11 4.8 37.6
0 5718.209 45 4.8 37.6
0 5718.418 5 4.8 37.6
0 5718.508 11 4.8 37.6
0 5718.522 71 4.8 37.6
0 5718.637 9 4.8 37.6
0 5718.735 10 4.8 37.6
0 5718.931 5 4.8 37.6
0 5718.934 333 4.8 37.6
0 5719.047 9 4.8 37.6
0 5719.149 10 4.8 37.6
0 5719.247 10 4.8 37.6
0 5719.523 4 4.8 37.6
0 5719.699 6 4.8 37.6
0 5719.704 224 4.8 37.6
0 5719.817 9 4.8 37.6
0 5719.915 10 4.8 37.6
0 5720.016 10 4.8 37.6
0 5720.116 10 4.8 37.6
0 5720.222 9 4.8 37.6
0 5720.317 10 4.8 37.6
0 5720.414 10 4.8 37.6
0 5720.626 5 4.8 37.6
0 5720.63 252 4.8 37.6
0 5720.747 8 4.8 37.6
0 5720.843 10 4.8 37.6
0 5720.94 10 4.8 37.6
0 5721.042 10 4.8 37.6
0 5721.143 10 4.8 37.6
0 5721.24 10 4.8 37.6
0 5721.435 5 4.8 37.6
0 5721.439 253 4.8 37.6
0 5721.64 5 4.8 37.6
0 5721.643 323 4.8 37.6
0 5721.756 9 4.8 37.6
0 5721.96 5 4.8 37.6
0 5721.964 231 4.8 37.6
0 5722.181 5 4.8 37.6
0 5722.186 204 4.8 37.6
0 5722.297 9 4.8 37.6
0 5722.391 11 4.8 37.6
0 5722.503 9 4.8 37.6
0 5722.595 11 4.8 37.6
0 5722.689 11 4.8 37.6
0 5722.799 9 4.8 37.6
0 5722.892 11 4.8 37.6
0 5723.106 5 4.8 37.6
0 5723.196 11 4.8 37.6
0 5723.211 65 4.8 37.6
0 5723.508 3 4.8 37.6
0 5723.513 202 4.8 37.6
0 5723.626 9 4.8 37.6
0 5723.728 10 4.8 37.6
0 5723.825 10 4.8 37.6
0 5724.017 5 4.8 37.6
0 5724.021 265 4.8 37.6
0 5724.135 9 4.8 37.6
0 5724.236 10 4.8 37.6
0 5724.334 10 4.8 37.6
0 5724.611 4 4.8 37.6
0 5724.788 6 4.8 37.6
0 5724.792 247 4.8 37.6
0 5724.905 9 4.8 37.6
0 5725.004 10 4.8 37.6
0 5725.102 10 4.8 37.6
0 5725.208 9 4.8 37.6
0 5725.312 10 4.8 37.6
0 5725.401 11 4.8 37.6
0 5725.506 10 4.8 37.6
0 5725.718 5 4.8 37.6
0 5725.723 190 4.8 37.6
0 5725.843 8 4.8 37.6
0 5725.933 11 4.8 37.6
0 5726.033 10 4.8 37.6
0 5726.132 10 4.8 37.6
0 5726.238 9 4.8 37.6
0 5726.337 10 4.8 37.6
0 5726.531 5 4.8 37.6
0 5726.534 305 4.8 37.6
0 5726.733 5 4.8 37.6
0 5726.737 290 4.8 37.6
0 5726.852 9 4.8 37.6
0 5727.05 5 4.8 37.6
0 5727.053 313 4.8 37.6
0 5727.265 5 3.7 37.6
0 5727.27 205 3.7 37.6
0 5727.382 9 3.7 37.6
0 5727.481 10 3.7 37.6
0 5727.586 10 3.7 37.6
0 5727.68 11 3.7 37.6
0 5727.785 10 3.7 37.6
0 5727.885 10 3.7 37.6
0 5727.981 10 3.7 37.6
0 5728.179 5 3.7 37.6
0 5728.265 12 3.7 37.6
0 5728.29 39 3.7 37.6
0 5728.569 4 3.7 37.6
0 5728.573 256 3.7 37.6
0 5728.687 9 3.7 37.6
0 5728.784 10 3.7 37.6
0 5728.89 9 3.7 37.6
0 5729.084 5 3.7 37.6
0 5729.088 275 3.7 37.6
0 5729.191 10 3.7 37.6
0 5729.298 9 3.7 37.6
0 5729.405 9 3.7 37.6
0 5729.69 4 3.7 37.6
0 5729.866 6 3.7 37.6
0 5729.869 297 3.7 37.6
0 5729.986 9 3.7 37.6
0 5730.08 11 3.7 37.6
0 5730.184 10 3.7 37.6
0 5730.282 10 3.7 37.6
0 5730.387 10 3.7 37.6
0 5730.486 10 3.7 37.6
0 5730.579 11 3.7 37.6
0 5730.78 5 3.7 37.6
0 5730.785 202 3.7 37.6
0 5730.891 9 3.7 37.6
0 5730.999 9 3.7 37.6
0 5731.095 10 3.7 37.6
0 5731.189 11 3.7 37.6
0 5731.3 9 3.7 37.6
0 5731.396 10 3.7 37.6
0 5731.598 5 3.7 37.6
0 5731.601 316 3.7 37.6
0 5731.796 5 3.7 37.6
0 5731.802 170 3.7 37.6
0 5731.915 9 3.7 37.6
0 5732.119 5 3.7 37.6
0 5732.123 226 3.7 37.6
0 5732.337 5 3.7 37.6
0 5732.342 212 3.7 37.6
0 5732.457 9 3.7 37.6
0 5732.553 10 3.7 37.6
0 5732.657 10 3.7 37.6
0 5732.753 10 3.7 37.6
0 5732.858 9 3.7 37.6
0 5732.952 11 3.7 37.6
0 5733.059 9 3.7 37.6
0 5733.259 5 3.7 37.6
0 5733.346 11 3.7 37.6
0 5733.368 46 3.7 37.6
0 5733.665 3 3.7 37.6
0 5733.67 199 3.7 37.6
0 5733.779 9 3.7 37.6
0 5733.885 9 3.7 37.6
0 5733.979 11 3.7 37.6
0 5734.187 5 3.7 37.6
0 5734.191 258 3.7 37.6
0 5734.302 9 3.7 37.6
0 5734.408 9 3.7 37.6
0 5734.694 3 3.7 37.6
0 5734.866 6 3.7 37.6
0 5734.869 318 3.7 37.6
0 5734.985 9 3.7 37.6
0 5735.081 10 3.7 37.6
0 5735.176 11 3.7 37.6
0 5735.291 9 3.7 37.6
0 5735.381 11 3.7 37.6
0 5735.486 10 3.7 37.6
0 5735.58 11 3.7 37.6
0 5735.681 10 3.7 37.6
0 5735.889 5 3.7 37.6
0 5735.893 263 3.7 37.6
0 5736.007 9 3.7 37.6
0 5736.104 10 3.7 37.6
0 5736.202 10 3.7 37.6
0 5736.314 9 3.7 37.6
0 5736.406 11 3.7 37.6
0 5736.588 6 3.7 37.6
0 5736.593 178 3.7 37.6
0 5736.694 10 3.7 37.6
0 5736.911 5 3.7 37.6
0 5736.914 324 3.7 37.6
0 5737.109 5 3.7 37.6
0 5737.114 185 3.7 37.6
0 5737.215 10 3.7 37.6
0 5737.407 5 4.0 37.6
0 5737.417 94 4.0 37.6
0 5737.527 9 4.0 37.6
0 5737.629 10 4.0 37.6
0 5737.725 10 4.0 37.6
0 5737.828 10 4.0 37.6
0 5737.936 9 4.0 37.6
0 5738.028 11 4.0 37.6
0 5738.13 10 4.0 37.6
0 5738.33 5 4.0 37.6
0 5738.415 12 4.0 37.6
0 5738.442 38 4.0 37.6
0 5738.731 3 4.0 37.6
0 5738.734 306 4.0 37.6
0 5738.847 9 4.0 37.6
0 5738.955 9 4.0 37.6
0 5739.048 11 4.0 37.6
0 5739.252 5 4.0 37.6
0 5739.255 291 4.0 37.6
0 5739.366 9 4.0 37.6
0 5739.474 9 4.0 37.6
0 5739.759 4 4.0 37.6
0 5739.933 6 4.0 37.6
0 5739.937 272 4.0 37.6
0 5740.056 8 4.0 37.6
0 5740.15 11 4.0 37.6
0 5740.245 10 4.0 37.6
0 5740.348 10 4.0 37.6
0 5740.451 10 4.0 37.6
0 5740.556 9 4.0 37.6
0 5740.651 11 4.0 37.6
0 5740.748 10 4.0 37.6
0 5740.953 5 4.0 37.6
0 5740.957 233 4.0 37.6
0 5741.076 8 4.0 37.6
0 5741.169 11 4.0 37.6
0 5741.266 10 4.0 37.6
0 5741.369 10 4.0 37.6
0 5741.469 10 4.0 37.6
0 5741.665 5 4.0 37.6
0 5741.669 280 4.0 37.6
0 5741.779 9 4.0 37.6
0 5741.97 5 4.0 37.6
0 5741.974 290 4.0 37.6
0 5742.191 5 4.0 37.6
0 5742.196 207 4.0 37.6
0 5742.306 9 4.0 37.6
0 5742.519 5 4.0 37.6
0 5742.523 219 4.0 37.6
0 5742.628 10 4.0 37.6
0 5742.744 9 4.0 37.6
0 5742.834 11 4.0 37.6
0 5742.934 10 4.0 37.6
0 5743.038 10 4.0 37.6
0 5743.134 10 4.0 37.6
0 5743.341 5 4.0 37.6
0 5743.428 11 4.0 37.6
0 5743.446 54 4.0 37.6
0 5743.739 3 4.0 37.6
0 5743.744 212 4.0 37.6
0 5743.88 7 4.0 37.6
0 5743.985 10 4.0 37.6
0 5744.083 10 4.0 37.6
0 5744.265 6 4.0 37.6
0 5744.278 73 4.0 37.6
0 5744.409 8 4.0 37.6
0 5744.509 10 4.0 37.6
0 5744.605 10 4.0 37.6
0 5744.781 6 4.0 37.6
0 5744.968 5 4.0 37.6
0 5744.981 77 4.0 37.6
0 5745.113 8 4.0 37.6
0 5745.2 11 4.0 37.6
0 5745.312 9 4.0 37.6
0 5745.417 10 4.0 37.6
0 5745.512 11 4.0 37.6
0 5745.614 10 4.0 37.6
0 5745.704 11 4.0 37.6
0 5745.815 9 4.0 37.6
0 5746.02 5 4.0 37.6
0 5746.036 64 4.0 37.6
0 5746.166 8 4.0 37.6
0 5746.265 10 4.0 37.6
0 5746.364 10 4.0 37.6
0 5746.458 11 4.0 37.6
0 5746.554 10 4.0 37.6
0 5746.741 5 4.0 37.6
0 5746.754 77 4.0 37.6
0 5746.887 7 4.0 37.6
0 5747.056 6 4.0 37.6
0 5747.069 78 4.0 37.6
0 5747.275 5 4.0 37.6
0 5747.289 71 4.0 37.6
0 5747.508 5 3.9 37.6
0 5747.522 72 3.9 37.6
0 5747.658 7 3.9 37.6
0 5747.748 11 3.9 37.6
0 5747.855 9 3.9 37.6
0 5747.954 10 3.9 37.6
0 5748.047 11 3.9 37.6
0 5748.158 9 3.9 37.6
0 5748.338 6 3.9 37.6
0 5748.352 72 3.9 37.6
0 5748.556 5 3.9 37.6
0 5748.658 10 3.9 37.6
0 5748.756 10 3.9 37.6
0 5748.772 62 3.9 37.6
0 5748.904 8 3.9 37.6
0 5749.001 10 3.9 37.6
0 5749.1 10 3.9 37.6
0 5749.282 6 3.9 37.6
0 5749.294 80 3.9 37.6
0 5749.42 8 3.9 37.6
0 5749.527 9 3.9 37.6
0 5749.627 10 3.9 37.6
0 5749.784 6 3.9 37.6
0 5749.966 5 3.9 37.6
0 5749.98 69 3.9 37.6
0 5750.108 8 3.9 37.6
0 5750.204 10 3.9 37.6
0 5750.313 9 3.9 37.6
0 5750.412 10 3.9 37.6
0 5750.508 10 3.9 37.6
0 5750.607 10 3.9 37.6
0 5750.7 11 3.9 37.6
0 5750.817 9 3.9 37.6
0 5750.913 10 3.9 37.6
0 5751.103 5 3.9 37.6
0 5751.116 75 3.9 37.6
0 5751.239 8 3.9 37.6
0 5751.346 9 3.9 37.6
0 5751.44 11 3.9 37.6
0 5751.545 10 3.9 37.6
0 5751.647 10 3.9 37.6
0 5751.81 6 3.9 37.6
0 5751.823 77 3.9 37.6
0 5751.956 8 3.9 37.6
0 5752.131 6 3.9 37.6
0 5752.143 81 3.9 37.6
0 5752.357 5 3.9 37.6
0 5752.371 70 3.9 37.6
0 5752.598 4 3.9 37.6
0 5752.612 74 3.9 37.6
0 5752.732 8 3.9 37.6
0 5752.836 10 3.9 37.6
0 5752.937 10 3.9 37.6
0 5753.019 12 3.9 37.6
0 5753.128 9 3.9 37.6
0 5753.213 12 3.9 37.6
0 5753.417 5 3.9 37.6
0 5753.431 75 3.9 37.6
0 5753.8 3 3.9 37.6
0 5753.814 72 3.9 37.6
0 5753.937 8 3.9 37.6
0 5754.047 9 3.9 37.6
0 5754.144 10 3.9 37.6
0 5754.316 6 3.9 37.6
0 5754.33 71 3.9 37.6
0 5754.462 8 3.9 37.6
0 5754.556 11 3.9 37.6
0 5754.641 12 3.9 37.6
0 5754.861 5 3.9 37.6
0 5755.04 6 3.9 37.6
0 5755.054 72 3.9 37.6
0 5755.185 8 3.9 37.6
0 5755.283 10 3.9 37.6
0 5755.383 10 3.9 37.6
0 5755.479 10 3.9 37.6
0 5755.577 10 3.9 37.6
0 5755.681 10 3.9 37.6
0 5755.784 10 3.9 37.6
0 5755.885 10 3.9 37.6
0 5755.988 10 3.9 37.6
0 5756.16 6 3.9 37.6
0 5756.173 73 3.9 37.6
0 5756.302 8 3.9 37.6
0 5756.405 10 3.9 37.6
0 5756.508 10 3.9 37.6
0 5756.591 12 3.9 37.6
0 5756.674 12 3.9 37.6
0 5756.868 5 3.9 37.6
0 5756.88 82 3.9 37.6
0 5757.016 7 3.9 37.6
0 5757.19 6 3.9 37.6
0 5757.203 78 3.9 37.6
0 5757.417 5 3.9 37.6
0 5757.429 79 3.9 37.6
0 5757.629 5 4.9 37.7
0 5757.642 73 4.9 37.7
0 5757.774 8 4.9 37.7
0 5757.873 10 4.9 37.7
0 5758.051 6 4.9 37.7
0 5758.056 225 4.9 37.7
0 5758.167 9 4.9 37.7
0 5758.27 10 4.9 37.7
0 5758.471 5 4.9 37.7
0 5758.474 289 4.9 37.7
0 5758.85 3 4.9 37.7
0 5758.854 212 4.9 37.7
0 5758.961 9 4.9 37.7
0 5759.064 10 4.9 37.7
0 5759.166 10 4.9 37.7
0 5759.362 5 4.9 37.7
0 5759.366 247 4.9 37.7
0 5759.472 9 4.9 37.7
0 5759.576 10 4.9 37.7
0 5759.677 10 4.9 37.7
0 5759.878 5 4.9 37.7
0 5760.053 6 4.9 37.7
0 5760.056 308 4.9 37.7
0 5760.162 9 4.9 37.7
0 5760.264 10 4.9 37.7
0 5760.368 10 4.9 37.7
0 5760.48 9 4.9 37.7
0 5760.569 11 4.9 37.7
0 5760.668 10 4.9 37.7
0 5760.769 10 4.9 37.7
0 5760.868 10 4.9 37.7
0 5760.981 9 4.9 37.7
0 5761.07 11 4.9 37.7
0 5761.277 5 4.9 37.7
0 5761.28 260 4.9 37.7
0 5761.39 9 4.9 37.7
0 5761.504 9 4.9 37.7
0 5761.592 11 4.9 37.7
0 5761.688 10 4.9 37.7
0 5761.891 5 4.9 37.7
0 5761.895 305 4.9 37.7
0 5762.017 8 4.9 37.7
0 5762.198 6 4.9 37.7
0 5762.201 333 4.9 37.7
0 5762.435 4 4.9 37.7
0 5762.448 75 4.9 37.7
0 5762.678 4 4.9 37.7
0 5762.692 73 4.9 37.7
0 5762.817 8 4.9 37.7
0 5762.919 10 4.9 37.7
0 5763.1 6 4.9 37.7
0 5763.115 67 4.9 37.7
0 5763.241 8 4.9 37.7
0 5763.342 10 4.9 37.7
0 5763.535 5 4.9 37.7
0 5763.548 78 4.9 37.7
0 5763.929 3 4.9 37.7
0 5763.942 72 4.9 37.7
0 5764.064 8 4.9 37.7
0 5764.162 10 4.9 37.7
0 5764.363 5 4.9 37.7
0 5764.376 77 4.9 37.7
0 5764.506 8 4.9 37.7
0 5764.598 11 4.9 37.7
0 5764.695 10 4.9 37.7
0 5764.888 5 4.9 37.7
0 5765.073 5 4.9 37.7
0 5765.088 67 4.9 37.7
0 5765.208 8 4.9 37.7
0 5765.31 10 4.9 37.7
0 5765.41 10 4.9 37.7
0 5765.51 10 4.9 37.7
0 5765.594 12 4.9 37.7
0 5765.691 10 4.9 37.7
0 5765.814 8 4.9 37.7
0 5765.913 10 4.9 37.7
0 5766.008 11 4.9 37.7
0 5766.108 10 4.9 37.7
0 5766.297 5 4.9 37.7
0 5766.311 70 4.9 37.7
0 5766.434 8 4.9 37.7
0 5766.519 12 4.9 37.7
0 5766.618 10 4.9 37.7
0 5766.711 11 4.9 37.7
0 5766.926 5 4.9 37.7
0 5766.941 66 4.9 37.7
0 5767.065 8 4.9 37.7
0 5767.167 10 4.9 37.7
0 5767.261 11 4.9 37.7
0 5767.464 5 4.9 37.7
0 5767.478 68 4.9 37.7
0 5767.689 5 4.2 37.7
0 5767.704 67 4.2 37.7
0 5767.828 8 4.2 37.7
0 5767.932 10 4.2 37.7
0 5768.111 6 4.2 37.7
0 5768.124 76 4.2 37.7
0 5768.252 8 4.2 37.7
0 5768.351 10 4.2 37.7
0 5768.54 5 4.2 37.7
0 5768.555 65 4.2 37.7
0 5768.94 3 4.2 37.7
0 5768.954 73 4.2 37.7
0 5769.085 8 4.2 37.7
0 5769.177 11 4.2 37.7
0 5769.38 5 4.2 37.7
0 5769.393 79 4.2 37.7
0 5769.523 8 4.2 37.7
0 5769.626 10 4.2 37.7
0 5769.71 12 4.2 37.7
0 5769.921 5 4.2 37.7
0 5770.107 5 4.2 37.7
0 5770.121 73 4.2 37.7
0 5770.223 10 4.2 37.7
0 5770.349 8 4.2 37.7
0 5770.449 10 4.2 37.7
0 5770.549 10 4.2 37.7
0 5770.654 10 4.2 37.7
0 5770.75 10 4.2 37.7
0 5770.847 10 4.2 37.7
0 5770.923 13 4.2 37.7
0 5771.051 8 4.2 37.7
0 5771.155 10 4.2 37.7
0 5771.371 5 4.2 37.7
0 5771.384 74 4.2 37.7
0 5771.511 8 4.2 37.7
0 5771.612 10 4.2 37.7
0 5771.691 13 4.2 37.7
0 5771.812 8 4.2 37.7
0 5771.997 5 4.2 37.7
0 5772.01 79 4.2 37.7
0 5772.139 8 4.2 37.7
0 5772.224 12 4.2 37.7
0 5772.342 8 4.2 37.7
0 5772.507 6 4.2 37.7
0 5772.52 78 4.2 37.7
0 5772.74 5 4.2 37.7
0 5772.754 71 4.2 37.7
0 5772.884 8 4.2 37.7
0 5772.977 11 4.2 37.7
0 5773.166 5 4.2 37.7
0 5773.253 12 4.2 37.7
0 5773.274 47 4.2 37.7
0 5773.38 9 4.2 37.7
0 5773.594 5 4.2 37.7
0 5773.598 307 4.2 37.7
0 5773.966 3 4.2 37.7
0 5773.97 249 4.2 37.7
0 5774.087 8 4.2 37.7
0 5774.18 11 4.2 37.7
0 5774.279 10 4.2 37.7
0 5774.483 5 4.2 37.7
0 5774.487 254 4.2 37.7
0 5774.603 9 4.2 37.7
0 5774.697 11 4.2 37.7
0 5774.797 10 4.2 37.7
0 5775.005 5 4.2 37.7
0 5775.178 6 4.2 37.7
0 5775.183 195 4.2 37.7
0 5775.292 9 4.2 37.7
0 5775.391 10 4.2 37.7
0 5775.494 10 4.2 37.7
0 5775.6 9 4.2 37.7
0 5775.7 10 4.2 37.7
0 5775.793 11 4.2 37.7
0 5775.893 10 4.2 37.7
0 5775.994 10 4.2 37.7
0 5776.101 9 4.2 37.7
0 5776.2 10 4.2 37.7
0 5776.398 5 4.2 37.7
0 5776.402 277 4.2 37.7
0 5776.513 9 4.2 37.7
0 5776.619 9 4.2 37.7
0 5776.705 12 4.2 37.7
0 5776.806 10 4.2 37.7
0 5776.908 10 4.2 37.7
0 5777.111 5 4.2 37.7
0 5777.115 223 4.2 37.7
0 5777.233 8 4.2 37.7
0 5777.325 11 4.2 37.7
0 5777.532 5 4.2 37.7
0 5777.535 295 4.2 37.7
0 5777.75 5 4.2 37.7
0 5777.756 181 4.2 37.7
0 5777.86 10 4.2 37.7
0 5777.965 10 4.2 37.7
0 5778.065 10 4.2 37.7
0 5778.261 5 4.2 37.7
0 5778.348 12 4.2 37.7
0 5778.369 46 4.2 37.7
0 5778.476 9 4.2 37.7
0 5778.68 5 4.2 37.7
0 5778.684 257 4.2 37.7
0 5779.072 3 4.2 37.7
0 5779.076 241 4.2 37.7
0 5779.176 10 4.2 37.7
0 5779.288 9 4.2 37.7
0 5779.482 5 4.2 37.7
0 5779.487 193 4.2 37.7
0 5779.603 9 4.2 37.7
0 5779.697 11 4.2 37.7
0 5779.799 10 4.2 37.7
0 5779.896 10 4.2 37.7
0 5780.109 5 4.2 37.7
0 5780.28 6 4.2 37.7
0 5780.283 308 4.2 37.7
0 5780.395 9 4.2 37.7
0 5780.495 10 4.2 37.7
0 5780.599 10 4.2 37.7
0 5780.701 10 4.2 37.7
0 5780.794 11 4.2 37.7
0 5780.897 10 4.2 37.7
0 5780.993 10 4.2 37.7
0 5781.102 9 4.2 37.7
0 5781.202 10 4.2 37.7
0 5781.402 5 4.2 37.7
0 5781.406 233 4.2 37.7
0 5781.516 9 4.2 37.7
0 5781.623 9 4.2 37.7
0 5781.708 12 4.2 37.7
0 5781.816 9 4.2 37.7
0 5781.919 10 4.2 37.7
0 5782.122 5 4.2 37.7
0 5782.125 328 4.2 37.7
0 5782.241 9 4.2 37.7
0 5782.336 11 4.2 37.7
0 5782.54 5 4.2 37.7
0 5782.544 319 4.2 37.7
0 5782.765 5 4.2 37.7
0 5782.77 207 4.2 37.7
0 5782.879 9 4.2 37.7
0 5782.981 10 4.2 37.7
0 5783.08 10 4.2 37.7
0 5783.288 5 4.2 37.7
0 5783.384 10 4.2 37.7
0 5783.391 151 4.2 37.7
0 5783.504 9 4.2 37.7
0 5783.711 5 4.2 37.7
0 5783.716 228 4.2 37.7
0 5784.083 3 4.2 37.7
0 5784.088 200 4.2 37.7
0 5784.197 9 4.2 37.7
0 5784.301 10 4.2 37.7
0 5784.501 5 4.2 37.7
0 5784.504 318 4.2 37.7
0 5784.62 9 4.2 37.7
0 5784.705 12 4.2 37.7
0 5784.818 9 4.2 37.7
0 5784.915 10 4.2 37.7
0 5785.125 5 4.2 37.7
0 5785.297 6 4.2 37.7
0 5785.3 307 4.2 37.7
0 5785.414 9 4.2 37.7
0 5785.511 10 4.2 37.7
0 5785.614 10 4.2 37.7
0 5785.708 11 4.2 37.7
0 5785.811 10 4.2 37.7
0 5785.911 10 4.2 37.7
0 5786.012 10 4.2 37.7
0 5786.116 10 4.2 37.7
0 5786.206 11 4.2 37.7
0 5786.425 5 4.2 37.7
0 5786.43 227 4.2 37.7
0 5786.534 10 4.2 37.7
0 5786.644 9 4.2 37.7
0 5786.733 11 4.2 37.7
0 5786.846 9 4.2 37.7
0 5786.944 10 4.2 37.7
0 5787.139 5 4.2 37.7
0 5787.142 287 4.2 37.7
0 5787.254 9 4.2 37.7
0 5787.359 10 4.2 37.7
0 5787.558 5 4.2 37.7
0 5787.561 323 4.2 37.7
0 5787.779 5 3.5 37.7
0 5787.783 225 3.5 37.7
0 5787.899 9 3.5 37.7
0 5787.996 10 3.5 37.7
0 5788.094 10 3.5 37.7
0 5788.29 5 3.5 37.7
0 5788.376 12 3.5 37.7
0 5788.402 38 3.5 37.7
0 5788.507 9 3.5 37.7
0 5788.706 5 3.5 37.7
0 5788.709 298 3.5 37.7
0 5788.826 9 3.5 37.7
0 5789.188 3 3.5 37.7
0 5789.191 305 3.5 37.7
0 5789.302 9 3.5 37.7
0 5789.506 5 3.5 37.7
0 5789.51 274 3.5 37.7
0 5789.625 9 3.5 37.7
0 5789.715 11 3.5 37.7
0 5789.82 10 3.5 37.7
0 5789.916 10 3.5 37.7
0 5790.132 5 3.5 37.7
0 5790.303 6 3.5 37.7
0 5790.307 285 3.5 37.7
0 5790.417 9 3.5 37.7
0 5790.52 10 3.5 37.7
0 5790.625 9 3.5 37.7
0 5790.719 11 3.5 37.7
0 5790.82 10 3.5 37.7
0 5790.908 11 3.5 37.7
0 5791.021 9 3.5 37.7
0 5791.118 10 3.5 37.7
0 5791.224 9 3.5 37.7
0 5791.416 5 3.5 37.7
0 5791.42 281 3.5 37.7
0 5791.533 9 3.5 37.7
0 5791.631 10 3.5 37.7
0 5791.743 9 3.5 37.7
0 5791.833 11 3.5 37.7
0 5791.931 10 3.5 37.7
0 5792.034 10 3.5 37.7
0 5792.228 5 3.5 37.7
0 5792.232 222 3.5 37.7
0 5792.345 9 3.5 37.7
0 5792.432 11 3.5 37.7
0 5792.645 5 3.5 37.7
0 5792.648 313 3.5 37.7
0 5792.867 5 3.5 37.7
0 5792.873 188 3.5 37.7
0 5792.981 9 3.5 37.7
0 5793.083 10 3.5 37.7
0 5793.182 10 3.5 37.7
0 5793.391 5 3.5 37.7
0 5793.479 11 3.5 37.7
0 5793.497 55 3.5 37.7
0 5793.712 5 3.5 37.7
0 5793.716 290 3.5 37.7
0 5793.833 8 3.5 37.7
0 5794.188 3 3.5 37.7
0 5794.192 261 3.5 37.7
0 5794.303 9 3.5 37.7
0 5794.495 5 3.5 37.7
0 5794.498 297 3.5 37.7
0 5794.614 9 3.5 37.7
0 5794.703 11 3.5 37.7
0 5794.81 9 3.5 37.7
0 5794.912 10 3.5 37.7
0 5795.016 10 3.5 37.7
0 5795.219 5 3.5 37.7
0 5795.397 6 3.5 37.7
0 5795.401 278 3.5 37.7
0 5795.518 9 3.5 37.7
0 5795.615 10 3.5 37.7
0 5795.707 11 3.5 37.7
0 5795.819 9 3.5 37.7
0 5795.912 11 3.5 37.7
0 5796.019 9 3.5 37.7
0 5796.116 10 3.5 37.7
0 5796.208 11 3.5 37.7
0 5796.319 9 3.5 37.7
0 5796.522 5 3.5 37.7
0 5796.527 182 3.5 37.7
0 5796.64 9 3.5 37.7
0 5796.726 12 3.5 37.7
0 5796.828 10 3.5 37.7
0 5796.937 9 3.5 37.7
0 5797.044 9 3.5 37.7
0 5797.244 5 3.5 37.7
0 5797.247 321 3.5 37.7
0 5797.365 9 3.5 37.7
0 5797.457 11 3.5 37.7
0 5797.659 5 3.5 37.7
0 5797.662 319 3.5 37.7
0 5797.88 5 3.7 37.7
0 5797.885 202 3.7 37.7
0 5797.994 9 3.7 37.7
0 5798.099 10 3.7 37.7
0 5798.196 10 3.7 37.7
0 5798.385 5 3.7 37.7
0 5798.389 263 3.7 37.7
0 5798.594 5 3.7 37.7
0 5798.597 308 3.7 37.7
0 5798.805 5 3.7 37.7
0 5798.808 300 3.7 37.7
0 5798.93 8 3.7 37.7
0 5799.271 3 3.7 37.7
0 5799.276 213 3.7 37.7
0 5799.385 9 3.7 37.7
0 5799.589 5 3.7 37.7
0 5799.592 300 3.7 37.7
0 5799.706 9 3.7 37.7
0 5799.808 10 3.7 37.7
0 5799.904 10 3.7 37.7
0 5800.006 10 3.7 37.7
0 5800.112 9 3.7 37.7
0 5800.301 5 3.7 37.7
0 5800.476 6 3.7 37.7
0 5800.48 299 3.7 37.7
0 5800.592 9 3.7 37.7
0 5800.699 9 3.7 37.7
0 5800.793 11 3.7 37.7
0 5800.895 10 3.7 37.7
0 5800.991 10 3.7 37.7
0 5801.094 10 3.7 37.7
0 5801.2 9 3.7 37.7
0 5801.292 11 3.7 37.7
0 5801.381 11 3.7 37.7
0 5801.585 5 3.7 37.7
0 5801.59 237 3.7 37.7
0 5801.707 8 3.7 37.7
0 5801.802 11 3.7 37.7
0 5801.9 10 3.7 37.7
0 5802.006 9 3.7 37.7
0 5802.103 10 3.7 37.7
0 5802.294 5 3.7 37.7
0 5802.298 277 3.7 37.7
0 5802.402 10 3.7 37.7
0 5802.512 9 3.7 37.7
0 5802.717 5 3.7 37.7
0 5802.72 322 3.7 37.7
0 5802.924 5 3.7 37.7
0 5802.927 294 3.7 37.7
0 5803.041 9 3.7 37.7
0 5803.14 10 3.7 37.7
0 5803.237 10 3.7 37.7
0 5803.43 5 3.7 37.7
0 5803.433 312 3.7 37.7
0 5803.644 5 3.7 37.7
0 5803.647 283 3.7 37.7
0 5803.864 5 3.7 37.7
0 5803.868 243 3.7 37.7
0 5803.971 10 3.7 37.7
0 5804.357 3 3.7 37.7
0 5804.362 207 3.7 37.7
0 5804.468 9 3.7 37.7
0 5804.677 5 3.7 37.7
0 5804.68 322 3.7 37.7
0 5804.793 9 3.7 37.7
0 5804.896 10 3.7 37.7
0 5804.994 10 3.7 37.7
0 5805.09 10 3.7 37.7
0 5805.201 9 3.7 37.7
0 5805.385 5 3.7 37.7
0 5805.557 6 3.7 37.7
0 5805.561 249 3.7 37.7
0 5805.671 9 3.7 37.7
0 5805.78 9 3.7 37.7
0 5805.871 11 3.7 37.7
0 5805.978 9 3.7 37.7
0 5806.074 10 3.7 37.7
0 5806.17 10 3.7 37.7
0 5806.281 9 3.7 37.7
0 5806.373 11 3.7 37.7
0 5806.476 10 3.7 37.7
0 5806.682 5 3.7 37.7
0 5806.686 281 3.7 37.7
0 5806.805 8 3.7 37.7
0 5806.893 11 3.7 37.7
0 5807.0 9 3.7 37.7
0 5807.101 10 3.7 37.7
0 5807.199 10 3.7 37.7
0 5807.397 5 3.7 37.7
0 5807.401 318 3.7 37.7
0 5807.514 9 3.7 37.7
0 5807.707 5 3.7 37.7
0 5807.71 292 3.7 37.7
0 5807.818 9 3.7 37.7
0 5808.032 5 3.8 37.7
0 5808.036 214 3.8 37.7
0 5808.15 9 3.8 37.7
0 5808.246 10 3.8 37.7
0 5808.449 5 3.8 37.7
0 5808.452 282 3.8 37.7
0 5808.662 5 3.8 37.7
0 5808.665 313 3.8 37.7
0 5808.882 5 3.8 37.7
0 5808.885 310 3.8 37.7
0 5809.004 8 3.8 37.7
0 5809.37 3 3.8 37.7
0 5809.374 229 3.8 37.7
0 5809.485 9 3.8 37.7
0 5809.684 5 3.8 37.7
0 5809.688 265 3.8 37.7
0 5809.801 9 3.8 37.7
0 5809.903 10 3.8 37.7
0 5809.999 10 3.8 37.7
0 5810.098 10 3.8 37.7
0 5810.209 9 3.8 37.7
0 5810.398 5 3.8 37.7
0 5810.574 6 3.8 37.7
0 5810.577 306 3.8 37.7
0 5810.688 9 3.8 37.7
0 5810.799 9 3.8 37.7
0 5810.889 11 3.8 37.7
0 5810.992 10 3.8 37.7
0 5811.088 10 3.8 37.7
0 5811.189 10 3.8 37.7
0 5811.299 9 3.8 37.7
0 5811.389 11 3.8 37.7
0 5811.49 10 3.8 37.7
0 5811.685 5 3.8 37.7
0 5811.688 290 3.8 37.7
0 5811.809 8 3.8 37.7
0 5811.901 11 3.8 37.7
0 5812.002 10 3.8 37.7
0 5812.102 10 3.8 37.7
0 5812.2 10 3.8 37.7
0 5812.395 5 3.8 37.7
0 5812.398 276 3.8 37.7
0 5812.512 9 3.8 37.7
0 5812.611 10 3.8 37.7
0 5812.796 5 3.8 37.7
0 5812.8 269 3.8 37.7
0 5812.92 8 3.8 37.7
0 5813.121 5 3.8 37.7
0 5813.125 264 3.8 37.7
0 5813.235 9 3.8 37.7
0 5813.337 10 3.8 37.7
0 5813.53 5 3.8 37.7
0 5813.534 255 3.8 37.7
0 5813.743 5 3.8 37.7
0 5813.747 310 3.8 37.7
0 5813.96 5 3.8 37.7
0 5813.964 243 3.8 37.7
0 5814.082 8 3.8 37.7
0 5814.44 3 3.8 37.7
0 5814.445 243 3.8 37.7
0 5814.558 9 3.8 37.7
0 5814.756 5 3.8 37.7
0 5814.759 327 3.8 37.7
0 5814.869 9 3.8 37.7
0 5814.974 10 3.8 37.7
0 5815.072 10 3.8 37.7
0 5815.172 10 3.8 37.7
0 5815.276 10 3.8 37.7
0 5815.47 5 3.8 37.7
0 5815.645 6 3.8 37.7
0 5815.65 241 3.8 37.7
0 5815.761 9 3.8 37.7
0 5815.867 9 3.8 37.7
0 5815.959 11 3.8 37.7
0 5816.063 10 3.8 37.7
0 5816.164 10 3.8 37.7
0 5816.259 10 3.8 37.7
0 5816.369 9 3.8 37.7
0 5816.459 11 3.8 37.7
0 5816.563 10 3.8 37.7
0 5816.761 5 3.8 37.7
0 5816.765 263 3.8 37.7
0 5816.88 9 3.8 37.7
0 5816.975 11 3.8 37.7
0 5817.076 10 3.8 37.7
0 5817.181 10 3.8 37.7
0 5817.277 10 3.8 37.7
0 5817.468 5 3.8 37.7
0 5817.471 303 3.8 37.7
0 5817.585 9 3.8 37.7
0 5817.713 8 3.8 37.7
0 5817.89 6 3.8 37.7
0 5817.903 77 3.8 37.7
0 5818.132 4 3.8 37.7
0 5818.145 72 3.8 37.7
0 5818.279 7 3.8 37.7
0 5818.377 10 3.8 37.7
0 5818.548 6 3.8 37.7
0 5818.561 78 3.8 37.7
0 5818.78 5 3.8 37.7
0 5818.793 81 3.8 37.7
0 5818.99 5 3.8 37.7
0 5819.003 75 3.8 37.7
0 5819.127 8 3.8 37.7
0 5819.489 3 3.8 37.7
0 5819.503 73 3.8 37.7
0 5819.63 8 3.8 37.7
0 5819.806 6 3.8 37.7
0 5819.818 77 3.8 37.7
0 5819.935 9 3.8 37.7
0 5820.049 9 3.8 37.7
0 5820.151 10 3.8 37.7
0 5820.225 13 3.8 37.7
0 5820.356 8 3.8 37.7
0 5820.45 11 3.8 37.7
0 5820.719 4 3.8 37.7
0 5820.733 75 3.8 37.7
0 5820.869 7 3.8 37.7
0 5820.962 11 3.8 37.7
0 5821.066 10 3.8 37.7
0 5821.164 10 3.8 37.7
0 5821.266 10 3.8 37.7
0 5821.371 9 3.8 37.7
0 5821.459 11 3.8 37.7
0 5821.567 9 3.8 37.7
0 5821.663 10 3.8 37.7
0 5821.823 6 3.8 37.7
0 5821.838 67 3.8 37.7
0 5821.972 7 3.8 37.7
0 5822.065 11 3.8 37.7
0 5822.167 10 3.8 37.7
0 5822.258 11 3.8 37.7
0 5822.364 9 3.8 37.7
0 5822.547 5 3.8 37.7
0 5822.56 77 3.8 37.7
0 5822.691 8 3.8 37.7
0 5822.79 10 3.8 37.7
0 5822.981 5 3.8 37.7
0 5822.994 77 3.8 37.7
0 5823.227 4 3.8 37.7
0 5823.24 77 3.8 37.7
0 5823.372 8 3.8 37.7
0 5823.467 11 3.8 37.7
0 5823.66 5 3.8 37.7
0 5823.768 9 3.8 37.7
0 5823.78 77 3.8 37.7
0 5824.015 4 3.8 37.7
0 5824.029 72 3.8 37.7
0 5824.232 5 3.8 37.7
0 5824.503 4 3.8 37.7
0 5824.507 254 3.8 37.7
0 5824.62 9 3.8 37.7
0 5824.808 5 3.8 37.7
0 5824.811 319 3.8 37.7
0 5824.928 9 3.8 37.7
0 5825.024 10 3.8 37.7
0 5825.124 10 3.8 37.7
0 5825.217 11 3.8 37.7
0 5825.326 9 3.8 37.7
0 5825.43 10 3.8 37.7
0 5825.714 4 3.8 37.7
0 5825.718 236 3.8 37.7
0 5825.832 9 3.8 37.7
0 5825.936 10 3.8 37.7
0 5826.031 10 3.8 37.7
0 5826.123 11 3.8 37.7
0 5826.22 10 3.8 37.7
0 5826.334 9 3.8 37.7
0 5826.424 11 3.8 37.7
0 5826.537 9 3.8 37.7
0 5826.629 11 3.8 37.7
0 5826.721 11 3.8 37.7
0 5826.935 5 3.8 37.7
0 5826.94 211 3.8 37.7
0 5827.058 9 3.8 37.7
0 5827.151 11 3.8 37.7
0 5827.252 10 3.8 37.7
0 5827.351 10 3.8 37.7
0 5827.56 5 3.8 37.7
0 5827.563 298 3.8 37.7
0 5827.675 9 3.8 37.7
0 5827.778 10 3.8 37.7
0 5827.905 8 3.8 37.7
0 5828.004 10 3.8 37.7
0 5828.111 9 3.8 37.7
0 5828.293 5 4.2 37.7
0 5828.306 73 4.2 37.7
0 5828.43 8 4.2 37.7
0 5828.512 12 4.2 37.7
0 5828.727 5 4.2 37.7
0 5828.823 10 4.2 37.7
0 5828.84 59 4.2 37.7
0 5829.075 4 4.2 37.7
0 5829.088 75 4.2 37.7
0 5829.307 5 4.2 37.7
0 5829.586 4 4.2 37.7
0 5829.601 69 4.2 37.7
0 5829.726 8 4.2 37.7
0 5829.908 6 4.2 37.7
0 5829.92 81 4.2 37.7
0 5830.052 8 4.2 37.7
0 5830.149 10 4.2 37.7
0 5830.243 11 4.2 37.7
0 5830.351 9 4.2 37.7
0 5830.449 10 4.2 37.7
0 5830.723 4 4.2 37.7
0 5830.738 68 4.2 37.7
0 5830.864 8 4.2 37.7
0 5830.959 11 4.2 37.7
0 5831.067 9 4.2 37.7
0 5831.166 10 4.2 37.7
0 5831.272 9 4.2 37.7
0 5831.369 10 4.2 37.7
0 5831.46 11 4.2 37.7
0 5831.563 10 4.2 37.7
0 5831.663 10 4.2 37.7
0 5831.745 12 4.2 37.7
0 5831.972 4 4.2 37.7
0 5831.986 67 4.2 37.7
0 5832.115 8 4.2 37.7
0 5832.215 10 4.2 37.7
0 5832.317 10 4.2 37.7
0 5832.424 9 4.2 37.7
0 5832.6 6 4.2 37.7
0 5832.614 76 4.2 37.7
0 5832.735 8 4.2 37.7
0 5832.847 9 4.2 37.7
0 5832.944 10 4.2 37.7
0 5833.043 10 4.2 37.7
0 5833.144 10 4.2 37.7
0 5833.326 5 4.2 37.7
0 5833.34 75 4.2 37.7
0 5833.464 8 4.2 37.7
0 5833.571 9 4.2 37.7
0 5833.758 5 4.2 37.7
0 5833.854 10 4.2 37.7
0 5833.872 56 4.2 37.7
0 5834.106 4 4.2 37.7
0 5834.119 75 4.2 37.7
0 5834.325 5 4.2 37.7
0 5834.59 4 4.2 37.7
0 5834.604 69 4.2 37.7
0 5834.729 8 4.2 37.7
0 5834.92 5 4.2 37.7
0 5834.933 81 4.2 37.7
0 5835.035 10 4.2 37.7
0 5835.169 7 4.2 37.7
0 5835.237 15 4.2 37.7
0 5835.364 8 4.2 37.7
0 5835.466 10 4.2 37.7
0 5835.731 4 4.2 37.7
0 5835.746 68 4.2 37.7
0 5835.874 8 4.2 37.7
0 5835.966 11 4.2 37.7
0 5836.075 9 4.2 37.7
0 5836.175 10 4.2 37.7
0 5836.277 10 4.2 37.7
0 5836.375 10 4.2 37.7
0 5836.463 11 4.2 37.7
0 5836.565 10 4.2 37.7
0 5836.67 9 4.2 37.7
0 5836.774 10 4.2 37.7
0 5836.876 10 4.2 37.7
0 5837.052 6 4.2 37.7
0 5837.067 66 4.2 37.7
0 5837.195 8 4.2 37.7
0 5837.301 9 4.2 37.7
0 5837.396 10 4.2 37.7
0 5837.486 11 4.2 37.7
0 5837.677 5 4.2 37.7
0 5837.69 75 4.2 37.7
0 5837.827 7 4.2 37.7
0 5837.921 11 4.2 37.7
0 5838.016 11 4.2 37.7
0 5838.193 6 4.2 37.7
0 5838.197 293 4.2 37.7
0 5838.414 5 4.7 37.7
0 5838.418 229 4.7 37.7
0 5838.528 9 4.7 37.7
0 5838.628 10 4.7 37.7
0 5838.808 6 4.7 37.7
0 5838.902 11 4.7 37.7
0 5838.923 48 4.7 37.7
0 5839.13 5 4.7 37.7
0 5839.134 266 4.7 37.7
0 5839.35 5 4.7 37.7
0 5839.618 4 4.7 37.7
0 5839.622 232 4.7 37.7
0 5839.733 9 4.7 37.7
0 5839.939 5 4.7 37.7
0 5839.943 257 4.7 37.7
0 5840.057 9 4.7 37.7
0 5840.152 10 4.7 37.7
0 5840.251 10 4.7 37.7
0 5840.354 10 4.7 37.7
0 5840.462 9 4.7 37.7
0 5840.557 11 4.7 37.7
0 5840.826 4 4.7 37.7
0 5840.829 317 4.7 37.7
0 5840.94 9 4.7 37.7
0 5841.046 9 4.7 37.7
0 5841.144 10 4.7 37.7
0 5841.243 10 4.7 37.7
0 5841.343 10 4.7 37.7
0 5841.441 10 4.7 37.7
0 5841.548 9 4.7 37.7
0 5841.645 10 4.7 37.7
0 5841.743 10 4.7 37.7
0 5841.843 10 4.7 37.7
0 5841.941 10 4.7 37.7
0 5842.152 5 4.7 37.7
0 5842.156 220 4.7 37.7
0 5842.3 7 4.7 37.7
0 5842.399 10 4.7 37.7
0 5842.498 10 4.7 37.7
0 5842.665 6 4.7 37.7
0 5842.678 74 4.7 37.7
0 5842.811 8 4.7 37.7
0 5842.911 10 4.7 37.7
0 5843.003 11 4.7 37.7
0 5843.106 10 4.7 37.7
0 5843.3 5 4.7 37.7
0 5843.394 11 4.7 37.7
0 5843.413 52 4.7 37.7
0 5843.546 8 4.7 37.7
0 5843.64 11 4.7 37.7
0 5843.73 11 4.7 37.7
0 5843.939 5 4.7 37.7
0 5844.119 6 4.7 37.7
0 5844.132 75 4.7 37.7
0 5844.234 10 4.7 37.7
0 5844.453 5 4.7 37.7
0 5844.634 6 4.7 37.7
0 5844.647 77 4.7 37.7
0 5844.771 8 4.7 37.7
0 5844.965 5 4.7 37.7
0 5844.978 78 4.7 37.7
0 5845.111 8 4.7 37.7
0 5845.212 10 4.7 37.7
0 5845.311 10 4.7 37.7
0 5845.471 6 4.7 37.7
0 5845.475 222 4.7 37.7
0 5845.584 9 4.7 37.7
0 5845.878 3 4.7 37.7
0 5845.882 228 4.7 37.7
0 5845.998 9 4.7 37.7
0 5846.092 11 4.7 37.7
0 5846.195 10 4.7 37.7
0 5846.291 10 4.7 37.7
0 5846.391 10 4.7 37.7
0 5846.498 9 4.7 37.7
0 5846.592 11 4.7 37.7
0 5846.696 10 4.7 37.7
0 5846.792 10 4.7 37.7
0 5846.893 10 4.7 37.7
0 5846.99 10 4.7 37.7
0 5847.203 5 4.7 37.7
0 5847.207 234 4.7 37.7
0 5847.317 9 4.7 37.7
0 5847.424 9 4.7 37.7
0 5847.52 10 4.7 37.7
0 5847.72 5 4.7 37.7
0 5847.724 259 4.7 37.7
0 5847.835 9 4.7 37.7
0 5847.943 9 4.7 37.7
0 5848.037 11 4.7 37.7
0 5848.134 10 4.7 37.7
0 5848.311 6 4.7 37.7
0 5848.424 9 4.1 37.7
0 5848.428 270 4.1 37.7
0 5848.545 9 4.1 37.7
0 5848.638 11 4.1 37.7
0 5848.73 11 4.1 37.7
0 5848.938 5 4.1 37.7
0 5848.941 272 4.1 37.7
0 5849.219 4 4.1 37.7
0 5849.222 266 4.1 37.7
0 5849.335 9 4.1 37.7
0 5849.538 5 4.1 37.7
0 5849.71 6 4.1 37.7
0 5849.714 260 4.1 37.7
0 5849.825 9 4.1 37.7
0 5850.029 5 4.1 37.7
0 5850.033 322 4.1 37.7
0 5850.148 9 4.1 37.7
0 5850.252 10 4.1 37.7
0 5850.344 11 4.1 37.7
0 5850.55 5 4.1 37.7
0 5850.553 301 4.1 37.7
0 5850.669 9 4.1 37.7
0 5850.958 3 4.1 37.7
0 5850.962 259 4.1 37.7
0 5851.072 9 4.1 37.7
0 5851.177 10 4.1 37.7
0 5851.278 10 4.1 37.7
0 5851.368 11 4.1 37.7
0 5851.476 9 4.1 37.7
0 5851.572 10 4.1 37.7
0 5851.678 9 4.1 37.7
0 5851.779 10 4.1 37.7
0 5851.874 11 4.1 37.7
0 5851.979 10 4.1 37.7
0 5852.065 12 4.1 37.7
0 5852.286 5 4.1 37.7
0 5852.292 192 4.1 37.7
0 5852.392 10 4.1 37.7
0 5852.507 9 4.1 37.7
0 5852.6 11 4.1 37.7
0 5852.802 5 4.1 37.7
0 5852.805 319 4.1 37.7
0 5852.916 9 4.1 37.7
0 5853.021 10 4.1 37.7
0 5853.116 11 4.1 37.7
0 5853.217 10 4.1 37.7
0 5853.506 3 4.1 37.7
0 5853.51 255 4.1 37.7
0 5853.623 9 4.1 37.7
0 5853.722 10 4.1 37.7
0 5853.826 10 4.1 37.7
0 5854.031 5 4.1 37.7
0 5854.035 246 4.1 37.7
0 5854.333 3 4.1 37.7
0 5854.338 221 4.1 37.7
0 5854.546 5 4.1 37.7
0 5854.731 5 4.1 37.7
0 5854.734 311 4.1 37.7
0 5854.854 8 4.1 37.7
0 5855.051 5 4.1 37.7
0 5855.055 267 4.1 37.7
0 5855.166 9 4.1 37.7
0 5855.269 10 4.1 37.7
0 5855.374 9 4.1 37.7
0 5855.572 5 4.1 37.7
0 5855.577 208 4.1 37.7
0 5855.681 10 4.1 37.7
0 5855.972 3 4.1 37.7
0 5855.976 215 4.1 37.7
0 5856.092 9 4.1 37.7
0 5856.187 11 4.1 37.7
0 5856.286 10 4.1 37.7
0 5856.389 10 4.1 37.7
0 5856.495 9 4.1 37.7
0 5856.584 11 4.1 37.7
0 5856.691 9 4.1 37.7
0 5856.788 10 4.1 37.7
0 5856.89 10 4.1 37.7
0 5856.996 9 4.1 37.7
0 5857.087 11 4.1 37.7
0 5857.293 5 4.1 37.7
0 5857.297 276 4.1 37.7
0 5857.41 9 4.1 37.7
0 5857.516 9 4.1 37.7
0 5857.608 11 4.1 37.7
0 5857.817 5 4.1 37.7
0 5857.82 318 4.1 37.7
0 5857.934 9 4.1 37.7
0 5858.039 9 4.1 37.7
0 5858.132 11 4.1 37.7
0 5858.232 10 4.1 37.7
0 5858.525 3 3.8 37.7
0 5858.53 222 3.8 37.7
0 5858.643 9 3.8 37.7
0 5858.73 11 3.8 37.7
0 5858.84 9 3.8 37.7
0 5859.05 5 3.8 37.7
0 5859.055 202 3.8 37.7
0 5859.35 3 3.8 37.7
0 5859.353 309 3.8 37.7
0 5859.573 5 3.8 37.7
0 5859.747 6 3.8 37.7
0 5859.751 264 3.8 37.7
0 5859.864 9 3.8 37.7
0 5860.063 5 3.8 37.7
0 5860.066 329 3.8 37.7
0 5860.185 8 3.8 37.7
0 5860.281 10 3.8 37.7
0 5860.381 10 3.8 37.7
0 5860.582 5 3.8 37.7
0 5860.585 288 3.8 37.7
0 5860.704 8 3.8 37.7
0 5860.998 3 3.8 37.7
0 5861.002 274 3.8 37.7
0 5861.112 9 3.8 37.7
0 5861.222 9 3.8 37.7
0 5861.317 11 3.8 37.7
0 5861.413 10 3.8 37.7
0 5861.516 10 3.8 37.7
0 5861.613 10 3.8 37.7
0 5861.719 9 3.8 37.7
0 5861.81 11 3.8 37.7
0 5861.917 9 3.8 37.7
0 5862.016 10 3.8 37.7
0 5862.114 10 3.8 37.7
0 5862.311 5 3.8 37.7
0 5862.316 200 3.8 37.7
0 5862.429 9 3.8 37.7
0 5862.528 10 3.8 37.7
0 5862.626 10 3.8 37.7
0 5862.827 5 3.8 37.7
0 5862.83 267 3.8 37.7
0 5862.945 9 3.8 37.7
0 5863.043 10 3.8 37.7
0 5863.143 10 3.8 37.7
0 5863.232 11 3.8 37.7
0 5863.535 3 3.8 37.7
0 5863.539 252 3.8 37.7
0 5863.647 9 3.8 37.7
0 5863.75 10 3.8 37.7
0 5863.852 10 3.8 37.7
0 5864.054 5 3.8 37.7
0 5864.058 270 3.8 37.7
0 5864.353 3 3.8 37.7
0 5864.357 211 3.8 37.7
0 5864.572 5 3.8 37.7
0 5864.577 209 3.8 37.7
0 5864.873 3 3.8 37.7
0 5864.878 202 3.8 37.7
0 5865.089 5 3.8 37.7
0 5865.093 309 3.8 37.7
0 5865.205 9 3.8 37.7
0 5865.304 10 3.8 37.7
0 5865.411 9 3.8 37.7
0 5865.61 5 3.8 37.7
0 5865.616 187 3.8 37.7
0 5865.719 10 3.8 37.7
0 5866.02 3 3.8 37.7
0 5866.025 200 3.8 37.7
0 5866.143 8 3.8 37.7
0 5866.23 12 3.8 37.7
0 5866.335 9 3.8 37.7
0 5866.434 10 3.8 37.7
0 5866.54 9 3.8 37.7
0 5866.637 10 3.8 37.7
0 5866.732 11 3.8 37.7
0 5866.825 11 3.8 37.7
0 5866.936 9 3.8 37.7
0 5867.041 10 3.8 37.7
0 5867.14 10 3.8 37.7
0 5867.32 6 3.8 37.7
0 5867.325 178 3.8 37.7
0 5867.436 9 3.8 37.7
0 5867.542 9 3.8 37.7
0 5867.635 11 3.8 37.7
0 5867.827 5 3.8 37.7
0 5867.831 272 3.8 37.7
0 5867.936 10 3.8 37.7
0 5868.048 9 3.8 37.7
0 5868.142 11 3.8 37.7
0 5868.235 11 3.8 37.7
0 5868.352 9 3.8 37.7
0 5868.629 4 3.7 37.7
0 5868.634 192 3.7 37.7
0 5868.734 10 3.7 37.7
0 5868.853 8 3.7 37.7
0 5868.943 11 3.7 37.7
0 5869.142 5 3.7 37.7
0 5869.147 194 3.7 37.7
0 5869.444 3 3.7 37.7
0 5869.447 305 3.7 37.7
0 5869.661 5 3.7 37.7
0 5869.665 204 3.7 37.7
0 5869.975 3 3.7 37.7
0 5869.979 310 3.7 37.7
0 5870.192 5 3.7 37.7
0 5870.196 240 3.7 37.7
0 5870.305 9 3.7 37.7
0 5870.405 10 3.7 37.7
0 5870.61 5 3.7 37.7
0 5870.613 312 3.7 37.7
0 5870.729 9 3.7 37.7
0 5870.824 11 3.7 37.7
0 5871.117 3 3.7 37.7
0 5871.121 254 3.7 37.7
0 5871.237 9 3.7 37.7
0 5871.331 11 3.7 37.7
0 5871.431 10 3.7 37.7
0 5871.531 10 3.7 37.7
0 5871.64 9 3.7 37.7
0 5871.731 11 3.7 37.7
0 5871.826 11 3.7 37.7
0 5871.931 10 3.7 37.7
0 5872.029 10 3.7 37.7
0 5872.131 10 3.7 37.7
0 5872.321 5 3.7 37.7
0 5872.325 239 3.7 37.7
0 5872.435 9 3.7 37.7
0 5872.535 10 3.7 37.7
0 5872.635 10 3.7 37.7
0 5872.822 5 3.7 37.7
0 5872.826 246 3.7 37.7
0 5872.934 9 3.7 37.7
0 5873.028 11 3.7 37.7
0 5873.13 10 3.7 37.7
0 5873.232 10 3.7 37.7
0 5873.342 9 3.7 37.7
0 5873.435 11 3.7 37.7
0 5873.699 4 3.7 37.7
0 5873.703 276 3.7 37.7
0 5873.804 10 3.7 37.7
0 5873.921 9 3.7 37.7
0 5874.012 11 3.7 37.7
0 5874.22 5 3.7 37.7
0 5874.224 281 3.7 37.7
0 5874.519 3 3.7 37.7
0 5874.523 243 3.7 37.7
0 5874.737 5 3.7 37.7
0 5874.741 281 3.7 37.7
0 5875.03 3 3.7 37.7
0 5875.035 222 3.7 37.7
0 5875.233 5 3.7 37.7
0 5875.236 310 3.7 37.7
0 5875.342 9 3.7 37.7
0 5875.445 10 3.7 37.7
0 5875.657 5 3.7 37.7
0 5875.662 201 3.7 37.7
0 5875.766 10 3.7 37.7
0 5875.868 10 3.7 37.7
0 5876.144 4 3.7 37.7
0 5876.149 180 3.7 37.7
0 5876.255 9 3.7 37.7
0 5876.356 10 3.7 37.7
0 5876.451 11 3.7 37.7
0 5876.557 9 3.7 37.7
0 5876.661 10 3.7 37.7
0 5876.748 11 3.7 37.7
0 5876.851 10 3.7 37.7
0 5876.956 10 3.7 37.7
0 5877.058 10 3.7 37.7
0 5877.166 9 3.7 37.7
0 5877.356 5 3.7 37.7
0 5877.36 234 3.7 37.7
0 5877.467 9 3.7 37.7
0 5877.571 10 3.7 37.7
0 5877.682 9 3.7 37.7
0 5877.865 5 3.7 37.7
0 5877.868 320 3.7 37.7
0 5877.979 9 3.7 37.7
0 5878.082 10 3.7 37.7
0 5878.19 9 3.7 37.7
0 5878.278 11 3.7 37.7
0 5878.382 10 3.7 37.7
0 5878.479 10 3.7 37.7
0 5878.761 4 4.3 37.6
0 5878.768 147 4.3 37.6
0 5878.876 9 4.3 37.6
0 5878.978 10 4.3 37.6
0 5879.076 10 4.3 37.6
0 5879.28 5 4.3 37.6
0 5879.285 201 4.3 37.6
0 5879.572 3 4.3 37.6
0 5879.575 296 4.3 37.6
0 5879.797 5 4.3 37.6
0 5879.803 165 4.3 37.6
0 5880.093 3 4.3 37.6
0 5880.096 306 4.3 37.6
0 5880.31 5 4.3 37.6
0 5880.314 253 4.3 37.6
0 5880.425 9 4.3 37.6
0 5880.525 10 4.3 37.6
0 5880.727 5 4.3 37.6
0 5880.731 233 4.3 37.6
0 5880.852 8 4.3 37.6
0 5880.941 11 4.3 37.6
0 5881.235 3 4.3 37.6
0 5881.239 251 4.3 37.6
0 5881.362 8 4.3 37.6
0 5881.45 11 4.3 37.6
0 5881.549 10 4.3 37.6
0 5881.651 10 4.3 37.6
0 5881.741 11 4.3 37.6
0 5881.842 10 4.3 37.6
0 5881.963 8 4.3 37.6
0 5882.05 11 4.3 37.6
0 5882.151 10 4.3 37.6
0 5882.255 10 4.3 37.6
0 5882.459 5 4.3 37.6
0 5882.465 150 4.3 37.6
0 5882.573 9 4.3 37.6
0 5882.673 10 4.3 37.6
0 5882.874 5 4.3 37.6
0 5882.877 307 4.3 37.6
0 5883.0 8 4.3 37.6
0 5883.09 11 4.3 37.6
0 5883.189 10 4.3 37.6
0 5883.287 10 4.3 37.6
0 5883.391 10 4.3 37.6
0 5883.488 10 4.3 37.6
0 5883.792 3 4.3 37.6
0 5883.797 245 4.3 37.6
0 5883.91 9 4.3 37.6
0 5884.008 10 4.3 37.6
0 5884.112 10 4.3 37.6
0 5884.301 5 4.3 37.6
0 5884.305 237 4.3 37.6
0 5884.598 3 4.3 37.6
0 5884.602 283 4.3 37.6
0 5884.811 5 4.3 37.6
0 5884.816 197 4.3 37.6
0 5885.105 3 4.3 37.6
0 5885.109 260 4.3 37.6
0 5885.314 5 4.3 37.6
0 5885.32 194 4.3 37.6
0 5885.428 9 4.3 37.6
0 5885.528 10 4.3 37.6
0 5885.744 5 4.3 37.6
0 5885.748 279 4.3 37.6
0 5885.869 8 4.3 37.6
0 5885.958 11 4.3 37.6
0 5886.252 3 4.3 37.6
0 5886.256 257 4.3 37.6
0 5886.378 8 4.3 37.6
0 5886.467 11 4.3 37.6
0 5886.566 10 4.3 37.6
0 5886.668 10 4.3 37.6
0 5886.761 11 4.3 37.6
0 5886.857 10 4.3 37.6
0 5886.98 8 4.3 37.6
0 5887.067 11 4.3 37.6
0 5887.168 10 4.3 37.6
0 5887.26 11 4.3 37.6
0 5887.457 5 4.3 37.6
0 5887.461 239 4.3 37.6
0 5887.581 8 4.3 37.6
0 5887.672 11 4.3 37.6
0 5887.763 11 4.3 37.6
0 5887.975 5 4.3 37.6
0 5887.979 242 4.3 37.6
0 5888.099 8 4.3 37.6
0 5888.189 11 4.3 37.6
0 5888.293 10 4.3 37.6
0 5888.388 11 4.3 37.6
0 5888.491 10 4.3 37.6
0 5888.6 9 4.3 37.6
0 5888.881 4 3.7 37.6
0 5888.885 247 3.7 37.6
0 5888.996 9 3.7 37.6
0 5889.106 9 3.7 37.6
0 5889.196 11 3.7 37.6
0 5889.403 5 3.7 37.6
0 5889.407 253 3.7 37.6
0 5889.7 3 3.7 37.6
0 5889.704 294 3.7 37.6
0 5889.925 5 3.7 37.6
0 5890.013 11 3.7 37.6
0 5890.119 9 3.7 37.6
0 5890.129 100 3.7 37.6
0 5890.325 5 3.7 37.6
0 5890.328 278 3.7 37.6
0 5890.444 9 3.7 37.6
0 5890.542 10 3.7 37.6
0 5890.752 5 3.7 37.6
0 5890.755 302 3.7 37.6
0 5890.868 9 3.7 37.6
0 5890.971 10 3.7 37.6
0 5891.167 5 3.7 37.6
0 5891.259 11 3.7 37.6
0 5891.275 61 3.7 37.6
0 5891.383 9 3.7 37.6
0 5891.483 10 3.7 37.6
0 5891.583 10 3.7 37.6
0 5891.681 10 3.7 37.6
0 5891.777 10 3.7 37.6
0 5891.884 9 3.7 37.6
0 5891.987 10 3.7 37.6
0 5892.086 10 3.7 37.6
0 5892.184 10 3.7 37.6
0 5892.292 9 3.7 37.6
0 5892.49 5 3.7 37.6
0 5892.495 200 3.7 37.6
0 5892.607 9 3.7 37.6
0 5892.705 10 3.7 37.6
0 5892.814 9 3.7 37.6
0 5893.009 5 3.7 37.6
0 5893.013 300 3.7 37.6
0 5893.127 9 3.7 37.6
0 5893.224 10 3.7 37.6
0 5893.333 9 3.7 37.6
0 5893.424 11 3.7 37.6
0 5893.53 9 3.7 37.6
0 5893.626 11 3.7 37.6
0 5893.903 4 3.7 37.6
0 5893.909 173 3.7 37.6
0 5894.017 9 3.7 37.6
0 5894.123 9 3.7 37.6
0 5894.219 10 3.7 37.6
0 5894.425 5 3.7 37.6
0 5894.429 232 3.7 37.6
0 5894.727 3 3.7 37.6
0 5894.732 218 3.7 37.6
0 5894.948 5 3.7 37.6
0 5895.125 6 3.7 37.6
0 5895.128 297 3.7 37.6
0 5895.321 5 3.7 37.6
0 5895.329 124 3.7 37.6
0 5895.44 9 3.7 37.6
0 5895.543 10 3.7 37.6
0 5895.646 10 3.7 37.6
0 5895.831 5 3.7 37.6
0 5895.835 256 3.7 37.6
0 5895.946 9 3.7 37.6
0 5896.048 10 3.7 37.6
0 5896.339 3 3.7 37.6
0 5896.343 249 3.7 37.6
0 5896.445 10 3.7 37.6
0 5896.556 9 3.7 37.6
0 5896.657 10 3.7 37.6
0 5896.744 12 3.7 37.6
0 5896.86 9 3.7 37.6
0 5896.955 11 3.7 37.6
0 5897.057 10 3.7 37.6
0 5897.158 10 3.7 37.6
0 5897.253 11 3.7 37.6
0 5897.359 9 3.7 37.6
0 5897.565 5 3.7 37.6
0 5897.569 240 3.7 37.6
0 5897.684 9 3.7 37.6
0 5897.778 11 3.7 37.6
0 5897.884 9 3.7 37.6
0 5898.086 5 3.7 37.6
0 5898.089 314 3.7 37.6
0 5898.205 9 3.7 37.6
0 5898.299 11 3.7 37.6
0 5898.405 9 3.7 37.6
0 5898.502 10 3.7 37.6
0 5898.607 10 3.7 37.6
0 5898.705 10 3.7 37.6
0 5898.979 4 3.5 37.6
0 5898.984 198 3.5 37.6
0 5899.091 9 3.5 37.6
0 5899.2 9 3.5 37.6
0 5899.298 10 3.5 37.6
0 5899.5 5 3.5 37.6
0 5899.504 258 3.5 37.6
0 5899.784 4 3.5 37.6
0 5899.787 290 3.5 37.6
0 5900.0 5 3.5 37.6
0 5900.167 6 3.5 37.6
0 5900.171 273 3.5 37.6
0 5900.377 5 3.5 37.6
0 5900.381 311 3.5 37.6
0 5900.496 9 3.5 37.6
0 5900.594 10 3.5 37.6
0 5900.696 10 3.5 37.6
0 5900.901 5 3.5 37.6
0 5900.905 234 3.5 37.6
0 5901.017 9 3.5 37.6
0 5901.118 10 3.5 37.6
0 5901.409 3 3.5 37.6
0 5901.413 275 3.5 37.6
0 5901.526 9 3.5 37.6
0 5901.626 10 3.5 37.6
0 5901.724 10 3.5 37.6
0 5901.823 10 3.5 37.6
0 5901.932 9 3.5 37.6
0 5902.028 10 3.5 37.6
0 5902.127 10 3.5 37.6
0 5902.226 10 3.5 37.6
0 5902.323 10 3.5 37.6
0 5902.431 9 3.5 37.6
0 5902.635 5 3.5 37.6
0 5902.639 213 3.5 37.6
0 5902.741 10 3.5 37.6
0 5902.849 9 3.5 37.6
0 5902.95 10 3.5 37.6
0 5903.151 5 3.5 37.6
0 5903.155 279 3.5 37.6
0 5903.267 9 3.5 37.6
0 5903.365 10 3.5 37.6
0 5903.458 11 3.5 37.6
0 5903.566 9 3.5 37.6
0 5903.674 9 3.5 37.6
0 5903.767 11 3.5 37.6
0 5904.05 4 3.5 37.6
0 5904.053 272 3.5 37.6
0 5904.164 9 3.5 37.6
0 5904.266 10 3.5 37.6
0 5904.365 10 3.5 37.6
0 5904.57 5 3.5 37.6
0 5904.573 273 3.5 37.6
0 5904.87 3 3.5 37.6
0 5904.874 258 3.5 37.6
0 5905.078 5 3.5 37.6
0 5905.256 6 3.5 37.6
0 5905.259 325 3.5 37.6
0 5905.476 5 3.5 37.6
0 5905.48 273 3.5 37.6
0 5905.596 9 3.5 37.6
0 5905.691 10 3.5 37.6
0 5905.792 10 3.5 37.6
0 5905.996 5 3.5 37.6
0 5906.001 206 3.5 37.6
0 5906.115 9 3.5 37.6
0 5906.21 10 3.5 37.6
0 5906.482 4 3.5 37.6
0 5906.487 227 3.5 37.6
0 5906.604 9 3.5 37.6
0 5906.702 10 3.5 37.6
0 5906.796 11 3.5 37.6
0 5906.887 11 3.5 37.6
0 5907.002 9 3.5 37.6
0 5907.105 10 3.5 37.6
0 5907.202 10 3.5 37.6
0 5907.297 11 3.5 37.6
0 5907.397 10 3.5 37.6
0 5907.503 9 3.5 37.6
0 5907.709 5 3.5 37.6
0 5907.714 208 3.5 37.6
0 5907.823 9 3.5 37.6
0 5907.918 10 3.5 37.6
0 5908.028 9 3.5 37.6
0 5908.227 5 3.5 37.6
0 5908.231 310 3.5 37.6
0 5908.342 9 3.5 37.6
0 5908.44 10 3.5 37.6
0 5908.546 9 3.5 37.6
0 5908.644 10 3.5 37.6
0 5908.748 10 3.5 37.6
0 5908.843 11 3.5 37.6
0 5909.116 4 3.7 37.6
0 5909.12 220 3.7 37.6
0 5909.232 9 3.7 37.6
0 5909.335 10 3.7 37.6
0 5909.42 12 3.7 37.6
0 5909.63 5 3.7 37.6
0 5909.634 249 3.7 37.6
0 5909.906 4 3.7 37.6
0 5909.911 223 3.7 37.6
0 5910.141 4 3.7 37.6
0 5910.324 5 3.7 37.6
0 5910.328 243 3.7 37.6
0 5910.539 5 3.7 37.6
0 5910.542 330 3.7 37.6
0 5910.655 9 3.7 37.6
0 5910.751 10 3.7 37.6
0 5910.859 9 3.7 37.6
0 5911.062 5 3.7 37.6
0 5911.067 205 3.7 37.6
0 5911.178 9 3.7 37.6
0 5911.275 10 3.7 37.6
0 5911.553 4 3.7 37.6
0 5911.556 297 3.7 37.6
0 5911.676 8 3.7 37.6
0 5911.77 11 3.7 37.6
0 5911.867 10 3.7 37.6
0 5911.974 9 3.7 37.6
0 5912.069 10 3.7 37.6
0 5912.177 9 3.7 37.6
0 5912.267 11 3.7 37.6
0 5912.369 10 3.7 37.6
0 5912.464 11 3.7 37.6
0 5912.574 9 3.7 37.6
0 5912.784 5 3.7 37.6
0 5912.787 272 3.7 37.6
0 5912.894 9 3.7 37.6
0 5912.99 10 3.7 37.6
0 5913.104 9 3.7 37.6
0 5913.307 5 3.7 37.6
0 5913.31 322 3.7 37.6
0 5913.42 9 3.7 37.6
0 5913.521 10 3.7 37.6
0 5913.626 9 3.7 37.6
0 5913.721 11 3.7 37.6
0 5913.83 9 3.7 37.6
0 5913.924 11 3.7 37.6
0 5914.191 4 3.7 37.6
0 5914.196 205 3.7 37.6
0 5914.305 9 3.7 37.6
0 5914.397 11 3.7 37.6
0 5914.508 9 3.7 37.6
0 5914.716 5 3.7 37.6
0 5914.72 248 3.7 37.6
0 5915.019 3 3.7 37.6
0 5915.106 11 3.7 37.6
0 5915.126 51 3.7 37.6
0 5915.403 4 3.7 37.6
0 5915.406 300 3.7 37.6
0 5915.608 5 3.7 37.6
0 5915.612 253 3.7 37.6
0 5915.723 9 3.7 37.6
0 5915.825 10 3.7 37.6
0 5915.925 10 3.7 37.6
0 5916.115 5 3.7 37.6
0 5916.121 179 3.7 37.6
0 5916.231 9 3.7 37.6
0 5916.333 10 3.7 37.6
0 5916.624 3 3.7 37.6
0 5916.629 216 3.7 37.6
0 5916.739 9 3.7 37.6
0 5916.842 10 3.7 37.6
0 5916.938 10 3.7 37.6
0 5917.039 10 3.7 37.6
0 5917.151 9 3.7 37.6
0 5917.241 11 3.7 37.6
0 5917.343 10 3.7 37.6
0 5917.438 10 3.7 37.6
0 5917.541 10 3.7 37.6
0 5917.652 9 3.7 37.6
0 5917.825 6 3.7 37.6
0 5917.829 275 3.7 37.6
0 5917.942 9 3.7 37.6
0 5918.041 10 3.7 37.6
0 5918.149 9 3.7 37.6
0 5918.33 6 3.7 37.6
0 5918.333 329 3.7 37.6
0 5918.447 9 3.7 37.6
0 5918.544 10 3.7 37.6
0 5918.654 9 3.7 37.6
0 5918.746 11 3.7 37.6
0 5918.847 10 3.7 37.6
0 5918.947 10 3.7 37.6
0 5919.233 3 3.8 37.6
0 5919.238 197 3.8 37.6
0 5919.349 9 3.8 37.6
0 5919.448 10 3.8 37.6
0 5919.548 10 3.8 37.6
0 5919.753 5 3.8 37.6
0 5919.758 212 3.8 37.6
0 5920.05 3 3.8 37.6
0 5920.134 12 3.8 37.6
0 5920.156 46 3.8 37.6
0 5920.453 3 3.8 37.6
0 5920.457 229 3.8 37.6
0 5920.669 5 3.8 37.6
0 5920.672 325 3.8 37.6
0 5920.781 9 3.8 37.6
0 5920.884 10 3.8 37.6
0 5920.994 9 3.8 37.6
0 5921.201 5 3.8 37.6
0 5921.205 251 3.8 37.6
0 5921.315 9 3.8 37.6
0 5921.411 10 3.8 37.6
0 5921.705 3 3.8 37.6
0 5921.709 245 3.8 37.6
0 5921.819 9 3.8 37.6
0 5921.919 10 3.8 37.6
0 5922.026 9 3.8 37.6
0 5922.121 10 3.8 37.6
0 5922.228 9 3.8 37.6
0 5922.32 11 3.8 37.6
0 5922.42 10 3.8 37.6
0 5922.51 11 3.8 37.6
0 5922.627 9 3.8 37.6
0 5922.731 10 3.8 37.6
0 5922.927 5 3.8 37.6
0 5922.93 276 3.8 37.6
0 5923.04 9 3.8 37.6
0 5923.148 9 3.8 37.6
0 5923.332 5 3.8 37.6
0 5923.335 303 3.8 37.6
0 5923.445 9 3.8 37.6
0 5923.546 10 3.8 37.6
0 5923.653 9 3.8 37.6
0 5923.746 11 3.8 37.6
0 5923.855 9 3.8 37.6
0 5923.943 11 3.8 37.6
0 5924.238 3 3.8 37.6
0 5924.244 191 3.8 37.6
0 5924.36 9 3.8 37.6
0 5924.452 11 3.8 37.6
0 5924.553 10 3.8 37.6
0 5924.751 5 3.8 37.6
0 5924.756 198 3.8 37.6
0 5924.874 8 3.8 37.6
0 5925.25 3 3.8 37.6
0 5925.253 257 3.8 37.6
0 5925.559 3 3.8 37.6
0 5925.646 11 3.8 37.6
0 5925.665 54 3.8 37.6
0 5925.768 10 3.8 37.6
0 5925.88 9 3.8 37.6
0 5925.967 11 3.8 37.6
0 5926.083 9 3.8 37.6
0 5926.278 5 3.8 37.6
0 5926.282 250 3.8 37.6
0 5926.391 9 3.8 37.6
0 5926.491 10 3.8 37.6
0 5926.752 4 3.8 37.6
0 5926.755 319 3.8 37.6
0 5926.868 9 3.8 37.6
0 5926.971 10 3.8 37.6
0 5927.066 10 3.8 37.6
0 5927.17 10 3.8 37.6
0 5927.272 10 3.8 37.6
0 5927.369 10 3.8 37.6
0 5927.472 10 3.8 37.6
0 5927.565 11 3.8 37.6
0 5927.665 10 3.8 37.6
0 5927.774 9 3.8 37.6
0 5927.978 5 3.8 37.6
0 5927.983 199 3.8 37.6
0 5928.091 9 3.8 37.6
0 5928.191 10 3.8 37.6
0 5928.398 5 3.8 37.6
0 5928.401 322 3.8 37.6
0 5928.518 9 3.8 37.6
0 5928.602 12 3.8 37.6
0 5928.712 9 3.8 37.6
0 5928.812 10 3.8 37.6
0 5928.918 9 3.8 37.6
0 5929.014 10 3.8 37.6
0 5929.274 4 3.7 37.6
0 5929.278 305 3.7 37.6
0 5929.386 9 3.7 37.6
0 5929.497 9 3.7 37.6
0 5929.59 11 3.7 37.6
0 5929.79 5 3.7 37.6
0 5929.794 324 3.7 37.6
0 5929.905 9 3.7 37.6
0 5930.279 3 3.7 37.6
0 5930.284 216 3.7 37.6
0 5930.585 3 3.7 37.6
0 5930.675 11 3.7 37.6
0 5930.69 69 3.7 37.6
0 5930.807 9 3.7 37.6
0 5930.898 11 3.7 37.6
0 5930.997 10 3.7 37.6
0 5931.099 10 3.7 37.6
0 5931.311 5 3.7 37.6
0 5931.316 191 3.7 37.6
0 5931.424 9 3.7 37.6
0 5931.524 10 3.7 37.6
0 5931.794 4 3.7 37.6
0 5931.798 231 3.7 37.6
0 5931.909 9 3.7 37.6
0 5932.007 10 3.7 37.6
0 5932.108 10 3.7 37.6
0 5932.208 10 3.7 37.6
0 5932.314 9 3.7 37.6
0 5932.399 12 3.7 37.6
0 5932.516 9 3.7 37.6
0 5932.609 11 3.7 37.6
0 5932.708 10 3.7 37.6
0 5932.815 9 3.7 37.6
0 5933.0 5 3.7 37.6
0 5933.005 210 3.7 37.6
0 5933.119 9 3.7 37.6
0 5933.214 11 3.7 37.6
0 5933.412 5 3.7 37.6
0 5933.415 332 3.7 37.6
0 5933.529 9 3.7 37.6
0 5933.631 10 3.7 37.6
0 5933.725 11 3.7 37.6
0 5933.826 10 3.7 37.6
0 5933.933 9 3.7 37.6
0 5934.031 10 3.7 37.6
0 5934.291 4 3.7 37.6
0 5934.294 307 3.7 37.6
0 5934.394 10 3.7 37.6
0 5934.511 9 3.7 37.6
0 5934.608 10 3.7 37.6
0 5934.788 6 3.7 37.6
0 5934.795 154 3.7 37.6
0 5934.896 10 3.7 37.6
0 5934.995 10 3.7 37.6
0 5935.371 3 3.7 37.6
0 5935.375 283 3.7 37.6
0 5935.673 3 3.7 37.6
0 5935.763 11 3.7 37.6
0 5935.78 59 3.7 37.6
0 5935.891 9 3.7 37.6
0 5935.987 10 3.7 37.6
0 5936.087 10 3.7 37.6
0 5936.189 10 3.7 37.6
0 5936.393 5 3.7 37.6
0 5936.396 265 3.7 37.6
0 5936.497 10 3.7 37.6
0 5936.602 10 3.7 37.6
0 5936.901 3 3.7 37.6
0 5936.906 188 3.7 37.6
0 5937.014 9 3.7 37.6
0 5937.111 10 3.7 37.6
0 5937.216 10 3.7 37.6
0 5937.314 10 3.7 37.6
0 5937.429 9 3.7 37.6
0 5937.505 13 3.7 37.6
0 5937.612 9 3.7 37.6
0 5937.716 10 3.7 37.6
0 5937.815 10 3.7 37.6
0 5938.036 5 3.7 37.6
0 5938.04 289 3.7 37.6
0 5938.152 9 3.7 37.6
0 5938.25 10 3.7 37.6
0 5938.456 5 3.7 37.6
0 5938.459 284 3.7 37.6
0 5938.569 9 3.7 37.6
0 5938.665 10 3.7 37.6
0 5938.761 10 3.7 37.6
0 5938.87 9 3.7 37.6
0 5938.984 9 3.7 37.6
0 5939.069 12 3.7 37.6
0 5939.365 3 3.5 37.6
0 5939.369 247 3.5 37.6
0 5939.493 8 3.5 37.6
0 5939.579 12 3.5 37.6
0 5939.679 10 3.5 37.6
0 5939.885 5 3.5 37.6
0 5939.888 264 3.5 37.6
0 5940.009 8 3.5 37.6
0 5940.098 11 3.5 37.6
0 5940.456 3 3.5 37.6
0 5940.46 239 3.5 37.6
0 5940.76 3 3.5 37.6
0 5940.844 12 3.5 37.6
0 5940.867 42 3.5 37.6
0 5940.976 9 3.5 37.6
0 5941.076 10 3.5 37.6
0 5941.174 10 3.5 37.6
0 5941.285 9 3.5 37.6
0 5941.466 6 3.5 37.6
0 5941.471 241 3.5 37.6
0 5941.583 9 3.5 37.6
0 5941.68 10 3.5 37.6
0 5941.975 3 3.5 37.6
0 5941.979 259 3.5 37.6
0 5942.093 9 3.5 37.6
0 5942.189 10 3.5 37.6
0 5942.293 10 3.5 37.6
0 5942.391 10 3.5 37.6
0 5942.497 9 3.5 37.6
0 5942.588 11 3.5 37.6
0 5942.694 9 3.5 37.6
0 5942.795 10 3.5 37.6
0 5942.892 10 3.5 37.6
0 5943.102 5 3.5 37.6
0 5943.106 254 3.5 37.6
0 5943.213 9 3.5 37.6
0 5943.322 9 3.5 37.6
0 5943.505 5 3.5 37.6
0 5943.508 277 3.5 37.6
0 5943.62 9 3.5 37.6
0 5943.721 10 3.5 37.6
0 5943.824 10 3.5 37.6
0 5943.92 10 3.5 37.6
0 5944.027 9 3.5 37.6
0 5944.12 11 3.5 37.6
0 5944.4 4 3.5 37.6
0 5944.404 228 3.5 37.6
0 5944.514 9 3.5 37.6
0 5944.621 9 3.5 37.6
0 5944.715 11 3.5 37.6
0 5944.918 5 3.5 37.6
0 5944.923 238 3.5 37.6
0 5945.032 9 3.5 37.6
0 5945.14 9 3.5 37.6
0 5945.496 3 3.5 37.6
0 5945.5 218 3.5 37.6
0 5945.796 3 3.5 37.6
0 5945.879 12 3.5 37.6
0 5945.904 41 3.5 37.6
0 5946.015 9 3.5 37.6
0 5946.11 11 3.5 37.6
0 5946.21 10 3.5 37.6
0 5946.319 9 3.5 37.6
0 5946.516 5 3.5 37.6
0 5946.521 217 3.5 37.6
0 5946.628 9 3.5 37.6
0 5946.731 10 3.5 37.6
0 5947.01 4 3.5 37.6
0 5947.014 239 3.5 37.6
0 5947.129 9 3.5 37.6
0 5947.224 11 3.5 37.6
0 5947.325 10 3.5 37.6
0 5947.427 10 3.5 37.6
0 5947.535 9 3.5 37.6
0 5947.63 11 3.5 37.6
0 5947.722 11 3.5 37.6
0 5947.826 10 3.5 37.6
0 5947.928 10 3.5 37.6
0 5948.129 5 3.5 37.6
0 5948.134 214 3.5 37.6
0 5948.243 9 3.5 37.6
0 5948.343 10 3.5 37.6
0 5948.551 5 3.5 37.6
0 5948.554 294 3.5 37.6
0 5948.669 9 3.5 37.6
0 5948.762 11 3.5 37.6
0 5948.865 10 3.5 37.6
0 5948.968 10 3.5 37.6
0 5949.075 9 3.5 37.6
0 5949.17 10 3.5 37.6
0 5949.444 4 3.8 37.6
0 5949.447 306 3.8 37.6
0 5949.56 9 3.8 37.6
0 5949.667 9 3.8 37.6
0 5949.756 11 3.8 37.6
0 5949.964 5 3.8 37.6
0 5949.967 321 3.8 37.6
0 5950.078 9 3.8 37.6
0 5950.177 10 3.8 37.6
0 5950.536 3 3.8 37.6
0 5950.539 309 3.8 37.6
0 5950.833 3 3.8 37.6
0 5950.92 11 3.8 37.6
0 5950.938 54 3.8 37.6
0 5951.037 10 3.8 37.6
0 5951.147 9 3.8 37.6
0 5951.24 11 3.8 37.6
0 5951.355 9 3.8 37.6
0 5951.549 5 3.8 37.6
0 5951.553 300 3.8 37.6
0 5951.659 9 3.8 37.6
0 5951.757 10 3.8 37.6
0 5952.049 3 3.8 37.6
0 5952.054 215 3.8 37.6
0 5952.164 9 3.8 37.6
0 5952.262 10 3.8 37.6
0 5952.368 9 3.8 37.6
0 5952.464 10 3.8 37.6
0 5952.572 9 3.8 37.6
0 5952.664 11 3.8 37.6
0 5952.757 11 3.8 37.6
0 5952.866 9 3.8 37.6
0 5952.964 10 3.8 37.6
0 5953.17 5 3.8 37.6
0 5953.173 294 3.8 37.6
0 5953.283 9 3.8 37.6
0 5953.387 10 3.8 37.6
0 5953.588 5 3.8 37.6
0 5953.591 311 3.8 37.6
0 5953.703 9 3.8 37.6
0 5953.802 10 3.8 37.6
0 5953.907 9 3.8 37.6
0 5954.003 10 3.8 37.6
0 5954.113 9 3.8 37.6
0 5954.203 11 3.8 37.6
0 5954.489 3 3.8 37.6
0 5954.493 223 3.8 37.6
0 5954.613 8 3.8 37.6
0 5954.704 11 3.8 37.6
0 5954.803 10 3.8 37.6
0 5955.01 5 3.8 37.6
0 5955.014 232 3.8 37.6
0 5955.136 8 3.8 37.6
0 5955.225 11 3.8 37.6
0 5955.592 3 3.8 37.6
0 5955.597 225 3.8 37.6
0 5955.893 3 3.8 37.6
0 5955.976 12 3.8 37.6
0 5955.999 44 3.8 37.6
0 5956.111 9 3.8 37.6
0 5956.209 10 3.8 37.6
0 5956.308 10 3.8 37.6
0 5956.417 9 3.8 37.6
0 5956.611 5 3.8 37.6
0 5956.616 215 3.8 37.6
0 5956.726 9 3.8 37.6
0 5956.825 10 3.8 37.6
0 5957.094 4 3.8 37.6
0 5957.098 312 3.8 37.6
0 5957.21 9 3.8 37.6
0 5957.305 10 3.8 37.6
0 5957.409 10 3.8 37.6
0 5957.513 10 3.8 37.6
0 5957.615 10 3.8 37.6
0 5957.712 10 3.8 37.6
0 5957.811 10 3.8 37.6
0 5957.909 10 3.8 37.6
0 5958.015 9 3.8 37.6
0 5958.223 5 3.8 37.6
0 5958.227 218 3.8 37.6
0 5958.337 9 3.8 37.6
0 5958.437 10 3.8 37.6
0 5958.635 5 3.8 37.6
0 5958.638 316 3.8 37.6
0 5958.753 9 3.8 37.6
0 5958.851 10 3.8 37.6
0 5958.949 10 3.8 37.6
0 5959.05 10 3.8 37.6
0 5959.16 9 3.8 37.6
0 5959.247 11 3.8 37.6
0 5959.545 3 3.7 37.6
0 5959.549 268 3.7 37.6
0 5959.668 8 3.7 37.6
0 5959.758 11 3.7 37.6
0 5959.86 10 3.7 37.6
0 5960.178 3 3.7 37.6
0 5960.182 222 3.7 37.6
0 5960.294 9 3.7 37.6
0 5960.66 3 3.7 37.6
0 5960.664 292 3.7 37.6
0 5960.96 3 3.7 37.6
0 5961.044 12 3.7 37.6
0 5961.067 43 3.7 37.6
0 5961.174 9 3.7 37.6
0 5961.264 11 3.7 37.6
0 5961.376 9 3.7 37.6
0 5961.486 9 3.7 37.6
0 5961.681 5 3.7 37.6
0 5961.685 306 3.7 37.6
0 5961.796 9 3.7 37.6
0 5961.897 10 3.7 37.6
0 5962.19 3 3.7 37.6
0 5962.194 322 3.7 37.6
0 5962.304 9 3.7 37.6
0 5962.405 10 3.7 37.6
0 5962.513 9 3.7 37.6
0 5962.606 11 3.7 37.6
0 5962.712 9 3.7 37.6
0 5962.807 11 3.7 37.6
0 5962.907 10 3.7 37.6
0 5963.014 9 3.7 37.6
0 5963.106 11 3.7 37.6
0 5963.316 5 3.7 37.6
0 5963.32 214 3.7 37.6
0 5963.43 9 3.7 37.6
0 5963.538 9 3.7 37.6
0 5963.728 5 3.7 37.6
0 5963.731 312 3.7 37.6
0 5963.845 9 3.7 37.6
0 5963.943 10 3.7 37.6
0 5964.051 9 3.7 37.6
0 5964.142 11 3.7 37.6
0 5964.262 8 3.7 37.6
0 5964.363 10 3.7 37.6
0 5964.562 5 3.7 37.6
0 5964.576 68 3.7 37.6
0 5964.7 8 3.7 37.6
0 5964.776 13 3.7 37.6
0 5964.908 8 3.7 37.6
0 5965.085 6 3.7 37.6
0 5965.1 66 3.7 37.6
0 5965.216 9 3.7 37.6
0 5965.319 10 3.7 37.6
0 5965.685 3 3.7 37.6
0 5965.701 64 3.7 37.6
0 5965.975 4 3.7 37.6
0 5966.07 11 3.7 37.6
0 5966.089 53 3.7 37.6
0 5966.221 8 3.7 37.6
0 5966.315 11 3.7 37.6
0 5966.422 9 3.7 37.6
0 5966.517 10 3.7 37.6
0 5966.699 5 3.7 37.6
0 5966.713 74 3.7 37.6
0 5966.848 7 3.7 37.6
0 5966.945 10 3.7 37.6
0 5967.211 4 3.7 37.6
0 5967.226 68 3.7 37.6
0 5967.363 7 3.7 37.6
0 5967.457 11 3.7 37.6
0 5967.557 10 3.7 37.6
0 5967.633 13 3.7 37.6
0 5967.756 8 3.7 37.6
0 5967.864 9 3.7 37.6
0 5967.958 11 3.7 37.6
0 5968.059 10 3.7 37.6
0 5968.139 13 3.7 37.6
0 5968.346 5 3.7 37.6
0 5968.364 57 3.7 37.6
0 5968.486 8 3.7 37.6
0 5968.592 9 3.7 37.6
0 5968.774 5 3.7 37.6
0 5968.787 81 3.7 37.6
0 5968.92 7 3.7 37.6
0 5969.019 10 3.7 37.6
0 5969.118 10 3.7 37.6
0 5969.22 10 3.7 37.6
0 5969.32 10 3.7 37.6
0 5969.422 10 3.7 37.6
0 5969.609 5 4.1 37.6
0 5969.622 76 4.1 37.6
0 5969.756 7 4.1 37.6
0 5969.853 10 4.1 37.6
0 5969.958 10 4.1 37.6
0 5970.147 5 4.1 37.6
0 5970.16 76 4.1 37.6
0 5970.276 9 4.1 37.6
0 5970.395 8 4.1 37.6
0 5970.746 3 4.1 37.6
0 5970.761 70 4.1 37.6
0 5971.048 3 4.1 37.6
0 5971.144 10 4.1 37.6
0 5971.162 57 4.1 37.6
0 5971.284 8 4.1 37.6
0 5971.391 9 4.1 37.6
0 5971.493 10 4.1 37.6
0 5971.597 10 4.1 37.6
0 5971.778 6 4.1 37.6
0 5971.792 70 4.1 37.6
0 5971.909 9 4.1 37.6
0 5972.023 9 4.1 37.6
0 5972.292 4 4.1 37.6
0 5972.307 66 4.1 37.6
0 5972.429 8 4.1 37.6
0 5972.539 9 4.1 37.6
0 5972.638 10 4.1 37.6
0 5972.728 11 4.1 37.6
0 5972.847 8 4.1 37.6
0 5972.935 11 4.1 37.6
0 5973.04 9 4.1 37.6
0 5973.14 10 4.1 37.6
0 5973.241 10 4.1 37.6
0 5973.399 6 4.1 37.6
0 5973.415 63 4.1 37.6
0 5973.544 8 4.1 37.6
0 5973.639 11 4.1 37.6
0 5973.815 6 4.1 37.6
0 5973.828 77 4.1 37.6
0 5973.969 7 4.1 37.6
0 5974.137 6 4.1 37.6
0 5974.141 249 4.1 37.6
0 5974.251 9 4.1 37.6
0 5974.353 10 4.1 37.6
0 5974.462 9 4.1 37.6
0 5974.65 5 4.1 37.6
0 5974.664 73 4.1 37.6
0 5974.777 9 4.1 37.6
0 5974.896 8 4.1 37.6
0 5975.001 9 4.1 37.6
0 5975.162 6 4.1 37.6
0 5975.175 76 4.1 37.6
0 5975.278 10 4.1 37.6
0 5975.405 8 4.1 37.6
0 5975.754 3 4.1 37.6
0 5975.768 70 4.1 37.6
0 5975.96 5 4.1 37.6
0 5976.056 10 4.1 37.6
0 5976.159 10 4.1 37.6
0 5976.174 68 4.1 37.6
0 5976.281 9 4.1 37.6
0 5976.405 8 4.1 37.6
0 5976.503 10 4.1 37.6
0 5976.605 10 4.1 37.6
0 5976.795 5 4.1 37.6
0 5976.809 73 4.1 37.6
0 5976.926 9 4.1 37.6
0 5977.039 9 4.1 37.6
0 5977.212 6 4.1 37.6
0 5977.227 67 4.1 37.6
0 5977.355 8 4.1 37.6
0 5977.454 10 4.1 37.6
0 5977.558 10 4.1 37.6
0 5977.648 11 4.1 37.6
0 5977.754 9 4.1 37.6
0 5977.861 9 4.1 37.6
0 5977.957 10 4.1 37.6
0 5978.059 10 4.1 37.6
0 5978.133 14 4.1 37.6
0 5978.253 8 4.1 37.6
0 5978.434 6 4.1 37.6
0 5978.453 55 4.1 37.6
0 5978.573 8 4.1 37.6
0 5978.679 9 4.1 37.6
0 5978.856 6 4.1 37.6
0 5978.87 71 4.1 37.6
0 5979.001 8 4.1 37.6
0 5979.195 5 4.1 37.6
0 5979.208 77 4.1 37.6
0 5979.339 8 4.1 37.6
0 5979.444 10 4.1 37.6
0 5979.542 10 4.1 37.6
0 5979.724 5 4.6 37.6
0 5979.738 71 4.6 37.6
0 5979.842 10 4.6 37.6
0 5979.94 10 4.6 37.6
0 5980.065 8 4.6 37.6
0 5980.246 6 4.6 37.6
0 5980.259 78 4.6 37.6
0 5980.389 8 4.6 37.6
0 5980.496 9 4.6 37.6
0 5980.84 3 4.6 37.6
0 5980.854 74 4.6 37.6
0 5981.145 3 4.6 37.6
0 5981.244 10 4.6 37.6
0 5981.259 63 4.6 37.6
0 5981.39 8 4.6 37.6
0 5981.488 10 4.6 37.6
0 5981.589 10 4.6 37.6
0 5981.688 10 4.6 37.6
0 5981.887 5 4.6 37.6
0 5981.911 42 4.6 37.6
0 5982.056 7 4.6 37.6
0 5982.233 6 4.6 37.6
0 5982.257 41 4.6 37.6
0 5982.373 9 4.6 37.6
0 5982.501 8 4.6 37.6
0 5982.599 10 4.6 37.6
0 5982.674 13 4.6 37.6
0 5982.783 9 4.6 37.6
0 5982.889 9 4.6 37.6
0 5982.992 10 4.6 37.6
0 5983.1 9 4.6 37.6
0 5983.182 12 4.6 37.6
0 5983.275 11 4.6 37.6
0 5983.502 4 4.6 37.6
0 5983.525 43 4.6 37.6
0 5983.636 9 4.6 37.6
0 5983.747 9 4.6 37.6
0 5983.934 5 4.6 37.6
0 5983.959 39 4.6 37.6
0 5984.102 7 4.6 37.6
0 5984.286 5 4.6 37.6
0 5984.309 43 4.6 37.6
0 5984.442 8 4.6 37.6
0 5984.559 9 4.6 37.6
0 5984.645 12 4.6 37.6
0 5984.827 5 4.6 37.6
0 5984.85 43 4.6 37.6
0 5984.992 7 4.6 37.6
0 5985.099 9 4.6 37.6
0 5985.193 11 4.6 37.6
0 5985.274 12 4.6 37.6
0 5985.384 9 4.6 37.6
0 5985.48 10 4.6 37.6
0 5985.584 10 4.6 37.6
0 5985.931 3 4.6 37.6
0 5985.955 41 4.6 37.6
0 5986.251 3 4.6 37.6
0 5986.358 9 4.6 37.6
0 5986.382 42 4.6 37.6
0 5986.512 8 4.6 37.6
0 5986.619 9 4.6 37.6
0 5986.723 10 4.6 37.6
0 5986.88 6 4.6 37.6
0 5986.903 44 4.6 37.6
0 5987.007 10 4.6 37.6
0 5987.148 7 4.6 37.6
0 5987.329 6 4.6 37.6
0 5987.354 40 4.6 37.6
0 5987.453 10 4.6 37.6
0 5987.58 8 4.6 37.6
0 5987.689 9 4.6 37.6
0 5987.784 11 4.6 37.6
0 5987.893 9 4.6 37.6
0 5987.989 10 4.6 37.6
0 5988.154 6 4.6 37.6
0 5988.169 64 4.6 37.6
0 5988.281 9 4.6 37.6
0 5988.392 9 4.6 37.6
0 5988.583 5 4.6 37.6
0 5988.598 70 4.6 37.6
0 5988.726 8 4.6 37.6
0 5988.818 11 4.6 37.6
0 5988.94 8 4.6 37.6
0 5989.039 10 4.6 37.6
0 5989.151 9 4.6 37.6
0 5989.325 6 4.6 37.6
0 5989.348 43 4.6 37.6
0 5989.475 8 4.6 37.6
0 5989.578 10 4.6 37.6
0 5989.692 9 4.6 37.6
0 5989.858 6 5.0 37.6
0 5989.881 44 5.0 37.6
0 5990.025 7 5.0 37.6
0 5990.124 10 5.0 37.6
0 5990.204 13 5.0 37.6
0 5990.311 9 5.0 37.6
0 5990.422 9 5.0 37.6
0 5990.514 11 5.0 37.6
0 5990.601 12 5.0 37.6
0 5990.963 3 5.0 37.6
0 5990.985 45 5.0 37.6
0 5991.259 4 5.0 37.6
0 5991.364 10 5.0 37.6
0 5991.388 42 5.0 37.6
0 5991.511 8 5.0 37.6
0 5991.621 9 5.0 37.6
0 5991.707 12 5.0 37.6
0 5991.79 12 5.0 37.6
0 5992.0 5 5.0 37.6
0 5992.023 43 5.0 37.6
0 5992.151 8 5.0 37.6
0 5992.334 5 5.0 37.6
0 5992.358 43 5.0 37.6
0 5992.491 7 5.0 37.6
0 5992.576 12 5.0 37.6
0 5992.685 9 5.0 37.6
0 5992.758 14 5.0 37.6
0 5992.886 8 5.0 37.6
0 5993.056 6 5.0 37.6
0 5993.157 10 5.0 37.6
0 5993.172 68 5.0 37.6
0 5993.356 5 5.0 37.6
0 5993.361 221 5.0 37.6
0 5993.472 9 5.0 37.6
0 5993.668 5 5.0 37.6
0 5993.674 176 5.0 37.6
0 5993.774 10 5.0 37.6
0 5993.88 9 5.0 37.6
0 5993.985 10 5.0 37.6
0 5994.086 10 5.0 37.6
0 5994.191 9 5.0 37.6
0 5994.367 6 5.0 37.6
0 5994.372 176 5.0 37.6
0 5994.487 9 5.0 37.6
0 5994.587 10 5.0 37.6
0 5994.693 9 5.0 37.6
0 5994.866 6 5.0 37.6
0 5994.873 140 5.0 37.6
0 5994.986 9 5.0 37.6
0 5995.089 10 5.0 37.6
0 5995.193 10 5.0 37.6
0 5995.275 12 5.0 37.6
0 5995.382 9 5.0 37.6
0 5995.488 9 5.0 37.6
0 5995.579 11 5.0 37.6
0 5995.791 5 5.0 37.6
0 5995.794 306 5.0 37.6
0 5996.078 4 5.0 37.6
0 5996.083 217 5.0 37.6
0 5996.38 3 5.0 37.6
0 5996.466 12 5.0 37.6
0 5996.486 51 5.0 37.6
0 5996.599 9 5.0 37.6
0 5996.694 10 5.0 37.6
0 5996.793 10 5.0 37.6
0 5996.904 9 5.0 37.6
0 5997.086 6 5.0 37.6
0 5997.09 260 5.0 37.6
0 5997.203 9 5.0 37.6
0 5997.4 5 5.0 37.6
0 5997.405 198 5.0 37.6
0 5997.516 9 5.0 37.6
0 5997.616 10 5.0 37.6
0 5997.718 10 5.0 37.6
0 5997.814 10 5.0 37.6
0 5997.927 9 5.0 37.6
0 5998.125 5 5.0 37.6
0 5998.212 11 5.0 37.6
0 5998.231 55 5.0 37.6
0 5998.445 5 5.0 37.6
0 5998.448 291 5.0 37.6
0 5998.56 9 5.0 37.6
0 5998.77 5 5.0 37.6
0 5998.774 237 5.0 37.6
0 5998.883 9 5.0 37.6
0 5998.995 9 5.0 37.6
0 5999.086 11 5.0 37.6
0 5999.187 10 5.0 37.6
0 5999.362 6 5.0 37.6
0 5999.374 85 5.0 37.6
0 5999.486 9 5.0 37.6
0 5999.591 10 5.0 37.6
0 5999.684 11 5.0 37.6
0 5999.87 5 4.4 37.6
0 5999.874 227 4.4 37.6
0 5999.992 9 4.4 37.6
0 6000.092 10 4.4 37.6
0 6000.185 11 4.4 37.6
0 6000.282 10 4.4 37.6
0 6000.387 9 4.4 37.6
0 6000.492 10 4.4 37.6
0 6000.616 8 4.4 37.6
0 6000.792 6 4.4 37.6
0 6000.806 75 4.4 37.6
0 6001.127 3 4.4 37.6
0 6001.142 63 4.4 37.6
0 6001.439 3 4.4 37.6
0 6001.549 9 4.4 37.6
0 6001.562 77 4.4 37.6
0 6001.697 7 4.4 37.6
0 6001.78 12 4.4 37.6
0 6001.892 9 4.4 37.6
0 6001.993 10 4.4 37.6
0 6002.181 5 4.4 37.6
0 6002.197 60 4.4 37.6
0 6002.414 5 4.4 37.6
0 6002.427 77 4.4 37.6
0 6002.56 8 4.4 37.6
0 6002.658 10 4.4 37.6
0 6002.76 10 4.4 37.6
0 6002.857 10 4.4 37.6
0 6002.96 10 4.4 37.6
0 6003.13 6 4.4 37.6
0 6003.143 78 4.4 37.6
0 6003.279 7 4.4 37.6
0 6003.458 6 4.4 37.6
0 6003.471 79 4.4 37.6
0 6003.6 8 4.4 37.6
0 6003.805 5 4.4 37.6
0 6003.821 61 4.4 37.6
0 6003.936 9 4.4 37.6
0 6004.037 10 4.4 37.6
0 6004.149 9 4.4 37.6
0 6004.248 10 4.4 37.6
0 6004.422 6 4.4 37.6
0 6004.436 75 4.4 37.6
0 6004.54 10 4.4 37.6
0 6004.669 8 4.4 37.6
0 6004.759 11 4.4 37.6
0 6004.952 5 4.4 37.6
0 6004.964 79 4.4 37.6
0 6005.067 10 4.4 37.6
0 6005.2 8 4.4 37.6
0 6005.281 12 4.4 37.6
0 6005.394 9 4.4 37.6
0 6005.499 10 4.4 37.6
0 6005.592 11 4.4 37.6
0 6005.7 9 4.4 37.6
0 6005.861 6 4.4 37.6
0 6005.875 73 4.4 37.6
0 6006.191 3 4.4 37.6
0 6006.206 68 4.4 37.6
0 6006.498 3 4.4 37.6
0 6006.606 9 4.4 37.6
0 6006.619 80 4.4 37.6
0 6006.755 7 4.4 37.6
0 6006.843 11 4.4 37.6
0 6006.95 9 4.4 37.6
0 6007.022 14 4.4 37.6
0 6007.24 5 4.4 37.6
0 6007.255 65 4.4 37.6
0 6007.445 5 4.4 37.6
0 6007.459 74 4.4 37.6
0 6007.58 8 4.4 37.6
0 6007.69 9 4.4 37.6
0 6007.781 11 4.4 37.6
0 6007.888 9 4.4 37.6
0 6007.99 10 4.4 37.6
0 6008.168 6 4.4 37.6
0 6008.182 72 4.4 37.6
0 6008.291 9 4.4 37.6
0 6008.484 5 4.4 37.6
0 6008.497 79 4.4 37.6
0 6008.625 8 4.4 37.6
0 6008.815 5 4.4 37.6
0 6008.832 59 4.4 37.6
0 6008.955 8 4.4 37.6
0 6009.058 10 4.4 37.6
0 6009.159 10 4.4 37.6
0 6009.26 10 4.4 37.6
0 6009.451 5 4.4 37.6
0 6009.464 75 4.4 37.6
0 6009.588 8 4.4 37.6
0 6009.695 9 4.4 37.6
0 6009.782 11 4.4 37.6
0 6009.98 5 4.5 37.6
0 6009.994 74 4.5 37.6
0 6010.122 8 4.5 37.6
0 6010.225 10 4.5 37.6
0 6010.301 13 4.5 37.6
0 6010.419 8 4.5 37.6
0 6010.53 9 4.5 37.6
0 6010.624 11 4.5 37.6
0 6010.726 10 4.5 37.6
0 6010.883 6 4.5 37.6
0 6010.896 74 4.5 37.6
0 6011.217 3 4.5 37.6
0 6011.231 71 4.5 37.6
0 6011.501 4 4.5 37.6
0 6011.601 10 4.5 37.6
0 6011.614 75 4.5 37.6
0 6011.748 7 4.5 37.6
0 6011.84 11 4.5 37.6
0 6011.944 10 4.5 37.6
0 6012.026 12 4.5 37.6
0 6012.147 8 4.5 37.6
0 6012.345 5 4.5 37.6
0 6012.36 67 4.5 37.6
0 6012.582 4 4.5 37.6
0 6012.596 70 4.5 37.6
0 6012.731 7 4.5 37.6
0 6012.797 15 4.5 37.6
0 6013.003 5 4.5 37.6
0 6013.006 298 4.5 37.6
0 6013.219 5 4.5 37.6
0 6013.224 238 4.5 37.6
0 6013.337 9 4.5 37.6
0 6013.541 5 4.5 37.6
0 6013.544 314 4.5 37.6
0 6013.657 9 4.5 37.6
0 6013.855 5 4.5 37.6
0 6013.859 231 4.5 37.6
0 6013.97 9 4.5 37.6
0 6014.075 10 4.5 37.6
0 6014.17 11 4.5 37.6
0 6014.273 10 4.5 37.6
0 6014.475 5 4.5 37.6
0 6014.479 269 4.5 37.6
0 6014.595 9 4.5 37.6
0 6014.693 10 4.5 37.6
0 6014.783 11 4.5 37.6
0 6014.983 5 4.5 37.6
0 6014.987 280 4.5 37.6
0 6015.103 9 4.5 37.6
0 6015.201 10 4.5 37.6
0 6015.301 10 4.5 37.6
0 6015.393 11 4.5 37.6
0 6015.502 9 4.5 37.6
0 6015.605 10 4.5 37.6
0 6015.7 10 4.5 37.6
0 6015.896 5 4.5 37.6
0 6015.899 309 4.5 37.6
0 6016.014 9 4.5 37.6
0 6016.283 4 4.5 37.6
0 6016.287 238 4.5 37.6
0 6016.565 4 4.5 37.6
0 6016.657 11 4.5 37.6
0 6016.671 74 4.5 37.6
0 6016.776 10 4.5 37.6
0 6016.885 9 4.5 37.6
0 6016.98 11 4.5 37.6
0 6017.086 9 4.5 37.6
0 6017.182 10 4.5 37.6
0 6017.365 5 4.5 37.6
0 6017.37 200 4.5 37.6
0 6017.485 9 4.5 37.6
0 6017.687 5 4.5 37.6
0 6017.691 258 4.5 37.6
0 6017.801 9 4.5 37.6
0 6018.004 5 4.5 37.6
0 6018.008 255 4.5 37.6
0 6018.211 5 4.5 37.6
0 6018.216 238 4.5 37.6
0 6018.322 9 4.5 37.6
0 6018.425 10 4.5 37.6
0 6018.631 5 4.5 37.6
0 6018.635 279 4.5 37.6
0 6018.751 9 4.5 37.6
0 6018.957 5 4.5 37.6
0 6018.96 282 4.5 37.6
0 6019.069 9 4.5 37.6
0 6019.179 9 4.5 37.6
0 6019.275 10 4.5 37.6
0 6019.474 5 4.5 37.6
0 6019.478 292 4.5 37.6
0 6019.59 9 4.5 37.6
0 6019.697 9 4.5 37.6
0 6019.786 11 4.5 37.6
0 6019.997 5 4.0 37.6
0 6020.0 317 4.0 37.6
0 6020.113 9 4.0 37.6
0 6020.22 9 4.0 37.6
0 6020.315 10 4.0 37.6
0 6020.402 12 4.0 37.6
0 6020.514 9 4.0 37.6
0 6020.613 10 4.0 37.6
0 6020.712 10 4.0 37.6
0 6020.924 5 4.0 37.6
0 6020.927 302 4.0 37.6
0 6021.039 9 4.0 37.6
0 6021.32 4 4.0 37.6
0 6021.323 277 4.0 37.6
0 6021.62 3 4.0 37.6
0 6021.707 11 4.0 37.6
0 6021.727 51 4.0 37.6
0 6021.836 9 4.0 37.6
0 6021.936 10 4.0 37.6
0 6022.029 11 4.0 37.6
0 6022.147 8 4.0 37.6
0 6022.237 11 4.0 37.6
0 6022.441 5 4.0 37.6
0 6022.445 258 4.0 37.6
0 6022.555 9 4.0 37.6
0 6022.756 5 4.0 37.6
0 6022.759 274 4.0 37.6
0 6022.87 9 4.0 37.6
0 6023.076 5 4.0 37.6
0 6023.079 313 4.0 37.6
0 6023.299 5 4.0 37.6
0 6023.303 236 4.0 37.6
0 6023.415 9 4.0 37.6
0 6023.516 10 4.0 37.6
0 6023.716 5 4.0 37.6
0 6023.72 320 4.0 37.6
0 6023.839 8 4.0 37.6
0 6024.04 5 4.0 37.6
0 6024.044 229 4.0 37.6
0 6024.155 9 4.0 37.6
0 6024.258 10 4.0 37.6
0 6024.363 9 4.0 37.6
0 6024.558 5 4.0 37.6
0 6024.562 243 4.0 37.6
0 6024.673 9 4.0 37.6
0 6024.777 10 4.0 37.6
0 6024.881 10 4.0 37.6
0 6025.076 5 4.0 37.6
0 6025.08 248 4.0 37.6
0 6025.189 9 4.0 37.6
0 6025.286 10 4.0 37.6
0 6025.399 9 4.0 37.6
0 6025.491 11 4.0 37.6
0 6025.592 10 4.0 37.6
0 6025.691 10 4.0 37.6
0 6025.781 11 4.0 37.6
0 6025.996 5 4.0 37.6
0 6025.999 309 4.0 37.6
0 6026.112 9 4.0 37.6
0 6026.393 4 4.0 37.6
0 6026.397 252 4.0 37.6
0 6026.695 3 4.0 37.6
0 6026.781 12 4.0 37.6
0 6026.801 51 4.0 37.6
0 6026.911 9 4.0 37.6
0 6027.01 10 4.0 37.6
0 6027.104 11 4.0 37.6
0 6027.22 9 4.0 37.6
0 6027.311 11 4.0 37.6
0 6027.51 5 4.0 37.6
0 6027.514 274 4.0 37.6
0 6027.62 9 4.0 37.6
0 6027.829 5 4.0 37.6
0 6027.833 288 4.0 37.6
0 6027.945 9 4.0 37.6
0 6028.142 5 4.0 37.6
0 6028.145 317 4.0 37.6
0 6028.359 5 4.0 37.6
0 6028.363 242 4.0 37.6
0 6028.465 10 4.0 37.6
0 6028.573 9 4.0 37.6
0 6028.776 5 4.0 37.6
0 6028.779 307 4.0 37.6
0 6028.899 8 4.0 37.6
0 6029.088 5 4.0 37.6
0 6029.092 255 4.0 37.6
0 6029.197 10 4.0 37.6
0 6029.333 7 4.0 37.6
0 6029.434 10 4.0 37.6
0 6029.625 5 4.0 37.6
0 6029.639 74 4.0 37.6
0 6029.765 8 4.0 37.6
0 6029.867 10 4.0 37.6
0 6029.967 10 4.0 37.6
0 6030.156 5 3.8 37.6
0 6030.17 72 3.8 37.6
0 6030.289 8 3.8 37.6
0 6030.384 10 3.8 37.6
0 6030.495 9 3.8 37.6
0 6030.597 10 3.8 37.6
0 6030.699 10 3.8 37.6
0 6030.785 12 3.8 37.6
0 6030.9 9 3.8 37.6
0 6031.071 6 3.8 37.6
0 6031.084 75 3.8 37.6
0 6031.305 5 3.8 37.6
0 6031.402 10 3.8 37.6
0 6031.421 53 3.8 37.6
0 6031.713 3 3.8 37.6
0 6031.815 10 3.8 37.6
0 6031.829 72 3.8 37.6
0 6031.951 8 3.8 37.6
0 6032.038 11 3.8 37.6
0 6032.149 9 3.8 37.6
0 6032.252 10 3.8 37.6
0 6032.35 10 3.8 37.6
0 6032.536 5 3.8 37.6
0 6032.549 74 3.8 37.6
0 6032.67 8 3.8 37.6
0 6032.862 5 3.8 37.6
0 6032.875 77 3.8 37.6
0 6032.995 8 3.8 37.6
0 6033.203 5 3.8 37.6
0 6033.216 73 3.8 37.6
0 6033.446 4 3.8 37.6
0 6033.459 72 3.8 37.6
0 6033.588 8 3.8 37.6
0 6033.669 12 3.8 37.6
0 6033.776 9 3.8 37.6
0 6033.892 9 3.8 37.6
0 6034.094 5 3.8 37.6
0 6034.108 70 3.8 37.6
0 6034.225 9 3.8 37.6
0 6034.332 9 3.8 37.6
0 6034.437 10 3.8 37.6
0 6034.625 5 3.8 37.6
0 6034.64 68 3.8 37.6
0 6034.767 8 3.8 37.6
0 6034.867 10 3.8 37.6
0 6034.957 11 3.8 37.6
0 6035.063 9 3.8 37.6
0 6035.269 5 3.8 37.6
0 6035.282 75 3.8 37.6
0 6035.407 8 3.8 37.6
0 6035.507 10 3.8 37.6
0 6035.611 10 3.8 37.6
0 6035.709 10 3.8 37.6
0 6035.792 12 3.8 37.6
0 6035.909 9 3.8 37.6
0 6036.091 6 3.8 37.6
0 6036.103 81 3.8 37.6
0 6036.419 3 3.8 37.6
0 6036.432 76 3.8 37.6
0 6036.719 3 3.8 37.6
0 6036.82 10 3.8 37.6
0 6036.833 76 3.8 37.6
0 6036.953 8 3.8 37.6
0 6037.052 10 3.8 37.6
0 6037.16 9 3.8 37.6
0 6037.262 10 3.8 37.6
0 6037.364 10 3.8 37.6
0 6037.539 6 3.8 37.6
0 6037.553 70 3.8 37.6
0 6037.681 8 3.8 37.6
0 6037.754 14 3.8 37.6
0 6037.983 4 3.8 37.6
0 6037.996 73 3.8 37.6
0 6038.231 4 3.8 37.6
0 6038.244 76 3.8 37.6
0 6038.465 5 3.8 37.6
0 6038.479 72 3.8 37.6
0 6038.608 8 3.8 37.6
0 6038.7 11 3.8 37.6
0 6038.796 10 3.8 37.6
0 6038.909 9 3.8 37.6
0 6039.092 5 3.8 37.6
0 6039.107 68 3.8 37.6
0 6039.234 8 3.8 37.6
0 6039.323 11 3.8 37.6
0 6039.421 10 3.8 37.6
0 6039.531 9 3.8 37.6
0 6039.728 5 3.8 37.6
0 6039.742 72 3.8 37.6
0 6039.866 8 3.8 37.6
0 6039.949 12 3.8 37.6
0 6040.065 9 3.8 37.6
0 6040.268 5 4.5 37.6
0 6040.283 68 4.5 37.6
0 6040.401 8 4.5 37.6
0 6040.505 10 4.5 37.6
0 6040.592 12 4.5 37.6
0 6040.711 8 4.5 37.6
0 6040.794 12 4.5 37.6
0 6040.905 9 4.5 37.6
0 6041.001 10 4.5 37.6
0 6041.195 5 4.5 37.6
0 6041.208 81 4.5 37.6
0 6041.595 3 4.5 37.6
0 6041.759 6 4.5 37.6
0 6041.848 11 4.5 37.6
0 6041.865 62 4.5 37.6
0 6041.978 9 4.5 37.6
0 6042.064 12 4.5 37.6
0 6042.177 9 4.5 37.6
0 6042.277 10 4.5 37.6
0 6042.377 10 4.5 37.6
0 6042.579 5 4.5 37.6
0 6042.583 266 4.5 37.6
0 6042.697 9 4.5 37.6
0 6042.786 11 4.5 37.6
0 6042.999 5 4.5 37.6
0 6043.003 264 4.5 37.6
0 6043.115 9 4.5 37.6
0 6043.32 5 4.5 37.6
0 6043.324 236 4.5 37.6
0 6043.531 5 4.5 37.6
0 6043.536 234 4.5 37.6
0 6043.642 9 4.5 37.6
0 6043.746 10 4.5 37.6
0 6043.849 10 4.5 37.6
0 6043.951 10 4.5 37.6
0 6044.158 5 4.5 37.6
0 6044.162 253 4.5 37.6
0 6044.271 9 4.5 37.6
0 6044.378 9 4.5 37.6
0 6044.477 10 4.5 37.6
0 6044.577 10 4.5 37.6
0 6044.784 5 4.5 37.6
0 6044.787 292 4.5 37.6
0 6044.905 9 4.5 37.6
0 6045.002 10 4.5 37.6
0 6045.103 10 4.5 37.6
0 6045.304 5 4.5 37.6
0 6045.307 310 4.5 37.6
0 6045.421 9 4.5 37.6
0 6045.521 10 4.5 37.6
0 6045.623 10 4.5 37.6
0 6045.708 12 4.5 37.6
0 6045.82 9 4.5 37.6
0 6045.925 9 4.5 37.6
0 6046.021 10 4.5 37.6
0 6046.221 5 4.5 37.6
0 6046.224 327 4.5 37.6
0 6046.61 3 4.5 37.6
0 6046.779 6 4.5 37.6
0 6046.866 12 4.5 37.6
0 6046.886 50 4.5 37.6
0 6046.996 9 4.5 37.6
0 6047.096 10 4.5 37.6
0 6047.203 9 4.5 37.6
0 6047.288 12 4.5 37.6
0 6047.393 10 4.5 37.6
0 6047.6 5 4.5 37.6
0 6047.604 270 4.5 37.6
0 6047.722 8 4.5 37.6
0 6047.818 10 4.5 37.6
0 6048.023 5 4.5 37.6
0 6048.027 249 4.5 37.6
0 6048.139 9 4.5 37.6
0 6048.345 5 4.5 37.6
0 6048.349 264 4.5 37.6
0 6048.56 5 4.5 37.6
0 6048.564 245 4.5 37.6
0 6048.675 9 4.5 37.6
0 6048.779 10 4.5 37.6
0 6048.883 10 4.5 37.6
0 6048.964 12 4.5 37.6
0 6049.183 5 4.5 37.6
0 6049.188 246 4.5 37.6
0 6049.289 10 4.5 37.6
0 6049.405 9 4.5 37.6
0 6049.498 11 4.5 37.6
0 6049.599 10 4.5 37.6
0 6049.808 5 4.5 37.6
0 6049.813 216 4.5 37.6
0 6049.932 8 4.5 37.6
0 6050.022 11 4.5 37.6
0 6050.125 10 4.5 37.6
0 6050.32 5 3.9 37.6
0 6050.324 233 3.9 37.6
0 6050.444 8 3.9 37.6
0 6050.534 11 3.9 37.6
0 6050.637 10 3.9 37.6
0 6050.732 11 3.9 37.6
0 6050.826 11 3.9 37.6
0 6050.94 9 3.9 37.6
0 6051.038 10 3.9 37.6
0 6051.238 5 3.9 37.6
0 6051.242 313 3.9 37.6
0 6051.628 3 3.9 37.6
0 6051.799 6 3.9 37.6
0 6051.887 11 3.9 37.6
0 6051.907 50 3.9 37.6
0 6052.02 9 3.9 37.6
0 6052.115 11 3.9 37.6
0 6052.218 10 3.9 37.6
0 6052.315 10 3.9 37.6
0 6052.417 10 3.9 37.6
0 6052.629 5 3.9 37.6
0 6052.633 272 3.9 37.6
0 6052.74 9 3.9 37.6
0 6052.839 10 3.9 37.6
0 6053.043 5 3.9 37.6
0 6053.047 215 3.9 37.6
0 6053.152 10 3.9 37.6
0 6053.365 5 3.9 37.6
0 6053.368 270 3.9 37.6
0 6053.589 5 3.9 37.6
0 6053.594 207 3.9 37.6
0 6053.705 9 3.9 37.6
0 6053.8 11 3.9 37.6
0 6053.896 10 3.9 37.6
0 6054.007 9 3.9 37.6
0 6054.211 5 3.9 37.6
0 6054.215 257 3.9 37.6
0 6054.324 9 3.9 37.6
0 6054.431 9 3.9 37.6
0 6054.527 10 3.9 37.6
0 6054.63 10 3.9 37.6
0 6054.83 5 3.9 37.6
0 6054.833 299 3.9 37.6
0 6054.95 9 3.9 37.6
0 6055.048 10 3.9 37.6
0 6055.149 10 3.9 37.6
0 6055.352 5 3.9 37.6
0 6055.355 299 3.9 37.6
0 6055.471 9 3.9 37.6
0 6055.56 11 3.9 37.6
0 6055.671 9 3.9 37.6
0 6055.767 10 3.9 37.6
0 6055.868 10 3.9 37.6
0 6055.973 10 3.9 37.6
0 6056.069 10 3.9 37.6
0 6056.274 5 3.9 37.6
0 6056.277 338 3.9 37.6
0 6056.668 3 3.9 37.6
0 6056.844 6 3.9 37.6
0 6056.942 10 3.9 37.6
0 6056.958 62 3.9 37.6
0 6057.085 8 3.9 37.6
0 6057.19 9 3.9 37.6
0 6057.289 10 3.9 37.6
0 6057.391 10 3.9 37.6
0 6057.491 10 3.9 37.6
0 6057.676 5 3.9 37.6
0 6057.689 78 3.9 37.6
0 6057.814 8 3.9 37.6
0 6057.915 10 3.9 37.6
0 6058.107 5 3.9 37.6
0 6058.121 72 3.9 37.6
0 6058.243 8 3.9 37.6
0 6058.434 5 3.9 37.6
0 6058.447 76 3.9 37.6
0 6058.656 5 3.9 37.6
0 6058.67 72 3.9 37.6
0 6058.792 8 3.9 37.6
0 6058.904 9 3.9 37.6
0 6059.001 10 3.9 37.6
0 6059.098 10 3.9 37.6
0 6059.2 10 3.9 37.6
0 6059.284 12 3.9 37.6
0 6059.395 9 3.9 37.6
0 6059.509 9 3.9 37.6
0 6059.588 13 3.9 37.6
0 6059.684 10 3.9 37.6
0 6059.873 5 3.9 37.6
0 6059.886 73 3.9 37.6
0 6060.025 7 3.9 37.6
0 6060.12 11 3.9 37.6
0 6060.215 11 3.9 37.6
0 6060.383 6 4.1 37.6
0 6060.396 77 4.1 37.6
0 6060.528 8 4.1 37.6
0 6060.629 10 4.1 37.6
0 6060.725 10 4.1 37.6
0 6060.802 13 4.1 37.6
0 6060.926 8 4.1 37.6
0 6061.027 10 4.1 37.6
0 6061.117 11 4.1 37.6
0 6061.318 5 4.1 37.6
0 6061.334 64 4.1 37.6
0 6061.689 3 4.1 37.6
0 6061.874 5 4.1 37.6
0 6061.983 9 4.1 37.6
0 6061.997 74 4.1 37.6
0 6062.131 7 4.1 37.6
0 6062.23 10 4.1 37.6
0 6062.302 14 4.1 37.6
0 6062.423 8 4.1 37.6
0 6062.53 9 4.1 37.6
0 6062.699 6 4.1 37.6
0 6062.715 62 4.1 37.6
0 6062.834 8 4.1 37.6
0 6062.931 10 4.1 37.6
0 6063.132 5 4.1 37.6
0 6063.146 72 4.1 37.6
0 6063.277 8 4.1 37.6
0 6063.462 5 4.1 37.6
0 6063.475 75 4.1 37.6
0 6063.694 5 4.1 37.6
0 6063.707 80 4.1 37.6
0 6063.819 9 4.1 37.6
0 6063.942 8 4.1 37.6
0 6064.04 10 4.1 37.6
0 6064.139 10 4.1 37.6
0 6064.239 10 4.1 37.6
0 6064.334 11 4.1 37.6
0 6064.433 10 4.1 37.6
0 6064.544 9 4.1 37.6
0 6064.64 10 4.1 37.6
0 6064.742 10 4.1 37.6
0 6064.928 5 4.1 37.6
0 6064.946 58 4.1 37.6
0 6065.072 8 4.1 37.6
0 6065.162 11 4.1 37.6
0 6065.274 9 4.1 37.6
0 6065.456 6 4.1 37.6
0 6065.472 61 4.1 37.6
0 6065.595 8 4.1 37.6
0 6065.698 10 4.1 37.6
0 6065.795 10 4.1 37.6
0 6065.898 10 4.1 37.6
0 6065.978 13 4.1 37.6
0 6066.104 8 4.1 37.6
0 6066.2 10 4.1 37.6
0 6066.384 5 4.1 37.6
0 6066.407 43 4.1 37.6
0 6066.782 3 4.1 37.6
0 6066.971 5 4.1 37.6
0 6067.085 9 4.1 37.6
0 6067.108 42 4.1 37.6
0 6067.257 7 4.1 37.6
0 6067.317 17 4.1 37.6
0 6067.44 8 4.1 37.6
0 6067.541 10 4.1 37.6
0 6067.641 10 4.1 37.6
0 6067.741 10 4.1 37.6
0 6067.822 12 4.1 37.6
0 6067.93 9 4.1 37.6
0 6068.042 9 4.1 37.6
0 6068.226 5 4.1 37.6
0 6068.25 43 4.1 37.6
0 6068.382 8 4.1 37.6
0 6068.558 6 4.1 37.6
0 6068.581 43 4.1 37.6
0 6068.787 5 4.1 37.6
0 6068.811 41 4.1 37.6
0 6068.955 7 4.1 37.6
0 6069.055 10 4.1 37.6
0 6069.138 12 4.1 37.6
0 6069.254 9 4.1 37.6
0 6069.324 14 4.1 37.6
0 6069.455 8 4.1 37.6
0 6069.555 10 4.1 37.6
0 6069.656 10 4.1 37.6
0 6069.827 6 4.1 37.6
0 6069.927 10 4.1 37.6
0 6069.942 68 4.1 37.6
0 6070.071 8 4.1 37.6
0 6070.169 10 4.1 37.6
0 6070.267 10 4.1 37.6
0 6070.457 5 4.8 37.6
0 6070.47 79 4.8 37.6
0 6070.601 8 4.8 37.6
0 6070.678 13 4.8 37.6
0 6070.796 8 4.8 37.6
0 6070.907 9 4.8 37.6
0 6071.008 10 4.8 37.6
0 6071.087 13 4.8 37.6
0 6071.203 9 4.8 37.6
0 6071.379 6 4.8 37.6
0 6071.392 78 4.8 37.6
0 6071.523 8 4.8 37.6
0 6071.879 3 4.8 37.6
0 6072.062 5 4.8 37.6
0 6072.16 10 4.8 37.6
0 6072.175 68 4.8 37.6
0 6072.298 8 4.8 37.6
0 6072.407 9 4.8 37.6
0 6072.511 10 4.8 37.6
0 6072.613 10 4.8 37.6
0 6072.708 11 4.8 37.6
0 6072.799 11 4.8 37.6
0 6072.908 9 4.8 37.6
0 6073.012 10 4.8 37.6
0 6073.114 10 4.8 37.6
0 6073.263 7 4.8 37.6
0 6073.276 76 4.8 37.6
0 6073.402 8 4.8 37.6
0 6073.593 5 4.8 37.6
0 6073.606 77 4.8 37.6
0 6073.808 5 4.8 37.6
0 6073.82 80 4.8 37.6
0 6073.954 7 4.8 37.6
0 6074.057 10 4.8 37.6
0 6074.157 10 4.8 37.6
0 6074.251 11 4.8 37.6
0 6074.352 10 4.8 37.6
0 6074.45 10 4.8 37.6
0 6074.558 9 4.8 37.6
0 6074.649 11 4.8 37.6
0 6074.851 5 4.8 37.6
0 6074.95 10 4.8 37.6
0 6074.965 67 4.8 37.6
0 6075.101 7 4.8 37.6
0 6075.197 10 4.8 37.6
0 6075.297 10 4.8 37.6
0 6075.479 5 4.8 37.6
0 6075.493 71 4.8 37.6
0 6075.629 7 4.8 37.6
0 6075.708 13 4.8 37.6
0 6075.805 10 4.8 37.6
0 6075.927 8 4.8 37.6
0 6076.024 10 4.8 37.6
0 6076.13 9 4.8 37.6
0 6076.21 12 4.8 37.6
0 6076.391 6 4.8 37.6
0 6076.404 76 4.8 37.6
0 6076.533 8 4.8 37.6
0 6076.894 3 4.8 37.6
0 6077.078 5 4.8 37.6
0 6077.189 9 4.8 37.6
0 6077.276 12 4.8 37.6
0 6077.295 52 4.8 37.6
0 6077.408 9 4.8 37.6
0 6077.504 10 4.8 37.6
0 6077.603 10 4.8 37.6
0 6077.706 10 4.8 37.6
0 6077.798 11 4.8 37.6
0 6077.909 9 4.8 37.6
0 6078.005 10 4.8 37.6
0 6078.104 10 4.8 37.6
0 6078.3 5 4.8 37.6
0 6078.305 204 4.8 37.6
0 6078.419 9 4.8 37.6
0 6078.623 5 4.8 37.6
0 6078.626 314 4.8 37.6
0 6078.839 5 4.8 37.6
0 6078.845 168 4.8 37.6
0 6078.958 9 4.8 37.6
0 6079.055 10 4.8 37.6
0 6079.153 10 4.8 37.6
0 6079.255 10 4.8 37.6
0 6079.357 10 4.8 37.6
0 6079.454 10 4.8 37.6
0 6079.56 9 4.8 37.6
0 6079.684 8 4.8 37.6
0 6079.876 5 4.8 37.6
0 6079.977 10 4.8 37.6
0 6079.991 76 4.8 37.6
0 6080.123 8 4.8 37.6
0 6080.218 11 4.8 37.6
0 6080.315 10 4.8 37.6
0 6080.504 5 4.3 37.6
0 6080.517 77 4.3 37.6
0 6080.654 7 4.3 37.6
0 6080.749 11 4.3 37.6
0 6080.851 10 4.3 37.6
0 6080.95 10 4.3 37.6
0 6081.048 10 4.3 37.6
0 6081.151 10 4.3 37.6
0 6081.251 10 4.3 37.6
0 6081.419 6 4.3 37.6
0 6081.433 72 4.3 37.6
0 6081.564 8 4.3 37.6
0 6081.726 6 4.3 37.6
0 6081.823 10 4.3 37.6
0 6081.839 61 4.3 37.6
0 6082.145 3 4.3 37.6
0 6082.342 5 4.3 37.6
0 6082.356 72 4.3 37.6
0 6082.487 8 4.3 37.6
0 6082.586 10 4.3 37.6
0 6082.767 6 4.3 37.6
0 6082.771 237 4.3 37.6
0 6082.887 9 4.3 37.6
0 6082.985 10 4.3 37.6
0 6083.082 10 4.3 37.6
0 6083.188 9 4.3 37.6
0 6083.377 5 4.3 37.6
0 6083.381 248 4.3 37.6
0 6083.499 9 4.3 37.6
0 6083.698 5 4.3 37.6
0 6083.702 254 4.3 37.6
0 6083.888 5 4.3 37.6
0 6083.902 68 4.3 37.6
0 6084.018 9 4.3 37.6
0 6084.113 11 4.3 37.6
0 6084.219 9 4.3 37.6
0 6084.312 11 4.3 37.6
0 6084.417 10 4.3 37.6
0 6084.519 10 4.3 37.6
0 6084.614 11 4.3 37.6
0 6084.72 9 4.3 37.6
0 6084.899 6 4.3 37.6
0 6085.0 10 4.3 37.6
0 6085.014 70 4.3 37.6
0 6085.152 7 4.3 37.6
0 6085.242 11 4.3 37.6
0 6085.321 13 4.3 37.6
0 6085.526 5 4.3 37.6
0 6085.539 78 4.3 37.6
0 6085.678 7 4.3 37.6
0 6085.772 11 4.3 37.6
0 6085.872 10 4.3 37.6
0 6085.973 10 4.3 37.6
0 6086.075 10 4.3 37.6
0 6086.169 11 4.3 37.6
0 6086.273 10 4.3 37.6
0 6086.445 6 4.3 37.6
0 6086.458 80 4.3 37.6
0 6086.594 7 4.3 37.6
0 6086.857 4 4.3 37.6
0 6086.87 76 4.3 37.6
0 6087.172 3 4.3 37.6
0 6087.36 5 4.3 37.6
0 6087.373 74 4.3 37.6
0 6087.504 8 4.3 37.6
0 6087.606 10 4.3 37.6
0 6087.786 6 4.3 37.6
0 6087.802 64 4.3 37.6
0 6087.935 8 4.3 37.6
0 6088.033 10 4.3 37.6
0 6088.133 10 4.3 37.6
0 6088.235 10 4.3 37.6
0 6088.401 6 4.3 37.6
0 6088.415 73 4.3 37.6
0 6088.539 8 4.3 37.6
0 6088.732 5 4.3 37.6
0 6088.745 80 4.3 37.6
0 6088.97 4 4.3 37.6
0 6088.984 74 4.3 37.6
0 6089.118 7 4.3 37.6
0 6089.218 10 4.3 37.6
0 6089.307 11 4.3 37.6
0 6089.416 9 4.3 37.6
0 6089.523 9 4.3 37.6
0 6089.617 11 4.3 37.6
0 6089.718 10 4.3 37.6
0 6089.805 11 4.3 37.6
0 6089.922 9 4.3 37.6
0 6090.107 5 4.3 37.6
0 6090.119 81 4.3 37.6
0 6090.251 8 4.3 37.6
0 6090.351 10 4.3 37.6
0 6090.538 5 4.4 37.6
0 6090.552 71 4.4 37.6
0 6090.686 7 4.4 37.6
0 6090.78 11 4.4 37.6
0 6090.87 11 4.4 37.6
0 6090.973 10 4.4 37.6
0 6091.054 12 4.4 37.6
0 6091.2 7 4.4 37.6
0 6091.281 12 4.4 37.6
0 6091.467 5 4.4 37.6
0 6091.492 40 4.4 37.6
0 6091.631 7 4.4 37.6
0 6091.734 10 4.4 37.6
0 6091.892 6 4.4 37.6
0 6091.915 44 4.4 37.6
0 6092.221 3 4.4 37.6
0 6092.412 5 4.4 37.6
0 6092.435 43 4.4 37.6
0 6092.57 7 4.4 37.6
0 6092.681 9 4.4 37.6
0 6092.841 6 4.4 37.6
0 6092.868 37 4.4 37.6
0 6093.008 7 4.4 37.6
0 6093.11 10 4.4 37.6
0 6093.204 11 4.4 37.6
0 6093.301 10 4.4 37.6
0 6093.491 5 4.4 37.6
0 6093.516 39 4.4 37.6
0 6093.74 4 4.4 37.6
0 6093.766 38 4.4 37.6
0 6094.005 4 4.4 37.6
0 6094.028 43 4.4 37.6
0 6094.166 7 4.4 37.6
0 6094.256 11 4.4 37.6
0 6094.442 5 4.4 37.6
0 6094.456 68 4.4 37.6
0 6094.587 8 4.4 37.6
0 6094.685 10 4.4 37.6
0 6094.783 10 4.4 37.6
0 6094.884 10 4.4 37.6
0 6094.97 12 4.4 37.6
0 6095.163 5 4.4 37.6
0 6095.178 67 4.4 37.6
0 6095.302 8 4.4 37.6
0 6095.405 10 4.4 37.6
0 6095.589 5 4.4 37.6
0 6095.601 81 4.4 37.6
0 6095.727 8 4.4 37.6
0 6095.822 11 4.4 37.6
0 6095.933 9 4.4 37.6
0 6096.027 11 4.4 37.6
0 6096.133 9 4.4 37.6
0 6096.232 10 4.4 37.6
0 6096.314 12 4.4 37.6
0 6096.515 5 4.4 37.6
0 6096.528 77 4.4 37.6
0 6096.661 8 4.4 37.6
0 6096.763 10 4.4 37.6
0 6096.923 6 4.4 37.6
0 6096.937 75 4.4 37.6
0 6097.242 3 4.4 37.6
0 6097.426 5 4.4 37.6
0 6097.44 71 4.4 37.6
0 6097.569 8 4.4 37.6
0 6097.669 10 4.4 37.6
0 6097.86 5 4.4 37.6
0 6097.874 69 4.4 37.6
0 6098.001 8 4.4 37.6
0 6098.101 10 4.4 37.6
0 6098.203 10 4.4 37.6
0 6098.283 12 4.4 37.6
0 6098.498 5 4.4 37.6
0 6098.511 73 4.4 37.6
0 6098.74 4 4.4 37.6
0 6098.754 71 4.4 37.6
0 6098.876 8 4.4 37.6
0 6099.062 5 4.4 37.6
0 6099.076 72 4.4 37.6
0 6099.194 8 4.4 37.6
0 6099.293 10 4.4 37.6
0 6099.5 5 4.4 37.6
0 6099.524 42 4.4 37.6
0 6099.643 8 4.4 37.6
0 6099.747 10 4.4 37.6
0 6099.869 8 4.4 37.6
0 6099.941 14 4.4 37.6
0 6100.034 11 4.4 37.6
0 6100.253 5 4.4 37.6
0 6100.277 41 4.4 37.6
0 6100.4 8 4.4 37.6
0 6100.498 10 4.4 37.6
0 6100.693 5 4.8 37.6
0 6100.717 42 4.8 37.6
0 6100.825 9 4.8 37.6
0 6100.954 8 4.8 37.6
0 6101.058 10 4.8 37.6
0 6101.152 11 4.8 37.6
0 6101.264 9 4.8 37.6
0 6101.323 17 4.8 37.6
0 6101.514 5 4.8 37.6
0 6101.54 39 4.8 37.6
0 6101.685 7 4.8 37.6
0 6101.783 10 4.8 37.6
0 6102.019 4 4.8 37.6
0 6102.033 70 4.8 37.6
0 6102.309 4 4.8 37.6
0 6102.409 10 4.8 37.6
0 6102.422 78 4.8 37.6
0 6102.555 8 4.8 37.6
0 6102.633 13 4.8 37.6
0 6102.755 8 4.8 37.6
0 6102.942 5 4.8 37.6
0 6102.955 78 4.8 37.6
0 6103.086 8 4.8 37.6
0 6103.187 10 4.8 37.6
0 6103.288 10 4.8 37.6
0 6103.392 10 4.8 37.6
0 6103.565 6 4.8 37.6
0 6103.577 82 4.8 37.6
0 6103.793 5 4.8 37.6
0 6103.807 72 4.8 37.6
0 6103.941 7 4.8 37.6
0 6104.116 6 4.8 37.6
0 6104.13 74 4.8 37.6
0 6104.258 8 4.8 37.6
0 6104.358 10 4.8 37.6
0 6104.55 5 4.8 37.6
0 6104.563 76 4.8 37.6
0 6104.688 8 4.8 37.6
0 6104.799 9 4.8 37.6
0 6104.894 10 4.8 37.6
0 6105.001 9 4.8 37.6
0 6105.096 11 4.8 37.6
0 6105.287 5 4.8 37.6
0 6105.302 66 4.8 37.6
0 6105.438 7 4.8 37.6
0 6105.533 11 4.8 37.6
0 6105.721 5 4.8 37.6
0 6105.743 45 4.8 37.6
0 6105.876 8 4.8 37.6
0 6105.973 10 4.8 37.6
0 6106.073 10 4.8 37.6
0 6106.173 10 4.8 37.6
0 6106.276 10 4.8 37.6
0 6106.371 10 4.8 37.6
0 6106.554 5 4.8 37.6
0 6106.578 41 4.8 37.6
0 6106.707 8 4.8 37.6
0 6106.805 10 4.8 37.6
0 6107.085 4 4.8 37.6
0 6107.11 40 4.8 37.6
0 6107.332 5 4.8 37.6
0 6107.446 9 4.8 37.6
0 6107.469 43 4.8 37.6
0 6107.689 5 4.8 37.6
0 6107.704 65 4.8 37.6
0 6107.816 9 4.8 37.6
0 6108.007 5 4.8 37.6
0 6108.02 80 4.8 37.6
0 6108.152 8 4.8 37.6
0 6108.256 10 4.8 37.6
0 6108.321 15 4.8 37.6
0 6108.449 8 4.8 37.6
0 6108.645 5 4.8 37.6
0 6108.658 73 4.8 37.6
0 6108.863 5 4.8 37.6
0 6108.875 80 4.8 37.6
0 6108.995 8 4.8 37.6
0 6109.183 5 4.8 37.6
0 6109.197 75 4.8 37.6
0 6109.312 9 4.8 37.6
0 6109.425 9 4.8 37.6
0 6109.621 5 4.8 37.6
0 6109.635 74 4.8 37.6
0 6109.76 8 4.8 37.6
0 6109.837 13 4.8 37.6
0 6109.953 9 4.8 37.6
0 6110.058 10 4.8 37.6
0 6110.161 10 4.8 37.6
0 6110.371 5 4.8 37.6
0 6110.386 66 4.8 37.6
0 6110.517 8 4.8 37.6
0 6110.611 11 4.8 37.6
0 6110.798 5 4.8 37.7
0 6110.812 72 4.8 37.7
0 6110.944 8 4.8 37.7
0 6111.042 10 4.8 37.7
0 6111.142 10 4.8 37.7
0 6111.243 10 4.8 37.7
0 6111.317 14 4.8 37.7
0 6111.445 8 4.8 37.7
0 6111.683 4 4.8 37.7
0 6111.696 81 4.8 37.7
0 6111.811 9 4.8 37.7
0 6112.097 3 4.8 37.7
0 6112.111 73 4.8 37.7
0 6112.322 5 4.8 37.7
0 6112.335 75 4.8 37.7
0 6112.55 5 4.8 37.7
0 6112.566 62 4.8 37.7
0 6112.789 4 4.8 37.7
0 6112.803 71 4.8 37.7
0 6113.02 5 4.8 37.7
0 6113.033 78 4.8 37.7
0 6113.16 8 4.8 37.7
0 6113.265 9 4.8 37.7
0 6113.361 10 4.8 37.7
0 6113.464 10 4.8 37.7
0 6113.643 6 4.8 37.7
0 6113.657 73 4.8 37.7
0 6113.878 5 4.8 37.7
0 6113.892 76 4.8 37.7
0 6114.022 8 4.8 37.7
0 6114.215 5 4.8 37.7
0 6114.229 75 4.8 37.7
0 6114.349 8 4.8 37.7
0 6114.454 10 4.8 37.7
0 6114.655 5 4.8 37.7
0 6114.668 75 4.8 37.7
0 6114.797 8 4.8 37.7
0 6114.901 10 4.8 37.7
0 6115.0 10 4.8 37.7
0 6115.098 10 4.8 37.7
0 6115.198 10 4.8 37.7
0 6115.387 5 4.8 37.7
0 6115.402 67 4.8 37.7
0 6115.531 8 4.8 37.7
0 6115.629 10 4.8 37.7
0 6115.81 6 4.8 37.7
0 6115.824 73 4.8 37.7
0 6115.957 8 4.8 37.7
0 6116.053 10 4.8 37.7
0 6116.155 10 4.8 37.7
0 6116.253 10 4.8 37.7
0 6116.345 11 4.8 37.7
0 6116.453 9 4.8 37.7
0 6116.636 5 4.8 37.7
0 6116.649 78 4.8 37.7
0 6116.781 8 4.8 37.7
0 6116.866 12 4.8 37.7
0 6117.162 3 4.8 37.7
0 6117.185 43 4.8 37.7
0 6117.413 4 4.8 37.7
0 6117.438 40 4.8 37.7
0 6117.646 5 4.8 37.7
0 6117.744 10 4.8 37.7
0 6117.762 58 4.8 37.7
0 6117.867 10 4.8 37.7
0 6118.072 5 4.8 37.7
0 6118.085 74 4.8 37.7
0 6118.218 8 4.8 37.7
0 6118.311 11 4.8 37.7
0 6118.406 10 4.8 37.7
0 6118.52 9 4.8 37.7
0 6118.686 6 4.8 37.7
0 6118.699 78 4.8 37.7
0 6118.895 5 4.8 37.7
0 6118.909 76 4.8 37.7
0 6119.039 8 4.8 37.7
0 6119.143 10 4.8 37.7
0 6119.311 6 4.8 37.7
0 6119.325 73 4.8 37.7
0 6119.458 8 4.8 37.7
0 6119.551 11 4.8 37.7
0 6119.745 5 4.8 37.7
0 6119.758 76 4.8 37.7
0 6119.866 9 4.8 37.7
0 6119.992 8 4.8 37.7
0 6120.078 12 4.8 37.7
0 6120.177 10 4.8 37.7
0 6120.29 9 4.8 37.7
0 6120.48 5 4.8 37.7
0 6120.494 70 4.8 37.7
0 6120.623 8 4.8 37.7
0 6120.721 10 4.8 37.7
0 6120.9 6 4.9 37.7
0 6120.913 77 4.9 37.7
0 6121.045 8 4.9 37.7
0 6121.15 10 4.9 37.7
0 6121.243 11 4.9 37.7
0 6121.32 13 4.9 37.7
0 6121.445 8 4.9 37.7
0 6121.538 11 4.9 37.7
0 6121.721 5 4.9 37.7
0 6121.734 75 4.9 37.7
0 6121.864 8 4.9 37.7
0 6121.967 10 4.9 37.7
0 6122.232 4 4.9 37.7
0 6122.247 68 4.9 37.7
0 6122.459 5 4.9 37.7
0 6122.472 79 4.9 37.7
0 6122.768 3 4.9 37.7
0 6122.782 72 4.9 37.7
0 6122.887 10 4.9 37.7
0 6123.098 5 4.9 37.7
0 6123.111 79 4.9 37.7
0 6123.243 8 4.9 37.7
0 6123.339 10 4.9 37.7
0 6123.443 10 4.9 37.7
0 6123.539 10 4.9 37.7
0 6123.728 5 4.9 37.7
0 6123.74 79 4.9 37.7
0 6123.961 5 4.9 37.7
0 6123.974 82 4.9 37.7
0 6124.086 9 4.9 37.7
0 6124.187 10 4.9 37.7
0 6124.388 5 4.9 37.7
0 6124.417 34 4.9 37.7
0 6124.563 7 4.9 37.7
0 6124.65 12 4.9 37.7
0 6124.831 6 4.9 37.7
0 6124.854 44 4.9 37.7
0 6125.001 7 4.9 37.7
0 6125.082 12 4.9 37.7
0 6125.177 11 4.9 37.7
0 6125.291 9 4.9 37.7
0 6125.361 14 4.9 37.7
0 6125.586 4 4.9 37.7
0 6125.611 40 4.9 37.7
0 6125.749 7 4.9 37.7
0 6125.923 6 4.9 37.7
0 6125.947 42 4.9 37.7
0 6126.082 7 4.9 37.7
0 6126.185 10 4.9 37.7
0 6126.279 11 4.9 37.7
0 6126.365 12 4.9 37.7
0 6126.473 9 4.9 37.7
0 6126.588 9 4.9 37.7
0 6126.757 6 4.9 37.7
0 6126.782 41 4.9 37.7
0 6126.903 8 4.9 37.7
0 6127.016 9 4.9 37.7
0 6127.289 4 4.9 37.7
0 6127.314 40 4.9 37.7
0 6127.434 8 4.9 37.7
0 6127.534 10 4.9 37.7
0 6127.811 4 4.9 37.7
0 6127.913 10 4.9 37.7
0 6127.927 73 4.9 37.7
0 6128.151 4 4.9 37.7
0 6128.165 71 4.9 37.7
0 6128.282 9 4.9 37.7
0 6128.4 9 4.9 37.7
0 6128.494 11 4.9 37.7
0 6128.594 10 4.9 37.7
0 6128.785 5 4.9 37.7
0 6128.799 72 4.9 37.7
0 6129.026 4 4.9 37.7
0 6129.04 75 4.9 37.7
0 6129.161 8 4.9 37.7
0 6129.245 12 4.9 37.7
0 6129.458 5 4.9 37.7
0 6129.472 68 4.9 37.7
0 6129.601 8 4.9 37.7
0 6129.7 10 4.9 37.7
0 6129.889 5 4.9 37.7
0 6129.904 68 4.9 37.7
0 6130.035 8 4.9 37.7
0 6130.134 10 4.9 37.7
0 6130.227 11 4.9 37.7
0 6130.319 11 4.9 37.7
0 6130.427 9 4.9 37.7
0 6130.632 5 4.9 37.7
0 6130.647 66 4.9 37.7
0 6130.773 8 4.9 37.7
0 6130.971 5 4.8 37.7
0 6130.984 74 4.8 37.7
0 6131.116 8 4.8 37.7
0 6131.217 10 4.8 37.7
0 6131.312 10 4.8 37.7
0 6131.412 10 4.8 37.7
0 6131.513 10 4.8 37.7
0 6131.613 10 4.8 37.7
0 6131.873 4 4.8 37.7
0 6131.876 313 4.8 37.7
0 6131.991 9 4.8 37.7
0 6132.283 3 4.8 37.7
0 6132.286 292 4.8 37.7
0 6132.407 8 4.8 37.7
0 6132.502 11 4.8 37.7
0 6132.592 11 4.8 37.7
0 6132.971 3 4.8 37.7
0 6132.976 181 4.8 37.7
0 6133.196 5 4.8 37.7
0 6133.199 279 4.8 37.7
0 6133.304 10 4.8 37.7
0 6133.412 9 4.8 37.7
0 6133.52 9 4.8 37.7
0 6133.615 11 4.8 37.7
0 6133.818 5 4.8 37.7
0 6133.821 311 4.8 37.7
0 6134.034 5 4.8 37.7
0 6134.038 274 4.8 37.7
0 6134.153 9 4.8 37.7
0 6134.25 10 4.8 37.7
0 6134.347 10 4.8 37.7
0 6134.554 5 4.8 37.7
0 6134.559 228 4.8 37.7
0 6134.674 9 4.8 37.7
0 6134.769 10 4.8 37.7
0 6134.977 5 4.8 37.7
0 6134.981 263 4.8 37.7
0 6135.093 9 4.8 37.7
0 6135.196 10 4.8 37.7
0 6135.294 10 4.8 37.7
0 6135.381 11 4.8 37.7
0 6135.493 9 4.8 37.7
0 6135.695 5 4.8 37.7
0 6135.7 219 4.8 37.7
0 6135.816 9 4.8 37.7
0 6136.001 5 4.8 37.7
0 6136.004 275 4.8 37.7
0 6136.123 8 4.8 37.7
0 6136.22 10 4.8 37.7
0 6136.31 11 4.8 37.7
0 6136.415 10 4.8 37.7
0 6136.517 10 4.8 37.7
0 6136.624 9 4.8 37.7
0 6136.897 4 4.8 37.7
0 6136.9 315 4.8 37.7
0 6137.011 9 4.8 37.7
0 6137.307 3 4.8 37.7
0 6137.312 202 4.8 37.7
0 6137.42 9 4.8 37.7
0 6137.522 10 4.8 37.7
0 6137.622 10 4.8 37.7
0 6138.0 3 4.8 37.7
0 6138.005 222 4.8 37.7
0 6138.222 5 4.8 37.7
0 6138.225 295 4.8 37.7
0 6138.336 9 4.8 37.7
0 6138.428 11 4.8 37.7
0 6138.543 9 4.8 37.7
0 6138.636 11 4.8 37.7
0 6138.837 5 4.8 37.7
0 6138.841 273 4.8 37.7
0 6139.036 5 4.8 37.7
0 6139.042 149 4.8 37.7
0 6139.152 9 4.8 37.7
0 6139.252 10 4.8 37.7
0 6139.352 10 4.8 37.7
0 6139.551 5 4.8 37.7
0 6139.557 175 4.8 37.7
0 6139.664 9 4.8 37.7
0 6139.766 10 4.8 37.7
0 6139.867 10 4.8 37.7
0 6140.071 5 4.8 37.7
0 6140.078 138 4.8 37.7
0 6140.18 10 4.8 37.7
0 6140.285 9 4.8 37.7
0 6140.387 10 4.8 37.7
0 6140.484 10 4.8 37.7
0 6140.599 9 4.8 37.7
0 6140.77 6 4.8 37.7
0 6140.775 185 4.8 37.7
0 6140.886 9 4.8 37.7
0 6141.086 5 3.9 37.7
0 6141.092 161 3.9 37.7
0 6141.205 9 3.9 37.7
0 6141.301 10 3.9 37.7
0 6141.401 10 3.9 37.7
0 6141.501 10 3.9 37.7
0 6141.612 9 3.9 37.7
0 6141.707 11 3.9 37.7
0 6141.98 4 3.9 37.7
0 6141.984 308 3.9 37.7
0 6142.095 9 3.9 37.7
0 6142.398 3 3.9 37.7
0 6142.401 269 3.9 37.7
0 6142.511 9 3.9 37.7
0 6142.612 10 3.9 37.7
0 6142.715 10 3.9 37.7
0 6143.072 3 3.9 37.7
0 6143.076 264 3.9 37.7
0 6143.288 5 3.9 37.7
0 6143.292 233 3.9 37.7
0 6143.403 9 3.9 37.7
0 6143.509 9 3.9 37.7
0 6143.607 10 3.9 37.7
0 6143.702 10 3.9 37.7
0 6143.892 5 3.9 37.7
0 6143.896 280 3.9 37.7
0 6144.112 5 3.9 37.7
0 6144.116 292 3.9 37.7
0 6144.227 9 3.9 37.7
0 6144.318 11 3.9 37.7
0 6144.429 9 3.9 37.7
0 6144.639 5 3.9 37.7
0 6144.643 239 3.9 37.7
0 6144.753 9 3.9 37.7
0 6144.855 10 3.9 37.7
0 6144.955 10 3.9 37.7
0 6145.164 5 3.9 37.7
0 6145.17 179 3.9 37.7
0 6145.278 9 3.9 37.7
0 6145.378 10 3.9 37.7
0 6145.481 10 3.9 37.7
0 6145.582 10 3.9 37.7
0 6145.793 5 3.9 37.7
0 6145.796 296 3.9 37.7
0 6145.909 9 3.9 37.7
0 6146.113 5 3.9 37.7
0 6146.116 266 3.9 37.7
0 6146.234 9 3.9 37.7
0 6146.318 12 3.9 37.7
0 6146.431 9 3.9 37.7
0 6146.528 10 3.9 37.7
0 6146.631 10 3.9 37.7
0 6146.735 10 3.9 37.7
0 6146.996 4 3.9 37.7
0 6147.0 249 3.9 37.7
0 6147.113 9 3.9 37.7
0 6147.404 3 3.9 37.7
0 6147.407 289 3.9 37.7
0 6147.522 9 3.9 37.7
0 6147.619 10 3.9 37.7
0 6147.718 10 3.9 37.7
0 6147.986 4 3.9 37.7
0 6148.073 11 3.9 37.7
0 6148.093 51 3.9 37.7
0 6148.295 5 3.9 37.7
0 6148.298 283 3.9 37.7
0 6148.409 9 3.9 37.7
0 6148.519 9 3.9 37.7
0 6148.614 11 3.9 37.7
0 6148.71 10 3.9 37.7
0 6148.905 5 3.9 37.7
0 6148.908 319 3.9 37.7
0 6149.12 5 3.9 37.7
0 6149.125 228 3.9 37.7
0 6149.236 9 3.9 37.7
0 6149.335 10 3.9 37.7
0 6149.435 10 3.9 37.7
0 6149.637 5 3.9 37.7
0 6149.643 187 3.9 37.7
0 6149.754 9 3.9 37.7
0 6149.851 10 3.9 37.7
0 6149.952 10 3.9 37.7
0 6150.056 10 3.9 37.7
0 6150.265 5 3.9 37.7
0 6150.269 260 3.9 37.7
0 6150.38 9 3.9 37.7
0 6150.48 10 3.9 37.7
0 6150.582 10 3.9 37.7
0 6150.793 5 3.9 37.7
0 6150.797 268 3.9 37.7
0 6150.903 9 3.9 37.7
0 6151.006 10 3.9 37.7
0 6151.217 5 3.5 37.7
0 6151.221 247 3.5 37.7
0 6151.322 10 3.5 37.7
0 6151.432 9 3.5 37.7
0 6151.532 10 3.5 37.7
0 6151.636 10 3.5 37.7
0 6151.743 9 3.5 37.7
0 6152.01 4 3.5 37.7
0 6152.014 283 3.5 37.7
0 6152.119 9 3.5 37.7
0 6152.432 3 3.5 37.7
0 6152.436 227 3.5 37.7
0 6152.547 9 3.5 37.7
0 6152.647 10 3.5 37.7
0 6152.745 10 3.5 37.7
0 6153.121 3 3.5 37.7
0 6153.126 224 3.5 37.7
0 6153.338 5 3.5 37.7
0 6153.341 295 3.5 37.7
0 6153.451 9 3.5 37.7
0 6153.561 9 3.5 37.7
0 6153.66 10 3.5 37.7
0 6153.752 11 3.5 37.7
0 6153.958 5 3.5 37.7
0 6153.962 307 3.5 37.7
0 6154.183 5 3.5 37.7
0 6154.187 218 3.5 37.7
0 6154.292 10 3.5 37.7
0 6154.397 9 3.5 37.7
0 6154.515 8 3.5 37.7
0 6154.723 5 3.5 37.7
0 6154.738 68 3.5 37.7
0 6154.853 9 3.5 37.7
0 6154.959 10 3.5 37.7
0 6155.058 10 3.5 37.7
0 6155.16 10 3.5 37.7
0 6155.351 5 3.5 37.7
0 6155.364 76 3.5 37.7
0 6155.493 8 3.5 37.7
0 6155.582 11 3.5 37.7
0 6155.683 10 3.5 37.7
0 6155.893 5 3.5 37.7
0 6155.907 75 3.5 37.7
0 6156.036 8 3.5 37.7
0 6156.237 5 3.5 37.7
0 6156.25 74 3.5 37.7
0 6156.381 8 3.5 37.7
0 6156.483 10 3.5 37.7
0 6156.565 12 3.5 37.7
0 6156.687 8 3.5 37.7
0 6156.784 10 3.5 37.7
0 6157.074 3 3.5 37.7
0 6157.098 41 3.5 37.7
0 6157.211 9 3.5 37.7
0 6157.326 9 3.5 37.7
0 6157.515 5 3.5 37.7
0 6157.539 40 3.5 37.7
0 6157.676 7 3.5 37.7
0 6157.761 12 3.5 37.7
0 6157.852 11 3.5 37.7
0 6158.151 3 3.5 37.7
0 6158.178 37 3.5 37.7
0 6158.389 5 3.5 37.7
0 6158.414 40 3.5 37.7
0 6158.538 8 3.5 37.7
0 6158.634 10 3.5 37.7
0 6158.738 10 3.5 37.7
0 6158.835 10 3.5 37.7
0 6159.032 5 3.5 37.7
0 6159.056 42 3.5 37.7
0 6159.29 4 3.5 37.7
0 6159.312 44 3.5 37.7
0 6159.449 7 3.5 37.7
0 6159.514 15 3.5 37.7
0 6159.747 4 3.5 37.7
0 6159.769 45 3.5 37.7
0 6159.897 8 3.5 37.7
0 6160.005 9 3.5 37.7
0 6160.102 10 3.5 37.7
0 6160.214 9 3.5 37.7
0 6160.41 5 3.5 37.7
0 6160.435 40 3.5 37.7
0 6160.554 8 3.5 37.7
0 6160.676 8 3.5 37.7
0 6160.756 12 3.5 37.7
0 6160.918 6 3.5 37.7
0 6160.944 38 3.5 37.7
0 6161.064 8 3.5 37.7
0 6161.257 5 4.5 37.7
0 6161.28 43 4.5 37.7
0 6161.397 9 4.5 37.7
0 6161.585 5 4.5 37.7
0 6161.598 78 4.5 37.7
0 6161.729 8 4.5 37.7
0 6161.824 11 4.5 37.7
0 6162.099 4 4.5 37.7
0 6162.113 72 4.5 37.7
0 6162.214 10 4.5 37.7
0 6162.327 9 4.5 37.7
0 6162.532 5 4.5 37.7
0 6162.545 75 4.5 37.7
0 6162.681 7 4.5 37.7
0 6162.776 11 4.5 37.7
0 6162.872 10 4.5 37.7
0 6162.969 10 4.5 37.7
0 6163.244 4 4.5 37.7
0 6163.26 62 4.5 37.7
0 6163.484 4 4.5 37.7
0 6163.497 77 4.5 37.7
0 6163.625 8 4.5 37.7
0 6163.725 10 4.5 37.7
0 6163.826 10 4.5 37.7
0 6163.929 10 4.5 37.7
0 6164.13 5 4.5 37.7
0 6164.143 74 4.5 37.7
0 6164.368 4 4.5 37.7
0 6164.384 63 4.5 37.7
0 6164.512 8 4.5 37.7
0 6164.609 10 4.5 37.7
0 6164.802 5 4.5 37.7
0 6164.816 71 4.5 37.7
0 6164.953 7 4.5 37.7
0 6165.046 11 4.5 37.7
0 6165.143 10 4.5 37.7
0 6165.245 10 4.5 37.7
0 6165.495 4 4.5 37.7
0 6165.502 146 4.5 37.7
0 6165.611 9 4.5 37.7
0 6165.709 10 4.5 37.7
0 6165.811 10 4.5 37.7
0 6166.02 5 4.5 37.7
0 6166.026 151 4.5 37.7
0 6166.135 9 4.5 37.7
0 6166.341 5 4.5 37.7
0 6166.344 275 4.5 37.7
0 6166.454 9 4.5 37.7
0 6166.652 5 4.5 37.7
0 6166.656 258 4.5 37.7
0 6166.768 9 4.5 37.7
0 6166.866 10 4.5 37.7
0 6167.156 3 4.5 37.7
0 6167.161 213 4.5 37.7
0 6167.266 10 4.5 37.7
0 6167.37 10 4.5 37.7
0 6167.577 5 4.5 37.7
0 6167.58 294 4.5 37.7
0 6167.706 8 4.5 37.7
0 6167.792 12 4.5 37.7
0 6167.893 10 4.5 37.7
0 6167.992 10 4.5 37.7
0 6168.255 4 4.5 37.7
0 6168.262 148 4.5 37.7
0 6168.368 9 4.5 37.7
0 6168.577 5 4.5 37.7
0 6168.58 297 4.5 37.7
0 6168.691 9 4.5 37.7
0 6168.785 11 4.5 37.7
0 6168.891 9 4.5 37.7
0 6168.993 10 4.5 37.7
0 6169.193 5 4.5 37.7
0 6169.196 306 4.5 37.7
0 6169.411 5 4.5 37.7
0 6169.414 318 4.5 37.7
0 6169.527 9 4.5 37.7
0 6169.624 10 4.5 37.7
0 6169.835 5 4.5 37.7
0 6169.841 177 4.5 37.7
0 6169.948 9 4.5 37.7
0 6170.051 10 4.5 37.7
0 6170.15 10 4.5 37.7
0 6170.25 10 4.5 37.7
0 6170.538 3 4.5 37.7
0 6170.541 297 4.5 37.7
0 6170.65 9 4.5 37.7
0 6170.753 10 4.5 37.7
0 6170.855 10 4.5 37.7
0 6171.056 5 4.5 37.7
0 6171.062 159 4.5 37.7
0 6171.171 9 4.5 37.7
0 6171.369 5 4.1 37.7
0 6171.374 220 4.1 37.7
0 6171.483 9 4.1 37.7
0 6171.665 5 4.1 37.7
0 6171.673 131 4.1 37.7
0 6171.784 9 4.1 37.7
0 6171.887 10 4.1 37.7
0 6172.168 4 4.1 37.7
0 6172.172 255 4.1 37.7
0 6172.283 9 4.1 37.7
0 6172.383 10 4.1 37.7
0 6172.585 5 4.1 37.7
0 6172.588 298 4.1 37.7
0 6172.711 8 4.1 37.7
0 6172.801 11 4.1 37.7
0 6172.892 11 4.1 37.7
0 6173.003 9 4.1 37.7
0 6173.287 4 4.1 37.7
0 6173.292 206 4.1 37.7
0 6173.401 9 4.1 37.7
0 6173.604 5 4.1 37.7
0 6173.608 236 4.1 37.7
0 6173.715 9 4.1 37.7
0 6173.824 9 4.1 37.7
0 6173.916 11 4.1 37.7
0 6174.02 10 4.1 37.7
0 6174.227 5 4.1 37.7
0 6174.242 69 4.1 37.7
0 6174.35 9 4.1 37.7
0 6174.469 8 4.1 37.7
0 6174.572 10 4.1 37.7
0 6174.663 11 4.1 37.7
0 6174.874 5 4.1 37.7
0 6174.887 74 4.1 37.7
0 6175.017 8 4.1 37.7
0 6175.115 10 4.1 37.7
0 6175.189 14 4.1 37.7
0 6175.32 8 4.1 37.7
0 6175.589 4 4.1 37.7
0 6175.604 68 4.1 37.7
0 6175.729 8 4.1 37.7
0 6175.827 10 4.1 37.7
0 6175.931 10 4.1 37.7
0 6176.131 5 4.1 37.7
0 6176.146 66 4.1 37.7
0 6176.275 8 4.1 37.7
0 6176.453 6 4.1 37.7
0 6176.466 80 4.1 37.7
0 6176.598 8 4.1 37.7
0 6176.776 6 4.1 37.7
0 6176.788 81 4.1 37.7
0 6176.921 8 4.1 37.7
0 6177.184 4 4.1 37.7
0 6177.198 75 4.1 37.7
0 6177.321 8 4.1 37.7
0 6177.427 9 4.1 37.7
0 6177.622 5 4.1 37.7
0 6177.636 73 4.1 37.7
0 6177.773 7 4.1 37.7
0 6177.843 14 4.1 37.7
0 6177.941 10 4.1 37.7
0 6178.066 8 4.1 37.7
0 6178.334 4 4.1 37.7
0 6178.35 63 4.1 37.7
0 6178.47 8 4.1 37.7
0 6178.663 5 4.1 37.7
0 6178.676 76 4.1 37.7
0 6178.808 8 4.1 37.7
0 6178.902 11 4.1 37.7
0 6179.004 10 4.1 37.7
0 6179.107 10 4.1 37.7
0 6179.301 5 4.1 37.7
0 6179.314 78 4.1 37.7
0 6179.446 8 4.1 37.7
0 6179.543 10 4.1 37.7
0 6179.642 10 4.1 37.7
0 6179.741 10 4.1 37.7
0 6179.923 6 4.1 37.7
0 6179.937 70 4.1 37.7
0 6180.071 7 4.1 37.7
0 6180.168 10 4.1 37.7
0 6180.268 10 4.1 37.7
0 6180.366 10 4.1 37.7
0 6180.627 4 4.1 37.7
0 6180.642 64 4.1 37.7
0 6180.772 8 4.1 37.7
0 6180.868 10 4.1 37.7
0 6180.963 11 4.1 37.7
0 6181.239 4 4.1 37.7
0 6181.243 268 4.1 37.7
0 6181.457 5 4.6 37.7
0 6181.461 233 4.6 37.7
0 6181.573 9 4.6 37.7
0 6181.772 5 4.6 37.7
0 6181.775 329 4.6 37.7
0 6181.885 9 4.6 37.7
0 6181.991 9 4.6 37.7
0 6182.285 3 4.6 37.7
0 6182.289 277 4.6 37.7
0 6182.398 9 4.6 37.7
0 6182.505 9 4.6 37.7
0 6182.707 5 4.6 37.7
0 6182.711 254 4.6 37.7
0 6182.825 9 4.6 37.7
0 6182.922 10 4.6 37.7
0 6183.027 9 4.6 37.7
0 6183.122 11 4.6 37.7
0 6183.398 4 4.6 37.7
0 6183.413 65 4.6 37.7
0 6183.54 8 4.6 37.7
0 6183.727 5 4.6 37.7
0 6183.74 77 4.6 37.7
0 6183.854 9 4.6 37.7
0 6183.976 8 4.6 37.7
0 6184.072 10 4.6 37.7
0 6184.166 11 4.6 37.7
0 6184.272 9 4.6 37.7
0 6184.37 10 4.6 37.7
0 6184.475 10 4.6 37.7
0 6184.572 10 4.6 37.7
0 6184.672 10 4.6 37.7
0 6184.773 10 4.6 37.7
0 6184.963 5 4.6 37.7
0 6184.978 65 4.6 37.7
0 6185.108 8 4.6 37.7
0 6185.187 13 4.6 37.7
0 6185.307 8 4.6 37.7
0 6185.426 8 4.6 37.7
0 6185.5 14 4.6 37.7
0 6185.714 5 4.6 37.7
0 6185.738 41 4.6 37.7
0 6185.86 8 4.6 37.7
0 6185.977 9 4.6 37.7
0 6186.25 4 4.6 37.7
0 6186.275 41 4.6 37.7
0 6186.484 5 4.6 37.7
0 6186.508 42 4.6 37.7
0 6186.627 8 4.6 37.7
0 6186.813 5 4.6 37.7
0 6186.837 40 4.6 37.7
0 6186.968 8 4.6 37.7
0 6187.077 9 4.6 37.7
0 6187.337 4 4.6 37.7
0 6187.364 37 4.6 37.7
0 6187.501 7 4.6 37.7
0 6187.699 5 4.6 37.7
0 6187.726 38 4.6 37.7
0 6187.86 7 4.6 37.7
0 6187.958 10 4.6 37.7
0 6188.065 9 4.6 37.7
0 6188.162 10 4.6 37.7
0 6188.422 4 4.6 37.7
0 6188.448 39 4.6 37.7
0 6188.577 8 4.6 37.7
0 6188.766 5 4.6 37.7
0 6188.791 40 4.6 37.7
0 6188.93 7 4.6 37.7
0 6189.039 9 4.6 37.7
0 6189.129 11 4.6 37.7
0 6189.208 13 4.6 37.7
0 6189.327 8 4.6 37.7
0 6189.423 10 4.6 37.7
0 6189.53 9 4.6 37.7
0 6189.621 11 4.6 37.7
0 6189.717 10 4.6 37.7
0 6189.832 9 4.6 37.7
0 6190.044 5 4.6 37.7
0 6190.072 36 4.6 37.7
0 6190.196 8 4.6 37.7
0 6190.299 10 4.6 37.7
0 6190.41 9 4.6 37.7
0 6190.503 11 4.6 37.7
0 6190.571 15 4.6 37.7
0 6190.803 4 4.6 37.7
0 6190.827 42 4.6 37.7
0 6190.968 7 4.6 37.7
0 6191.06 11 4.6 37.7
0 6191.263 5 4.6 37.7
0 6191.302 26 4.6 37.7
0 6191.516 5 4.9 37.7
0 6191.561 22 4.9 37.7
0 6191.698 7 4.9 37.7
0 6191.853 6 4.9 37.7
0 6191.891 26 4.9 37.7
0 6192.038 7 4.9 37.7
0 6192.133 11 4.9 37.7
0 6192.382 4 4.9 37.7
0 6192.421 26 4.9 37.7
0 6192.551 8 4.9 37.7
0 6192.746 5 4.9 37.7
0 6192.788 24 4.9 37.7
0 6192.922 7 4.9 37.7
0 6193.013 11 4.9 37.7
0 6193.114 10 4.9 37.7
0 6193.209 11 4.9 37.7
0 6193.503 3 4.9 37.7
0 6193.538 29 4.9 37.7
0 6193.675 7 4.9 37.7
0 6193.849 6 4.9 37.7
0 6193.883 29 4.9 37.7
0 6194.019 7 4.9 37.7
0 6194.122 10 4.9 37.7
0 6194.208 12 4.9 37.7
0 6194.317 9 4.9 37.7
0 6194.411 11 4.9 37.7
0 6194.529 8 4.9 37.7
0 6194.642 9 4.9 37.7
0 6194.713 14 4.9 37.7
0 6194.825 9 4.9 37.7
0 6194.917 11 4.9 37.7
0 6195.098 6 4.9 37.7
0 6195.152 18 4.9 37.7
0 6195.26 9 4.9 37.7
0 6195.354 11 4.9 37.7
0 6195.483 8 4.9 37.7
0 6195.548 15 4.9 37.7
0 6195.692 7 4.9 37.7
0 6195.847 6 4.9 37.7
0 6195.881 30 4.9 37.7
0 6196.025 7 4.9 37.7
0 6196.127 10 4.9 37.7
0 6196.308 6 4.9 37.7
0 6196.342 30 4.9 37.7
0 6196.558 5 4.9 37.7
0 6196.614 18 4.9 37.7
0 6196.735 8 4.9 37.7
0 6196.912 6 4.9 37.7
0 6196.952 25 4.9 37.7
0 6197.103 7 4.9 37.7
0 6197.176 14 4.9 37.7
0 6197.512 3 4.9 37.7
0 6197.534 45 4.9 37.7
0 6197.754 5 4.9 37.7
0 6197.776 45 4.9 37.7
0 6197.906 8 4.9 37.7
0 6198.014 9 4.9 37.7
0 6198.184 6 4.9 37.7
0 6198.197 78 4.9 37.7
0 6198.496 3 4.9 37.7
0 6198.511 69 4.9 37.7
0 6198.638 8 4.9 37.7
0 6198.74 10 4.9 37.7
0 6198.919 6 4.9 37.7
0 6198.932 77 4.9 37.7
0 6199.067 7 4.9 37.7
0 6199.165 10 4.9 37.7
0 6199.261 10 4.9 37.7
0 6199.342 12 4.9 37.7
0 6199.463 8 4.9 37.7
0 6199.568 9 4.9 37.7
0 6199.666 10 4.9 37.7
0 6199.763 10 4.9 37.7
0 6199.839 13 4.9 37.7
0 6199.941 10 4.9 37.7
0 6200.177 4 4.9 37.7
0 6200.189 81 4.9 37.7
0 6200.329 7 4.9 37.7
0 6200.401 14 4.9 37.7
0 6200.515 9 4.9 37.7
0 6200.626 9 4.9 37.7
0 6200.725 10 4.9 37.7
0 6200.918 5 4.9 37.7
0 6200.931 77 4.9 37.7
0 6201.061 8 4.9 37.7
0 6201.167 9 4.9 37.7
0 6201.343 6 4.9 37.7
0 6201.358 69 4.9 37.7
0 6201.568 5 5.4 37.7
0 6201.581 74 5.4 37.7
0 6201.717 7 5.4 37.7
0 6201.966 4 5.4 37.7
0 6201.97 256 5.4 37.7
0 6202.079 9 5.4 37.7
0 6202.181 10 5.4 37.7
0 6202.555 3 5.4 37.7
0 6202.559 246 5.4 37.7
0 6202.771 5 5.4 37.7
0 6202.775 280 5.4 37.7
0 6202.886 9 5.4 37.7
0 6202.993 9 5.4 37.7
0 6203.191 5 5.4 37.7
0 6203.195 299 5.4 37.7
0 6203.492 3 5.4 37.7
0 6203.498 177 5.4 37.7
0 6203.608 9 5.4 37.7
0 6203.714 9 5.4 37.7
0 6203.808 11 5.4 37.7
0 6204.005 5 5.4 37.7
0 6204.011 166 5.4 37.7
0 6204.117 9 5.4 37.7
0 6204.225 9 5.4 37.7
0 6204.319 11 5.4 37.7
0 6204.42 10 5.4 37.7
0 6204.527 9 5.4 37.7
0 6204.623 10 5.4 37.7
0 6204.727 10 5.4 37.7
0 6204.837 9 5.4 37.7
0 6204.944 9 5.4 37.7
0 6205.151 5 5.4 37.7
0 6205.165 72 5.4 37.7
0 6205.288 8 5.4 37.7
0 6205.389 10 5.4 37.7
0 6205.49 10 5.4 37.7
0 6205.594 10 5.4 37.7
0 6205.695 10 5.4 37.7
0 6205.784 11 5.4 37.7
0 6205.994 5 5.4 37.7
0 6206.007 75 5.4 37.7
0 6206.138 8 5.4 37.7
0 6206.324 5 5.4 37.7
0 6206.338 72 5.4 37.7
0 6206.562 4 5.4 37.7
0 6206.574 78 5.4 37.7
0 6206.708 7 5.4 37.7
0 6206.795 11 5.4 37.7
0 6206.99 5 5.4 37.7
0 6207.004 76 5.4 37.7
0 6207.134 8 5.4 37.7
0 6207.229 11 5.4 37.7
0 6207.582 3 5.4 37.7
0 6207.596 75 5.4 37.7
0 6207.823 4 5.4 37.7
0 6207.84 61 5.4 37.7
0 6207.964 8 5.4 37.7
0 6208.064 10 5.4 37.7
0 6208.253 5 5.4 37.7
0 6208.265 80 5.4 37.7
0 6208.571 3 5.4 37.7
0 6208.584 74 5.4 37.7
0 6208.714 8 5.4 37.7
0 6208.803 11 5.4 37.7
0 6209.003 5 5.4 37.7
0 6209.017 68 5.4 37.7
0 6209.144 8 5.4 37.7
0 6209.245 10 5.4 37.7
0 6209.337 11 5.4 37.7
0 6209.446 9 5.4 37.7
0 6209.548 10 5.4 37.7
0 6209.635 12 5.4 37.7
0 6209.739 10 5.4 37.7
0 6209.834 11 5.4 37.7
0 6209.968 7 5.4 37.7
0 6210.061 11 5.4 37.7
0 6210.164 10 5.4 37.7
0 6210.255 11 5.4 37.7
0 6210.34 12 5.4 37.7
0 6210.457 9 5.4 37.7
0 6210.559 10 5.4 37.7
0 6210.665 9 5.4 37.7
0 6210.763 10 5.4 37.7
0 6210.844 12 5.4 37.7
0 6211.042 5 5.4 37.7
0 6211.068 39 5.4 37.7
0 6211.207 7 5.4 37.7
0 6211.396 5 5.4 37.7
0 6211.421 40 5.4 37.7
0 6211.643 4 4.5 37.7
0 6211.667 42 4.5 37.7
0 6211.814 7 4.5 37.7
0 6212.003 5 4.5 37.7
0 6212.026 43 4.5 37.7
0 6212.167 7 4.5 37.7
0 6212.238 14 4.5 37.7
0 6212.417 6 4.5 37.7
0 6212.61 5 4.5 37.7
0 6212.634 42 4.5 37.7
0 6212.871 4 4.5 37.7
0 6212.894 44 4.5 37.7
0 6212.999 10 4.5 37.7
0 6213.132 8 4.5 37.7
0 6213.302 6 4.5 37.7
0 6213.329 37 4.5 37.7
0 6213.62 3 4.5 37.7
0 6213.644 42 4.5 37.7
0 6213.785 7 4.5 37.7
0 6213.867 12 4.5 37.7
0 6214.087 5 4.5 37.7
0 6214.188 10 4.5 37.7
0 6214.2 78 4.5 37.7
0 6214.33 8 4.5 37.7
0 6214.409 13 4.5 37.7
0 6214.525 9 4.5 37.7
0 6214.628 10 4.5 37.7
0 6214.729 10 4.5 37.7
0 6214.83 10 4.5 37.7
0 6214.907 13 4.5 37.7
0 6215.028 8 4.5 37.7
0 6215.124 10 4.5 37.7
0 6215.227 10 4.5 37.7
0 6215.327 10 4.5 37.7
0 6215.433 9 4.5 37.7
0 6215.533 10 4.5 37.7
0 6215.631 10 4.5 37.7
0 6215.807 6 4.5 37.7
0 6215.811 324 4.5 37.7
0 6215.928 8 4.5 37.7
0 6216.118 5 4.5 37.7
0 6216.123 209 4.5 37.7
0 6216.233 9 4.5 37.7
0 6216.421 5 4.5 37.7
0 6216.425 209 4.5 37.7
0 6216.538 9 4.5 37.7
0 6216.713 6 4.5 37.7
0 6216.724 92 4.5 37.7
0 6216.839 9 4.5 37.7
0 6217.042 5 4.5 37.7
0 6217.046 249 4.5 37.7
0 6217.157 9 4.5 37.7
0 6217.26 10 4.5 37.7
0 6217.621 3 4.5 37.7
0 6217.635 73 4.5 37.7
0 6217.763 8 4.5 37.7
0 6217.937 6 4.5 37.7
0 6217.951 74 4.5 37.7
0 6218.078 8 4.5 37.7
0 6218.184 9 4.5 37.7
0 6218.367 5 4.5 37.7
0 6218.379 83 4.5 37.7
0 6218.679 3 4.5 37.7
0 6218.694 66 4.5 37.7
0 6218.825 8 4.5 37.7
0 6218.912 11 4.5 37.7
0 6219.02 9 4.5 37.7
0 6219.124 10 4.5 37.7
0 6219.311 5 4.5 37.7
0 6219.324 79 4.5 37.7
0 6219.459 7 4.5 37.7
0 6219.547 11 4.5 37.7
0 6219.655 9 4.5 37.7
0 6219.75 10 4.5 37.7
0 6219.845 11 4.5 37.7
0 6219.936 11 4.5 37.7
0 6220.058 8 4.5 37.7
0 6220.15 11 4.5 37.7
0 6220.28 8 4.5 37.7
0 6220.365 12 4.5 37.7
0 6220.474 9 4.5 37.7
0 6220.569 11 4.5 37.7
0 6220.67 10 4.5 37.7
0 6220.847 6 4.5 37.7
0 6220.871 42 4.5 37.7
0 6220.996 8 4.5 37.7
0 6221.212 5 4.5 37.7
0 6221.239 38 4.5 37.7
0 6221.357 8 4.5 37.7
0 6221.55 5 4.5 37.7
0 6221.573 44 4.5 37.7
0 6221.784 5 4.7 37.7
0 6221.806 44 4.7 37.7
0 6221.934 8 4.7 37.7
0 6222.127 5 4.7 37.7
0 6222.151 41 4.7 37.7
0 6222.279 8 4.7 37.7
0 6222.356 13 4.7 37.7
0 6222.636 4 4.7 37.7
0 6222.661 40 4.7 37.7
0 6222.782 8 4.7 37.7
0 6222.947 6 4.7 37.7
0 6222.97 44 4.7 37.7
0 6223.102 8 4.7 37.7
0 6223.193 11 4.7 37.7
0 6223.367 6 4.7 37.7
0 6223.389 45 4.7 37.7
0 6223.687 3 4.7 37.7
0 6223.712 40 4.7 37.7
0 6223.842 8 4.7 37.7
0 6223.939 10 4.7 37.7
0 6224.034 11 4.7 37.7
0 6224.143 9 4.7 37.7
0 6224.328 5 4.7 37.7
0 6224.35 44 4.7 37.7
0 6224.452 10 4.7 37.7
0 6224.583 8 4.7 37.7
0 6224.679 10 4.7 37.7
0 6224.779 10 4.7 37.7
0 6224.858 13 4.7 37.7
0 6224.97 9 4.7 37.7
0 6225.078 9 4.7 37.7
0 6225.184 9 4.7 37.7
0 6225.289 10 4.7 37.7
0 6225.366 13 4.7 37.7
0 6225.499 8 4.7 37.7
0 6225.58 12 4.7 37.7
0 6225.683 10 4.7 37.7
0 6225.854 6 4.7 37.7
0 6225.879 40 4.7 37.7
0 6226.018 7 4.7 37.7
0 6226.203 5 4.7 37.7
0 6226.227 42 4.7 37.7
0 6226.356 8 4.7 37.7
0 6226.458 10 4.7 37.7
0 6226.642 5 4.7 37.7
0 6226.667 40 4.7 37.7
0 6226.882 5 4.7 37.7
0 6226.905 44 4.7 37.7
0 6227.036 8 4.7 37.7
0 6227.255 5 4.7 37.7
0 6227.279 42 4.7 37.7
0 6227.394 9 4.7 37.7
0 6227.676 4 4.7 37.7
0 6227.699 44 4.7 37.7
0 6227.844 7 4.7 37.7
0 6228.006 6 4.7 37.7
0 6228.032 38 4.7 37.7
0 6228.165 8 4.7 37.7
0 6228.259 11 4.7 37.7
0 6228.445 5 4.7 37.7
0 6228.468 45 4.7 37.7
0 6228.773 3 4.7 37.7
0 6228.799 40 4.7 37.7
0 6228.915 9 4.7 37.7
0 6229.044 8 4.7 37.7
0 6229.136 11 4.7 37.7
0 6229.199 16 4.7 37.7
0 6229.423 4 4.7 37.7
0 6229.446 43 4.7 37.7
0 6229.575 8 4.7 37.7
0 6229.688 9 4.7 37.7
0 6229.785 10 4.7 37.7
0 6229.867 12 4.7 37.7
0 6229.961 11 4.7 37.7
0 6230.089 8 4.7 37.7
0 6230.192 10 4.7 37.7
0 6230.294 10 4.7 37.7
0 6230.376 12 4.7 37.7
0 6230.48 10 4.7 37.7
0 6230.591 9 4.7 37.7
0 6230.695 10 4.7 37.7
0 6230.793 10 4.7 37.7
0 6230.942 7 4.7 37.7
0 6230.964 45 4.7 37.7
0 6231.11 7 4.7 37.7
0 6231.301 5 4.7 37.7
0 6231.325 41 4.7 37.7
0 6231.445 8 4.7 37.7
0 6231.646 5 4.7 37.7
0 6231.671 41 4.7 37.7
0 6231.867 5 5.3 37.8
0 6231.894 36 5.3 37.8
0 6232.027 8 5.3 37.8
0 6232.116 11 5.3 37.8
0 6232.309 5 5.3 37.8
0 6232.352 23 5.3 37.8
0 6232.485 8 5.3 37.8
0 6232.748 4 5.3 37.8
0 6232.802 19 5.3 37.8
0 6232.913 9 5.3 37.8
0 6233.093 6 5.3 37.8
0 6233.146 19 5.3 37.8
0 6233.249 10 5.3 37.8
0 6233.348 10 5.3 37.8
0 6233.545 5 5.3 37.8
0 6233.592 21 5.3 37.8
0 6233.893 3 5.3 37.8
0 6233.939 22 5.3 37.8
0 6234.083 7 5.3 37.8
0 6234.154 14 5.3 37.8
0 6234.318 6 5.3 37.8
0 6234.353 29 5.3 37.8
0 6234.467 9 5.3 37.8
0 6234.587 8 5.3 37.8
0 6234.685 10 5.3 37.8
0 6234.776 11 5.3 37.8
0 6234.868 11 5.3 37.8
0 6234.956 11 5.3 37.8
0 6235.086 8 5.3 37.8
0 6235.184 10 5.3 37.8
0 6235.31 8 5.3 37.8
0 6235.367 18 5.3 37.8
0 6235.51 7 5.3 37.8
0 6235.581 14 5.3 37.8
0 6235.692 9 5.3 37.8
0 6235.812 8 5.3 37.8
0 6235.866 18 5.3 37.8
0 6236.065 5 5.3 37.8
0 6236.104 25 5.3 37.8
0 6236.243 7 5.3 37.8
0 6236.342 10 5.3 37.8
0 6236.418 13 5.3 37.8
0 6236.527 9 5.3 37.8
0 6236.715 5 5.3 37.8
0 6236.769 18 5.3 37.8
0 6236.942 6 5.3 37.8
0 6236.983 24 5.3 37.8
0 6237.116 8 5.3 37.8
0 6237.207 11 5.3 37.8
0 6237.398 5 5.3 37.8
0 6237.431 30 5.3 37.8
0 6237.587 6 5.3 37.8
0 6237.81 4 5.3 37.8
0 6237.846 27 5.3 37.8
0 6237.987 7 5.3 37.8
0 6238.16 6 5.3 37.8
0 6238.204 23 5.3 37.8
0 6238.339 7 5.3 37.8
0 6238.415 13 5.3 37.8
0 6238.606 5 5.3 37.8
0 6238.645 25 5.3 37.8
0 6238.941 3 5.3 37.8
0 6238.98 25 5.3 37.8
0 6239.108 8 5.3 37.8
0 6239.197 11 5.3 37.8
0 6239.391 5 5.3 37.8
0 6239.426 28 5.3 37.8
0 6239.569 7 5.3 37.8
0 6239.653 12 5.3 37.8
0 6239.754 10 5.3 37.8
0 6239.856 10 5.3 37.8
0 6239.95 11 5.3 37.8
0 6240.064 9 5.3 37.8
0 6240.153 11 5.3 37.8
0 6240.257 10 5.3 37.8
0 6240.349 11 5.3 37.8
0 6240.453 10 5.3 37.8
0 6240.556 10 5.3 37.8
0 6240.664 9 5.3 37.8
0 6240.832 6 5.3 37.8
0 6240.856 41 5.3 37.8
0 6241.066 5 5.3 37.8
0 6241.09 42 5.3 37.8
0 6241.219 8 5.3 37.8
0 6241.317 10 5.3 37.8
0 6241.415 10 5.3 37.8
0 6241.599 5 5.3 37.8
0 6241.7 10 5.3 37.8
0 6241.715 69 5.3 37.8
0 6241.843 8 5.3 37.8
0 6242.027 5 5.9 37.8
0 6242.04 74 5.9 37.8
0 6242.172 8 5.9 37.8
0 6242.293 8 5.9 37.8
0 6242.466 6 5.9 37.8
0 6242.493 37 5.9 37.8
0 6242.635 7 5.9 37.8
0 6242.892 4 5.9 37.8
0 6242.914 45 5.9 37.8
0 6243.044 8 5.9 37.8
0 6243.251 5 5.9 37.8
0 6243.274 44 5.9 37.8
0 6243.381 9 5.9 37.8
0 6243.503 8 5.9 37.8
0 6243.616 9 5.9 37.8
0 6243.715 10 5.9 37.8
0 6243.984 4 5.9 37.8
0 6244.01 37 5.9 37.8
0 6244.142 8 5.9 37.8
0 6244.239 10 5.9 37.8
0 6244.435 5 5.9 37.8
0 6244.46 40 5.9 37.8
0 6244.604 7 5.9 37.8
0 6244.694 11 5.9 37.8
0 6244.79 10 5.9 37.8
0 6244.865 13 5.9 37.8
0 6244.993 8 5.9 37.8
0 6245.098 10 5.9 37.8
0 6245.179 12 5.9 37.8
0 6245.289 9 5.9 37.8
0 6245.363 14 5.9 37.8
0 6245.494 8 5.9 37.8
0 6245.597 10 5.9 37.8
0 6245.68 12 5.9 37.8
0 6245.877 5 5.9 37.8
0 6245.901 42 5.9 37.8
0 6246.1 5 5.9 37.8
0 6246.123 43 5.9 37.8
0 6246.253 8 5.9 37.8
0 6246.352 10 5.9 37.8
0 6246.453 10 5.9 37.8
0 6246.633 6 5.9 37.8
0 6246.739 9 5.9 37.8
0 6246.762 43 5.9 37.8
0 6246.879 9 5.9 37.8
0 6247.08 5 5.9 37.8
0 6247.102 46 5.9 37.8
0 6247.231 8 5.9 37.8
0 6247.326 10 5.9 37.8
0 6247.514 5 5.9 37.8
0 6247.538 42 5.9 37.8
0 6247.667 8 5.9 37.8
0 6247.94 4 5.9 37.8
0 6247.963 45 5.9 37.8
0 6248.096 7 5.9 37.8
0 6248.274 6 5.9 37.8
0 6248.37 10 5.9 37.8
0 6248.387 61 5.9 37.8
0 6248.521 7 5.9 37.8
0 6248.615 11 5.9 37.8
0 6248.698 12 5.9 37.8
0 6248.804 9 5.9 37.8
0 6249.078 4 5.9 37.8
0 6249.092 71 5.9 37.8
0 6249.223 8 5.9 37.8
0 6249.322 10 5.9 37.8
0 6249.507 5 5.9 37.8
0 6249.521 71 5.9 37.8
0 6249.655 7 5.9 37.8
0 6249.75 10 5.9 37.8
0 6249.846 10 5.9 37.8
0 6249.97 8 5.9 37.8
0 6250.073 10 5.9 37.8
0 6250.166 11 5.9 37.8
0 6250.27 10 5.9 37.8
0 6250.358 11 5.9 37.8
0 6250.465 9 5.9 37.8
0 6250.56 11 5.9 37.8
0 6250.679 8 5.9 37.8
0 6250.775 10 5.9 37.8
0 6250.941 6 5.9 37.8
0 6250.966 40 5.9 37.8
0 6251.086 8 5.9 37.8
0 6251.191 10 5.9 37.8
0 6251.288 10 5.9 37.8
0 6251.375 12 5.9 37.8
0 6251.489 9 5.9 37.8
0 6251.662 6 5.9 37.8
0 6251.77 9 5.9 37.8
0 6251.794 42 5.9 37.8
0 6251.914 8 5.9 37.8
0 6252.111 5 5.0 37.8
0 6252.135 42 5.0 37.8
0 6252.259 8 5.0 37.8
0 6252.339 12 5.0 37.8
0 6252.546 5 5.0 37.8
0 6252.571 41 5.0 37.8
0 6252.684 9 5.0 37.8
0 6252.971 3 5.0 37.8
0 6252.996 40 5.0 37.8
0 6253.136 7 5.0 37.8
0 6253.326 5 5.0 37.8
0 6253.437 9 5.0 37.8
0 6253.461 41 5.0 37.8
0 6253.603 7 5.0 37.8
0 6253.703 10 5.0 37.8
0 6253.803 10 5.0 37.8
0 6253.895 11 5.0 37.8
0 6254.159 4 5.0 37.8
0 6254.183 40 5.0 37.8
0 6254.323 7 5.0 37.8
0 6254.508 5 5.0 37.8
0 6254.538 33 5.0 37.8
0 6254.672 7 5.0 37.8
0 6254.769 10 5.0 37.8
0 6254.857 11 5.0 37.8
0 6254.962 10 5.0 37.8
0 6255.075 9 5.0 37.8
0 6255.175 10 5.0 37.8
0 6255.266 11 5.0 37.8
0 6255.352 12 5.0 37.8
0 6255.55 5 5.0 37.8
0 6255.564 71 5.0 37.8
0 6255.683 8 5.0 37.8
0 6255.792 9 5.0 37.8
0 6255.952 6 5.0 37.8
0 6255.965 77 5.0 37.8
0 6256.091 8 5.0 37.8
0 6256.195 10 5.0 37.8
0 6256.296 10 5.0 37.8
0 6256.389 11 5.0 37.8
0 6256.494 9 5.0 37.8
0 6256.676 6 5.0 37.8
0 6256.774 10 5.0 37.8
0 6256.79 62 5.0 37.8
0 6256.919 8 5.0 37.8
0 6257.095 6 5.0 37.8
0 6257.109 71 5.0 37.8
0 6257.227 8 5.0 37.8
0 6257.33 10 5.0 37.8
0 6257.431 10 5.0 37.8
0 6257.618 5 5.0 37.8
0 6257.632 72 5.0 37.8
0 6257.75 8 5.0 37.8
0 6258.024 4 5.0 37.8
0 6258.037 76 5.0 37.8
0 6258.16 8 5.0 37.8
0 6258.342 5 5.0 37.8
0 6258.444 10 5.0 37.8
0 6258.458 73 5.0 37.8
0 6258.582 8 5.0 37.8
0 6258.681 10 5.0 37.8
0 6258.778 10 5.0 37.8
0 6258.861 12 5.0 37.8
0 6259.064 5 5.0 37.8
0 6259.163 10 5.0 37.8
0 6259.178 67 5.0 37.8
0 6259.3 8 5.0 37.8
0 6259.488 5 5.0 37.8
0 6259.502 71 5.0 37.8
0 6259.626 8 5.0 37.8
0 6259.736 9 5.0 37.8
0 6259.838 10 5.0 37.8
0 6259.934 10 5.0 37.8
0 6260.038 10 5.0 37.8
0 6260.141 10 5.0 37.8
0 6260.243 10 5.0 37.8
0 6260.353 9 5.0 37.8
0 6260.543 5 5.0 37.8
0 6260.567 42 5.0 37.8
0 6260.697 8 5.0 37.8
0 6260.792 11 5.0 37.8
0 6260.98 5 5.0 37.8
0 6261.005 41 5.0 37.8
0 6261.13 8 5.0 37.8
0 6261.246 9 5.0 37.8
0 6261.336 11 5.0 37.8
0 6261.428 11 5.0 37.8
0 6261.543 9 5.0 37.8
0 6261.722 6 5.0 37.8
0 6261.907 5 5.0 37.8
0 6261.92 76 5.0 37.8
0 6262.147 4 4.9 37.8
0 6262.161 73 4.9 37.8
0 6262.29 8 4.9 37.8
0 6262.369 13 4.9 37.8
0 6262.487 8 4.9 37.8
0 6262.677 5 4.9 37.8
0 6262.691 74 4.9 37.8
0 6262.813 8 4.9 37.8
0 6263.089 4 4.9 37.8
0 6263.102 75 4.9 37.8
0 6263.23 8 4.9 37.8
0 6263.403 6 4.9 37.8
0 6263.415 78 4.9 37.8
0 6263.542 8 4.9 37.8
0 6263.648 9 4.9 37.8
0 6263.747 10 4.9 37.8
0 6263.84 11 4.9 37.8
0 6263.944 10 4.9 37.8
0 6264.221 4 4.9 37.8
0 6264.237 63 4.9 37.8
0 6264.352 9 4.9 37.8
0 6264.562 5 4.9 37.8
0 6264.576 74 4.9 37.8
0 6264.705 8 4.9 37.8
0 6264.808 10 4.9 37.8
0 6264.899 11 4.9 37.8
0 6265.001 10 4.9 37.8
0 6265.101 10 4.9 37.8
0 6265.204 10 4.9 37.8
0 6265.309 9 4.9 37.8
0 6265.401 11 4.9 37.8
0 6265.591 5 4.9 37.8
0 6265.604 76 4.9 37.8
0 6265.733 8 4.9 37.8
0 6265.838 9 4.9 37.8
0 6266.028 5 4.9 37.8
0 6266.041 78 4.9 37.8
0 6266.168 8 4.9 37.8
0 6266.27 10 4.9 37.8
0 6266.367 10 4.9 37.8
0 6266.545 6 4.9 37.8
0 6266.548 322 4.9 37.8
0 6266.763 5 4.9 37.8
0 6266.934 6 4.9 37.8
0 6266.939 189 4.9 37.8
0 6267.048 9 4.9 37.8
0 6267.248 5 4.9 37.8
0 6267.252 282 4.9 37.8
0 6267.352 10 4.9 37.8
0 6267.458 9 4.9 37.8
0 6267.555 10 4.9 37.8
0 6267.765 5 4.9 37.8
0 6267.769 273 4.9 37.8
0 6267.878 9 4.9 37.8
0 6268.164 3 4.9 37.8
0 6268.167 312 4.9 37.8
0 6268.28 9 4.9 37.8
0 6268.473 5 4.9 37.8
0 6268.477 268 4.9 37.8
0 6268.59 9 4.9 37.8
0 6268.697 9 4.9 37.8
0 6268.79 11 4.9 37.8
0 6268.886 10 4.9 37.8
0 6268.989 10 4.9 37.8
0 6269.277 3 4.9 37.8
0 6269.28 301 4.9 37.8
0 6269.384 10 4.9 37.8
0 6269.592 5 4.9 37.8
0 6269.596 261 4.9 37.8
0 6269.715 8 4.9 37.8
0 6269.809 11 4.9 37.8
0 6269.908 10 4.9 37.8
0 6270.009 10 4.9 37.8
0 6270.109 10 4.9 37.8
0 6270.217 9 4.9 37.8
0 6270.31 11 4.9 37.8
0 6270.406 10 4.9 37.8
0 6270.614 5 4.9 37.8
0 6270.618 256 4.9 37.8
0 6270.738 8 4.9 37.8
0 6270.831 11 4.9 37.8
0 6270.929 10 4.9 37.8
0 6271.135 5 4.9 37.8
0 6271.139 243 4.9 37.8
0 6271.258 8 4.9 37.8
0 6271.348 11 4.9 37.8
0 6271.524 6 4.9 37.8
0 6271.54 60 4.9 37.8
0 6271.65 9 4.9 37.8
0 6271.858 5 4.9 37.8
0 6272.028 6 4.9 37.8
0 6272.031 310 4.9 37.8
0 6272.142 9 4.9 37.8
0 6272.356 5 4.4 37.8
0 6272.36 216 4.4 37.8
0 6272.471 9 4.4 37.8
0 6272.57 10 4.4 37.8
0 6272.765 5 4.4 37.8
0 6272.769 240 4.4 37.8
0 6272.889 8 4.4 37.8
0 6272.981 11 4.4 37.8
0 6273.26 4 4.4 37.8
0 6273.263 273 4.4 37.8
0 6273.374 9 4.4 37.8
0 6273.58 5 4.4 37.8
0 6273.584 271 4.4 37.8
0 6273.693 9 4.4 37.8
0 6273.796 10 4.4 37.8
0 6273.897 10 4.4 37.8
0 6274.001 10 4.4 37.8
0 6274.284 4 4.4 37.8
0 6274.288 265 4.4 37.8
0 6274.402 9 4.4 37.8
0 6274.603 5 4.4 37.8
0 6274.607 266 4.4 37.8
0 6274.72 9 4.4 37.8
0 6274.822 10 4.4 37.8
0 6274.921 10 4.4 37.8
0 6275.016 11 4.4 37.8
0 6275.122 9 4.4 37.8
0 6275.221 10 4.4 37.8
0 6275.323 10 4.4 37.8
0 6275.421 10 4.4 37.8
0 6275.619 5 4.4 37.8
0 6275.623 258 4.4 37.8
0 6275.735 9 4.4 37.8
0 6275.838 10 4.4 37.8
0 6275.936 10 4.4 37.8
0 6276.147 5 4.4 37.8
0 6276.152 207 4.4 37.8
0 6276.263 9 4.4 37.8
0 6276.353 11 4.4 37.8
0 6276.564 5 4.4 37.8
0 6276.567 282 4.4 37.8
0 6276.681 9 4.4 37.8
0 6276.888 5 4.4 37.8
0 6277.062 6 4.4 37.8
0 6277.067 199 4.4 37.8
0 6277.175 9 4.4 37.8
0 6277.381 5 4.4 37.8
0 6277.385 309 4.4 37.8
0 6277.5 9 4.4 37.8
0 6277.602 10 4.4 37.8
0 6277.798 5 4.4 37.8
0 6277.802 256 4.4 37.8
0 6277.916 9 4.4 37.8
0 6278.018 10 4.4 37.8
0 6278.295 4 4.4 37.8
0 6278.299 294 4.4 37.8
0 6278.411 9 4.4 37.8
0 6278.62 5 4.4 37.8
0 6278.623 272 4.4 37.8
0 6278.738 9 4.4 37.8
0 6278.837 10 4.4 37.8
0 6278.935 10 4.4 37.8
0 6279.035 10 4.4 37.8
0 6279.318 4 4.4 37.8
0 6279.322 263 4.4 37.8
0 6279.435 9 4.4 37.8
0 6279.63 5 4.4 37.8
0 6279.634 254 4.4 37.8
0 6279.748 9 4.4 37.8
0 6279.848 10 4.4 37.8
0 6279.937 11 4.4 37.8
0 6280.047 9 4.4 37.8
0 6280.15 10 4.4 37.8
0 6280.248 10 4.4 37.8
0 6280.349 10 4.4 37.8
0 6280.449 10 4.4 37.8
0 6280.634 5 4.4 37.8
0 6280.638 266 4.4 37.8
0 6280.753 9 4.4 37.8
0 6280.85 10 4.4 37.8
0 6280.951 10 4.4 37.8
0 6281.152 5 4.4 37.8
0 6281.156 247 4.4 37.8
0 6281.273 9 4.4 37.8
0 6281.358 12 4.4 37.8
0 6281.569 5 4.4 37.8
0 6281.572 321 4.4 37.8
0 6281.684 9 4.4 37.8
0 6281.892 5 4.4 37.8
0 6282.066 6 4.4 37.8
0 6282.07 245 4.4 37.8
0 6282.175 10 4.4 37.8
0 6282.386 5 3.6 37.8
0 6282.39 260 3.6 37.8
0 6282.504 9 3.6 37.8
0 6282.595 11 3.6 37.8
0 6282.808 5 3.6 37.8
0 6282.812 243 3.6 37.8
0 6282.927 9 3.6 37.8
0 6283.026 10 3.6 37.8
0 6283.296 4 3.6 37.8
0 6283.299 315 3.6 37.8
0 6283.403 10 3.6 37.8
0 6283.624 5 3.6 37.8
0 6283.628 264 3.6 37.8
0 6283.739 9 3.6 37.8
0 6283.843 10 3.6 37.8
0 6283.941 10 3.6 37.8
0 6284.044 10 3.6 37.8
0 6284.325 4 3.6 37.8
0 6284.329 304 3.6 37.8
0 6284.442 9 3.6 37.8
0 6284.641 5 3.6 37.8
0 6284.645 269 3.6 37.8
0 6284.75 9 3.6 37.8
0 6284.853 10 3.6 37.8
0 6284.961 9 3.6 37.8
0 6285.059 10 3.6 37.8
0 6285.16 10 3.6 37.8
0 6285.257 10 3.6 37.8
0 6285.353 10 3.6 37.8
0 6285.458 10 3.6 37.8
0 6285.657 5 3.6 37.8
0 6285.661 248 3.6 37.8
0 6285.773 9 3.6 37.8
0 6285.862 11 3.6 37.8
0 6285.974 9 3.6 37.8
0 6286.175 5 3.6 37.8
0 6286.179 211 3.6 37.8
0 6286.291 9 3.6 37.8
0 6286.39 10 3.6 37.8
0 6286.578 5 3.6 37.8
0 6286.582 289 3.6 37.8
0 6286.695 9 3.6 37.8
0 6286.9 5 3.6 37.8
0 6287.073 6 3.6 37.8
0 6287.076 269 3.6 37.8
0 6287.18 10 3.6 37.8
0 6287.396 5 3.6 37.8
0 6287.4 246 3.6 37.8
0 6287.511 9 3.6 37.8
0 6287.611 10 3.6 37.8
0 6287.818 5 3.6 37.8
0 6287.822 241 3.6 37.8
0 6287.939 9 3.6 37.8
0 6288.034 10 3.6 37.8
0 6288.317 4 3.6 37.8
0 6288.32 298 3.6 37.8
0 6288.439 8 3.6 37.8
0 6288.634 5 3.6 37.8
0 6288.638 247 3.6 37.8
0 6288.75 9 3.6 37.8
0 6288.853 10 3.6 37.8
0 6288.958 10 3.6 37.8
0 6289.048 11 3.6 37.8
0 6289.337 3 3.6 37.8
0 6289.34 306 3.6 37.8
0 6289.461 8 3.6 37.8
0 6289.638 6 3.6 37.8
0 6289.642 268 3.6 37.8
0 6289.755 9 3.6 37.8
0 6289.852 10 3.6 37.8
0 6289.964 9 3.6 37.8
0 6290.053 11 3.6 37.8
0 6290.154 10 3.6 37.8
0 6290.251 10 3.6 37.8
0 6290.355 10 3.6 37.8
0 6290.465 9 3.6 37.8
0 6290.549 12 3.6 37.8
0 6290.759 5 3.6 37.8
0 6290.763 255 3.6 37.8
0 6290.874 9 3.6 37.8
0 6290.968 11 3.6 37.8
0 6291.073 9 3.6 37.8
0 6291.293 5 3.6 37.8
0 6291.297 266 3.6 37.8
0 6291.406 9 3.6 37.8
0 6291.609 5 3.6 37.8
0 6291.612 327 3.6 37.8
0 6291.725 9 3.6 37.8
0 6291.933 5 3.6 37.8
0 6292.116 5 3.6 37.8
0 6292.12 215 3.6 37.8
0 6292.23 9 3.6 37.8
0 6292.432 5 3.9 37.8
0 6292.435 315 3.9 37.8
0 6292.547 9 3.9 37.8
0 6292.655 9 3.9 37.8
0 6292.833 6 3.9 37.8
0 6292.837 268 3.9 37.8
0 6292.947 9 3.9 37.8
0 6293.049 10 3.9 37.8
0 6293.327 4 3.9 37.8
0 6293.33 290 3.9 37.8
0 6293.441 9 3.9 37.8
0 6293.645 5 3.9 37.8
0 6293.649 249 3.9 37.8
0 6293.761 9 3.9 37.8
0 6293.858 10 3.9 37.8
0 6293.959 10 3.9 37.8
0 6294.06 10 3.9 37.8
0 6294.358 3 3.9 37.8
0 6294.364 165 3.9 37.8
0 6294.471 9 3.9 37.8
0 6294.656 5 3.9 37.8
0 6294.662 159 3.9 37.8
0 6294.773 9 3.9 37.8
0 6294.885 9 3.9 37.8
0 6294.973 11 3.9 37.8
0 6295.068 10 3.9 37.8
0 6295.174 9 3.9 37.8
0 6295.273 10 3.9 37.8
0 6295.363 11 3.9 37.8
0 6295.486 8 3.9 37.8
0 6295.569 12 3.9 37.8
0 6295.749 6 3.9 37.8
0 6295.764 69 3.9 37.8
0 6295.868 10 3.9 37.8
0 6295.987 8 3.9 37.8
0 6296.075 11 3.9 37.8
0 6296.164 11 3.9 37.8
0 6296.376 5 3.9 37.8
0 6296.38 268 3.9 37.8
0 6296.501 8 3.9 37.8
0 6296.691 5 3.9 37.8
0 6296.694 328 3.9 37.8
0 6296.806 9 3.9 37.8
0 6297.032 4 3.9 37.8
0 6297.217 5 3.9 37.8
0 6297.22 319 3.9 37.8
0 6297.432 5 3.9 37.8
0 6297.436 285 3.9 37.8
0 6297.552 9 3.9 37.8
0 6297.651 10 3.9 37.8
0 6297.843 5 3.9 37.8
0 6297.847 270 3.9 37.8
0 6297.959 9 3.9 37.8
0 6298.063 10 3.9 37.8
0 6298.343 4 3.9 37.8
0 6298.346 301 3.9 37.8
0 6298.459 9 3.9 37.8
0 6298.661 5 3.9 37.8
0 6298.665 260 3.9 37.8
0 6298.779 9 3.9 37.8
0 6298.867 11 3.9 37.8
0 6298.979 9 3.9 37.8
0 6299.076 10 3.9 37.8
0 6299.361 4 3.9 37.8
0 6299.365 253 3.9 37.8
0 6299.482 9 3.9 37.8
0 6299.566 12 3.9 37.8
0 6299.786 5 3.9 37.8
0 6299.79 256 3.9 37.8
0 6299.904 9 3.9 37.8
0 6300.006 10 3.9 37.8
0 6300.103 10 3.9 37.8
0 6300.2 10 3.9 37.8
0 6300.304 10 3.9 37.8
0 6300.392 11 3.9 37.8
0 6300.511 8 3.9 37.8
0 6300.604 11 3.9 37.8
0 6300.807 5 3.9 37.8
0 6300.811 255 3.9 37.8
0 6300.921 9 3.9 37.8
0 6301.031 9 3.9 37.8
0 6301.124 11 3.9 37.8
0 6301.221 10 3.9 37.8
0 6301.434 5 3.9 37.8
0 6301.438 292 3.9 37.8
0 6301.558 8 3.9 37.8
0 6301.753 5 3.9 37.8
0 6301.756 335 3.9 37.8
0 6301.862 9 3.9 37.8
0 6302.071 5 3.9 37.8
0 6302.251 6 3.9 37.8
0 6302.255 256 3.9 37.8
0 6302.454 5 3.9 37.8
0 6302.467 74 3.9 37.8
0 6302.596 8 3.9 37.8
0 6302.679 12 3.9 37.8
0 6302.902 4 3.9 37.8
0 6302.915 79 3.9 37.8
0 6303.036 8 3.9 37.8
0 6303.149 9 3.9 37.8
0 6303.414 4 3.9 37.8
0 6303.427 76 3.9 37.8
0 6303.552 8 3.9 37.8
0 6303.755 5 3.9 37.8
0 6303.768 74 3.9 37.8
0 6303.879 9 3.9 37.8
0 6304.002 8 3.9 37.8
0 6304.102 10 3.9 37.8
0 6304.199 10 3.9 37.8
0 6304.467 4 3.9 37.8
0 6304.481 69 3.9 37.8
0 6304.61 8 3.9 37.8
0 6304.708 10 3.9 37.8
0 6304.809 10 3.9 37.8
0 6304.899 11 3.9 37.8
0 6305.019 8 3.9 37.8
0 6305.094 13 3.9 37.8
0 6305.211 9 3.9 37.8
0 6305.292 12 3.9 37.8
0 6305.408 9 3.9 37.8
0 6305.519 9 3.9 37.8
0 6305.609 11 3.9 37.8
0 6305.801 5 3.9 37.8
0 6305.814 78 3.9 37.8
0 6305.945 8 3.9 37.8
0 6306.05 10 3.9 37.8
0 6306.146 10 3.9 37.8
0 6306.245 10 3.9 37.8
0 6306.436 5 3.9 37.8
0 6306.459 43 3.9 37.8
0 6306.598 7 3.9 37.8
0 6306.775 6 3.9 37.8
0 6306.799 42 3.9 37.8
0 6306.939 7 3.9 37.8
0 6307.129 5 3.9 37.8
0 6307.157 35 3.9 37.8
0 6307.363 5 3.9 37.8
0 6307.47 9 3.9 37.8
0 6307.494 41 3.9 37.8
0 6307.637 7 3.9 37.8
0 6307.737 10 3.9 37.8
0 6307.923 5 3.9 37.8
0 6307.949 39 3.9 37.8
0 6308.077 8 3.9 37.8
0 6308.18 10 3.9 37.8
0 6308.439 4 3.9 37.8
0 6308.462 44 3.9 37.8
0 6308.597 7 3.9 37.8
0 6308.796 5 3.9 37.8
0 6308.819 44 3.9 37.8
0 6308.966 7 3.9 37.8
0 6309.034 15 3.9 37.8
0 6309.165 8 3.9 37.8
0 6309.254 11 3.9 37.8
0 6309.513 4 3.9 37.8
0 6309.538 40 3.9 37.8
0 6309.678 7 3.9 37.8
0 6309.769 11 3.9 37.8
0 6309.866 10 3.9 37.8
0 6309.979 9 3.9 37.8
0 6310.08 10 3.9 37.8
0 6310.179 10 3.9 37.8
0 6310.261 12 3.9 37.8
0 6310.369 9 3.9 37.8
0 6310.479 9 3.9 37.8
0 6310.58 10 3.9 37.8
0 6310.67 11 3.9 37.8
0 6310.865 5 3.9 37.8
0 6310.888 43 3.9 37.8
0 6311.029 7 3.9 37.8
0 6311.134 10 3.9 37.8
0 6311.23 10 3.9 37.8
0 6311.327 10 3.9 37.8
0 6311.5 6 3.9 37.8
0 6311.523 43 3.9 37.8
0 6311.67 7 3.9 37.8
0 6311.835 6 3.9 37.8
0 6311.86 40 3.9 37.8
0 6312.007 7 3.9 37.8
0 6312.271 4 3.9 37.8
0 6312.38 9 3.9 37.8
0 6312.404 41 3.9 37.8
0 6312.531 8 5.0 37.8
0 6312.634 10 5.0 37.8
0 6312.746 9 5.0 37.8
0 6312.935 5 5.0 37.8
0 6312.96 41 5.0 37.8
0 6313.084 8 5.0 37.8
0 6313.199 9 5.0 37.8
0 6313.457 4 5.0 37.8
0 6313.482 41 5.0 37.8
0 6313.593 9 5.0 37.8
0 6313.82 4 5.0 37.8
0 6313.844 41 5.0 37.8
0 6313.973 8 5.0 37.8
0 6314.08 9 5.0 37.8
0 6314.169 11 5.0 37.8
0 6314.285 9 5.0 37.8
0 6314.531 4 5.0 37.8
0 6314.556 40 5.0 37.8
0 6314.667 9 5.0 37.8
0 6314.791 8 5.0 37.8
0 6314.869 13 5.0 37.8
0 6314.991 8 5.0 37.8
0 6315.1 9 5.0 37.8
0 6315.199 10 5.0 37.8
0 6315.289 11 5.0 37.8
0 6315.382 11 5.0 37.8
0 6315.497 9 5.0 37.8
0 6315.657 6 5.0 37.8
0 6315.67 76 5.0 37.8
0 6315.893 4 5.0 37.8
0 6315.906 76 5.0 37.8
0 6316.033 8 5.0 37.8
0 6316.136 10 5.0 37.8
0 6316.225 11 5.0 37.8
0 6316.335 9 5.0 37.8
0 6316.532 5 5.0 37.8
0 6316.545 77 5.0 37.8
0 6316.667 8 5.0 37.8
0 6316.841 6 5.0 37.8
0 6316.854 77 5.0 37.8
0 6316.971 9 5.0 37.8
0 6317.083 9 5.0 37.8
0 6317.345 4 5.0 37.8
0 6317.443 10 5.0 37.8
0 6317.458 65 5.0 37.8
0 6317.583 8 5.0 37.8
0 6317.687 10 5.0 37.8
0 6317.78 11 5.0 37.8
0 6317.954 6 5.0 37.8
0 6317.967 75 5.0 37.8
0 6318.089 8 5.0 37.8
0 6318.196 9 5.0 37.8
0 6318.45 4 5.0 37.8
0 6318.464 71 5.0 37.8
0 6318.595 8 5.0 37.8
0 6318.693 10 5.0 37.8
0 6318.888 5 5.0 37.8
0 6318.901 77 5.0 37.8
0 6319.027 8 5.0 37.8
0 6319.133 9 5.0 37.8
0 6319.229 10 5.0 37.8
0 6319.324 11 5.0 37.8
0 6319.605 4 5.0 37.8
0 6319.62 65 5.0 37.8
0 6319.823 5 5.0 37.8
0 6319.827 254 5.0 37.8
0 6319.93 10 5.0 37.8
0 6320.038 9 5.0 37.8
0 6320.144 9 5.0 37.8
0 6320.238 11 5.0 37.8
0 6320.345 9 5.0 37.8
0 6320.438 11 5.0 37.8
0 6320.538 10 5.0 37.8
0 6320.747 5 5.0 37.8
0 6320.75 298 5.0 37.8
0 6320.947 5 5.0 37.8
0 6320.951 312 5.0 37.8
0 6321.061 9 5.0 37.8
0 6321.168 9 5.0 37.8
0 6321.263 10 5.0 37.8
0 6321.366 10 5.0 37.8
0 6321.573 5 5.0 37.8
0 6321.576 299 5.0 37.8
0 6321.69 9 5.0 37.8
0 6321.893 5 5.0 37.8
0 6321.896 273 5.0 37.8
0 6322.011 9 5.0 37.8
0 6322.108 10 5.0 37.8
0 6322.4 3 5.0 37.8
0 6322.484 12 5.0 37.8
0 6322.506 46 5.0 37.8
0 6322.616 9 4.6 37.9
0 6322.72 10 4.6 37.9
0 6322.809 11 4.6 37.9
0 6323.026 5 4.6 37.9
0 6323.03 223 4.6 37.9
0 6323.143 9 4.6 37.9
0 6323.245 10 4.6 37.9
0 6323.516 4 4.6 37.9
0 6323.519 293 4.6 37.9
0 6323.634 9 4.6 37.9
0 6323.733 10 4.6 37.9
0 6323.932 5 4.6 37.9
0 6323.936 281 4.6 37.9
0 6324.049 9 4.6 37.9
0 6324.151 10 4.6 37.9
0 6324.249 10 4.6 37.9
0 6324.352 10 4.6 37.9
0 6324.638 4 4.6 37.9
0 6324.641 268 4.6 37.9
0 6324.845 5 4.6 37.9
0 6324.849 261 4.6 37.9
0 6324.96 9 4.6 37.9
0 6325.061 10 4.6 37.9
0 6325.161 10 4.6 37.9
0 6325.259 10 4.6 37.9
0 6325.363 10 4.6 37.9
0 6325.461 10 4.6 37.9
0 6325.561 10 4.6 37.9
0 6325.757 5 4.6 37.9
0 6325.77 76 4.6 37.9
0 6325.961 5 4.6 37.9
0 6325.973 80 4.6 37.9
0 6326.109 7 4.6 37.9
0 6326.208 10 4.6 37.9
0 6326.308 10 4.6 37.9
0 6326.382 13 4.6 37.9
0 6326.512 8 4.6 37.9
0 6326.607 10 4.6 37.9
0 6326.709 10 4.6 37.9
0 6326.806 10 4.6 37.9
0 6326.965 6 4.6 37.9
0 6326.984 54 4.6 37.9
0 6327.113 8 4.6 37.9
0 6327.211 10 4.6 37.9
0 6327.48 4 4.6 37.9
0 6327.579 10 4.6 37.9
0 6327.594 68 4.6 37.9
0 6327.728 7 4.6 37.9
0 6327.826 10 4.6 37.9
0 6327.916 11 4.6 37.9
0 6328.117 5 4.6 37.9
0 6328.131 72 4.6 37.9
0 6328.264 7 4.6 37.9
0 6328.361 10 4.6 37.9
0 6328.627 4 4.6 37.9
0 6328.642 68 4.6 37.9
0 6328.769 8 4.6 37.9
0 6328.951 5 4.6 37.9
0 6328.964 79 4.6 37.9
0 6329.1 7 4.6 37.9
0 6329.196 10 4.6 37.9
0 6329.296 10 4.6 37.9
0 6329.376 13 4.6 37.9
0 6329.657 4 4.6 37.9
0 6329.671 74 4.6 37.9
0 6329.884 5 4.6 37.9
0 6329.896 81 4.6 37.9
0 6330.032 7 4.6 37.9
0 6330.132 10 4.6 37.9
0 6330.235 10 4.6 37.9
0 6330.33 10 4.6 37.9
0 6330.427 10 4.6 37.9
0 6330.53 10 4.6 37.9
0 6330.63 10 4.6 37.9
0 6330.818 5 4.6 37.9
0 6330.831 77 4.6 37.9
0 6331.041 5 4.6 37.9
0 6331.055 74 4.6 37.9
0 6331.157 10 4.6 37.9
0 6331.289 8 4.6 37.9
0 6331.372 12 4.6 37.9
0 6331.491 8 4.6 37.9
0 6331.592 10 4.6 37.9
0 6331.765 6 4.6 37.9
0 6331.77 214 4.6 37.9
0 6331.957 5 4.6 37.9
0 6331.969 82 4.6 37.9
0 6332.075 9 4.6 37.9
0 6332.181 9 4.6 37.9
0 6332.386 5 4.6 37.9
0 6332.471 12 4.6 37.9
0 6332.586 9 4.6 37.9
0 6332.59 319 4.6 37.9
0 6332.702 9 4.1 37.9
0 6332.805 10 4.1 37.9
0 6332.901 10 4.1 37.9
0 6332.994 11 4.1 37.9
0 6333.215 5 4.1 37.9
0 6333.218 274 4.1 37.9
0 6333.334 9 4.1 37.9
0 6333.429 10 4.1 37.9
0 6333.725 3 4.1 37.9
0 6333.728 288 4.1 37.9
0 6333.945 5 4.1 37.9
0 6333.949 276 4.1 37.9
0 6334.06 9 4.1 37.9
0 6334.16 10 4.1 37.9
0 6334.267 9 4.1 37.9
0 6334.364 10 4.1 37.9
0 6334.461 10 4.1 37.9
0 6334.749 3 4.1 37.9
0 6334.752 309 4.1 37.9
0 6334.961 5 4.1 37.9
0 6334.965 305 4.1 37.9
0 6335.076 9 4.1 37.9
0 6335.175 10 4.1 37.9
0 6335.274 10 4.1 37.9
0 6335.373 10 4.1 37.9
0 6335.489 9 4.1 37.9
0 6335.575 12 4.1 37.9
0 6335.673 10 4.1 37.9
0 6335.881 5 4.1 37.9
0 6335.885 267 4.1 37.9
0 6336.103 5 4.1 37.9
0 6336.106 308 4.1 37.9
0 6336.216 9 4.1 37.9
0 6336.317 10 4.1 37.9
0 6336.419 10 4.1 37.9
0 6336.526 9 4.1 37.9
0 6336.622 10 4.1 37.9
0 6336.804 5 4.1 37.9
0 6336.808 278 4.1 37.9
0 6337.009 5 4.1 37.9
0 6337.012 273 4.1 37.9
0 6337.134 8 4.1 37.9
0 6337.222 11 4.1 37.9
0 6337.506 4 4.1 37.9
0 6337.592 12 4.1 37.9
0 6337.613 48 4.1 37.9
0 6337.731 8 4.1 37.9
0 6337.82 11 4.1 37.9
0 6337.92 10 4.1 37.9
0 6338.023 10 4.1 37.9
0 6338.228 5 4.1 37.9
0 6338.234 159 4.1 37.9
0 6338.342 9 4.1 37.9
0 6338.443 10 4.1 37.9
0 6338.727 4 4.1 37.9
0 6338.731 284 4.1 37.9
0 6338.947 5 4.1 37.9
0 6338.95 287 4.1 37.9
0 6339.061 9 4.1 37.9
0 6339.163 10 4.1 37.9
0 6339.251 11 4.1 37.9
0 6339.366 9 4.1 37.9
0 6339.466 10 4.1 37.9
0 6339.664 5 4.1 37.9
0 6339.753 11 4.1 37.9
0 6339.769 61 4.1 37.9
0 6339.975 5 4.1 37.9
0 6339.978 306 4.1 37.9
0 6340.091 9 4.1 37.9
0 6340.192 10 4.1 37.9
0 6340.291 10 4.1 37.9
0 6340.388 10 4.1 37.9
0 6340.501 9 4.1 37.9
0 6340.589 11 4.1 37.9
0 6340.693 10 4.1 37.9
0 6340.89 5 4.1 37.9
0 6340.893 322 4.1 37.9
0 6341.112 5 4.1 37.9
0 6341.116 276 4.1 37.9
0 6341.228 9 4.1 37.9
0 6341.329 10 4.1 37.9
0 6341.424 10 4.1 37.9
0 6341.534 9 4.1 37.9
0 6341.634 10 4.1 37.9
0 6341.835 5 4.1 37.9
0 6341.839 253 4.1 37.9
0 6342.052 5 4.1 37.9
0 6342.056 324 4.1 37.9
0 6342.173 9 4.1 37.9
0 6342.269 10 4.1 37.9
0 6342.534 4 4.1 37.9
0 6342.625 11 4.1 37.9
0 6342.641 62 4.1 37.9
0 6342.755 9 3.6 37.9
0 6342.851 10 3.6 37.9
0 6342.95 10 3.6 37.9
0 6343.044 11 3.6 37.9
0 6343.253 5 3.6 37.9
0 6343.258 216 3.6 37.9
0 6343.366 9 3.6 37.9
0 6343.457 11 3.6 37.9
0 6343.745 3 3.6 37.9
0 6343.748 312 3.6 37.9
0 6343.95 5 3.6 37.9
0 6343.954 246 3.6 37.9
0 6344.066 9 3.6 37.9
0 6344.165 10 3.6 37.9
0 6344.272 9 3.6 37.9
0 6344.369 10 3.6 37.9
0 6344.463 11 3.6 37.9
0 6344.661 5 3.6 37.9
0 6344.664 322 3.6 37.9
0 6344.885 5 3.6 37.9
0 6344.974 11 3.6 37.9
0 6344.989 66 3.6 37.9
0 6345.102 9 3.6 37.9
0 6345.2 10 3.6 37.9
0 6345.307 9 3.6 37.9
0 6345.395 11 3.6 37.9
0 6345.508 9 3.6 37.9
0 6345.601 11 3.6 37.9
0 6345.7 10 3.6 37.9
0 6345.915 5 3.6 37.9
0 6345.929 74 3.6 37.9
0 6346.157 4 3.6 37.9
0 6346.17 78 3.6 37.9
0 6346.302 8 3.6 37.9
0 6346.379 13 3.6 37.9
0 6346.478 10 3.6 37.9
0 6346.602 8 3.6 37.9
0 6346.708 9 3.6 37.9
0 6346.815 9 3.6 37.9
0 6346.898 12 3.6 37.9
0 6347.015 9 3.6 37.9
0 6347.125 9 3.6 37.9
0 6347.216 11 3.6 37.9
0 6347.322 9 3.6 37.9
0 6347.56 4 3.6 37.9
0 6347.675 9 3.6 37.9
0 6347.699 42 3.6 37.9
0 6347.837 7 3.6 37.9
0 6347.905 15 3.6 37.9
0 6348.021 9 3.6 37.9
0 6348.137 9 3.6 37.9
0 6348.328 5 3.6 37.9
0 6348.368 25 3.6 37.9
0 6348.479 9 3.6 37.9
0 6348.596 9 3.6 37.9
0 6348.842 4 3.6 37.9
0 6348.868 39 3.6 37.9
0 6349.078 5 3.6 37.9
0 6349.104 38 3.6 37.9
0 6349.242 7 3.6 37.9
0 6349.325 12 3.6 37.9
0 6349.431 9 3.6 37.9
0 6349.518 11 3.6 37.9
0 6349.728 5 3.6 37.9
0 6349.752 42 3.6 37.9
0 6349.979 4 3.6 37.9
0 6350.09 9 3.6 37.9
0 6350.115 40 3.6 37.9
0 6350.257 7 3.6 37.9
0 6350.358 10 3.6 37.9
0 6350.436 13 3.6 37.9
0 6350.549 9 3.6 37.9
0 6350.663 9 3.6 37.9
0 6350.746 12 3.6 37.9
0 6350.936 5 3.6 37.9
0 6350.959 43 3.6 37.9
0 6351.178 5 3.6 37.9
0 6351.204 38 3.6 37.9
0 6351.341 7 3.6 37.9
0 6351.423 12 3.6 37.9
0 6351.549 8 3.6 37.9
0 6351.633 12 3.6 37.9
0 6351.725 11 3.6 37.9
0 6351.82 11 3.6 37.9
0 6351.921 10 3.6 37.9
0 6352.031 9 3.6 37.9
0 6352.122 11 3.6 37.9
0 6352.247 8 3.6 37.9
0 6352.325 13 3.6 37.9
0 6352.593 4 3.6 37.9
0 6352.702 9 3.6 37.9
0 6352.724 44 3.6 37.9
0 6352.854 8 4.7 37.9
0 6352.962 9 4.7 37.9
0 6353.044 12 4.7 37.9
0 6353.134 11 4.7 37.9
0 6353.331 5 4.7 37.9
0 6353.358 38 4.7 37.9
0 6353.473 9 4.7 37.9
0 6353.573 10 4.7 37.9
0 6353.756 5 4.7 37.9
0 6353.869 9 4.7 37.9
0 6353.893 41 4.7 37.9
0 6354.105 5 4.7 37.9
0 6354.128 43 4.7 37.9
0 6354.246 8 4.7 37.9
0 6354.349 10 4.7 37.9
0 6354.447 10 4.7 37.9
0 6354.549 10 4.7 37.9
0 6354.729 6 4.7 37.9
0 6354.753 41 4.7 37.9
0 6354.866 9 4.7 37.9
0 6355.068 5 4.7 37.9
0 6355.179 9 4.7 37.9
0 6355.203 41 4.7 37.9
0 6355.393 5 4.7 37.9
0 6355.407 70 4.7 37.9
0 6355.532 8 4.7 37.9
0 6355.631 10 4.7 37.9
0 6355.729 10 4.7 37.9
0 6355.831 10 4.7 37.9
0 6356.011 6 4.7 37.9
0 6356.036 40 4.7 37.9
0 6356.231 5 4.7 37.9
0 6356.254 43 4.7 37.9
0 6356.368 9 4.7 37.9
0 6356.48 9 4.7 37.9
0 6356.583 10 4.7 37.9
0 6356.688 10 4.7 37.9
0 6356.791 10 4.7 37.9
0 6356.885 11 4.7 37.9
0 6356.989 10 4.7 37.9
0 6357.092 10 4.7 37.9
0 6357.185 11 4.7 37.9
0 6357.289 10 4.7 37.9
0 6357.386 10 4.7 37.9
0 6357.642 4 4.7 37.9
0 6357.757 9 4.7 37.9
0 6357.781 42 4.7 37.9
0 6357.903 8 4.7 37.9
0 6358.009 9 4.7 37.9
0 6358.111 10 4.7 37.9
0 6358.187 13 4.7 37.9
0 6358.406 5 4.7 37.9
0 6358.43 41 4.7 37.9
0 6358.543 9 4.7 37.9
0 6358.674 8 4.7 37.9
0 6358.915 4 4.7 37.9
0 6358.939 42 4.7 37.9
0 6359.168 4 4.7 37.9
0 6359.191 43 4.7 37.9
0 6359.333 7 4.7 37.9
0 6359.399 15 4.7 37.9
0 6359.535 7 4.7 37.9
0 6359.623 11 4.7 37.9
0 6359.728 9 4.7 37.9
0 6359.823 11 4.7 37.9
0 6359.897 14 4.7 37.9
0 6360.118 5 4.7 37.9
0 6360.226 9 4.7 37.9
0 6360.249 43 4.7 37.9
0 6360.489 4 4.7 37.9
0 6360.536 22 4.7 37.9
0 6360.673 7 4.7 37.9
0 6360.777 10 4.7 37.9
0 6360.875 10 4.7 37.9
0 6361.033 6 4.7 37.9
0 6361.069 28 4.7 37.9
0 6361.299 4 4.7 37.9
0 6361.408 9 4.7 37.9
0 6361.431 43 4.7 37.9
0 6361.554 8 4.7 37.9
0 6361.678 8 4.7 37.9
0 6361.775 10 4.7 37.9
0 6361.876 10 4.7 37.9
0 6361.974 10 4.7 37.9
0 6362.066 11 4.7 37.9
0 6362.157 11 4.7 37.9
0 6362.269 9 4.7 37.9
0 6362.36 11 4.7 37.9
0 6362.45 11 4.7 37.9
0 6362.653 5 4.7 37.9
0 6362.678 40 4.7 37.9
0 6362.882 5 5.4 37.9
0 6362.906 41 5.4 37.9
0 6363.046 7 5.4 37.9
0 6363.141 11 5.4 37.9
0 6363.241 10 5.4 37.9
0 6363.415 6 5.4 37.9
0 6363.439 43 5.4 37.9
0 6363.567 8 5.4 37.9
0 6363.678 9 5.4 37.9
0 6363.939 4 5.4 37.9
0 6363.963 42 5.4 37.9
0 6364.189 4 5.4 37.9
0 6364.214 41 5.4 37.9
0 6364.353 7 5.4 37.9
0 6364.437 12 5.4 37.9
0 6364.513 13 5.4 37.9
0 6364.65 7 5.4 37.9
0 6364.753 10 5.4 37.9
0 6364.85 10 5.4 37.9
0 6364.951 10 5.4 37.9
0 6365.022 14 5.4 37.9
0 6365.245 4 5.4 37.9
0 6365.362 9 5.4 37.9
0 6365.386 42 5.4 37.9
0 6365.619 4 5.4 37.9
0 6365.642 43 5.4 37.9
0 6365.781 7 5.4 37.9
0 6365.876 10 5.4 37.9
0 6366.057 6 5.4 37.9
0 6366.081 41 5.4 37.9
0 6366.299 5 5.4 37.9
0 6366.322 43 5.4 37.9
0 6366.531 5 5.4 37.9
0 6366.63 10 5.4 37.9
0 6366.645 64 5.4 37.9
0 6366.765 8 5.4 37.9
0 6366.863 10 5.4 37.9
0 6366.964 10 5.4 37.9
0 6367.069 10 5.4 37.9
0 6367.168 10 5.4 37.9
0 6367.263 11 5.4 37.9
0 6367.365 10 5.4 37.9
0 6367.45 12 5.4 37.9
0 6367.654 5 5.4 37.9
0 6367.669 67 5.4 37.9
0 6367.788 8 5.4 37.9
0 6367.966 6 5.4 37.9
0 6367.98 75 5.4 37.9
0 6368.105 8 5.4 37.9
0 6368.205 10 5.4 37.9
0 6368.299 11 5.4 37.9
0 6368.479 6 5.4 37.9
0 6368.492 76 5.4 37.9
0 6368.619 8 5.4 37.9
0 6368.727 9 5.4 37.9
0 6368.99 4 5.4 37.9
0 6369.002 79 5.4 37.9
0 6369.235 4 5.4 37.9
0 6369.25 66 5.4 37.9
0 6369.378 8 5.4 37.9
0 6369.479 10 5.4 37.9
0 6369.579 10 5.4 37.9
0 6369.684 9 5.4 37.9
0 6369.786 10 5.4 37.9
0 6369.878 11 5.4 37.9
0 6369.981 10 5.4 37.9
0 6370.093 9 5.4 37.9
0 6370.288 5 5.4 37.9
0 6370.41 8 5.4 37.9
0 6370.433 43 5.4 37.9
0 6370.653 5 5.4 37.9
0 6370.676 43 5.4 37.9
0 6370.821 7 5.4 37.9
0 6370.895 14 5.4 37.9
0 6371.097 5 5.4 37.9
0 6371.122 39 5.4 37.9
0 6371.362 4 5.4 37.9
0 6371.388 39 5.4 37.9
0 6371.522 7 5.4 37.9
0 6371.7 6 5.4 37.9
0 6371.726 40 5.4 37.9
0 6371.858 8 5.4 37.9
0 6371.963 10 5.4 37.9
0 6372.045 12 5.4 37.9
0 6372.156 9 5.4 37.9
0 6372.259 10 5.4 37.9
0 6372.359 10 5.4 37.9
0 6372.448 11 5.4 37.9
0 6372.553 10 5.4 37.9
0 6372.745 5 5.4 37.9
0 6372.77 40 5.4 37.9
0 6372.988 5 4.9 37.9
0 6373.013 39 4.9 37.9
0 6373.13 9 4.9 37.9
0 6373.23 10 4.9 37.9
0 6373.349 8 4.9 37.9
0 6373.501 7 4.9 37.9
0 6373.523 44 4.9 37.9
0 6373.668 7 4.9 37.9
0 6373.766 10 4.9 37.9
0 6374.021 4 4.9 37.9
0 6374.045 42 4.9 37.9
0 6374.271 4 4.9 37.9
0 6374.294 43 4.9 37.9
0 6374.413 8 4.9 37.9
0 6374.536 8 4.9 37.9
0 6374.629 11 4.9 37.9
0 6374.743 9 4.9 37.9
0 6374.834 11 4.9 37.9
0 6374.926 11 4.9 37.9
0 6375.036 9 4.9 37.9
0 6375.129 11 4.9 37.9
0 6375.312 5 4.9 37.9
0 6375.432 8 4.9 37.9
0 6375.455 44 4.9 37.9
0 6375.659 5 4.9 37.9
0 6375.682 44 4.9 37.9
0 6375.814 8 4.9 37.9
0 6375.976 6 4.9 37.9
0 6375.989 76 4.9 37.9
0 6376.209 5 4.9 37.9
0 6376.222 80 4.9 37.9
0 6376.446 4 4.9 37.9
0 6376.459 77 4.9 37.9
0 6376.589 8 4.9 37.9
0 6376.777 5 4.9 37.9
0 6376.789 80 4.9 37.9
0 6376.899 9 4.9 37.9
0 6377.009 9 4.9 37.9
0 6377.112 10 4.9 37.9
0 6377.218 9 4.9 37.9
0 6377.32 10 4.9 37.9
0 6377.406 12 4.9 37.9
0 6377.518 9 4.9 37.9
0 6377.612 11 4.9 37.9
0 6377.812 5 4.9 37.9
0 6377.826 75 4.9 37.9
0 6378.048 4 4.9 37.9
0 6378.061 78 4.9 37.9
0 6378.192 8 4.9 37.9
0 6378.288 10 4.9 37.9
0 6378.385 10 4.9 37.9
0 6378.583 5 4.9 37.9
0 6378.597 74 4.9 37.9
0 6378.725 8 4.9 37.9
0 6378.824 10 4.9 37.9
0 6379.091 4 4.9 37.9
0 6379.104 77 4.9 37.9
0 6379.309 5 4.9 37.9
0 6379.322 76 4.9 37.9
0 6379.439 9 4.9 37.9
0 6379.542 10 4.9 37.9
0 6379.649 9 4.9 37.9
0 6379.753 10 4.9 37.9
0 6379.853 10 4.9 37.9
0 6379.936 12 4.9 37.9
0 6380.053 9 4.9 37.9
0 6380.142 11 4.9 37.9
0 6380.356 5 4.9 37.9
0 6380.464 9 4.9 37.9
0 6380.476 82 4.9 37.9
0 6380.665 5 4.9 37.9
0 6380.677 78 4.9 37.9
0 6380.809 8 4.9 37.9
0 6380.889 13 4.9 37.9
0 6381.1 5 4.9 37.9
0 6381.114 72 4.9 37.9
0 6381.332 5 4.9 37.9
0 6381.346 72 4.9 37.9
0 6381.568 4 4.9 37.9
0 6381.581 78 4.9 37.9
0 6381.805 4 4.9 37.9
0 6381.818 76 4.9 37.9
0 6381.951 8 4.9 37.9
0 6382.048 10 4.9 37.9
0 6382.149 10 4.9 37.9
0 6382.323 6 4.9 37.9
0 6382.326 298 4.9 37.9
0 6382.439 9 4.9 37.9
0 6382.542 10 4.9 37.9
0 6382.637 11 4.9 37.9
0 6382.836 5 4.9 37.9
0 6382.841 212 4.9 37.9
0 6382.952 9 4.9 37.9
0 6383.155 5 4.6 37.9
0 6383.159 302 4.6 37.9
0 6383.26 10 4.6 37.9
0 6383.376 9 4.6 37.9
0 6383.47 11 4.6 37.9
0 6383.677 5 4.6 37.9
0 6383.682 229 4.6 37.9
0 6383.792 9 4.6 37.9
0 6383.884 11 4.6 37.9
0 6384.178 3 4.6 37.9
0 6384.182 247 4.6 37.9
0 6384.393 5 4.6 37.9
0 6384.398 227 4.6 37.9
0 6384.51 9 4.6 37.9
0 6384.607 10 4.6 37.9
0 6384.713 9 4.6 37.9
0 6384.81 10 4.6 37.9
0 6384.915 10 4.6 37.9
0 6385.01 10 4.6 37.9
0 6385.108 10 4.6 37.9
0 6385.212 10 4.6 37.9
0 6385.419 5 4.6 37.9
0 6385.507 11 4.6 37.9
0 6385.527 49 4.6 37.9
0 6385.74 5 4.6 37.9
0 6385.745 208 4.6 37.9
0 6385.847 10 4.6 37.9
0 6385.956 9 4.6 37.9
0 6386.152 5 4.6 37.9
0 6386.155 297 4.6 37.9
0 6386.359 5 4.6 37.9
0 6386.363 264 4.6 37.9
0 6386.565 5 4.6 37.9
0 6386.569 227 4.6 37.9
0 6386.682 9 4.6 37.9
0 6386.886 5 4.6 37.9
0 6386.89 267 4.6 37.9
0 6386.99 10 4.6 37.9
0 6387.106 9 4.6 37.9
0 6387.203 10 4.6 37.9
0 6387.401 5 4.6 37.9
0 6387.405 280 4.6 37.9
0 6387.515 9 4.6 37.9
0 6387.621 9 4.6 37.9
0 6387.718 10 4.6 37.9
0 6387.921 5 4.6 37.9
0 6387.926 202 4.6 37.9
0 6388.034 9 4.6 37.9
0 6388.244 5 4.6 37.9
0 6388.247 293 4.6 37.9
0 6388.358 9 4.6 37.9
0 6388.465 9 4.6 37.9
0 6388.557 11 4.6 37.9
0 6388.757 5 4.6 37.9
0 6388.761 240 4.6 37.9
0 6388.871 9 4.6 37.9
0 6388.977 9 4.6 37.9
0 6389.252 4 4.6 37.9
0 6389.257 244 4.6 37.9
0 6389.464 5 4.6 37.9
0 6389.468 246 4.6 37.9
0 6389.58 9 4.6 37.9
0 6389.674 11 4.6 37.9
0 6389.77 10 4.6 37.9
0 6389.88 9 4.6 37.9
0 6389.983 10 4.6 37.9
0 6390.069 12 4.6 37.9
0 6390.186 9 4.6 37.9
0 6390.282 10 4.6 37.9
0 6390.465 5 4.6 37.9
0 6390.555 11 4.6 37.9
0 6390.572 60 4.6 37.9
0 6390.78 5 4.6 37.9
0 6390.784 226 4.6 37.9
0 6390.89 9 4.6 37.9
0 6390.992 10 4.6 37.9
0 6391.2 5 4.6 37.9
0 6391.205 214 4.6 37.9
0 6391.413 5 4.6 37.9
0 6391.416 279 4.6 37.9
0 6391.63 5 4.6 37.9
0 6391.634 225 4.6 37.9
0 6391.751 9 4.6 37.9
0 6391.938 5 4.6 37.9
0 6391.941 293 4.6 37.9
0 6392.052 9 4.6 37.9
0 6392.156 10 4.6 37.9
0 6392.26 10 4.6 37.9
0 6392.453 5 4.6 37.9
0 6392.456 326 4.6 37.9
0 6392.561 9 4.6 37.9
0 6392.671 9 4.6 37.9
0 6392.776 10 4.6 37.9
0 6392.965 5 4.6 37.9
0 6392.969 254 4.6 37.9
0 6393.079 9 4.6 37.9
0 6393.3 5 3.7 37.9
0 6393.314 71 3.7 37.9
0 6393.439 8 3.7 37.9
0 6393.544 10 3.7 37.9
0 6393.643 10 3.7 37.9
0 6393.842 5 3.7 37.9
0 6393.857 64 3.7 37.9
0 6393.987 8 3.7 37.9
0 6394.083 10 3.7 37.9
0 6394.349 4 3.7 37.9
0 6394.364 70 3.7 37.9
0 6394.582 5 3.7 37.9
0 6394.596 70 3.7 37.9
0 6394.715 8 3.7 37.9
0 6394.827 9 3.7 37.9
0 6394.903 13 3.7 37.9
0 6395.021 8 3.7 37.9
0 6395.115 11 3.7 37.9
0 6395.217 10 3.7 37.9
0 6395.323 9 3.7 37.9
0 6395.491 6 3.7 37.9
0 6395.6 9 3.7 37.9
0 6395.612 81 3.7 37.9
0 6395.828 5 3.7 37.9
0 6395.842 72 3.7 37.9
0 6395.953 9 3.7 37.9
0 6396.073 8 3.7 37.9
0 6396.279 5 3.7 37.9
0 6396.293 74 3.7 37.9
0 6396.4 9 3.7 37.9
0 6396.51 9 3.7 37.9
0 6396.719 5 3.7 37.9
0 6396.733 70 3.7 37.9
0 6396.865 8 3.7 37.9
0 6397.021 6 3.7 37.9
0 6397.034 79 3.7 37.9
0 6397.166 8 3.7 37.9
0 6397.265 10 3.7 37.9
0 6397.367 10 3.7 37.9
0 6397.54 6 3.7 37.9
0 6397.554 72 3.7 37.9
0 6397.684 8 3.7 37.9
0 6397.786 10 3.7 37.9
0 6397.984 5 3.7 37.9
0 6397.997 72 3.7 37.9
0 6398.126 8 3.7 37.9
0 6398.311 5 3.7 37.9
0 6398.326 69 3.7 37.9
0 6398.429 10 3.7 37.9
0 6398.558 8 3.7 37.9
0 6398.646 11 3.7 37.9
0 6398.741 11 3.7 37.9
0 6398.953 5 3.7 37.9
0 6398.967 70 3.7 37.9
0 6399.099 8 3.7 37.9
0 6399.364 4 3.7 37.9
0 6399.379 70 3.7 37.9
0 6399.492 9 3.7 37.9
0 6399.704 5 3.7 37.9
0 6399.717 75 3.7 37.9
0 6399.845 8 3.7 37.9
0 6399.94 10 3.7 37.9
0 6400.039 10 3.7 37.9
0 6400.153 9 3.7 37.9
0 6400.24 12 3.7 37.9
0 6400.345 10 3.7 37.9
0 6400.532 5 3.7 37.9
0 6400.642 9 3.7 37.9
0 6400.655 79 3.7 37.9
0 6400.879 4 3.7 37.9
0 6400.892 75 3.7 37.9
0 6401.023 8 3.7 37.9
0 6401.121 10 3.7 37.9
0 6401.314 5 3.7 37.9
0 6401.327 76 3.7 37.9
0 6401.448 8 3.7 37.9
0 6401.563 9 3.7 37.9
0 6401.746 5 3.7 37.9
0 6401.76 74 3.7 37.9
0 6401.89 8 3.7 37.9
0 6402.075 5 3.7 37.9
0 6402.088 76 3.7 37.9
0 6402.213 8 3.7 37.9
0 6402.32 9 3.7 37.9
0 6402.406 12 3.7 37.9
0 6402.583 6 3.7 37.9
0 6402.596 75 3.7 37.9
0 6402.722 8 3.7 37.9
0 6402.828 9 3.7 37.9
0 6402.997 6 3.7 37.9
0 6403.011 73 3.7 37.9
0 6403.142 8 3.7 37.9
0 6403.326 5 4.6 37.9
0 6403.34 70 4.6 37.9
0 6403.456 9 4.6 37.9
0 6403.572 9 4.6 37.9
0 6403.674 10 4.6 37.9
0 6403.762 11 4.6 37.9
0 6403.959 5 4.6 37.9
0 6403.972 76 4.6 37.9
0 6404.095 8 4.6 37.9
0 6404.369 4 4.6 37.9
0 6404.383 74 4.6 37.9
0 6404.509 8 4.6 37.9
0 6404.698 5 4.6 37.9
0 6404.712 75 4.6 37.9
0 6404.851 7 4.6 37.9
0 6404.959 9 4.6 37.9
0 6405.059 10 4.6 37.9
0 6405.161 10 4.6 37.9
0 6405.265 10 4.6 37.9
0 6405.361 10 4.6 37.9
0 6405.561 5 4.6 37.9
0 6405.752 5 4.6 37.9
0 6405.767 66 4.6 37.9
0 6405.964 5 4.6 37.9
0 6405.978 68 4.6 37.9
0 6406.107 8 4.6 37.9
0 6406.206 10 4.6 37.9
0 6406.403 5 4.6 37.9
0 6406.417 73 4.6 37.9
0 6406.547 8 4.6 37.9
0 6406.646 10 4.6 37.9
0 6406.834 5 4.6 37.9
0 6406.847 76 4.6 37.9
0 6407.068 5 4.6 37.9
0 6407.083 69 4.6 37.9
0 6407.21 8 4.6 37.9
0 6407.284 14 4.6 37.9
0 6407.402 8 4.6 37.9
0 6407.501 10 4.6 37.9
0 6407.597 10 4.6 37.9
0 6407.7 10 4.6 37.9
0 6407.791 11 4.6 37.9
0 6407.898 9 4.6 37.9
0 6408.111 5 4.6 37.9
0 6408.127 63 4.6 37.9
0 6408.335 5 4.6 37.9
0 6408.348 79 4.6 37.9
0 6408.468 8 4.6 37.9
0 6408.578 9 4.6 37.9
0 6408.684 9 4.6 37.9
0 6408.793 9 4.6 37.9
0 6408.976 5 4.6 37.9
0 6408.999 44 4.6 37.9
0 6409.137 7 4.6 37.9
0 6409.401 4 4.6 37.9
0 6409.425 43 4.6 37.9
0 6409.563 7 4.6 37.9
0 6409.739 6 4.6 37.9
0 6409.761 44 4.6 37.9
0 6409.894 8 4.6 37.9
0 6410.014 8 4.6 37.9
0 6410.106 11 4.6 37.9
0 6410.185 13 4.6 37.9
0 6410.283 10 4.6 37.9
0 6410.386 10 4.6 37.9
0 6410.485 10 4.6 37.9
0 6410.59 10 4.6 37.9
0 6410.833 4 4.6 37.9
0 6410.858 41 4.6 37.9
0 6411.07 5 4.6 37.9
0 6411.098 36 4.6 37.9
0 6411.216 8 4.6 37.9
0 6411.42 5 4.6 37.9
0 6411.443 44 4.6 37.9
0 6411.569 8 4.6 37.9
0 6411.666 10 4.6 37.9
0 6411.86 5 4.6 37.9
0 6411.886 39 4.6 37.9
0 6412.091 5 4.6 37.9
0 6412.117 39 4.6 37.9
0 6412.243 8 4.6 37.9
0 6412.335 11 4.6 37.9
0 6412.425 11 4.6 37.9
0 6412.522 10 4.6 37.9
0 6412.639 9 4.6 37.9
0 6412.737 10 4.6 37.9
0 6412.84 10 4.6 37.9
0 6412.938 10 4.6 37.9
0 6413.121 5 4.6 37.9
0 6413.145 41 4.6 37.9
0 6413.355 5 4.8 37.9
0 6413.379 42 4.8 37.9
0 6413.495 9 4.8 37.9
0 6413.616 8 4.8 37.9
0 6413.709 11 4.8 37.9
0 6413.821 9 4.8 37.9
0 6413.999 6 4.8 37.9
0 6414.021 44 4.8 37.9
0 6414.16 7 4.8 37.9
0 6414.421 4 4.8 37.9
0 6414.444 42 4.8 37.9
0 6414.579 7 4.8 37.9
0 6414.76 6 4.8 37.9
0 6414.784 42 4.8 37.9
0 6414.916 8 4.8 37.9
0 6415.007 11 4.8 37.9
0 6415.123 9 4.8 37.9
0 6415.217 11 4.8 37.9
0 6415.315 10 4.8 37.9
0 6415.406 11 4.8 37.9
0 6415.531 8 4.8 37.9
0 6415.606 13 4.8 37.9
0 6415.958 3 4.8 37.9
0 6415.973 67 4.8 37.9
0 6416.193 5 4.8 37.9
0 6416.206 77 4.8 37.9
0 6416.332 8 4.8 37.9
0 6416.5 6 4.8 37.9
0 6416.514 76 4.8 37.9
0 6416.654 7 4.8 37.9
0 6416.744 11 4.8 37.9
0 6416.929 5 4.8 37.9
0 6416.942 79 4.8 37.9
0 6417.164 5 4.8 37.9
0 6417.177 76 4.8 37.9
0 6417.289 9 4.8 37.9
0 6417.391 10 4.8 37.9
0 6417.508 9 4.8 37.9
0 6417.61 10 4.8 37.9
0 6417.713 10 4.8 37.9
0 6417.794 12 4.8 37.9
0 6417.898 10 4.8 37.9
0 6418.011 9 4.8 37.9
0 6418.196 5 4.8 37.9
0 6418.212 63 4.8 37.9
0 6418.397 5 4.8 37.9
0 6418.41 79 4.8 37.9
0 6418.541 8 4.8 37.9
0 6418.645 10 4.8 37.9
0 6418.745 10 4.8 37.9
0 6418.827 12 4.8 37.9
0 6419.019 5 4.8 37.9
0 6419.033 73 4.8 37.9
0 6419.143 9 4.8 37.9
0 6419.426 4 4.8 37.9
0 6419.439 79 4.8 37.9
0 6419.574 7 4.8 37.9
0 6419.674 10 4.8 37.9
0 6419.851 6 4.8 37.9
0 6419.865 73 4.8 37.9
0 6420.003 7 4.8 37.9
0 6420.099 10 4.8 37.9
0 6420.198 10 4.8 37.9
0 6420.295 10 4.8 37.9
0 6420.391 10 4.8 37.9
0 6420.501 9 4.8 37.9
0 6420.595 11 4.8 37.9
0 6420.701 9 4.8 37.9
0 6421.024 3 4.8 37.9
0 6421.038 75 4.8 37.9
0 6421.261 4 4.8 37.9
0 6421.275 70 4.8 37.9
0 6421.394 8 4.8 37.9
0 6421.573 6 4.8 37.9
0 6421.587 71 4.8 37.9
0 6421.695 9 4.8 37.9
0 6421.799 10 4.8 37.9
0 6421.991 5 4.8 37.9
0 6422.078 12 4.8 37.9
0 6422.192 9 4.8 37.9
0 6422.195 275 4.8 37.9
0 6422.311 9 4.8 37.9
0 6422.396 12 4.8 37.9
0 6422.507 9 4.8 37.9
0 6422.607 10 4.8 37.9
0 6422.715 9 4.8 37.9
0 6422.812 10 4.8 37.9
0 6422.896 12 4.8 37.9
0 6423.009 9 4.8 37.9
0 6423.216 5 4.8 37.9
0 6423.221 197 4.8 37.9
0 6423.424 5 4.6 37.9
0 6423.428 312 4.6 37.9
0 6423.54 9 4.6 37.9
0 6423.641 10 4.6 37.9
0 6423.749 9 4.6 37.9
0 6423.843 11 4.6 37.9
0 6424.045 5 4.6 37.9
0 6424.048 274 4.6 37.9
0 6424.162 9 4.6 37.9
0 6424.445 4 4.6 37.9
0 6424.448 323 4.6 37.9
0 6424.562 9 4.6 37.9
0 6424.662 10 4.6 37.9
0 6424.869 5 4.6 37.9
0 6424.873 237 4.6 37.9
0 6424.99 9 4.6 37.9
0 6425.086 10 4.6 37.9
0 6425.185 10 4.6 37.9
0 6425.281 10 4.6 37.9
0 6425.385 10 4.6 37.9
0 6425.493 9 4.6 37.9
0 6425.586 11 4.6 37.9
0 6425.686 10 4.6 37.9
0 6426.068 3 4.6 37.9
0 6426.083 70 4.6 37.9
0 6426.314 4 4.6 37.9
0 6426.328 69 4.6 37.9
0 6426.455 8 4.6 37.9
0 6426.643 5 4.6 37.9
0 6426.658 64 4.6 37.9
0 6426.788 8 4.6 37.9
0 6426.873 12 4.6 37.9
0 6426.989 9 4.6 37.9
0 6427.176 5 4.6 37.9
0 6427.277 10 4.6 37.9
0 6427.29 77 4.6 37.9
0 6427.401 9 4.6 37.9
0 6427.511 9 4.6 37.9
0 6427.61 10 4.6 37.9
0 6427.711 10 4.6 37.9
0 6427.823 9 4.6 37.9
0 6427.9 13 4.6 37.9
0 6428.016 9 4.6 37.9
0 6428.218 5 4.6 37.9
0 6428.232 74 4.6 37.9
0 6428.448 5 4.6 37.9
0 6428.461 76 4.6 37.9
0 6428.592 8 4.6 37.9
0 6428.691 10 4.6 37.9
0 6428.794 10 4.6 37.9
0 6428.888 11 4.6 37.9
0 6429.083 5 4.6 37.9
0 6429.096 76 4.6 37.9
0 6429.223 8 4.6 37.9
0 6429.485 4 4.6 37.9
0 6429.502 58 4.6 37.9
0 6429.628 8 4.6 37.9
0 6429.731 10 4.6 37.9
0 6429.927 5 4.6 37.9
0 6429.941 71 4.6 37.9
0 6430.077 7 4.6 37.9
0 6430.171 11 4.6 37.9
0 6430.271 10 4.6 37.9
0 6430.37 10 4.6 37.9
0 6430.473 10 4.6 37.9
0 6430.567 11 4.6 37.9
0 6430.675 9 4.6 37.9
0 6430.772 10 4.6 37.9
0 6431.117 3 4.6 37.9
0 6431.131 72 4.6 37.9
0 6431.357 4 4.6 37.9
0 6431.371 72 4.6 37.9
0 6431.499 8 4.6 37.9
0 6431.688 5 4.6 37.9
0 6431.704 66 4.6 37.9
0 6431.832 8 4.6 37.9
0 6431.914 12 4.6 37.9
0 6432.033 8 4.6 37.9
0 6432.217 5 4.6 37.9
0 6432.313 10 4.6 37.9
0 6432.332 53 4.6 37.9
0 6432.431 10 4.6 37.9
0 6432.535 10 4.6 37.9
0 6432.642 9 4.6 37.9
0 6432.766 8 4.6 37.9
0 6432.857 11 4.6 37.9
0 6432.96 10 4.6 37.9
0 6433.063 10 4.6 37.9
0 6433.24 6 4.6 37.9
0 6433.255 65 4.6 37.9
0 6433.462 5 4.3 37.9
0 6433.475 78 4.3 37.9
0 6433.606 8 4.3 37.9
0 6433.705 10 4.3 37.9
0 6433.807 10 4.3 37.9
0 6433.899 11 4.3 37.9
0 6434.109 5 4.3 37.9
0 6434.123 73 4.3 37.9
0 6434.247 8 4.3 37.9
0 6434.531 4 4.3 37.9
0 6434.544 74 4.3 37.9
0 6434.674 8 4.3 37.9
0 6434.776 10 4.3 37.9
0 6434.94 6 4.3 37.9
0 6434.954 74 4.3 37.9
0 6435.069 9 4.3 37.9
0 6435.183 9 4.3 37.9
0 6435.285 10 4.3 37.9
0 6435.387 10 4.3 37.9
0 6435.486 10 4.3 37.9
0 6435.565 13 4.3 37.9
0 6435.706 7 4.3 37.9
0 6435.802 10 4.3 37.9
0 6436.138 3 4.3 37.9
0 6436.164 39 4.3 37.9
0 6436.393 4 4.3 37.9
0 6436.417 42 4.3 37.9
0 6436.549 8 4.3 37.9
0 6436.738 5 4.3 37.9
0 6436.762 40 4.3 37.9
0 6436.883 8 4.3 37.9
0 6437.002 8 4.3 37.9
0 6437.101 10 4.3 37.9
0 6437.274 6 4.3 37.9
0 6437.382 9 4.3 37.9
0 6437.406 41 4.3 37.9
0 6437.535 8 4.3 37.9
0 6437.649 9 4.3 37.9
0 6437.748 10 4.3 37.9
0 6437.844 10 4.3 37.9
0 6437.917 14 4.3 37.9
0 6438.049 8 4.3 37.9
0 6438.137 11 4.3 37.9
0 6438.319 6 4.3 37.9
0 6438.344 40 4.3 37.9
0 6438.47 8 4.3 37.9
0 6438.547 13 4.3 37.9
0 6438.685 7 4.3 37.9
0 6438.767 12 4.3 37.9
0 6438.864 10 4.3 37.9
0 6438.972 9 4.3 37.9
0 6439.181 5 4.3 37.9
0 6439.203 44 4.3 37.9
0 6439.341 7 4.3 37.9
0 6439.575 4 4.3 37.9
0 6439.6 40 4.3 37.9
0 6439.741 7 4.3 37.9
0 6439.84 10 4.3 37.9
0 6439.988 7 4.3 37.9
0 6440.012 43 4.3 37.9
0 6440.159 7 4.3 37.9
0 6440.243 12 4.3 37.9
0 6440.355 9 4.3 37.9
0 6440.416 16 4.3 37.9
0 6440.559 7 4.3 37.9
0 6440.654 11 4.3 37.9
0 6440.758 10 4.3 37.9
0 6440.854 10 4.3 37.9
0 6441.163 3 4.3 37.9
0 6441.188 40 4.3 37.9
0 6441.424 4 4.3 37.9
0 6441.448 43 4.3 37.9
0 6441.59 7 4.3 37.9
0 6441.79 5 4.3 37.9
0 6441.815 40 4.3 37.9
0 6441.939 8 4.3 37.9
0 6442.058 8 4.3 37.9
0 6442.153 11 4.3 37.9
0 6442.347 5 4.3 37.9
0 6442.461 9 4.3 37.9
0 6442.483 45 4.3 37.9
0 6442.628 7 4.3 37.9
0 6442.728 10 4.3 37.9
0 6442.825 10 4.3 37.9
0 6442.9 13 4.3 37.9
0 6443.023 8 4.3 37.9
0 6443.126 10 4.3 37.9
0 6443.225 10 4.3 37.9
0 6443.37 7 4.3 37.9
0 6443.396 39 4.3 37.9
0 6443.541 7 5.2 37.9
0 6443.635 11 5.2 37.9
0 6443.715 13 5.2 37.9
0 6443.817 10 5.2 37.9
0 6443.907 11 5.2 37.9
0 6444.045 7 5.2 37.9
0 6444.226 6 5.2 37.9
0 6444.25 43 5.2 37.9
0 6444.389 7 5.2 37.9
0 6444.65 4 5.2 37.9
0 6444.673 43 5.2 37.9
0 6444.798 8 5.2 37.9
0 6445.002 5 5.2 37.9
0 6445.028 37 5.2 37.9
0 6445.173 7 5.2 37.9
0 6445.254 12 5.2 37.9
0 6445.429 6 5.2 37.9
0 6445.442 76 5.2 37.9
0 6445.563 8 5.2 37.9
0 6445.674 9 5.2 37.9
0 6445.778 10 5.2 37.9
0 6445.873 11 5.2 37.9
0 6446.227 3 5.2 37.9
0 6446.242 70 5.2 37.9
0 6446.458 5 5.2 37.9
0 6446.471 76 5.2 37.9
0 6446.601 8 5.2 37.9
0 6446.788 5 5.2 37.9
0 6446.802 69 5.2 37.9
0 6446.909 9 5.2 37.9
0 6447.016 9 5.2 37.9
0 6447.132 9 5.2 37.9
0 6447.233 10 5.2 37.9
0 6447.435 5 5.2 37.9
0 6447.531 10 5.2 37.9
0 6447.548 60 5.2 37.9
0 6447.675 8 5.2 37.9
0 6447.856 6 5.2 37.9
0 6447.861 197 5.2 37.9
0 6447.972 9 5.2 37.9
0 6448.075 10 5.2 37.9
0 6448.17 11 5.2 37.9
0 6448.27 10 5.2 37.9
0 6448.476 5 5.2 37.9
0 6448.479 305 5.2 37.9
0 6448.595 9 5.2 37.9
0 6448.691 10 5.2 37.9
0 6448.79 10 5.2 37.9
0 6448.897 9 5.2 37.9
0 6448.993 10 5.2 37.9
0 6449.095 10 5.2 37.9
0 6449.271 6 5.2 37.9
0 6449.28 114 5.2 37.9
0 6449.397 9 5.2 37.9
0 6449.683 3 5.2 37.9
0 6449.686 307 5.2 37.9
0 6449.797 9 5.2 37.9
0 6449.898 10 5.2 37.9
0 6450.106 5 5.2 37.9
0 6450.109 301 5.2 37.9
0 6450.227 8 5.2 37.9
0 6450.427 5 5.2 37.9
0 6450.432 204 5.2 37.9
0 6450.541 9 5.2 37.9
0 6450.642 10 5.2 37.9
0 6450.748 9 5.2 37.9
0 6450.837 11 5.2 37.9
0 6451.044 5 5.2 37.9
0 6451.047 295 5.2 37.9
0 6451.347 3 5.2 37.9
0 6451.35 297 5.2 37.9
0 6451.579 4 5.2 37.9
0 6451.583 203 5.2 37.9
0 6451.792 5 5.2 37.9
0 6451.796 272 5.2 37.9
0 6451.901 10 5.2 37.9
0 6452.009 9 5.2 37.9
0 6452.113 10 5.2 37.9
0 6452.208 11 5.2 37.9
0 6452.309 10 5.2 37.9
0 6452.49 6 5.2 37.9
0 6452.587 10 5.2 37.9
0 6452.598 91 5.2 37.9
0 6452.714 9 5.2 37.9
0 6452.923 5 5.2 37.9
0 6452.928 235 5.2 37.9
0 6453.041 9 5.2 37.9
0 6453.135 11 5.2 37.9
0 6453.243 9 5.2 37.9
0 6453.339 10 5.2 37.9
0 6453.548 5 4.2 38.0
0 6453.551 302 4.2 38.0
0 6453.665 9 4.2 38.0
0 6453.769 10 4.2 38.0
0 6453.864 11 4.2 38.0
0 6453.965 10 4.2 38.0
0 6454.064 10 4.2 38.0
0 6454.166 10 4.2 38.0
0 6454.37 5 4.2 38.0
0 6454.375 190 4.2 38.0
0 6454.485 9 4.2 38.0
0 6454.772 3 4.2 38.0
0 6454.785 76 4.2 38.0
0 6454.906 8 4.2 38.0
0 6455.122 5 4.2 38.0
0 6455.135 77 4.2 38.0
0 6455.257 8 4.2 38.0
0 6455.454 5 4.2 38.0
0 6455.468 72 4.2 38.0
0 6455.59 8 4.2 38.0
0 6455.695 10 4.2 38.0
0 6455.797 10 4.2 38.0
0 6455.897 10 4.2 38.0
0 6456.085 5 4.2 38.0
0 6456.099 74 4.2 38.0
0 6456.396 3 4.2 38.0
0 6456.41 72 4.2 38.0
0 6456.596 5 4.2 38.0
0 6456.613 59 4.2 38.0
0 6456.828 5 4.2 38.0
0 6456.841 74 4.2 38.0
0 6456.957 9 4.2 38.0
0 6457.07 9 4.2 38.0
0 6457.175 10 4.2 38.0
0 6457.27 11 4.2 38.0
0 6457.341 14 4.2 38.0
0 6457.55 5 4.2 38.0
0 6457.563 75 4.2 38.0
0 6457.697 7 4.2 38.0
0 6457.792 11 4.2 38.0
0 6457.982 5 4.2 38.0
0 6457.996 71 4.2 38.0
0 6458.12 8 4.2 38.0
0 6458.232 9 4.2 38.0
0 6458.311 13 4.2 38.0
0 6458.407 10 4.2 38.0
0 6458.608 5 4.2 38.0
0 6458.621 76 4.2 38.0
0 6458.756 7 4.2 38.0
0 6458.851 10 4.2 38.0
0 6458.95 10 4.2 38.0
0 6459.052 10 4.2 38.0
0 6459.152 10 4.2 38.0
0 6459.257 9 4.2 38.0
0 6459.448 5 4.2 38.0
0 6459.462 74 4.2 38.0
0 6459.593 8 4.2 38.0
0 6459.86 4 4.2 38.0
0 6459.873 79 4.2 38.0
0 6460.001 8 4.2 38.0
0 6460.207 5 4.2 38.0
0 6460.22 75 4.2 38.0
0 6460.342 8 4.2 38.0
0 6460.537 5 4.2 38.0
0 6460.551 70 4.2 38.0
0 6460.682 8 4.2 38.0
0 6460.756 13 4.2 38.0
0 6460.88 8 4.2 38.0
0 6460.978 10 4.2 38.0
0 6461.167 5 4.2 38.0
0 6461.181 71 4.2 38.0
0 6461.483 3 4.2 38.0
0 6461.497 74 4.2 38.0
0 6461.702 5 4.2 38.0
0 6461.718 63 4.2 38.0
0 6461.94 4 4.2 38.0
0 6461.954 70 4.2 38.0
0 6462.084 8 4.2 38.0
0 6462.181 10 4.2 38.0
0 6462.282 10 4.2 38.0
0 6462.382 10 4.2 38.0
0 6462.571 5 4.2 38.0
0 6462.585 72 4.2 38.0
0 6462.714 8 4.2 38.0
0 6462.807 11 4.2 38.0
0 6462.995 5 4.2 38.0
0 6463.008 74 4.2 38.0
0 6463.139 8 4.2 38.0
0 6463.229 11 4.2 38.0
0 6463.34 9 4.2 38.0
0 6463.422 12 4.2 38.0
0 6463.603 6 4.4 38.0
0 6463.616 77 4.4 38.0
0 6463.733 9 4.4 38.0
0 6463.85 9 4.4 38.0
0 6463.92 14 4.4 38.0
0 6464.036 9 4.4 38.0
0 6464.138 10 4.4 38.0
0 6464.246 9 4.4 38.0
0 6464.339 11 4.4 38.0
0 6464.524 5 4.4 38.0
0 6464.614 11 4.4 38.0
0 6464.629 70 4.4 38.0
0 6464.927 3 4.4 38.0
0 6464.931 240 4.4 38.0
0 6465.042 9 4.4 38.0
0 6465.24 5 4.4 38.0
0 6465.244 302 4.4 38.0
0 6465.356 9 4.4 38.0
0 6465.555 5 4.4 38.0
0 6465.559 283 4.4 38.0
0 6465.672 9 4.4 38.0
0 6465.77 10 4.4 38.0
0 6465.871 10 4.4 38.0
0 6465.975 10 4.4 38.0
0 6466.166 5 4.4 38.0
0 6466.17 245 4.4 38.0
0 6466.28 9 4.4 38.0
0 6466.573 3 4.4 38.0
0 6466.577 265 4.4 38.0
0 6466.797 5 4.4 38.0
0 6466.801 286 4.4 38.0
0 6466.992 5 4.4 38.0
0 6467.001 109 4.4 38.0
0 6467.115 9 4.4 38.0
0 6467.223 9 4.4 38.0
0 6467.312 11 4.4 38.0
0 6467.411 10 4.4 38.0
0 6467.61 5 4.4 38.0
0 6467.614 241 4.4 38.0
0 6467.734 8 4.4 38.0
0 6467.824 11 4.4 38.0
0 6468.034 5 4.4 38.0
0 6468.038 280 4.4 38.0
0 6468.151 9 4.4 38.0
0 6468.257 9 4.4 38.0
0 6468.348 11 4.4 38.0
0 6468.45 10 4.4 38.0
0 6468.642 5 4.4 38.0
0 6468.646 245 4.4 38.0
0 6468.768 8 4.4 38.0
0 6468.856 11 4.4 38.0
0 6468.958 10 4.4 38.0
0 6469.057 10 4.4 38.0
0 6469.16 10 4.4 38.0
0 6469.258 10 4.4 38.0
0 6469.367 9 4.4 38.0
0 6469.554 5 4.4 38.0
0 6469.642 11 4.4 38.0
0 6469.661 55 4.4 38.0
0 6469.949 3 4.4 38.0
0 6469.953 295 4.4 38.0
0 6470.063 9 4.4 38.0
0 6470.266 5 4.4 38.0
0 6470.269 268 4.4 38.0
0 6470.383 9 4.4 38.0
0 6470.577 5 4.4 38.0
0 6470.58 323 4.4 38.0
0 6470.692 9 4.4 38.0
0 6470.812 8 4.4 38.0
0 6470.911 10 4.4 38.0
0 6471.01 10 4.4 38.0
0 6471.201 5 4.4 38.0
0 6471.214 77 4.4 38.0
0 6471.336 8 4.4 38.0
0 6471.598 4 4.4 38.0
0 6471.612 74 4.4 38.0
0 6471.828 5 4.4 38.0
0 6471.842 74 4.4 38.0
0 6472.041 5 4.4 38.0
0 6472.054 77 4.4 38.0
0 6472.175 8 4.4 38.0
0 6472.282 9 4.4 38.0
0 6472.373 11 4.4 38.0
0 6472.476 10 4.4 38.0
0 6472.66 5 4.4 38.0
0 6472.673 74 4.4 38.0
0 6472.803 8 4.4 38.0
0 6472.904 10 4.4 38.0
0 6473.089 5 4.4 38.0
0 6473.102 76 4.4 38.0
0 6473.232 8 4.4 38.0
0 6473.34 9 4.4 38.0
0 6473.414 14 4.4 38.0
0 6473.523 9 4.4 38.0
0 6473.688 6 4.3 38.0
0 6473.703 66 4.3 38.0
0 6473.835 8 4.3 38.0
0 6473.921 12 4.3 38.0
0 6474.025 10 4.3 38.0
0 6474.13 10 4.3 38.0
0 6474.214 12 4.3 38.0
0 6474.336 8 4.3 38.0
0 6474.415 13 4.3 38.0
0 6474.529 9 4.3 38.0
0 6474.717 5 4.3 38.0
0 6474.73 77 4.3 38.0
0 6475.019 3 4.3 38.0
0 6475.034 68 4.3 38.0
0 6475.154 8 4.3 38.0
0 6475.34 5 4.3 38.0
0 6475.353 74 4.3 38.0
0 6475.463 9 4.3 38.0
0 6475.666 5 4.3 38.0
0 6475.679 78 4.3 38.0
0 6475.799 8 4.3 38.0
0 6475.906 9 4.3 38.0
0 6475.997 11 4.3 38.0
0 6476.088 11 4.3 38.0
0 6476.296 5 4.3 38.0
0 6476.308 80 4.3 38.0
0 6476.417 9 4.3 38.0
0 6476.683 4 4.3 38.0
0 6476.697 72 4.3 38.0
0 6476.911 5 4.3 38.0
0 6476.925 70 4.3 38.0
0 6477.133 5 4.3 38.0
0 6477.146 79 4.3 38.0
0 6477.28 7 4.3 38.0
0 6477.375 11 4.3 38.0
0 6477.474 10 4.3 38.0
0 6477.571 10 4.3 38.0
0 6477.766 5 4.3 38.0
0 6477.779 74 4.3 38.0
0 6477.896 9 4.3 38.0
0 6478.097 5 4.3 38.0
0 6478.111 74 4.3 38.0
0 6478.244 8 4.3 38.0
0 6478.339 11 4.3 38.0
0 6478.499 6 4.3 38.0
0 6478.502 283 4.3 38.0
0 6478.717 5 4.3 38.0
0 6478.721 279 4.3 38.0
0 6478.836 9 4.3 38.0
0 6478.938 10 4.3 38.0
0 6479.033 11 4.3 38.0
0 6479.133 10 4.3 38.0
0 6479.233 10 4.3 38.0
0 6479.337 10 4.3 38.0
0 6479.437 10 4.3 38.0
0 6479.533 10 4.3 38.0
0 6479.729 5 4.3 38.0
0 6479.732 324 4.3 38.0
0 6480.04 3 4.3 38.0
0 6480.043 305 4.3 38.0
0 6480.155 9 4.3 38.0
0 6480.359 5 4.3 38.0
0 6480.363 248 4.3 38.0
0 6480.475 9 4.3 38.0
0 6480.67 5 4.3 38.0
0 6480.674 297 4.3 38.0
0 6480.786 9 4.3 38.0
0 6480.886 10 4.3 38.0
0 6480.988 10 4.3 38.0
0 6481.075 12 4.3 38.0
0 6481.293 5 4.3 38.0
0 6481.296 316 4.3 38.0
0 6481.405 9 4.3 38.0
0 6481.511 9 4.3 38.0
0 6481.778 4 4.3 38.0
0 6481.782 279 4.3 38.0
0 6481.999 5 4.3 38.0
0 6482.004 210 4.3 38.0
0 6482.216 5 4.3 38.0
0 6482.219 295 4.3 38.0
0 6482.332 9 4.3 38.0
0 6482.437 10 4.3 38.0
0 6482.525 11 4.3 38.0
0 6482.63 10 4.3 38.0
0 6482.829 5 4.3 38.0
0 6482.833 254 4.3 38.0
0 6482.95 9 4.3 38.0
0 6483.144 5 4.3 38.0
0 6483.148 268 4.3 38.0
0 6483.258 9 4.3 38.0
0 6483.362 10 4.3 38.0
0 6483.57 5 4.3 38.0
0 6483.575 215 4.3 38.0
0 6483.791 5 4.3 37.9
0 6483.794 295 4.3 37.9
0 6483.906 9 4.3 37.9
0 6484.013 9 4.3 37.9
0 6484.11 10 4.3 37.9
0 6484.207 10 4.3 37.9
0 6484.305 10 4.3 37.9
0 6484.406 10 4.3 37.9
0 6484.507 10 4.3 37.9
0 6484.615 9 4.3 37.9
0 6484.804 5 4.3 37.9
0 6484.808 316 4.3 37.9
0 6485.087 4 4.3 37.9
0 6485.09 296 4.3 37.9
0 6485.213 8 4.3 37.9
0 6485.408 5 4.3 37.9
0 6485.412 260 4.3 37.9
0 6485.524 9 4.3 37.9
0 6485.728 5 4.3 37.9
0 6485.733 223 4.3 37.9
0 6485.841 9 4.3 37.9
0 6485.943 10 4.3 37.9
0 6486.045 10 4.3 37.9
0 6486.146 10 4.3 37.9
0 6486.349 5 4.3 37.9
0 6486.352 325 4.3 37.9
0 6486.464 9 4.3 37.9
0 6486.556 11 4.3 37.9
0 6486.845 3 4.3 37.9
0 6486.851 160 4.3 37.9
0 6487.055 5 4.3 37.9
0 6487.059 242 4.3 37.9
0 6487.275 5 4.3 37.9
0 6487.279 261 4.3 37.9
0 6487.393 9 4.3 37.9
0 6487.484 11 4.3 37.9
0 6487.589 10 4.3 37.9
0 6487.69 10 4.3 37.9
0 6487.901 5 4.3 37.9
0 6487.907 156 4.3 37.9
0 6488.01 10 4.3 37.9
0 6488.222 5 4.3 37.9
0 6488.226 295 4.3 37.9
0 6488.338 9 4.3 37.9
0 6488.447 9 4.3 37.9
0 6488.645 5 4.3 37.9
0 6488.649 246 4.3 37.9
0 6488.868 5 4.3 37.9
0 6488.871 273 4.3 37.9
0 6488.994 8 4.3 37.9
0 6489.072 13 4.3 37.9
0 6489.183 9 4.3 37.9
0 6489.282 10 4.3 37.9
0 6489.386 10 4.3 37.9
0 6489.482 10 4.3 37.9
0 6489.59 9 4.3 37.9
0 6489.686 10 4.3 37.9
0 6489.886 5 4.3 37.9
0 6489.889 332 4.3 37.9
0 6490.164 4 4.3 37.9
0 6490.167 320 4.3 37.9
0 6490.28 9 4.3 37.9
0 6490.484 5 4.3 37.9
0 6490.488 263 4.3 37.9
0 6490.601 9 4.3 37.9
0 6490.805 5 4.3 37.9
0 6490.809 269 4.3 37.9
0 6490.914 10 4.3 37.9
0 6491.021 9 4.3 37.9
0 6491.124 10 4.3 37.9
0 6491.221 10 4.3 37.9
0 6491.423 5 4.3 37.9
0 6491.426 334 4.3 37.9
0 6491.539 9 4.3 37.9
0 6491.642 10 4.3 37.9
0 6491.932 3 4.3 37.9
0 6491.935 272 4.3 37.9
0 6492.149 5 4.3 37.9
0 6492.154 215 4.3 37.9
0 6492.368 5 4.3 37.9
0 6492.371 304 4.3 37.9
0 6492.489 9 4.3 37.9
0 6492.583 11 4.3 37.9
0 6492.686 10 4.3 37.9
0 6492.783 10 4.3 37.9
0 6492.984 5 4.3 37.9
0 6492.99 154 4.3 37.9
0 6493.099 9 4.3 37.9
0 6493.303 5 4.3 37.9
0 6493.307 303 4.3 37.9
0 6493.421 9 4.3 37.9
0 6493.528 9 4.3 37.9
0 6493.728 5 4.3 37.9
0 6493.733 208 4.3 37.9
0 6493.94 5 3.7 37.9
0 6493.943 306 3.7 37.9
0 6494.064 8 3.7 37.9
0 6494.156 11 3.7 37.9
0 6494.259 10 3.7 37.9
0 6494.354 10 3.7 37.9
0 6494.448 11 3.7 37.9
0 6494.55 10 3.7 37.9
0 6494.665 9 3.7 37.9
0 6494.761 10 3.7 37.9
0 6494.963 5 3.7 37.9
0 6494.967 307 3.7 37.9
0 6495.268 3 3.7 37.9
0 6495.272 229 3.7 37.9
0 6495.485 5 3.7 37.9
0 6495.488 312 3.7 37.9
0 6495.599 9 3.7 37.9
0 6495.805 5 3.7 37.9
0 6495.81 202 3.7 37.9
0 6495.911 10 3.7 37.9
0 6496.014 10 3.7 37.9
0 6496.119 10 3.7 37.9
0 6496.221 10 3.7 37.9
0 6496.427 5 3.7 37.9
0 6496.43 312 3.7 37.9
0 6496.54 9 3.7 37.9
0 6496.641 10 3.7 37.9
0 6496.942 3 3.7 37.9
0 6496.946 221 3.7 37.9
0 6497.159 5 3.7 37.9
0 6497.163 282 3.7 37.9
0 6497.365 5 3.7 37.9
0 6497.369 277 3.7 37.9
0 6497.491 8 3.7 37.9
0 6497.579 11 3.7 37.9
0 6497.679 10 3.7 37.9
0 6497.781 10 3.7 37.9
0 6497.88 10 3.7 37.9
0 6498.097 5 3.7 37.9
0 6498.1 300 3.7 37.9
0 6498.314 5 3.7 37.9
0 6498.317 270 3.7 37.9
0 6498.428 9 3.7 37.9
0 6498.54 9 3.7 37.9
0 6498.729 5 3.7 37.9
0 6498.732 301 3.7 37.9
0 6498.949 5 3.7 37.9
0 6498.953 275 3.7 37.9
0 6499.074 8 3.7 37.9
0 6499.164 11 3.7 37.9
0 6499.263 10 3.7 37.9
0 6499.355 11 3.7 37.9
0 6499.459 10 3.7 37.9
0 6499.575 9 3.7 37.9
0 6499.664 11 3.7 37.9
0 6499.765 10 3.7 37.9
0 6499.948 5 3.7 37.9
0 6499.953 188 3.7 37.9
0 6500.077 8 3.7 37.9
0 6500.343 4 3.7 37.9
0 6500.346 306 3.7 37.9
0 6500.568 4 3.7 37.9
0 6500.575 150 3.7 37.9
0 6500.683 9 3.7 37.9
0 6500.889 5 3.7 37.9
0 6500.892 316 3.7 37.9
0 6501.003 9 3.7 37.9
0 6501.115 9 3.7 37.9
0 6501.203 11 3.7 37.9
0 6501.303 10 3.7 37.9
0 6501.499 5 3.7 37.9
0 6501.503 278 3.7 37.9
0 6501.625 8 3.7 37.9
0 6501.714 11 3.7 37.9
0 6502.003 3 3.7 37.9
0 6502.007 250 3.7 37.9
0 6502.224 5 3.7 37.9
0 6502.227 284 3.7 37.9
0 6502.447 5 3.7 37.9
0 6502.45 319 3.7 37.9
0 6502.555 10 3.7 37.9
0 6502.674 8 3.7 37.9
0 6502.761 11 3.7 37.9
0 6502.862 10 3.7 37.9
0 6502.961 10 3.7 37.9
0 6503.179 5 3.7 37.9
0 6503.186 147 3.7 37.9
0 6503.383 5 3.7 37.9
0 6503.387 311 3.7 37.9
0 6503.498 9 3.7 37.9
0 6503.599 10 3.7 37.9
0 6503.802 5 3.7 37.9
0 6503.806 284 3.7 37.9
0 6503.996 5 3.7 37.9
0 6504.006 106 3.7 37.9
0 6504.118 9 3.7 37.9
0 6504.229 9 3.7 37.9
0 6504.318 11 3.7 37.9
0 6504.413 11 3.7 37.9
0 6504.516 10 3.7 37.9
0 6504.619 10 3.7 37.9
0 6504.73 9 3.7 37.9
0 6504.819 11 3.7 37.9
0 6504.999 6 3.7 37.9
0 6505.007 127 3.7 37.9
0 6505.119 9 3.7 37.9
0 6505.411 3 3.7 37.9
0 6505.414 284 3.7 37.9
0 6505.626 5 3.7 37.9
0 6505.629 279 3.7 37.9
0 6505.742 9 3.7 37.9
0 6505.924 6 3.7 37.9
0 6505.93 156 3.7 37.9
0 6506.041 9 3.7 37.9
0 6506.138 10 3.7 37.9
0 6506.243 10 3.7 37.9
0 6506.343 10 3.7 37.9
0 6506.54 5 3.7 37.9
0 6506.543 323 3.7 37.9
0 6506.656 9 3.7 37.9
0 6506.756 10 3.7 37.9
0 6507.045 3 3.7 37.9
0 6507.048 279 3.7 37.9
0 6507.262 5 3.7 37.9
0 6507.266 254 3.7 37.9
0 6507.483 5 3.7 37.9
0 6507.487 262 3.7 37.9
0 6507.606 8 3.7 37.9
0 6507.698 11 3.7 37.9
0 6507.8 10 3.7 37.9
0 6507.899 10 3.7 37.9
0 6508.0 10 3.7 37.9
0 6508.192 5 3.7 37.9
0 6508.197 192 3.7 37.9
0 6508.411 5 3.7 37.9
0 6508.414 276 3.7 37.9
0 6508.527 9 3.7 37.9
0 6508.626 10 3.7 37.9
0 6508.834 5 3.7 37.9
0 6508.838 263 3.7 37.9
0 6509.052 5 3.7 37.9
0 6509.056 257 3.7 37.9
0 6509.168 9 3.7 37.9
0 6509.275 9 3.7 37.9
0 6509.369 11 3.7 37.9
0 6509.466 10 3.7 37.9
0 6509.569 10 3.7 37.9
0 6509.667 10 3.7 37.9
0 6509.775 9 3.7 37.9
0 6509.87 11 3.7 37.9
0 6510.07 5 3.7 37.9
0 6510.073 291 3.7 37.9
0 6510.186 9 3.7 37.9
0 6510.473 3 3.7 37.9
0 6510.477 250 3.7 37.9
0 6510.689 5 3.7 37.9
0 6510.692 275 3.7 37.9
0 6510.803 9 3.7 37.9
0 6511.001 5 3.7 37.9
0 6511.005 231 3.7 37.9
0 6511.117 9 3.7 37.9
0 6511.217 10 3.7 37.9
0 6511.315 10 3.7 37.9
0 6511.414 10 3.7 37.9
0 6511.627 5 3.7 37.9
0 6511.63 324 3.7 37.9
0 6511.742 9 3.7 37.9
0 6511.841 10 3.7 37.9
0 6512.138 3 3.7 37.9
0 6512.143 217 3.7 37.9
0 6512.357 5 3.7 37.9
0 6512.36 280 3.7 37.9
0 6512.566 5 3.7 37.9
0 6512.569 321 3.7 37.9
0 6512.695 8 3.7 37.9
0 6512.782 11 3.7 37.9
0 6512.881 10 3.7 37.9
0 6512.982 10 3.7 37.9
0 6513.081 10 3.7 37.9
0 6513.3 5 3.7 37.9
0 6513.389 11 3.7 37.9
0 6513.404 68 3.7 37.9
0 6513.515 9 3.7 37.9
0 6513.615 10 3.7 37.9
0 6513.726 9 3.7 37.9
0 6513.917 5 3.7 37.9
0 6513.921 287 3.7 37.9
0 6514.117 5 3.6 37.9
0 6514.121 255 3.6 37.9
0 6514.241 8 3.6 37.9
0 6514.335 11 3.6 37.9
0 6514.424 11 3.6 37.9
0 6514.533 9 3.6 37.9
0 6514.633 10 3.6 37.9
0 6514.744 9 3.6 37.9
0 6514.836 11 3.6 37.9
0 6514.925 11 3.6 37.9
0 6515.14 5 3.6 37.9
0 6515.143 324 3.6 37.9
0 6515.266 8 3.6 37.9
0 6515.539 4 3.6 37.9
0 6515.543 286 3.6 37.9
0 6515.758 5 3.6 37.9
0 6515.764 157 3.6 37.9
0 6515.872 9 3.6 37.9
0 6516.074 5 3.6 37.9
0 6516.078 257 3.6 37.9
0 6516.188 9 3.6 37.9
0 6516.299 9 3.6 37.9
0 6516.388 11 3.6 37.9
0 6516.487 10 3.6 37.9
0 6516.684 5 3.6 37.9
0 6516.687 324 3.6 37.9
0 6516.808 8 3.6 37.9
0 6516.898 11 3.6 37.9
0 6517.179 4 3.6 37.9
0 6517.184 218 3.6 37.9
0 6517.367 5 3.6 37.9
0 6517.388 48 3.6 37.9
0 6517.601 5 3.6 37.9
0 6517.604 316 3.6 37.9
0 6517.719 9 3.6 37.9
0 6517.812 11 3.6 37.9
0 6517.924 9 3.6 37.9
0 6518.015 11 3.6 37.9
0 6518.117 10 3.6 37.9
0 6518.319 5 3.6 37.9
0 6518.409 11 3.6 37.9
0 6518.425 61 3.6 37.9
0 6518.532 9 3.6 37.9
0 6518.632 10 3.6 37.9
0 6518.734 10 3.6 37.9
0 6518.94 5 3.6 37.9
0 6518.947 156 3.6 37.9
0 6519.156 5 3.6 37.9
0 6519.159 308 3.6 37.9
0 6519.303 7 3.6 37.9
0 6519.391 11 3.6 37.9
0 6519.503 9 3.6 37.9
0 6519.602 10 3.6 37.9
0 6519.703 10 3.6 37.9
0 6519.803 10 3.6 37.9
0 6519.894 11 3.6 37.9
0 6520.013 8 3.6 37.9
0 6520.187 6 3.6 37.9
0 6520.2 78 3.6 37.9
0 6520.334 7 3.6 37.9
0 6520.594 4 3.6 37.9
0 6520.608 73 3.6 37.9
0 6520.813 5 3.6 37.9
0 6520.826 76 3.6 37.9
0 6520.934 9 3.6 37.9
0 6521.136 5 3.6 37.9
0 6521.149 74 3.6 37.9
0 6521.28 8 3.6 37.9
0 6521.383 10 3.6 37.9
0 6521.477 11 3.6 37.9
0 6521.584 9 3.6 37.9
0 6521.764 6 3.6 37.9
0 6521.776 81 3.6 37.9
0 6521.897 8 3.6 37.9
0 6522.012 9 3.6 37.9
0 6522.278 4 3.6 37.9
0 6522.291 75 3.6 37.9
0 6522.416 8 3.6 37.9
0 6522.515 10 3.6 37.9
0 6522.705 5 3.6 37.9
0 6522.718 77 3.6 37.9
0 6522.857 7 3.6 37.9
0 6522.93 14 3.6 37.9
0 6523.052 8 3.6 37.9
0 6523.152 10 3.6 37.9
0 6523.334 6 3.6 37.9
0 6523.438 10 3.6 37.9
0 6523.452 74 3.6 37.9
0 6523.585 8 3.6 37.9
0 6523.684 10 3.6 37.9
0 6523.784 10 3.6 37.9
0 6523.971 5 3.6 37.9
0 6523.986 68 3.6 37.9
0 6524.202 5 4.2 37.9
0 6524.215 77 4.2 37.9
0 6524.338 8 4.2 37.9
0 6524.432 11 4.2 37.9
0 6524.542 9 4.2 37.9
0 6524.649 9 4.2 37.9
0 6524.75 10 4.2 37.9
0 6524.841 11 4.2 37.9
0 6524.928 11 4.2 37.9
0 6525.044 9 4.2 37.9
0 6525.222 6 4.2 37.9
0 6525.236 73 4.2 37.9
0 6525.371 7 4.2 37.9
0 6525.638 4 4.2 37.9
0 6525.651 75 4.2 37.9
0 6525.859 5 4.2 37.9
0 6525.873 72 4.2 37.9
0 6525.992 8 4.2 37.9
0 6526.188 5 4.2 37.9
0 6526.201 78 4.2 37.9
0 6526.319 9 4.2 37.9
0 6526.425 9 4.2 37.9
0 6526.533 9 4.2 37.9
0 6526.635 10 4.2 37.9
0 6526.82 5 4.2 37.9
0 6526.834 71 4.2 37.9
0 6526.935 10 4.2 37.9
0 6527.068 8 4.2 37.9
0 6527.332 4 4.2 37.9
0 6527.349 59 4.2 37.9
0 6527.476 8 4.2 37.9
0 6527.574 10 4.2 37.9
0 6527.738 6 4.2 37.9
0 6527.751 81 4.2 37.9
0 6527.892 7 4.2 37.9
0 6528.006 9 4.2 37.9
0 6528.102 10 4.2 37.9
0 6528.186 12 4.2 37.9
0 6528.38 5 4.2 37.9
0 6528.489 9 4.2 37.9
0 6528.512 43 4.2 37.9
0 6528.647 7 4.2 37.9
0 6528.735 11 4.2 37.9
0 6528.816 12 4.2 37.9
0 6529.022 5 4.2 37.9
0 6529.047 41 4.2 37.9
0 6529.257 5 4.2 37.9
0 6529.28 43 4.2 37.9
0 6529.422 7 4.2 37.9
0 6529.524 10 4.2 37.9
0 6529.628 10 4.2 37.9
0 6529.715 11 4.2 37.9
0 6529.813 10 4.2 37.9
0 6529.921 9 4.2 37.9
0 6530.028 9 4.2 37.9
0 6530.113 12 4.2 37.9
0 6530.296 5 4.2 37.9
0 6530.319 42 4.2 37.9
0 6530.439 8 4.2 37.9
0 6530.72 4 4.2 37.9
0 6530.82 10 4.2 37.9
0 6530.922 10 4.2 37.9
0 6530.935 76 4.2 37.9
0 6531.064 8 4.2 37.9
0 6531.259 5 4.2 37.9
0 6531.274 69 4.2 37.9
0 6531.391 9 4.2 37.9
0 6531.497 9 4.2 37.9
0 6531.601 10 4.2 37.9
0 6531.695 11 4.2 37.9
0 6531.891 5 4.2 37.9
0 6531.904 76 4.2 37.9
0 6532.032 8 4.2 37.9
0 6532.114 12 4.2 37.9
0 6532.233 8 4.2 37.9
0 6532.415 5 4.2 37.9
0 6532.429 73 4.2 37.9
0 6532.558 8 4.2 37.9
0 6532.741 5 4.2 37.9
0 6532.755 71 4.2 37.9
0 6532.867 9 4.2 37.9
0 6532.984 9 4.2 37.9
0 6533.084 10 4.2 37.9
0 6533.18 10 4.2 37.9
0 6533.382 5 4.2 37.9
0 6533.486 10 4.2 37.9
0 6533.501 68 4.2 37.9
0 6533.629 8 4.2 37.9
0 6533.719 11 4.2 37.9
0 6533.823 10 4.2 37.9
0 6533.904 12 4.2 37.9
0 6534.137 4 4.2 37.9
0 6534.15 74 4.2 37.9
0 6534.365 5 4.9 37.9
0 6534.379 72 4.9 37.9
0 6534.505 8 4.9 37.9
0 6534.611 9 4.9 37.9
0 6534.705 11 4.9 37.9
0 6534.806 10 4.9 37.9
0 6534.908 10 4.9 37.9
0 6535.007 10 4.9 37.9
0 6535.113 9 4.9 37.9
0 6535.308 5 4.9 37.9
0 6535.321 77 4.9 37.9
0 6535.432 9 4.9 37.9
0 6535.719 3 4.9 37.9
0 6535.732 77 4.9 37.9
0 6536.025 3 4.9 37.9
0 6536.039 68 4.9 37.9
0 6536.265 4 4.9 37.9
0 6536.279 74 4.9 37.9
0 6536.395 9 4.9 37.9
0 6536.5 10 4.9 37.9
0 6536.612 9 4.9 37.9
0 6536.708 10 4.9 37.9
0 6536.887 6 4.9 37.9
0 6536.899 78 4.9 37.9
0 6537.027 8 4.9 37.9
0 6537.132 9 4.9 37.9
0 6537.215 12 4.9 37.9
0 6537.322 9 4.9 37.9
0 6537.529 5 4.9 37.9
0 6537.543 73 4.9 37.9
0 6537.752 5 4.9 37.9
0 6537.765 77 4.9 37.9
0 6537.894 8 4.9 37.9
0 6537.994 10 4.9 37.9
0 6538.1 9 4.9 37.9
0 6538.197 10 4.9 37.9
0 6538.394 5 4.9 37.9
0 6538.489 10 4.9 37.9
0 6538.507 56 4.9 37.9
0 6538.641 7 4.9 37.9
0 6538.732 11 4.9 37.9
0 6538.814 12 4.9 37.9
0 6538.925 9 4.9 37.9
0 6539.028 10 4.9 37.9
0 6539.229 5 4.9 37.9
0 6539.246 60 4.9 37.9
0 6539.443 5 4.9 37.9
0 6539.456 77 4.9 37.9
0 6539.588 8 4.9 37.9
0 6539.686 10 4.9 37.9
0 6539.792 9 4.9 37.9
0 6539.881 11 4.9 37.9
0 6539.977 10 4.9 37.9
0 6540.086 9 4.9 37.9
0 6540.187 10 4.9 37.9
0 6540.387 5 4.9 37.9
0 6540.401 72 4.9 37.9
0 6540.518 9 4.9 37.9
0 6540.794 4 4.9 37.9
0 6540.808 72 4.9 37.9
0 6541.088 4 4.9 37.9
0 6541.101 78 4.9 37.9
0 6541.313 5 4.9 37.9
0 6541.327 72 4.9 37.9
0 6541.452 8 4.9 37.9
0 6541.555 10 4.9 37.9
0 6541.657 10 4.9 37.9
0 6541.754 10 4.9 37.9
0 6541.94 5 4.9 37.9
0 6541.955 68 4.9 37.9
0 6542.085 8 4.9 37.9
0 6542.183 10 4.9 37.9
0 6542.262 13 4.9 37.9
0 6542.374 9 4.9 37.9
0 6542.577 5 4.9 37.9
0 6542.664 11 4.9 37.9
0 6542.767 10 4.9 37.9
0 6542.782 67 4.9 37.9
0 6542.893 9 4.9 37.9
0 6542.994 10 4.9 37.9
0 6543.097 10 4.9 37.9
0 6543.197 10 4.9 37.9
0 6543.292 11 4.9 37.9
0 6543.488 5 4.9 37.9
0 6543.579 11 4.9 37.9
0 6543.593 74 4.9 37.9
0 6543.707 9 4.9 37.9
0 6543.801 11 4.9 37.9
0 6543.902 10 4.9 37.9
0 6544.009 9 4.9 37.9
0 6544.108 10 4.9 37.9
0 6544.321 5 4.9 37.9
0 6544.324 295 4.9 37.9
0 6544.51 5 4.3 37.9
0 6544.527 58 4.3 37.9
0 6544.64 9 4.3 37.9
0 6544.739 10 4.3 37.9
0 6544.837 10 4.3 37.9
0 6544.936 10 4.3 37.9
0 6545.043 9 4.3 37.9
0 6545.141 10 4.3 37.9
0 6545.24 10 4.3 37.9
0 6545.436 5 4.3 37.9
0 6545.439 320 4.3 37.9
0 6545.557 8 4.3 37.9
0 6545.838 4 4.3 37.9
0 6545.841 318 4.3 37.9
0 6546.115 4 4.3 37.9
0 6546.12 176 4.3 37.9
0 6546.229 9 4.3 37.9
0 6546.429 5 4.3 37.9
0 6546.433 283 4.3 37.9
0 6546.545 9 4.3 37.9
0 6546.652 9 4.3 37.9
0 6546.744 11 4.3 37.9
0 6546.948 5 4.3 37.9
0 6546.961 78 4.3 37.9
0 6547.09 8 4.3 37.9
0 6547.198 9 4.3 37.9
0 6547.29 11 4.3 37.9
0 6547.385 10 4.3 37.9
0 6547.491 9 4.3 37.9
0 6547.676 5 4.3 37.9
0 6547.855 6 4.3 37.9
0 6547.869 75 4.3 37.9
0 6547.992 8 4.3 37.9
0 6548.099 9 4.3 37.9
0 6548.2 10 4.3 37.9
0 6548.304 10 4.3 37.9
0 6548.371 15 4.3 37.9
0 6548.582 5 4.3 37.9
0 6548.678 10 4.3 37.9
0 6548.694 60 4.3 37.9
0 6548.831 7 4.3 37.9
0 6548.924 11 4.3 37.9
0 6548.997 14 4.3 37.9
0 6549.125 8 4.3 37.9
0 6549.304 6 4.3 37.9
0 6549.319 66 4.3 37.9
0 6549.42 10 4.3 37.9
0 6549.604 5 4.3 37.9
0 6549.618 73 4.3 37.9
0 6549.735 9 4.3 37.9
0 6549.849 9 4.3 37.9
0 6549.927 13 4.3 37.9
0 6550.049 8 4.3 37.9
0 6550.15 10 4.3 37.9
0 6550.249 10 4.3 37.9
0 6550.355 9 4.3 37.9
0 6550.52 6 4.3 37.9
0 6550.533 77 4.3 37.9
0 6550.667 7 4.3 37.9
0 6550.937 4 4.3 37.9
0 6551.129 5 4.3 37.9
0 6551.143 71 4.3 37.9
0 6551.245 10 4.3 37.9
0 6551.343 10 4.3 37.9
0 6551.445 10 4.3 37.9
0 6551.544 10 4.3 37.9
0 6551.644 10 4.3 37.9
0 6551.753 9 4.3 37.9
0 6551.872 8 4.3 37.9
0 6552.046 6 4.3 37.9
0 6552.062 63 4.3 37.9
0 6552.19 8 4.3 37.9
0 6552.29 10 4.3 37.9
0 6552.388 10 4.3 37.9
0 6552.487 10 4.3 37.9
0 6552.675 5 4.3 37.9
0 6552.687 80 4.3 37.9
0 6552.993 3 4.3 37.9
0 6553.007 76 4.3 37.9
0 6553.14 7 4.3 37.9
0 6553.237 10 4.3 37.9
0 6553.308 14 4.3 37.9
0 6553.432 8 4.3 37.9
0 6553.632 5 4.3 37.9
0 6553.733 10 4.3 37.9
0 6553.746 73 4.3 37.9
0 6553.875 8 4.3 37.9
0 6553.967 11 4.3 37.9
0 6554.078 9 4.3 37.9
0 6554.181 10 4.3 37.9
0 6554.374 5 4.3 37.9
0 6554.388 76 4.3 37.9
0 6554.507 8 4.3 37.9
0 6554.705 5 5.0 37.9
0 6554.72 69 5.0 37.9
0 6554.845 8 5.0 37.9
0 6554.93 12 5.0 37.9
0 6555.048 8 5.0 37.9
0 6555.153 10 5.0 37.9
0 6555.247 11 5.0 37.9
0 6555.347 10 5.0 37.9
0 6555.523 6 5.0 37.9
0 6555.536 81 5.0 37.9
0 6555.67 7 5.0 37.9
0 6555.942 4 5.0 37.9
0 6556.131 5 5.0 37.9
0 6556.154 44 5.0 37.9
0 6556.299 7 5.0 37.9
0 6556.389 11 5.0 37.9
0 6556.46 14 5.0 37.9
0 6556.579 8 5.0 37.9
0 6556.688 9 5.0 37.9
0 6556.798 9 5.0 37.9
0 6556.892 11 5.0 37.9
0 6557.045 7 5.0 37.9
0 6557.077 31 5.0 37.9
0 6557.205 8 5.0 37.9
0 6557.305 10 5.0 37.9
0 6557.396 11 5.0 37.9
0 6557.508 9 5.0 37.9
0 6557.692 5 5.0 37.9
0 6557.716 43 5.0 37.9
0 6557.861 7 5.0 37.9
0 6558.006 7 5.0 37.9
0 6558.03 42 5.0 37.9
0 6558.176 7 5.0 37.9
0 6558.275 10 5.0 37.9
0 6558.373 10 5.0 37.9
0 6558.447 14 5.0 37.9
0 6558.663 5 5.0 37.9
0 6558.771 9 5.0 37.9
0 6558.795 41 5.0 37.9
0 6558.999 5 5.0 37.9
0 6559.012 77 5.0 37.9
0 6559.144 8 5.0 37.9
0 6559.244 10 5.0 37.9
0 6559.439 5 5.0 37.9
0 6559.452 73 5.0 37.9
0 6559.579 8 5.0 37.9
0 6559.774 5 5.0 37.9
0 6559.788 69 5.0 37.9
0 6559.913 8 5.0 37.9
0 6560.018 10 5.0 37.9
0 6560.117 10 5.0 37.9
0 6560.217 10 5.0 37.9
0 6560.317 10 5.0 37.9
0 6560.399 12 5.0 37.9
0 6560.594 5 5.0 37.9
0 6560.607 77 5.0 37.9
0 6560.74 7 5.0 37.9
0 6561.16 2 5.0 37.9
0 6561.175 68 5.0 37.9
0 6561.303 8 5.0 37.9
0 6561.401 10 5.0 37.9
0 6561.5 10 5.0 37.9
0 6561.599 10 5.0 37.9
0 6561.705 9 5.0 37.9
0 6561.803 10 5.0 37.9
0 6561.902 10 5.0 37.9
0 6562.08 6 5.0 37.9
0 6562.092 82 5.0 37.9
0 6562.227 7 5.0 37.9
0 6562.324 10 5.0 37.9
0 6562.401 13 5.0 37.9
0 6562.511 9 5.0 37.9
0 6562.722 5 5.0 37.9
0 6562.737 68 5.0 37.9
0 6562.861 8 5.0 37.9
0 6563.035 6 5.0 37.9
0 6563.048 75 5.0 37.9
0 6563.18 8 5.0 37.9
0 6563.28 10 5.0 37.9
0 6563.375 10 5.0 37.9
0 6563.45 13 5.0 37.9
0 6563.659 5 5.0 37.9
0 6563.672 75 5.0 37.9
0 6563.899 4 5.0 37.9
0 6563.912 73 5.0 37.9
0 6564.117 5 5.0 37.9
0 6564.13 76 5.0 37.9
0 6564.26 8 5.0 37.9
0 6564.445 5 5.0 37.9
0 6564.459 68 5.0 37.9
0 6564.577 9 5.0 37.9
0 6564.785 5 4.9 37.9
0 6564.798 74 4.9 37.9
0 6564.903 10 4.9 37.9
0 6565.022 8 4.9 37.9
0 6565.126 10 4.9 37.9
0 6565.229 10 4.9 37.9
0 6565.327 10 4.9 37.9
0 6565.4 14 4.9 37.9
0 6565.624 4 4.9 37.9
0 6565.637 79 4.9 37.9
0 6565.769 8 4.9 37.9
0 6566.195 2 4.9 37.9
0 6566.212 59 4.9 37.9
0 6566.337 8 4.9 37.9
0 6566.433 10 4.9 37.9
0 6566.537 10 4.9 37.9
0 6566.638 10 4.9 37.9
0 6566.747 9 4.9 37.9
0 6566.834 12 4.9 37.9
0 6567.013 6 4.9 37.9
0 6567.097 12 4.9 37.9
0 6567.119 47 4.9 37.9
0 6567.23 9 4.9 37.9
0 6567.34 9 4.9 37.9
0 6567.427 11 4.9 37.9
0 6567.524 10 4.9 37.9
0 6567.629 10 4.9 37.9
0 6567.829 5 4.9 37.9
0 6567.834 182 4.9 37.9
0 6567.937 10 4.9 37.9
0 6568.145 5 4.9 37.9
0 6568.149 291 4.9 37.9
0 6568.261 9 4.9 37.9
0 6568.369 9 4.9 37.9
0 6568.459 11 4.9 37.9
0 6568.559 10 4.9 37.9
0 6568.769 5 4.9 37.9
0 6568.773 246 4.9 37.9
0 6568.988 5 4.9 37.9
0 6568.992 307 4.9 37.9
0 6569.21 5 4.9 37.9
0 6569.213 289 4.9 37.9
0 6569.326 9 4.9 37.9
0 6569.513 5 4.9 37.9
0 6569.518 217 4.9 37.9
0 6569.627 9 4.9 37.9
0 6569.836 5 4.9 37.9
0 6569.84 257 4.9 37.9
0 6569.943 10 4.9 37.9
0 6570.055 9 4.9 37.9
0 6570.151 10 4.9 37.9
0 6570.252 10 4.9 37.9
0 6570.353 10 4.9 37.9
0 6570.457 10 4.9 37.9
0 6570.652 5 4.9 37.9
0 6570.656 302 4.9 37.9
0 6570.767 9 4.9 37.9
0 6571.221 2 4.9 37.9
0 6571.226 198 4.9 37.9
0 6571.336 9 4.9 37.9
0 6571.432 10 4.9 37.9
0 6571.537 9 4.9 37.9
0 6571.64 10 4.9 37.9
0 6571.742 10 4.9 37.9
0 6571.837 11 4.9 37.9
0 6572.026 5 4.9 37.9
0 6572.124 10 4.9 37.9
0 6572.129 203 4.9 37.9
0 6572.249 8 4.9 37.9
0 6572.343 11 4.9 37.9
0 6572.434 11 4.9 37.9
0 6572.539 10 4.9 37.9
0 6572.635 10 4.9 37.9
0 6572.846 5 4.9 37.9
0 6572.849 291 4.9 37.9
0 6572.961 9 4.9 37.9
0 6573.141 6 4.9 37.9
0 6573.161 50 4.9 37.9
0 6573.284 8 4.9 37.9
0 6573.385 10 4.9 37.9
0 6573.484 10 4.9 37.9
0 6573.588 10 4.9 37.9
0 6573.778 5 4.9 37.9
0 6573.802 43 4.9 37.9
0 6574.02 5 4.9 37.9
0 6574.044 41 4.9 37.9
0 6574.272 4 4.9 37.9
0 6574.297 40 4.9 37.9
0 6574.411 9 4.9 37.9
0 6574.613 5 4.9 37.9
0 6574.637 42 4.9 37.9
0 6574.782 7 4.9 37.9
0 6574.881 10 4.1 37.9
0 6574.957 13 4.1 37.9
0 6575.086 8 4.1 37.9
0 6575.183 10 4.1 37.9
0 6575.28 10 4.1 37.9
0 6575.379 10 4.1 37.9
0 6575.456 13 4.1 37.9
0 6575.644 5 4.1 37.9
0 6575.667 43 4.1 37.9
0 6575.812 7 4.1 37.9
0 6575.902 11 4.1 37.9
0 6576.327 2 4.1 37.9
0 6576.351 41 4.1 37.9
0 6576.463 9 4.1 37.9
0 6576.576 9 4.1 37.9
0 6576.69 9 4.1 37.9
0 6576.787 10 4.1 37.9
0 6576.893 9 4.1 37.9
0 6576.959 15 4.1 37.9
0 6577.157 5 4.1 37.9
0 6577.181 42 4.1 37.9
0 6577.316 7 4.1 37.9
0 6577.411 10 4.1 37.9
0 6577.518 9 4.1 37.9
0 6577.608 11 4.1 37.9
0 6577.713 9 4.1 37.9
0 6577.909 5 4.1 37.9
0 6577.936 38 4.1 37.9
0 6578.061 8 4.1 37.9
0 6578.26 5 4.1 37.9
0 6578.288 36 4.1 37.9
0 6578.409 8 4.1 37.9
0 6578.514 9 4.1 37.9
0 6578.616 10 4.1 37.9
0 6578.881 4 4.1 37.9
0 6578.897 63 4.1 37.9
0 6579.099 5 4.1 37.9
0 6579.113 74 4.1 37.9
0 6579.333 5 4.1 37.9
0 6579.346 75 4.1 37.9
0 6579.458 9 4.1 37.9
0 6579.676 5 4.1 37.9
0 6579.692 63 4.1 37.9
0 6579.817 8 4.1 37.9
0 6579.917 10 4.1 37.9
0 6580.019 10 4.1 37.9
0 6580.118 10 4.1 37.9
0 6580.215 10 4.1 37.9
0 6580.32 10 4.1 37.9
0 6580.405 12 4.1 37.9
0 6580.516 9 4.1 37.9
0 6580.719 5 4.1 37.9
0 6580.732 78 4.1 37.9
0 6580.861 8 4.1 37.9
0 6580.948 11 4.1 37.9
0 6581.397 2 4.1 37.9
0 6581.411 71 4.1 37.9
0 6581.534 8 4.1 37.9
0 6581.638 10 4.1 37.9
0 6581.743 9 4.1 37.9
0 6581.842 10 4.1 37.9
0 6581.938 10 4.1 37.9
0 6582.038 10 4.1 37.9
0 6582.222 5 4.1 37.9
0 6582.236 76 4.1 37.9
0 6582.368 8 4.1 37.9
0 6582.449 12 4.1 37.9
0 6582.563 9 4.1 37.9
0 6582.664 10 4.1 37.9
0 6582.768 10 4.1 37.9
0 6582.961 5 4.1 37.9
0 6582.975 73 4.1 37.9
0 6583.092 9 4.1 37.9
0 6583.292 5 4.1 37.9
0 6583.306 72 4.1 37.9
0 6583.411 9 4.1 37.9
0 6583.535 8 4.1 37.9
0 6583.633 10 4.1 37.9
0 6583.916 4 4.1 37.9
0 6583.93 68 4.1 37.9
0 6584.151 5 4.1 37.9
0 6584.164 77 4.1 37.9
0 6584.404 4 4.1 37.9
0 6584.417 75 4.1 37.9
0 6584.543 8 4.1 37.9
0 6584.747 5 4.1 37.9
0 6584.761 70 4.1 37.9
0 6584.889 8 4.9 37.9
0 6584.967 13 4.9 37.9
0 6585.062 10 4.9 37.9
0 6585.193 8 4.9 37.9
0 6585.291 10 4.9 37.9
0 6585.39 10 4.9 37.9
0 6585.475 12 4.9 37.9
0 6585.58 10 4.9 37.9
0 6585.843 4 4.9 37.9
0 6585.846 315 4.9 37.9
0 6585.947 10 4.9 37.9
0 6586.406 2 4.9 37.9
0 6586.412 151 4.9 37.9
0 6586.518 9 4.9 37.9
0 6586.62 10 4.9 37.9
0 6586.724 10 4.9 37.9
0 6586.821 10 4.9 37.9
0 6586.933 9 4.9 37.9
0 6587.019 12 4.9 37.9
0 6587.222 5 4.9 37.9
0 6587.225 306 4.9 37.9
0 6587.337 9 4.9 37.9
0 6587.439 10 4.9 37.9
0 6587.536 10 4.9 37.9
0 6587.635 10 4.9 37.9
0 6587.727 11 4.9 37.9
0 6587.838 9 4.9 37.9
0 6588.021 5 4.9 37.9
0 6588.026 214 4.9 37.9
0 6588.137 9 4.9 37.9
0 6588.332 5 4.9 37.9
0 6588.335 289 4.9 37.9
0 6588.439 10 4.9 37.9
0 6588.555 9 4.9 37.9
0 6588.636 12 4.9 37.9
0 6588.933 3 4.9 37.9
0 6588.937 270 4.9 37.9
0 6589.057 8 4.9 37.9
0 6589.246 5 4.9 37.9
0 6589.25 236 4.9 37.9
0 6589.475 4 4.9 37.9
0 6589.478 291 4.9 37.9
0 6589.601 8 4.9 37.9
0 6589.8 5 4.9 37.9
0 6589.805 229 4.9 37.9
0 6589.915 9 4.9 37.9
0 6590.014 10 4.9 37.9
0 6590.123 9 4.9 37.9
0 6590.214 11 4.9 37.9
0 6590.317 10 4.9 37.9
0 6590.413 10 4.9 37.9
0 6590.512 10 4.9 37.9
0 6590.628 9 4.9 37.9
0 6590.892 4 4.9 37.9
0 6590.896 241 4.9 37.9
0 6590.999 10 4.9 37.9
0 6591.457 2 4.9 37.9
0 6591.462 196 4.9 37.9
0 6591.568 9 4.9 37.9
0 6591.671 10 4.9 37.9
0 6591.772 10 4.9 37.9
0 6591.88 9 4.9 37.9
0 6591.973 11 4.9 37.9
0 6592.071 10 4.9 37.9
0 6592.262 5 4.9 37.9
0 6592.266 271 4.9 37.9
0 6592.382 9 4.9 37.9
0 6592.478 10 4.9 37.9
0 6592.577 10 4.9 37.9
0 6592.677 10 4.9 37.9
0 6592.771 11 4.9 37.9
0 6592.873 10 4.9 37.9
0 6593.068 5 4.9 37.9
0 6593.073 214 4.9 37.9
0 6593.18 9 4.9 37.9
0 6593.375 5 4.9 37.9
0 6593.378 300 4.9 37.9
0 6593.49 9 4.9 37.9
0 6593.601 9 4.9 37.9
0 6593.688 12 4.9 37.9
0 6593.982 3 4.9 37.9
0 6593.986 267 4.9 37.9
0 6594.109 8 4.9 37.9
0 6594.3 5 4.9 37.9
0 6594.304 278 4.9 37.9
0 6594.515 5 4.9 37.9
0 6594.519 267 4.9 37.9
0 6594.638 8 4.9 37.9
0 6594.828 5 4.9 37.9
0 6594.832 261 4.9 37.9
0 6594.938 9 4.2 37.9
0 6595.042 10 4.2 37.9
0 6595.145 10 4.2 37.9
0 6595.24 10 4.2 37.9
0 6595.345 10 4.2 37.9
0 6595.438 11 4.2 37.9
0 6595.544 9 4.2 37.9
0 6595.647 10 4.2 37.9
0 6595.921 4 4.2 37.9
0 6595.924 305 4.2 37.9
0 6596.033 9 4.2 37.9
0 6596.491 2 4.2 37.9
0 6596.496 221 4.2 37.9
0 6596.603 9 4.2 37.9
0 6596.695 11 4.2 37.9
0 6596.806 9 4.2 37.9
0 6596.897 11 4.2 37.9
0 6597.01 9 4.2 37.9
0 6597.104 11 4.2 37.9
0 6597.281 6 4.2 37.9
0 6597.297 63 4.2 37.9
0 6597.411 9 4.2 37.9
0 6597.512 10 4.2 37.9
0 6597.606 11 4.2 37.9
0 6597.706 10 4.2 37.9
0 6597.805 10 4.2 37.9
0 6597.915 9 4.2 37.9
0 6598.104 5 4.2 37.9
0 6598.107 311 4.2 37.9
0 6598.216 9 4.2 37.9
0 6598.41 5 4.2 37.9
0 6598.415 186 4.2 37.9
0 6598.519 10 4.2 37.9
0 6598.626 9 4.2 37.9
0 6598.725 10 4.2 37.9
0 6599.013 3 4.2 37.9
0 6599.019 154 4.2 37.9
0 6599.134 9 4.2 37.9
0 6599.329 5 4.2 37.9
0 6599.332 312 4.2 37.9
0 6599.531 5 4.2 37.9
0 6599.536 197 4.2 37.9
0 6599.652 9 4.2 37.9
0 6599.856 5 4.2 37.9
0 6599.859 293 4.2 37.9
0 6599.96 10 4.2 37.9
0 6600.08 8 4.2 37.9
0 6600.176 10 4.2 37.9
0 6600.271 11 4.2 37.9
0 6600.371 10 4.2 37.9
0 6600.47 10 4.2 37.9
0 6600.58 9 4.2 37.9
0 6600.678 10 4.2 37.9
0 6600.945 4 4.2 37.9
0 6600.948 309 4.2 37.9
0 6601.059 9 4.2 37.9
0 6601.526 2 4.2 37.9
0 6601.53 247 4.2 37.9
0 6601.641 9 4.2 37.9
0 6601.731 11 4.2 37.9
0 6601.846 9 4.2 37.9
0 6601.941 10 4.2 37.9
0 6602.047 9 4.2 37.9
0 6602.142 11 4.2 37.9
0 6602.351 5 4.2 37.9
0 6602.354 303 4.2 37.9
0 6602.461 9 4.2 37.9
0 6602.568 9 4.2 37.9
0 6602.666 10 4.2 37.9
0 6602.766 10 4.2 37.9
0 6602.87 10 4.2 37.9
0 6602.963 11 4.2 37.9
0 6603.157 5 4.2 37.9
0 6603.161 313 4.2 37.9
0 6603.267 9 4.2 37.9
0 6603.481 5 4.2 37.9
0 6603.485 253 4.2 37.9
0 6603.595 9 4.2 37.9
0 6603.699 10 4.2 37.9
0 6603.797 10 4.2 37.9
0 6604.084 3 4.2 37.9
0 6604.098 69 4.2 37.9
0 6604.224 8 4.2 37.9
0 6604.412 5 4.2 37.9
0 6604.426 70 4.2 37.9
0 6604.65 4 4.2 37.9
0 6604.664 72 4.2 37.9
0 6604.895 4 4.2 37.9
0 6604.908 76 4.2 37.9
0 6605.041 8 4.0 37.8
0 6605.14 10 4.0 37.8
0 6605.227 12 4.0 37.8
0 6605.341 9 4.0 37.8
0 6605.44 10 4.0 37.8
0 6605.536 10 4.0 37.8
0 6605.638 10 4.0 37.8
0 6605.729 11 4.0 37.8
0 6605.836 9 4.0 37.8
0 6606.022 5 4.0 37.8
0 6606.035 76 4.0 37.8
0 6606.166 8 4.0 37.8
0 6606.591 2 4.0 37.8
0 6606.606 66 4.0 37.8
0 6606.718 9 4.0 37.8
0 6606.834 9 4.0 37.8
0 6606.935 10 4.0 37.8
0 6607.033 10 4.0 37.8
0 6607.114 12 4.0 37.8
0 6607.235 8 4.0 37.8
0 6607.421 5 4.0 37.8
0 6607.435 73 4.0 37.8
0 6607.564 8 4.0 37.8
0 6607.657 11 4.0 37.8
0 6607.755 10 4.0 37.8
0 6607.856 10 4.0 37.8
0 6607.953 10 4.0 37.8
0 6608.167 5 4.0 37.8
0 6608.18 73 4.0 37.8
0 6608.311 8 4.0 37.8
0 6608.498 5 4.0 37.8
0 6608.513 70 4.0 37.8
0 6608.641 8 4.0 37.8
0 6608.721 13 4.0 37.8
0 6608.843 8 4.0 37.8
0 6609.093 4 4.0 37.8
0 6609.107 69 4.0 37.8
0 6609.212 10 4.0 37.8
0 6609.423 5 4.0 37.8
0 6609.438 67 4.0 37.8
0 6609.654 5 4.0 37.8
0 6609.668 72 4.0 37.8
0 6609.768 10 4.0 37.8
0 6610.001 4 4.0 37.8
0 6610.017 65 4.0 37.8
0 6610.143 8 4.0 37.8
0 6610.239 10 4.0 37.8
0 6610.344 9 4.0 37.8
0 6610.445 10 4.0 37.8
0 6610.547 10 4.0 37.8
0 6610.644 10 4.0 37.8
0 6610.724 13 4.0 37.8
0 6610.846 8 4.0 37.8
0 6611.029 5 4.0 37.8
0 6611.042 73 4.0 37.8
0 6611.173 8 4.0 37.8
0 6611.595 2 4.0 37.8
0 6611.61 69 4.0 37.8
0 6611.733 8 4.0 37.8
0 6611.837 10 4.0 37.8
0 6611.941 10 4.0 37.8
0 6612.033 11 4.0 37.8
0 6612.142 9 4.0 37.8
0 6612.229 12 4.0 37.8
0 6612.421 5 4.0 37.8
0 6612.435 75 4.0 37.8
0 6612.565 8 4.0 37.8
0 6612.646 12 4.0 37.8
0 6612.762 9 4.0 37.8
0 6612.861 10 4.0 37.8
0 6612.955 11 4.0 37.8
0 6613.16 5 4.0 37.8
0 6613.175 69 4.0 37.8
0 6613.303 8 4.0 37.8
0 6613.401 10 4.0 37.8
0 6613.599 5 4.0 37.8
0 6613.612 74 4.0 37.8
0 6613.74 8 4.0 37.8
0 6613.827 12 4.0 37.8
0 6614.181 3 4.0 37.8
0 6614.185 235 4.0 37.8
0 6614.302 9 4.0 37.8
0 6614.5 5 4.0 37.8
0 6614.503 312 4.0 37.8
0 6614.721 5 4.0 37.8
0 6614.725 285 4.0 37.8
0 6614.842 9 4.0 37.8
0 6615.028 5 4.0 37.8
0 6615.032 282 4.0 37.8
0 6615.145 9 4.4 37.8
0 6615.234 11 4.4 37.8
0 6615.35 9 4.4 37.8
0 6615.442 11 4.4 37.8
0 6615.542 10 4.4 37.8
0 6615.645 10 4.4 37.8
0 6615.748 10 4.4 37.8
0 6615.845 10 4.4 37.8
0 6615.945 10 4.4 37.8
0 6616.141 5 4.4 37.8
0 6616.144 308 4.4 37.8
0 6616.614 2 4.4 37.8
0 6616.619 197 4.4 37.8
0 6616.728 9 4.4 37.8
0 6616.817 11 4.4 37.8
0 6616.919 10 4.4 37.8
0 6617.029 9 4.4 37.8
0 6617.138 9 4.4 37.8
0 6617.23 11 4.4 37.8
0 6617.415 5 4.4 37.8
0 6617.418 298 4.4 37.8
0 6617.531 9 4.4 37.8
0 6617.639 9 4.4 37.8
0 6617.731 11 4.4 37.8
0 6617.829 10 4.4 37.8
0 6617.929 10 4.4 37.8
0 6618.033 10 4.4 37.8
0 6618.238 5 4.4 37.8
0 6618.242 265 4.4 37.8
0 6618.352 9 4.4 37.8
0 6618.447 11 4.4 37.8
0 6618.652 5 4.4 37.8
0 6618.656 248 4.4 37.8
0 6618.774 8 4.4 37.8
0 6618.866 11 4.4 37.8
0 6619.227 3 4.4 37.8
0 6619.231 217 4.4 37.8
0 6619.35 8 4.4 37.8
0 6619.532 5 4.4 37.8
0 6619.536 310 4.4 37.8
0 6619.744 5 4.4 37.8
0 6619.749 232 4.4 37.8
0 6619.869 8 4.4 37.8
0 6620.043 6 4.4 37.8
0 6620.048 233 4.4 37.8
0 6620.161 9 4.4 37.8
0 6620.263 10 4.4 37.8
0 6620.369 9 4.4 37.8
0 6620.45 12 4.4 37.8
0 6620.558 9 4.4 37.8
0 6620.662 10 4.4 37.8
0 6620.764 10 4.4 37.8
0 6620.864 10 4.4 37.8
0 6620.956 11 4.4 37.8
0 6621.16 5 4.4 37.8
0 6621.163 309 4.4 37.8
0 6621.626 2 4.4 37.8
0 6621.629 291 4.4 37.8
0 6621.742 9 4.4 37.8
0 6621.842 10 4.4 37.8
0 6621.945 10 4.4 37.8
0 6622.045 10 4.4 37.8
0 6622.145 10 4.4 37.8
0 6622.243 10 4.4 37.8
0 6622.447 5 4.4 37.8
0 6622.45 294 4.4 37.8
0 6622.564 9 4.4 37.8
0 6622.666 10 4.4 37.8
0 6622.765 10 4.4 37.8
0 6622.864 10 4.4 37.8
0 6622.953 11 4.4 37.8
0 6623.057 10 4.4 37.8
0 6623.262 5 4.4 37.8
0 6623.266 265 4.4 37.8
0 6623.378 9 4.4 37.8
0 6623.479 10 4.4 37.8
0 6623.684 5 4.4 37.8
0 6623.687 297 4.4 37.8
0 6623.806 8 4.4 37.8
0 6623.899 11 4.4 37.8
0 6624.256 3 4.4 37.8
0 6624.259 300 4.4 37.8
0 6624.38 8 4.4 37.8
0 6624.571 5 4.4 37.8
0 6624.575 263 4.4 37.8
0 6624.784 5 4.4 37.8
0 6624.788 313 4.4 37.8
0 6624.908 8 4.4 37.8
0 6625.101 5 4.4 37.8
0 6625.106 228 4.4 37.8
0 6625.218 9 3.5 37.8
0 6625.317 10 3.5 37.8
0 6625.424 9 3.5 37.8
0 6625.518 11 3.5 37.8
0 6625.619 10 3.5 37.8
0 6625.719 10 3.5 37.8
0 6625.818 10 3.5 37.8
0 6625.926 9 3.5 37.8
0 6626.019 11 3.5 37.8
0 6626.224 5 3.5 37.8
0 6626.228 297 3.5 37.8
0 6626.701 2 3.5 37.8
0 6626.705 220 3.5 37.8
0 6626.818 9 3.5 37.8
0 6626.915 10 3.5 37.8
0 6627.016 10 3.5 37.8
0 6627.128 9 3.5 37.8
0 6627.22 11 3.5 37.8
0 6627.319 10 3.5 37.8
0 6627.515 5 3.5 37.8
0 6627.518 303 3.5 37.8
0 6627.639 8 3.5 37.8
0 6627.733 11 3.5 37.8
0 6627.83 10 3.5 37.8
0 6627.928 10 3.5 37.8
0 6628.03 10 3.5 37.8
0 6628.13 10 3.5 37.8
0 6628.337 5 3.5 37.8
0 6628.341 258 3.5 37.8
0 6628.448 9 3.5 37.8
0 6628.552 10 3.5 37.8
0 6628.741 5 3.5 37.8
0 6628.745 236 3.5 37.8
0 6628.85 10 3.5 37.8
0 6628.949 10 3.5 37.8
0 6629.332 3 3.5 37.8
0 6629.337 201 3.5 37.8
0 6629.45 9 3.5 37.8
0 6629.646 5 3.5 37.8
0 6629.65 299 3.5 37.8
0 6629.861 5 3.5 37.8
0 6629.865 235 3.5 37.8
0 6629.981 9 3.5 37.8
0 6630.184 5 3.5 37.8
0 6630.187 303 3.5 37.8
0 6630.3 9 3.5 37.8
0 6630.404 10 3.5 37.8
0 6630.507 10 3.5 37.8
0 6630.599 11 3.5 37.8
0 6630.699 10 3.5 37.8
0 6630.801 10 3.5 37.8
0 6630.901 10 3.5 37.8
0 6631.008 9 3.5 37.8
0 6631.099 11 3.5 37.8
0 6631.3 5 3.5 37.8
0 6631.303 316 3.5 37.8
0 6631.755 2 3.5 37.8
0 6631.758 287 3.5 37.8
0 6631.871 9 3.5 37.8
0 6631.972 10 3.5 37.8
0 6632.074 10 3.5 37.8
0 6632.174 10 3.5 37.8
0 6632.272 10 3.5 37.8
0 6632.368 10 3.5 37.8
0 6632.554 5 3.5 37.8
0 6632.559 199 3.5 37.8
0 6632.677 8 3.5 37.8
0 6632.762 12 3.5 37.8
0 6632.873 9 3.5 37.8
0 6632.968 11 3.5 37.8
0 6633.076 9 3.5 37.8
0 6633.181 10 3.5 37.8
0 6633.358 6 3.5 37.8
0 6633.362 303 3.5 37.8
0 6633.476 9 3.5 37.8
0 6633.576 10 3.5 37.8
0 6633.778 5 3.5 37.8
0 6633.782 282 3.5 37.8
0 6633.893 9 3.5 37.8
0 6633.995 10 3.5 37.8
0 6634.368 3 3.5 37.8
0 6634.372 219 3.5 37.8
0 6634.481 9 3.5 37.8
0 6634.687 5 3.5 37.8
0 6634.691 248 3.5 37.8
0 6634.912 5 3.5 37.8
0 6634.916 267 3.5 37.8
0 6635.026 9 3.5 37.8
0 6635.236 5 3.7 37.8
0 6635.241 201 3.7 37.8
0 6635.355 9 3.7 37.8
0 6635.452 10 3.7 37.8
0 6635.55 10 3.7 37.8
0 6635.651 10 3.7 37.8
0 6635.758 9 3.7 37.8
0 6635.851 11 3.7 37.8
0 6635.954 10 3.7 37.8
0 6636.051 10 3.7 37.8
0 6636.152 10 3.7 37.8
0 6636.343 5 3.7 37.8
0 6636.347 275 3.7 37.8
0 6636.797 2 3.7 37.8
0 6636.801 243 3.7 37.8
0 6636.916 9 3.7 37.8
0 6637.012 10 3.7 37.8
0 6637.116 10 3.7 37.8
0 6637.218 10 3.7 37.8
0 6637.313 11 3.7 37.8
0 6637.417 10 3.7 37.8
0 6637.604 5 3.7 37.8
0 6637.608 260 3.7 37.8
0 6637.726 8 3.7 37.8
0 6637.809 12 3.7 37.8
0 6637.924 9 3.7 37.8
0 6638.017 11 3.7 37.8
0 6638.122 10 3.7 37.8
0 6638.209 12 3.7 37.8
0 6638.419 5 3.7 37.8
0 6638.423 241 3.7 37.8
0 6638.533 9 3.7 37.8
0 6638.634 10 3.7 37.8
0 6638.832 5 3.7 37.8
0 6638.836 212 3.7 37.8
0 6638.953 9 3.7 37.8
0 6639.046 11 3.7 37.8
0 6639.418 3 3.7 37.8
0 6639.422 215 3.7 37.8
0 6639.541 8 3.7 37.8
0 6639.739 5 3.7 37.8
0 6639.743 253 3.7 37.8
0 6639.957 5 3.7 37.8
0 6639.962 215 3.7 37.8
0 6640.082 8 3.7 37.8
0 6640.277 5 3.7 37.8
0 6640.281 250 3.7 37.8
0 6640.39 9 3.7 37.8
0 6640.495 10 3.7 37.8
0 6640.601 9 3.7 37.8
0 6640.693 11 3.7 37.8
0 6640.795 10 3.7 37.8
0 6640.891 10 3.7 37.8
0 6640.995 10 3.7 37.8
0 6641.103 9 3.7 37.8
0 6641.193 11 3.7 37.8
0 6641.401 5 3.7 37.8
0 6641.404 306 3.7 37.8
0 6641.867 2 3.7 37.8
0 6641.871 237 3.7 37.8
0 6641.976 9 3.7 37.8
0 6642.084 9 3.7 37.8
0 6642.185 10 3.7 37.8
0 6642.283 10 3.7 37.8
0 6642.391 9 3.7 37.8
0 6642.477 12 3.7 37.8
0 6642.688 5 3.7 37.8
0 6642.691 313 3.7 37.8
0 6642.801 9 3.7 37.8
0 6642.905 10 3.7 37.8
0 6643.003 10 3.7 37.8
0 6643.106 10 3.7 37.8
0 6643.206 10 3.7 37.8
0 6643.31 10 3.7 37.8
0 6643.502 5 3.7 37.8
0 6643.506 286 3.7 37.8
0 6643.619 9 3.7 37.8
0 6643.719 10 3.7 37.8
0 6643.917 5 3.7 37.8
0 6643.921 262 3.7 37.8
0 6644.036 9 3.7 37.8
0 6644.134 10 3.7 37.8
0 6644.494 3 3.7 37.8
0 6644.499 215 3.7 37.8
0 6644.613 9 3.7 37.8
0 6644.813 5 3.7 37.8
0 6644.816 280 3.7 37.8
0 6645.029 5 3.7 37.8
0 6645.033 265 3.7 37.8
0 6645.139 9 3.7 37.8
0 6645.351 5 3.7 37.8
0 6645.354 283 3.7 37.8
0 6645.458 10 3.7 37.8
0 6645.569 9 3.7 37.8
0 6645.67 10 3.7 37.8
0 6645.768 10 3.7 37.8
0 6645.864 10 3.7 37.8
0 6645.964 10 3.7 37.8
0 6646.072 9 3.7 37.8
0 6646.171 10 3.7 37.8
0 6646.255 12 3.7 37.8
0 6646.463 5 3.7 37.8
0 6646.467 270 3.7 37.8
0 6646.927 2 3.7 37.8
0 6646.932 228 3.7 37.8
0 6647.044 9 3.7 37.8
0 6647.142 10 3.7 37.8
0 6647.244 10 3.7 37.8
0 6647.35 9 3.7 37.8
0 6647.442 11 3.7 37.8
0 6647.547 10 3.7 37.8
0 6647.732 5 3.7 37.8
0 6647.736 258 3.7 37.8
0 6647.84 10 3.7 37.8
0 6647.956 9 3.7 37.8
0 6648.052 10 3.7 37.8
0 6648.147 10 3.7 37.8
0 6648.25 10 3.7 37.8
0 6648.35 10 3.7 37.8
0 6648.53 6 3.7 37.8
0 6648.537 151 3.7 37.8
0 6648.652 9 3.7 37.8
0 6648.751 10 3.7 37.8
0 6648.947 5 3.7 37.8
0 6648.952 246 3.7 37.8
0 6649.067 9 3.7 37.8
0 6649.166 10 3.7 37.8
0 6649.531 3 3.7 37.8
0 6649.535 221 3.7 37.8
0 6649.651 9 3.7 37.8
0 6649.844 5 3.7 37.8
0 6649.848 243 3.7 37.8
0 6650.044 5 3.7 37.8
0 6650.048 246 3.7 37.8
0 6650.164 9 3.7 37.8
0 6650.36 5 3.7 37.8
0 6650.364 238 3.7 37.8
0 6650.465 10 3.7 37.8
0 6650.577 9 3.7 37.8
0 6650.681 10 3.7 37.8
0 6650.779 10 3.7 37.8
0 6650.877 10 3.7 37.8
0 6650.964 11 3.7 37.8
0 6651.079 9 3.7 37.8
0 6651.179 10 3.7 37.8
0 6651.283 10 3.7 37.8
0 6651.471 5 3.7 37.8
0 6651.475 319 3.7 37.8
0 6651.943 2 3.7 37.8
0 6651.949 177 3.7 37.8
0 6652.057 9 3.7 37.8
0 6652.16 10 3.7 37.8
0 6652.257 10 3.7 37.8
0 6652.365 9 3.7 37.8
0 6652.458 11 3.7 37.8
0 6652.556 10 3.7 37.8
0 6652.753 5 3.7 37.8
0 6652.756 316 3.7 37.8
0 6652.876 8 3.7 37.8
0 6652.961 12 3.7 37.8
0 6653.067 9 3.7 37.8
0 6653.171 10 3.7 37.8
0 6653.268 10 3.7 37.8
0 6653.376 9 3.7 37.8
0 6653.551 6 3.7 37.8
0 6653.557 170 3.7 37.8
0 6653.67 9 3.7 37.8
0 6653.768 10 3.7 37.8
0 6653.97 5 3.7 37.8
0 6653.975 209 3.7 37.8
0 6654.086 9 3.7 37.8
0 6654.183 10 3.7 37.8
0 6654.557 3 3.7 37.8
0 6654.563 174 3.7 37.8
0 6654.672 9 3.7 37.8
0 6654.876 5 3.7 37.8
0 6654.879 300 3.7 37.8
0 6655.094 5 3.7 37.8
0 6655.099 206 3.7 37.8
0 6655.21 9 3.7 37.8
0 6655.415 5 3.7 37.8
0 6655.418 284 3.7 37.8
0 6655.529 9 3.7 37.8
0 6655.64 9 3.7 37.8
0 6655.732 11 3.7 37.8
0 6655.831 10 3.7 37.8
0 6655.93 10 3.7 37.8
0 6656.029 10 3.7 37.8
0 6656.142 9 3.7 37.8
0 6656.231 11 3.7 37.8
0 6656.332 10 3.7 37.8
0 6656.529 5 3.7 37.8
0 6656.532 318 3.7 37.8
0 6656.979 2 3.7 37.8
0 6656.983 235 3.7 37.8
0 6657.093 9 3.7 37.8
0 6657.194 10 3.7 37.8
0 6657.3 9 3.7 37.8
0 6657.403 10 3.7 37.8
0 6657.493 11 3.7 37.8
0 6657.592 10 3.7 37.8
0 6657.802 5 3.7 37.8
0 6657.805 283 3.7 37.8
0 6657.926 8 3.7 37.8
0 6658.018 11 3.7 37.8
0 6658.116 10 3.7 37.8
0 6658.216 10 3.7 37.8
0 6658.321 10 3.7 37.8
0 6658.406 12 3.7 37.8
0 6658.624 5 3.7 37.8
0 6658.627 317 3.7 37.8
0 6658.738 9 3.7 37.8
0 6658.843 10 3.7 37.8
0 6659.029 5 3.7 37.8
0 6659.033 246 3.7 37.8
0 6659.153 8 3.7 37.8
0 6659.244 11 3.7 37.8
0 6659.615 3 3.7 37.8
0 6659.619 226 3.7 37.8
0 6659.738 8 3.7 37.8
0 6659.944 5 3.7 37.8
0 6659.949 213 3.7 37.8
0 6660.163 5 3.7 37.8
0 6660.167 229 3.7 37.8
0 6660.282 9 3.7 37.8
0 6660.476 5 3.7 37.8
0 6660.48 219 3.7 37.8
0 6660.588 9 3.7 37.8
0 6660.693 9 3.7 37.8
0 6660.798 10 3.7 37.8
0 6660.891 11 3.7 37.8
0 6660.994 10 3.7 37.8
0 6661.091 10 3.7 37.8
0 6661.195 10 3.7 37.8
0 6661.3 9 3.7 37.8
0 6661.39 11 3.7 37.8
0 6661.59 5 3.7 37.8
0 6661.593 335 3.7 37.8
0 6662.063 2 3.7 37.8
0 6662.067 225 3.7 37.8
0 6662.178 9 3.7 37.8
0 6662.279 10 3.7 37.8
0 6662.377 10 3.7 37.8
0 6662.469 11 3.7 37.8
0 6662.583 9 3.7 37.8
0 6662.679 10 3.7 37.8
0 6662.87 5 3.7 37.8
0 6662.873 332 3.7 37.8
0 6662.985 9 3.7 37.8
0 6663.092 9 3.7 37.8
0 6663.186 11 3.7 37.8
0 6663.287 10 3.7 37.8
0 6663.384 10 3.7 37.8
0 6663.489 10 3.7 37.8
0 6663.679 5 3.7 37.8
0 6663.682 281 3.7 37.8
0 6663.795 9 3.7 37.8
0 6663.893 10 3.7 37.8
0 6664.094 5 3.7 37.8
0 6664.098 235 3.7 37.8
0 6664.214 9 3.7 37.8
0 6664.31 10 3.7 37.8
0 6664.674 3 3.7 37.8
0 6664.679 205 3.7 37.8
0 6664.795 9 3.7 37.8
0 6664.98 5 3.7 37.8
0 6664.983 310 3.7 37.8
0 6665.199 5 3.7 37.8
0 6665.203 247 3.7 37.8
0 6665.319 9 3.7 37.8
0 6665.509 5 3.6 37.8
0 6665.512 293 3.6 37.8
0 6665.625 9 3.6 37.8
0 6665.73 9 3.6 37.8
0 6665.829 10 3.6 37.8
0 6665.924 10 3.6 37.8
0 6666.013 11 3.6 37.8
0 6666.126 9 3.6 37.8
0 6666.231 9 3.6 37.8
0 6666.33 10 3.6 37.8
0 6666.425 10 3.6 37.8
0 6666.625 5 3.6 37.8
0 6666.628 316 3.6 37.8
0 6667.087 2 3.6 37.8
0 6667.091 239 3.6 37.8
0 6667.204 9 3.6 37.8
0 6667.301 10 3.6 37.8
0 6667.406 10 3.6 37.8
0 6667.505 10 3.6 37.8
0 6667.607 10 3.6 37.8
0 6667.704 10 3.6 37.8
0 6667.904 5 3.6 37.8
0 6667.907 292 3.6 37.8
0 6668.022 9 3.6 37.8
0 6668.125 10 3.6 37.8
0 6668.221 10 3.6 37.8
0 6668.32 10 3.6 37.8
0 6668.422 10 3.6 37.8
0 6668.524 10 3.6 37.8
0 6668.726 5 3.6 37.8
0 6668.729 282 3.6 37.8
0 6668.84 9 3.6 37.8
0 6668.945 10 3.6 37.8
0 6669.144 5 3.6 37.8
0 6669.148 266 3.6 37.8
0 6669.264 9 3.6 37.8
0 6669.36 10 3.6 37.8
0 6669.712 3 3.6 37.8
0 6669.716 212 3.6 37.8
0 6669.832 9 3.6 37.8
0 6670.03 5 3.6 37.8
0 6670.034 233 3.6 37.8
0 6670.253 5 3.6 37.8
0 6670.257 270 3.6 37.8
0 6670.374 9 3.6 37.8
0 6670.557 5 3.6 37.8
0 6670.561 244 3.6 37.8
0 6670.672 9 3.6 37.8
0 6670.775 10 3.6 37.8
0 6670.871 10 3.6 37.8
0 6670.963 11 3.6 37.8
0 6671.073 9 3.6 37.8
0 6671.174 10 3.6 37.8
0 6671.278 10 3.6 37.8
0 6671.374 10 3.6 37.8
0 6671.469 11 3.6 37.8
0 6671.675 5 3.6 37.8
0 6671.678 310 3.6 37.8
0 6672.146 2 3.6 37.8
0 6672.15 246 3.6 37.8
0 6672.262 9 3.6 37.8
0 6672.363 10 3.6 37.8
0 6672.461 10 3.6 37.8
0 6672.565 10 3.6 37.8
0 6672.667 10 3.6 37.8
0 6672.763 10 3.6 37.8
0 6672.941 6 3.6 37.8
0 6672.951 92 3.6 37.8
0 6673.067 9 3.6 37.8
0 6673.168 10 3.6 37.8
0 6673.255 11 3.6 37.8
0 6673.354 10 3.6 37.8
0 6673.452 10 3.6 37.8
0 6673.559 9 3.6 37.8
0 6673.764 5 3.6 37.8
0 6673.767 299 3.6 37.8
0 6673.879 9 3.6 37.8
0 6673.979 10 3.6 37.8
0 6674.169 5 3.6 37.8
0 6674.173 262 3.6 37.8
0 6674.292 8 3.6 37.8
0 6674.384 11 3.6 37.8
0 6674.74 3 3.6 37.8
0 6674.744 235 3.6 37.8
0 6674.86 9 3.6 37.8
0 6675.046 5 3.6 37.8
0 6675.05 265 3.6 37.8
0 6675.265 5 3.6 37.8
0 6675.269 265 3.6 37.8
0 6675.388 8 3.6 37.8
0 6675.562 6 3.7 37.8
0 6675.57 127 3.7 37.8
0 6675.683 9 3.7 37.8
0 6675.81 8 3.7 37.8
0 6675.911 10 3.7 37.8
0 6675.986 13 3.7 37.8
0 6676.09 10 3.7 37.8
0 6676.209 8 3.7 37.8
0 6676.31 10 3.7 37.8
0 6676.408 10 3.7 37.8
0 6676.499 11 3.7 37.8
0 6676.695 5 3.7 37.8
0 6676.718 44 3.7 37.8
0 6677.181 2 3.7 37.8
0 6677.205 42 3.7 37.8
0 6677.336 8 3.7 37.8
0 6677.426 11 3.7 37.8
0 6677.533 9 3.7 37.8
0 6677.635 10 3.7 37.8
0 6677.737 10 3.7 37.8
0 6677.834 10 3.7 37.8
0 6678.019 5 3.7 37.8
0 6678.043 42 3.7 37.8
0 6678.175 8 3.7 37.8
0 6678.274 10 3.7 37.8
0 6678.371 10 3.7 37.8
0 6678.471 10 3.7 37.8
0 6678.569 10 3.7 37.8
0 6678.765 5 3.7 37.8
0 6678.789 42 3.7 37.8
0 6678.921 8 3.7 37.8
0 6679.01 11 3.7 37.8
0 6679.204 5 3.7 37.8
0 6679.227 44 3.7 37.8
0 6679.347 8 3.7 37.8
0 6679.457 9 3.7 37.8
0 6679.528 14 3.7 37.8
0 6679.756 4 3.7 37.8
0 6679.779 44 3.7 37.8
0 6679.917 7 3.7 37.8
0 6680.071 7 3.7 37.8
0 6680.093 44 3.7 37.8
0 6680.309 5 3.7 37.8
0 6680.332 44 3.7 37.8
0 6680.469 7 3.7 37.8
0 6680.623 7 3.7 37.8
0 6680.646 43 3.7 37.8
0 6680.776 8 3.7 37.8
0 6680.879 10 3.7 37.8
0 6680.969 11 3.7 37.8
0 6681.07 10 3.7 37.8
0 6681.175 10 3.7 37.8
0 6681.277 10 3.7 37.8
0 6681.365 11 3.7 37.8
0 6681.466 10 3.7 37.8
0 6681.569 10 3.7 37.8
0 6681.761 5 3.7 37.8
0 6681.786 41 3.7 37.8
0 6682.256 2 3.7 37.8
0 6682.281 40 3.7 37.8
0 6682.404 8 3.7 37.8
0 6682.489 12 3.7 37.8
0 6682.602 9 3.7 37.8
0 6682.7 10 3.7 37.8
0 6682.805 9 3.7 37.8
0 6682.883 13 3.7 37.8
0 6683.07 5 3.7 37.8
0 6683.094 42 3.7 37.8
0 6683.217 8 3.7 37.8
0 6683.319 10 3.7 37.8
0 6683.416 10 3.7 37.8
0 6683.52 10 3.7 37.8
0 6683.606 12 3.7 37.8
0 6683.82 5 3.7 37.8
0 6683.844 41 3.7 37.8
0 6683.971 8 3.7 37.8
0 6684.074 10 3.7 37.8
0 6684.271 5 3.7 37.8
0 6684.296 41 3.7 37.8
0 6684.488 5 3.7 37.8
0 6684.501 74 3.7 37.8
0 6684.631 8 3.7 37.8
0 6684.808 6 3.7 37.8
0 6684.821 76 3.7 37.8
0 6684.936 9 3.7 37.8
0 6685.141 5 3.7 37.8
0 6685.155 73 3.7 37.8
0 6685.366 5 3.7 37.8
0 6685.379 79 3.7 37.8
0 6685.481 10 3.7 37.8
0 6685.707 4 4.8 37.8
0 6685.723 66 4.8 37.8
0 6685.847 8 4.8 37.8
0 6685.955 9 4.8 37.8
0 6686.052 10 4.8 37.8
0 6686.155 10 4.8 37.8
0 6686.252 10 4.8 37.8
0 6686.352 10 4.8 37.8
0 6686.452 10 4.8 37.8
0 6686.552 10 4.8 37.8
0 6686.645 11 4.8 37.8
0 6686.822 6 4.8 37.8
0 6686.836 72 4.8 37.8
0 6687.302 2 4.8 37.8
0 6687.317 66 4.8 37.8
0 6687.448 8 4.8 37.8
0 6687.537 11 4.8 37.8
0 6687.647 9 4.8 37.8
0 6687.819 6 4.8 37.8
0 6687.824 205 4.8 37.8
0 6687.941 9 4.8 37.8
0 6688.133 5 4.8 37.8
0 6688.136 322 4.8 37.8
0 6688.248 9 4.8 37.8
0 6688.353 10 4.8 37.8
0 6688.456 10 4.8 37.8
0 6688.546 11 4.8 37.8
0 6688.65 10 4.8 37.8
0 6688.842 5 4.8 37.8
0 6688.847 187 4.8 37.8
0 6688.964 9 4.8 37.8
0 6689.056 11 4.8 37.8
0 6689.159 10 4.8 37.8
0 6689.357 5 4.8 37.8
0 6689.363 181 4.8 37.8
0 6689.562 5 4.8 37.8
0 6689.565 301 4.8 37.8
0 6689.704 7 4.8 37.8
0 6689.875 6 4.8 37.8
0 6689.891 65 4.8 37.8
0 6690.008 9 4.8 37.8
0 6690.202 5 4.8 37.8
0 6690.215 73 4.8 37.8
0 6690.423 5 4.8 37.8
0 6690.437 68 4.8 37.8
0 6690.552 9 4.8 37.8
0 6690.765 5 4.8 37.8
0 6690.78 68 4.8 37.8
0 6690.909 8 4.8 37.8
0 6690.987 13 4.8 37.8
0 6691.111 8 4.8 37.8
0 6691.21 10 4.8 37.8
0 6691.331 8 4.8 37.8
0 6691.428 10 4.8 37.8
0 6691.505 13 4.8 37.8
0 6691.624 8 4.8 37.8
0 6691.734 9 4.8 37.8
0 6691.835 10 4.8 37.8
0 6691.924 11 4.8 37.8
0 6692.328 2 4.8 37.8
0 6692.354 38 4.8 37.8
0 6692.48 8 4.8 37.8
0 6692.594 9 4.8 37.8
0 6692.682 11 4.8 37.8
0 6692.904 5 4.8 37.8
0 6692.93 39 4.8 37.8
0 6693.066 7 4.8 37.8
0 6693.238 6 4.8 37.8
0 6693.275 27 4.8 37.8
0 6693.394 8 4.8 37.8
0 6693.494 10 4.8 37.8
0 6693.591 10 4.8 37.8
0 6693.703 9 4.8 37.8
0 6693.875 6 4.8 37.8
0 6693.898 44 4.8 37.8
0 6694.046 7 4.8 37.8
0 6694.137 11 4.8 37.8
0 6694.229 11 4.8 37.8
0 6694.332 10 4.8 37.8
0 6694.41 13 4.8 37.8
0 6694.607 5 4.8 37.8
0 6694.629 44 4.8 37.8
0 6694.775 7 4.8 37.8
0 6694.969 5 4.8 37.8
0 6694.993 42 4.8 37.8
0 6695.226 4 4.8 37.8
0 6695.25 42 4.8 37.8
0 6695.466 5 4.8 37.8
0 6695.508 24 4.8 37.8
0 6695.648 7 4.8 37.8
0 6695.85 5 5.0 37.8
0 6695.89 25 5.0 37.8
0 6696.029 7 5.0 37.8
0 6696.134 10 5.0 37.8
0 6696.23 10 5.0 37.8
0 6696.324 11 5.0 37.8
0 6696.435 9 5.0 37.8
0 6696.504 14 5.0 37.8
0 6696.628 8 5.0 37.8
0 6696.809 6 5.0 37.8
0 6696.843 29 5.0 37.8
0 6696.957 9 5.0 37.8
0 6697.423 2 5.0 37.8
0 6697.472 21 5.0 37.8
0 6697.595 8 5.0 37.8
0 6697.696 10 5.0 37.8
0 6697.804 9 5.0 37.8
0 6697.885 12 5.0 37.8
0 6698.025 7 5.0 37.8
0 6698.067 24 5.0 37.8
0 6698.272 5 5.0 37.8
0 6698.306 29 5.0 37.8
0 6698.426 8 5.0 37.8
0 6698.532 9 5.0 37.8
0 6698.639 9 5.0 37.8
0 6698.719 12 5.0 37.8
0 6699.005 4 5.0 37.8
0 6699.035 34 5.0 37.8
0 6699.155 8 5.0 37.8
0 6699.267 9 5.0 37.8
0 6699.365 10 5.0 37.8
0 6699.466 10 5.0 37.8
0 6699.561 11 5.0 37.8
0 6699.668 9 5.0 37.8
0 6699.764 10 5.0 37.8
0 6699.86 10 5.0 37.8
0 6700.054 5 5.0 37.8
0 6700.087 31 5.0 37.8
0 6700.376 3 5.0 37.8
0 6700.471 10 5.0 37.8
0 6700.489 56 5.0 37.8
0 6700.619 8 5.0 37.8
0 6700.714 10 5.0 37.8
0 6700.905 5 5.0 37.8
0 6700.918 73 5.0 37.8
0 6701.046 8 5.0 37.8
0 6701.153 9 5.0 37.8
0 6701.247 11 5.0 37.8
0 6701.345 10 5.0 37.8
0 6701.445 10 5.0 37.8
0 6701.537 11 5.0 37.8
0 6701.656 8 5.0 37.8
0 6701.845 5 5.0 37.8
0 6701.858 73 5.0 37.8
0 6701.982 8 5.0 37.8
0 6702.43 2 5.0 37.8
0 6702.443 73 5.0 37.8
0 6702.566 8 5.0 37.8
0 6702.671 9 5.0 37.8
0 6702.777 10 5.0 37.8
0 6702.874 10 5.0 37.8
0 6702.97 10 5.0 37.8
0 6703.072 10 5.0 37.8
0 6703.261 5 5.0 37.8
0 6703.274 77 5.0 37.8
0 6703.398 8 5.0 37.8
0 6703.491 11 5.0 37.8
0 6703.602 9 5.0 37.8
0 6703.698 10 5.0 37.8
0 6703.807 9 5.0 37.8
0 6704.144 3 5.0 37.8
0 6704.148 256 5.0 37.8
0 6704.258 9 5.0 37.8
0 6704.364 9 5.0 37.8
0 6704.457 11 5.0 37.8
0 6704.564 9 5.0 37.8
0 6704.651 11 5.0 37.8
0 6704.759 9 5.0 37.8
0 6704.864 10 5.0 37.8
0 6705.055 5 5.0 37.8
0 6705.06 210 5.0 37.8
0 6705.273 5 5.0 37.8
0 6705.277 319 5.0 37.8
0 6705.484 5 5.0 37.8
0 6705.573 11 5.0 37.8
0 6705.588 68 5.0 37.8
0 6705.7 9 5.0 37.8
0 6705.804 10 5.0 37.8
0 6706.001 5 5.0 37.8
0 6706.004 297 5.0 37.8
0 6706.118 9 5.0 37.8
0 6706.217 10 5.0 37.8
0 6706.323 9 5.0 37.8
0 6706.42 10 5.0 37.8
0 6706.514 11 5.0 37.8
0 6706.621 9 5.0 37.8
0 6706.719 10 5.0 37.8
0 6706.922 5 5.0 37.8
0 6706.926 220 5.0 37.8
0 6707.036 9 5.0 37.8
0 6707.474 2 5.0 37.8
0 6707.481 141 5.0 37.8
0 6707.587 9 5.0 37.8
0 6707.688 10 5.0 37.8
0 6707.788 10 5.0 37.8
0 6707.882 11 5.0 37.8
0 6707.996 9 5.0 37.8
0 6708.089 11 5.0 37.8
0 6708.284 5 5.0 37.8
0 6708.288 294 5.0 37.8
0 6708.402 9 5.0 37.8
0 6708.508 9 5.0 37.8
0 6708.593 12 5.0 37.8
0 6708.699 9 5.0 37.8
0 6708.798 10 5.0 37.8
0 6709.17 3 5.0 37.8
0 6709.175 194 5.0 37.8
0 6709.274 10 5.0 37.8
0 6709.385 9 5.0 37.8
0 6709.475 11 5.0 37.8
0 6709.592 9 5.0 37.8
0 6709.693 10 5.0 37.8
0 6709.785 11 5.0 37.8
0 6709.885 10 5.0 37.8
0 6710.066 6 5.0 37.8
0 6710.074 116 5.0 37.8
0 6710.265 5 5.0 37.8
0 6710.277 85 5.0 37.8
0 6710.38 10 5.0 37.8
0 6710.564 5 5.0 37.8
0 6710.661 10 5.0 37.8
0 6710.676 64 5.0 37.8
0 6710.8 8 5.0 37.8
0 6710.885 12 5.0 37.8
0 6711.068 5 5.0 37.8
0 6711.076 123 5.0 37.8
0 6711.185 9 5.0 37.8
0 6711.301 9 5.0 37.8
0 6711.385 12 5.0 37.8
0 6711.477 11 5.0 37.8
0 6711.587 9 5.0 37.8
0 6711.686 10 5.0 37.8
0 6711.801 9 5.0 37.8
0 6711.986 5 5.0 37.8
0 6711.99 306 5.0 37.8
0 6712.098 9 5.0 37.8
0 6712.556 2 5.0 37.8
0 6712.56 233 5.0 37.8
0 6712.668 9 5.0 37.8
0 6712.766 10 5.0 37.8
0 6712.875 9 5.0 37.8
0 6712.964 11 5.0 37.8
0 6713.078 9 5.0 37.8
0 6713.171 11 5.0 37.8
0 6713.373 5 5.0 37.8
0 6713.377 297 5.0 37.8
0 6713.486 9 5.0 37.8
0 6713.595 9 5.0 37.8
0 6713.687 11 5.0 37.8
0 6713.787 10 5.0 37.8
0 6713.892 10 5.0 37.8
0 6714.245 3 5.0 37.8
0 6714.249 251 5.0 37.8
0 6714.359 9 5.0 37.8
0 6714.464 10 5.0 37.8
0 6714.558 11 5.0 37.8
0 6714.659 10 5.0 37.8
0 6714.772 9 5.0 37.8
0 6714.849 13 5.0 37.8
0 6714.964 9 5.0 37.8
0 6715.161 5 5.0 37.8
0 6715.165 270 5.0 37.8
0 6715.377 5 5.0 37.8
0 6715.38 315 5.0 37.8
0 6715.595 5 5.0 37.8
0 6715.684 11 5.0 37.8
0 6715.7 62 5.0 37.8
0 6715.81 9 5.0 37.8
0 6715.919 9 5.0 37.8
0 6716.12 5 4.0 37.8
0 6716.124 288 4.0 37.8
0 6716.234 9 4.0 37.8
0 6716.337 10 4.0 37.8
0 6716.444 9 4.0 37.8
0 6716.538 11 4.0 37.8
0 6716.637 10 4.0 37.8
0 6716.736 10 4.0 37.8
0 6716.838 10 4.0 37.8
0 6717.038 5 4.0 37.8
0 6717.043 215 4.0 37.8
0 6717.152 9 4.0 37.8
0 6717.597 2 4.0 37.8
0 6717.605 131 4.0 37.8
0 6717.711 9 4.0 37.8
0 6717.811 10 4.0 37.8
0 6717.902 11 4.0 37.8
0 6718.007 9 4.0 37.8
0 6718.128 8 4.0 37.8
0 6718.212 12 4.0 37.8
0 6718.412 5 4.0 37.8
0 6718.415 319 4.0 37.8
0 6718.528 9 4.0 37.8
0 6718.644 9 4.0 37.8
0 6718.727 12 4.0 37.8
0 6718.825 10 4.0 37.8
0 6718.927 10 4.0 37.8
0 6719.293 3 4.0 37.8
0 6719.298 196 4.0 37.8
0 6719.408 9 4.0 37.8
0 6719.506 10 4.0 37.8
0 6719.608 10 4.0 37.8
0 6719.709 10 4.0 37.8
0 6719.821 9 4.0 37.8
0 6719.907 12 4.0 37.8
0 6720.007 10 4.0 37.8
0 6720.213 5 4.0 37.8
0 6720.216 277 4.0 37.8
0 6720.446 4 4.0 37.8
0 6720.449 310 4.0 37.8
0 6720.666 5 4.0 37.8
0 6720.752 12 4.0 37.8
0 6720.773 48 4.0 37.8
0 6720.885 9 4.0 37.8
0 6720.985 10 4.0 37.8
0 6721.188 5 4.0 37.8
0 6721.192 254 4.0 37.8
0 6721.298 9 4.0 37.8
0 6721.407 9 4.0 37.8
0 6721.512 9 4.0 37.8
0 6721.603 11 4.0 37.8
0 6721.703 10 4.0 37.8
0 6721.804 10 4.0 37.8
0 6721.908 10 4.0 37.8
0 6722.099 5 4.0 37.8
0 6722.103 293 4.0 37.8
0 6722.212 9 4.0 37.8
0 6722.662 2 4.0 37.8
0 6722.669 147 4.0 37.8
0 6722.775 9 4.0 37.8
0 6722.875 10 4.0 37.8
0 6722.976 10 4.0 37.8
0 6723.078 10 4.0 37.8
0 6723.172 11 4.0 37.8
0 6723.275 10 4.0 37.8
0 6723.48 5 4.0 37.8
0 6723.484 266 4.0 37.8
0 6723.595 9 4.0 37.8
0 6723.703 9 4.0 37.8
0 6723.795 11 4.0 37.8
0 6723.895 10 4.0 37.8
0 6723.988 11 4.0 37.8
0 6724.371 3 4.0 37.8
0 6724.375 243 4.0 37.8
0 6724.478 10 4.0 37.8
0 6724.588 9 4.0 37.8
0 6724.686 10 4.0 37.8
0 6724.788 10 4.0 37.8
0 6724.898 9 4.0 37.8
0 6724.976 13 4.0 37.8
0 6725.089 9 4.0 37.8
0 6725.282 5 4.0 37.8
0 6725.286 242 4.0 37.8
0 6725.507 5 4.0 37.8
0 6725.511 283 4.0 37.8
0 6725.718 5 4.0 37.8
0 6725.808 11 4.0 37.8
0 6725.823 69 4.0 37.8
0 6725.934 9 4.0 37.8
0 6726.041 9 4.0 37.8
0 6726.237 5 3.7 37.8
0 6726.241 291 3.7 37.8
0 6726.353 9 3.7 37.8
0 6726.475 8 3.7 37.8
0 6726.583 9 3.7 37.8
0 6726.67 11 3.7 37.8
0 6726.781 9 3.7 37.8
0 6726.88 10 3.7 37.8
0 6726.981 10 3.7 37.8
0 6727.183 5 3.7 37.8
0 6727.197 74 3.7 37.8
0 6727.328 8 3.7 37.8
0 6727.768 2 3.7 37.8
0 6727.794 38 3.7 37.8
0 6727.922 8 3.7 37.8
0 6728.006 12 3.7 37.8
0 6728.13 8 3.7 37.8
0 6728.213 12 3.7 37.8
0 6728.318 10 3.7 37.8
0 6728.49 6 3.7 37.8
0 6728.515 41 3.7 37.8
0 6728.653 7 3.7 37.8
0 6728.75 10 3.7 37.8
0 6728.855 9 3.7 37.8
0 6728.915 17 3.7 37.8
0 6729.044 8 3.7 37.8
0 6729.143 10 3.7 37.8
0 6729.422 4 3.7 37.8
0 6729.447 40 3.7 37.8
0 6729.584 7 3.7 37.8
0 6729.686 10 3.7 37.8
0 6729.78 11 3.7 37.8
0 6729.854 13 3.7 37.8
0 6729.985 8 3.7 37.8
0 6730.089 10 3.7 37.8
0 6730.284 5 3.7 37.8
0 6730.312 36 3.7 37.8
0 6730.418 9 3.7 37.8
0 6730.714 3 3.7 37.8
0 6730.74 38 3.7 37.8
0 6730.86 8 3.7 37.8
0 6730.966 9 3.7 37.8
0 6731.068 10 3.7 37.8
0 6731.256 5 3.7 37.8
0 6731.281 40 3.7 37.8
0 6731.403 8 3.7 37.8
0 6731.507 10 3.7 37.8
0 6731.624 9 3.7 37.8
0 6731.723 10 3.7 37.8
0 6731.815 11 3.7 37.8
0 6731.897 12 3.7 37.8
0 6732.005 9 3.7 37.8
0 6732.208 5 3.7 37.8
0 6732.232 42 3.7 37.8
0 6732.369 7 3.7 37.8
0 6732.809 2 3.7 37.8
0 6732.834 41 3.7 37.8
0 6732.933 10 3.7 37.8
0 6733.059 8 3.7 37.8
0 6733.162 10 3.7 37.8
0 6733.26 10 3.7 37.8
0 6733.384 8 3.7 37.8
0 6733.543 6 3.7 37.8
0 6733.568 39 3.7 37.8
0 6733.708 7 3.7 37.8
0 6733.806 10 3.7 37.8
0 6733.91 10 3.7 37.8
0 6733.995 12 3.7 37.8
0 6734.101 9 3.7 37.8
0 6734.198 10 3.7 37.8
0 6734.459 4 3.7 37.8
0 6734.485 37 3.7 37.8
0 6734.612 8 3.7 37.8
0 6734.725 9 3.7 37.8
0 6734.793 15 3.7 37.8
0 6734.926 8 3.7 37.8
0 6735.012 12 3.7 37.8
0 6735.114 10 3.7 37.8
0 6735.316 5 3.7 37.8
0 6735.34 42 3.7 37.8
0 6735.476 7 3.7 37.8
0 6735.739 4 3.7 37.8
0 6735.763 42 3.7 37.8
0 6735.889 8 3.7 37.8
0 6735.984 10 3.7 37.8
0 6736.087 10 3.7 37.8
0 6736.285 5 5.0 37.8
0 6736.308 42 5.0 37.8
0 6736.414 9 5.0 37.8
0 6736.532 8 5.0 37.8
0 6736.645 9 5.0 37.8
0 6736.745 10 5.0 37.8
0 6736.853 9 5.0 37.8
0 6736.924 14 5.0 37.8
0 6737.022 10 5.0 37.8
0 6737.319 3 5.0 37.8
0 6737.333 73 5.0 37.8
0 6737.624 3 5.0 37.8
0 6737.638 70 5.0 37.8
0 6737.914 4 5.0 37.8
0 6737.929 67 5.0 37.8
0 6738.051 8 5.0 37.8
0 6738.153 10 5.0 37.8
0 6738.255 10 5.0 37.8
0 6738.352 10 5.0 37.8
0 6738.531 6 5.0 37.8
0 6738.543 81 5.0 37.8
0 6738.675 8 5.0 37.8
0 6738.777 10 5.0 37.8
0 6738.87 11 5.0 37.8
0 6738.974 10 5.0 37.8
0 6739.072 10 5.0 37.8
0 6739.177 10 5.0 37.8
0 6739.273 10 5.0 37.8
0 6739.545 4 5.0 37.8
0 6739.558 74 5.0 37.8
0 6739.691 8 5.0 37.8
0 6739.787 10 5.0 37.8
0 6739.887 10 5.0 37.8
0 6739.985 10 5.0 37.8
0 6740.088 10 5.0 37.8
0 6740.185 10 5.0 37.8
0 6740.379 5 5.0 37.8
0 6740.393 72 5.0 37.8
0 6740.498 10 5.0 37.8
0 6740.785 3 5.0 37.8
0 6740.8 67 5.0 37.8
0 6740.911 9 5.0 37.8
0 6741.009 10 5.0 37.8
0 6741.131 8 5.0 37.8
0 6741.334 5 5.0 37.8
0 6741.35 62 5.0 37.8
0 6741.471 8 5.0 37.8
0 6741.576 10 5.0 37.8
0 6741.676 10 5.0 37.8
0 6741.778 10 5.0 37.8
0 6741.881 10 5.0 37.8
0 6741.977 10 5.0 37.8
0 6742.077 10 5.0 37.8
0 6742.355 4 5.0 37.8
0 6742.37 70 5.0 37.8
0 6742.659 3 5.0 37.8
0 6742.689 32 5.0 37.8
0 6743.044 3 5.0 37.8
0 6743.059 67 5.0 37.8
0 6743.192 8 5.0 37.8
0 6743.265 14 5.0 37.8
0 6743.385 8 5.0 37.8
0 6743.568 5 5.0 37.8
0 6743.581 75 5.0 37.8
0 6743.715 7 5.0 37.8
0 6743.812 10 5.0 37.8
0 6743.911 10 5.0 37.8
0 6744.001 11 5.0 37.8
0 6744.119 8 5.0 37.8
0 6744.216 10 5.0 37.8
0 6744.309 11 5.0 37.8
0 6744.57 4 5.0 37.8
0 6744.584 76 5.0 37.8
0 6744.722 7 5.0 37.8
0 6744.808 12 5.0 37.8
0 6744.89 12 5.0 37.8
0 6744.994 10 5.0 37.8
0 6745.114 8 5.0 37.8
0 6745.223 9 5.0 37.8
0 6745.415 5 5.0 37.8
0 6745.428 74 5.0 37.8
0 6745.55 8 5.0 37.8
0 6745.827 4 5.0 37.8
0 6745.841 70 5.0 37.8
0 6745.958 9 5.0 37.8
0 6746.071 9 5.0 37.8
0 6746.16 11 5.0 37.8
0 6746.355 5 4.7 37.8
0 6746.371 62 4.7 37.8
0 6746.492 8 4.7 37.8
0 6746.594 10 4.7 37.8
0 6746.699 10 4.7 37.8
0 6746.803 10 4.7 37.8
0 6746.895 11 4.7 37.8
0 6746.99 11 4.7 37.8
0 6747.098 9 4.7 37.8
0 6747.199 10 4.7 37.8
0 6747.378 6 4.7 37.8
0 6747.393 66 4.7 37.8
0 6747.678 4 4.7 37.8
0 6747.691 77 4.7 37.8
0 6748.053 3 4.7 37.8
0 6748.068 67 4.7 37.8
0 6748.193 8 4.7 37.8
0 6748.297 10 4.7 37.8
0 6748.396 10 4.7 37.8
0 6748.575 6 4.7 37.8
0 6748.592 59 4.7 37.8
0 6748.716 8 4.7 37.8
0 6748.822 9 4.7 37.8
0 6748.902 12 4.7 37.8
0 6748.995 11 4.7 37.8
0 6749.123 8 4.7 37.8
0 6749.22 10 4.7 37.8
0 6749.315 11 4.7 37.8
0 6749.487 6 4.7 37.8
0 6749.587 10 4.7 37.8
0 6749.601 68 4.7 37.8
0 6749.733 8 4.7 37.8
0 6749.824 11 4.7 37.8
0 6749.932 9 4.7 37.8
0 6750.009 13 4.7 37.8
0 6750.133 8 4.7 37.8
0 6750.234 10 4.7 37.8
0 6750.431 5 4.7 37.8
0 6750.446 71 4.7 37.8
0 6750.573 8 4.7 37.8
0 6750.853 4 4.7 37.8
0 6750.867 69 4.7 37.8
0 6750.986 8 4.7 37.8
0 6751.096 9 4.7 37.8
0 6751.198 10 4.7 37.8
0 6751.392 5 4.7 37.8
0 6751.407 66 4.7 37.8
0 6751.533 8 4.7 37.8
0 6751.633 10 4.7 37.8
0 6751.733 10 4.7 37.8
0 6751.833 10 4.7 37.8
0 6751.941 9 4.7 37.8
0 6752.015 14 4.7 37.8
0 6752.138 8 4.7 37.8
0 6752.237 10 4.7 37.8
0 6752.417 6 4.7 37.8
0 6752.431 69 4.7 37.8
0 6752.725 3 4.7 37.8
0 6752.739 69 4.7 37.8
0 6753.118 3 4.7 37.8
0 6753.132 72 4.7 37.8
0 6753.264 8 4.7 37.8
0 6753.364 10 4.7 37.8
0 6753.46 10 4.7 37.8
0 6753.642 5 4.7 37.8
0 6753.655 79 4.7 37.8
0 6753.789 7 4.7 37.8
0 6753.889 10 4.7 37.8
0 6753.982 11 4.7 37.8
0 6754.088 9 4.7 37.8
0 6754.188 10 4.7 37.8
0 6754.285 10 4.7 37.8
0 6754.39 10 4.7 37.8
0 6754.653 4 4.7 37.8
0 6754.667 72 4.7 37.8
0 6754.793 8 4.7 37.8
0 6754.901 9 4.7 37.8
0 6754.989 11 4.7 37.8
0 6755.086 10 4.7 37.8
0 6755.201 9 4.7 37.8
0 6755.299 10 4.7 37.8
0 6755.485 5 4.7 37.8
0 6755.498 72 4.7 37.8
0 6755.626 8 4.7 37.8
0 6755.897 4 4.7 37.8
0 6755.911 71 4.7 37.8
0 6756.04 8 4.7 37.8
0 6756.143 10 4.7 37.8
0 6756.242 10 4.7 37.8
0 6756.447 5 4.7 37.8
0 6756.461 71 4.7 37.8
0 6756.592 8 4.7 37.8
0 6756.691 10 4.7 37.8
0 6756.791 10 4.7 37.8
0 6756.883 11 4.7 37.8
0 6756.98 10 4.7 37.8
0 6757.081 10 4.7 37.8
0 6757.183 10 4.7 37.8
0 6757.282 10 4.7 37.8
0 6757.472 5 4.7 37.8
0 6757.487 67 4.7 37.8
0 6757.774 3 4.7 37.8
0 6757.788 72 4.7 37.8
0 6758.17 3 4.7 37.8
0 6758.184 71 4.7 37.8
0 6758.308 8 4.7 37.8
0 6758.399 11 4.7 37.8
0 6758.496 10 4.7 37.8
0 6758.696 5 4.7 37.8
0 6758.71 73 4.7 37.8
0 6758.832 8 4.7 37.8
0 6758.921 11 4.7 37.8
0 6759.031 9 4.7 37.8
0 6759.131 10 4.7 37.8
0 6759.234 10 4.7 37.8
0 6759.333 10 4.7 37.8
0 6759.43 10 4.7 37.8
0 6759.717 3 4.7 37.8
0 6759.803 12 4.7 37.8
0 6759.823 50 4.7 37.8
0 6759.925 10 4.7 37.8
0 6760.033 9 4.7 37.8
0 6760.132 10 4.7 37.8
0 6760.238 9 4.7 37.8
0 6760.332 11 4.7 37.8
0 6760.509 6 4.7 37.8
0 6760.522 77 4.7 37.8
0 6760.634 9 4.7 37.8
0 6760.932 3 4.7 37.8
0 6760.936 277 4.7 37.8
0 6761.052 9 4.7 37.8
0 6761.178 8 4.7 37.8
0 6761.28 10 4.7 37.8
0 6761.461 6 4.7 37.8
0 6761.475 72 4.7 37.8
0 6761.61 7 4.7 37.8
0 6761.701 11 4.7 37.8
0 6761.807 9 4.7 37.8
0 6761.907 10 4.7 37.8
0 6761.995 11 4.7 37.8
0 6762.111 9 4.7 37.8
0 6762.204 11 4.7 37.8
0 6762.307 10 4.7 37.8
0 6762.384 13 4.7 37.8
0 6762.58 5 4.7 37.8
0 6762.678 10 4.7 37.8
0 6762.782 10 4.7 37.8
0 6762.795 75 4.7 37.8
0 6763.003 5 4.7 37.8
0 6763.016 76 4.7 37.8
0 6763.237 5 4.7 37.8
0 6763.253 63 4.7 37.8
0 6763.383 8 4.7 37.8
0 6763.479 10 4.7 37.8
0 6763.581 10 4.7 37.8
0 6763.77 5 4.7 37.8
0 6763.792 46 4.7 37.8
0 6763.927 7 4.7 37.8
0 6764.01 12 4.7 37.8
0 6764.121 9 4.7 37.8
0 6764.221 10 4.7 37.8
0 6764.326 10 4.7 37.8
0 6764.407 12 4.7 37.8
0 6764.508 10 4.7 37.8
0 6764.807 3 4.7 37.8
0 6764.918 9 4.7 37.8
0 6764.931 75 4.7 37.8
0 6765.039 9 4.7 37.8
0 6765.162 8 4.7 37.8
0 6765.254 11 4.7 37.8
0 6765.365 9 4.7 37.8
0 6765.561 5 4.7 37.8
0 6765.574 78 4.7 37.8
0 6765.706 8 4.7 37.8
0 6765.973 4 4.7 37.8
0 6765.987 71 4.7 37.8
0 6766.12 8 4.7 37.8
0 6766.218 10 4.7 37.8
0 6766.317 10 4.7 37.8
0 6766.482 6 4.5 37.8
0 6766.497 65 4.5 37.8
0 6766.623 8 4.5 37.8
0 6766.726 10 4.5 37.8
0 6766.827 10 4.5 37.8
0 6766.906 13 4.5 37.8
0 6767.004 10 4.5 37.8
0 6767.12 9 4.5 37.8
0 6767.228 9 4.5 37.8
0 6767.327 10 4.5 37.8
0 6767.42 11 4.5 37.8
0 6767.592 6 4.5 37.8
0 6767.687 10 4.5 37.8
0 6767.79 10 4.5 37.8
0 6767.804 69 4.5 37.8
0 6768.021 5 4.5 37.8
0 6768.035 74 4.5 37.8
0 6768.254 5 4.5 37.8
0 6768.267 76 4.5 37.8
0 6768.394 8 4.5 37.8
0 6768.494 10 4.5 37.8
0 6768.603 9 4.5 37.8
0 6768.794 5 4.5 37.8
0 6768.807 79 4.5 37.8
0 6768.911 10 4.5 37.8
0 6769.018 9 4.5 37.8
0 6769.136 9 4.5 37.8
0 6769.234 10 4.5 37.8
0 6769.335 10 4.5 37.8
0 6769.435 10 4.5 37.8
0 6769.531 10 4.5 37.8
0 6769.805 4 4.5 37.8
0 6769.819 72 4.5 37.8
0 6770.032 5 4.5 37.8
0 6770.045 78 4.5 37.8
0 6770.251 5 4.5 37.8
0 6770.255 258 4.5 37.8
0 6770.369 9 4.5 37.8
0 6770.465 10 4.5 37.8
0 6770.674 5 4.5 37.8
0 6770.679 207 4.5 37.8
0 6770.989 3 4.5 37.8
0 6771.003 75 4.5 37.8
0 6771.135 8 4.5 37.8
0 6771.239 10 4.5 37.8
0 6771.333 11 4.5 37.8
0 6771.502 6 4.5 37.8
0 6771.517 69 4.5 37.8
0 6771.64 8 4.5 37.8
0 6771.743 10 4.5 37.8
0 6771.847 10 4.5 37.8
0 6771.923 13 4.5 37.8
0 6772.044 8 4.5 37.8
0 6772.147 10 4.5 37.8
0 6772.254 9 4.5 37.8
0 6772.346 11 4.5 37.8
0 6772.42 14 4.5 37.8
0 6772.634 5 4.5 37.8
0 6772.818 5 4.5 37.8
0 6772.831 77 4.5 37.8
0 6773.039 5 4.5 37.8
0 6773.052 75 4.5 37.8
0 6773.29 4 4.5 37.8
0 6773.305 68 4.5 37.8
0 6773.436 8 4.5 37.8
0 6773.527 11 4.5 37.8
0 6773.636 9 4.5 37.8
0 6773.804 6 4.5 37.8
0 6773.818 71 4.5 37.8
0 6773.942 8 4.5 37.8
0 6774.044 10 4.5 37.8
0 6774.147 10 4.5 37.8
0 6774.25 10 4.5 37.8
0 6774.353 10 4.5 37.8
0 6774.44 12 4.5 37.8
0 6774.546 9 4.5 37.8
0 6774.829 4 4.5 37.8
0 6774.844 68 4.5 37.8
0 6774.972 8 4.5 37.8
0 6775.073 10 4.5 37.8
0 6775.259 5 4.5 37.8
0 6775.273 72 4.5 37.8
0 6775.406 8 4.5 37.8
0 6775.494 11 4.5 37.8
0 6775.679 5 4.5 37.8
0 6775.692 74 4.5 37.8
0 6775.998 3 4.5 37.8
0 6776.012 70 4.5 37.8
0 6776.132 8 4.5 37.8
0 6776.243 9 4.5 37.8
0 6776.343 10 4.5 37.8
0 6776.529 5 4.6 37.8
0 6776.544 66 4.6 37.8
0 6776.672 8 4.6 37.8
0 6776.768 10 4.6 37.8
0 6776.874 9 4.6 37.8
0 6776.976 10 4.6 37.8
0 6777.074 10 4.6 37.8
0 6777.174 10 4.6 37.8
0 6777.269 11 4.6 37.8
0 6777.375 9 4.6 37.8
0 6777.468 11 4.6 37.8
0 6777.665 5 4.6 37.8
0 6777.844 6 4.6 37.8
0 6777.857 76 4.6 37.8
0 6778.049 5 4.6 37.8
0 6778.064 69 4.6 37.8
0 6778.299 4 4.6 37.8
0 6778.312 77 4.6 37.8
0 6778.433 8 4.6 37.8
0 6778.513 12 4.6 37.8
0 6778.62 9 4.6 37.8
0 6778.817 5 4.6 37.8
0 6778.83 76 4.6 37.8
0 6778.953 8 4.6 37.8
0 6779.056 10 4.6 37.8
0 6779.16 10 4.6 37.8
0 6779.261 10 4.6 37.8
0 6779.351 11 4.6 37.8
0 6779.463 9 4.6 37.8
0 6779.555 11 4.6 37.8
0 6779.739 5 4.6 37.8
0 6779.835 10 4.6 37.8
0 6779.852 58 4.6 37.8
0 6779.984 8 4.6 37.8
0 6780.103 8 4.6 37.8
0 6780.295 5 4.6 37.8
0 6780.321 38 4.6 37.8
0 6780.432 9 4.6 37.8
0 6780.55 8 4.6 37.8
0 6780.652 10 4.6 37.8
0 6780.768 9 4.6 37.8
0 6781.015 4 4.6 37.8
0 6781.051 28 4.6 37.8
0 6781.176 8 4.6 37.8
0 6781.276 10 4.6 37.8
0 6781.382 9 4.6 37.8
0 6781.567 5 4.6 37.8
0 6781.597 34 4.6 37.8
0 6781.725 8 4.6 37.8
0 6781.827 10 4.6 37.8
0 6781.93 10 4.6 37.8
0 6782.024 11 4.6 37.8
0 6782.128 10 4.6 37.8
0 6782.228 10 4.6 37.8
0 6782.332 10 4.6 37.8
0 6782.407 13 4.6 37.8
0 6782.517 9 4.6 37.8
0 6782.714 5 4.6 37.8
0 6782.907 5 4.6 37.8
0 6782.933 38 4.6 37.8
0 6783.141 5 4.6 37.8
0 6783.167 39 4.6 37.8
0 6783.413 4 4.6 37.8
0 6783.441 35 4.6 37.8
0 6783.562 8 4.6 37.8
0 6783.67 9 4.6 37.8
0 6783.84 6 4.6 37.8
0 6783.871 33 4.6 37.8
0 6783.999 8 4.6 37.8
0 6784.103 10 4.6 37.8
0 6784.2 10 4.6 37.8
0 6784.283 12 4.6 37.8
0 6784.461 6 4.6 37.8
0 6784.474 72 4.6 37.8
0 6784.606 8 4.6 37.8
0 6784.874 4 4.6 37.8
0 6784.888 71 4.6 37.8
0 6785.004 9 4.6 37.8
0 6785.114 9 4.6 37.8
0 6785.306 5 4.6 37.8
0 6785.319 78 4.6 37.8
0 6785.446 8 4.6 37.8
0 6785.543 10 4.6 37.8
0 6785.636 11 4.6 37.8
0 6785.753 9 4.6 37.8
0 6786.021 4 4.6 37.8
0 6786.036 70 4.6 37.8
0 6786.166 8 4.6 37.8
0 6786.268 10 4.6 37.8
0 6786.368 10 4.6 37.8
0 6786.463 11 4.6 37.8
0 6786.664 5 5.1 37.9
0 6786.679 70 5.1 37.9
0 6786.804 8 5.1 37.9
0 6786.898 11 5.1 37.9
0 6787.007 9 5.1 37.9
0 6787.084 13 5.1 37.9
0 6787.211 8 5.1 37.9
0 6787.314 10 5.1 37.9
0 6787.397 12 5.1 37.9
0 6787.506 9 5.1 37.9
0 6787.616 9 5.1 37.9
0 6787.799 5 5.1 37.9
0 6787.982 5 5.1 37.9
0 6787.996 72 5.1 37.9
0 6788.219 4 5.1 37.9
0 6788.231 81 5.1 37.9
0 6788.465 4 5.1 37.9
0 6788.479 75 5.1 37.9
0 6788.614 7 5.1 37.9
0 6788.714 10 5.1 37.9
0 6788.877 6 5.1 37.9
0 6788.9 43 5.1 37.9
0 6789.026 8 5.1 37.9
0 6789.144 8 5.1 37.9
0 6789.239 11 5.1 37.9
0 6789.339 10 5.1 37.9
0 6789.514 6 5.1 37.9
0 6789.538 41 5.1 37.9
0 6789.676 7 5.1 37.9
0 6789.938 4 5.1 37.9
0 6789.961 44 5.1 37.9
0 6790.108 7 5.1 37.9
0 6790.21 10 5.1 37.9
0 6790.38 6 5.1 37.9
0 6790.403 43 5.1 37.9
0 6790.521 8 5.1 37.9
0 6790.645 8 5.1 37.9
0 6790.749 10 5.1 37.9
0 6790.835 12 5.1 37.9
0 6791.089 4 5.1 37.9
0 6791.114 41 5.1 37.9
0 6791.252 7 5.1 37.9
0 6791.35 10 5.1 37.9
0 6791.455 10 5.1 37.9
0 6791.538 12 5.1 37.9
0 6791.66 8 5.1 37.9
0 6791.747 12 5.1 37.9
0 6791.86 9 5.1 37.9
0 6791.948 11 5.1 37.9
0 6792.019 14 5.1 37.9
0 6792.16 7 5.1 37.9
0 6792.251 11 5.1 37.9
0 6792.367 9 5.1 37.9
0 6792.415 21 5.1 37.9
0 6792.522 9 5.1 37.9
0 6792.659 7 5.1 37.9
0 6792.831 6 5.1 37.9
0 6793.023 5 5.1 37.9
0 6793.051 35 5.1 37.9
0 6793.334 4 5.1 37.9
0 6793.348 71 5.1 37.9
0 6793.562 5 5.1 37.9
0 6793.577 68 5.1 37.9
0 6793.708 8 5.1 37.9
0 6793.802 11 5.1 37.9
0 6793.987 5 5.1 37.9
0 6794.001 72 5.1 37.9
0 6794.135 7 5.1 37.9
0 6794.225 11 5.1 37.9
0 6794.328 10 5.1 37.9
0 6794.488 6 5.1 37.9
0 6794.502 72 5.1 37.9
0 6794.633 8 5.1 37.9
0 6794.726 11 5.1 37.9
0 6795.005 4 5.1 37.9
0 6795.02 69 5.1 37.9
0 6795.156 7 5.1 37.9
0 6795.24 12 5.1 37.9
0 6795.426 5 5.1 37.9
0 6795.439 76 5.1 37.9
0 6795.563 8 5.1 37.9
0 6795.677 9 5.1 37.9
0 6795.774 10 5.1 37.9
0 6795.862 11 5.1 37.9
0 6796.132 4 5.1 37.9
0 6796.146 72 5.1 37.9
0 6796.281 7 5.1 37.9
0 6796.376 11 5.1 37.9
0 6796.474 10 5.1 37.9
0 6796.573 10 5.1 37.9
0 6796.685 9 4.9 37.9
0 6796.779 11 4.9 37.9
0 6796.879 10 4.9 37.9
0 6796.977 10 4.9 37.9
0 6797.078 10 4.9 37.9
0 6797.175 10 4.9 37.9
0 6797.279 10 4.9 37.9
0 6797.379 10 4.9 37.9
0 6797.478 10 4.9 37.9
0 6797.552 14 4.9 37.9
0 6797.653 10 4.9 37.9
0 6797.862 5 4.9 37.9
0 6798.039 6 4.9 37.9
0 6798.051 80 4.9 37.9
0 6798.352 3 4.9 37.9
0 6798.367 65 4.9 37.9
0 6798.579 5 4.9 37.9
0 6798.593 75 4.9 37.9
0 6798.725 8 4.9 37.9
0 6798.827 10 4.9 37.9
0 6799.007 6 4.9 37.9
0 6799.019 81 4.9 37.9
0 6799.154 7 4.9 37.9
0 6799.251 10 4.9 37.9
0 6799.353 10 4.9 37.9
0 6799.529 6 4.9 37.9
0 6799.543 74 4.9 37.9
0 6799.677 7 4.9 37.9
0 6799.767 11 4.9 37.9
0 6800.022 4 4.9 37.9
0 6800.037 67 4.9 37.9
0 6800.171 7 4.9 37.9
0 6800.267 10 4.9 37.9
0 6800.454 5 4.9 37.9
0 6800.467 74 4.9 37.9
0 6800.603 7 4.9 37.9
0 6800.677 14 4.9 37.9
0 6800.791 9 4.9 37.9
0 6800.899 9 4.9 37.9
0 6801.164 4 4.9 37.9
0 6801.179 69 4.9 37.9
0 6801.296 9 4.9 37.9
0 6801.394 10 4.9 37.9
0 6801.502 9 4.9 37.9
0 6801.581 13 4.9 37.9
0 6801.711 8 4.9 37.9
0 6801.81 10 4.9 37.9
0 6801.91 10 4.9 37.9
0 6802.0 11 4.9 37.9
0 6802.114 9 4.9 37.9
0 6802.214 10 4.9 37.9
0 6802.319 10 4.9 37.9
0 6802.408 11 4.9 37.9
0 6802.499 11 4.9 37.9
0 6802.612 9 4.9 37.9
0 6802.687 13 4.9 37.9
0 6802.877 5 4.9 37.9
0 6803.06 5 4.9 37.9
0 6803.073 77 4.9 37.9
0 6803.355 4 4.9 37.9
0 6803.371 63 4.9 37.9
0 6803.599 4 4.9 37.9
0 6803.613 75 4.9 37.9
0 6803.736 8 4.9 37.9
0 6803.845 9 4.9 37.9
0 6804.033 5 4.9 37.9
0 6804.046 79 4.9 37.9
0 6804.18 7 4.9 37.9
0 6804.277 10 4.9 37.9
0 6804.379 10 4.9 37.9
0 6804.564 5 4.9 37.9
0 6804.577 72 4.9 37.9
0 6804.711 8 4.9 37.9
0 6804.8 11 4.9 37.9
0 6805.076 4 4.9 37.9
0 6805.092 61 4.9 37.9
0 6805.299 5 4.9 37.9
0 6805.302 292 4.9 37.9
0 6805.513 5 4.9 37.9
0 6805.517 250 4.9 37.9
0 6805.639 8 4.9 37.9
0 6805.727 11 4.9 37.9
0 6805.826 10 4.9 37.9
0 6805.929 10 4.9 37.9
0 6806.213 4 4.9 37.9
0 6806.218 219 4.9 37.9
0 6806.328 9 4.9 37.9
0 6806.427 10 4.9 37.9
0 6806.529 10 4.9 37.9
0 6806.628 10 4.9 37.9
0 6806.745 9 5.0 37.9
0 6806.826 12 5.0 37.9
0 6806.928 10 5.0 37.9
0 6807.029 10 5.0 37.9
0 6807.129 10 5.0 37.9
0 6807.232 10 5.0 37.9
0 6807.339 9 5.0 37.9
0 6807.427 11 5.0 37.9
0 6807.53 10 5.0 37.9
0 6807.629 10 5.0 37.9
0 6807.734 10 5.0 37.9
0 6807.935 5 5.0 37.9
0 6808.116 6 5.0 37.9
0 6808.119 327 5.0 37.9
0 6808.421 3 5.0 37.9
0 6808.424 306 5.0 37.9
0 6808.626 5 5.0 37.9
0 6808.63 230 5.0 37.9
0 6808.744 9 5.0 37.9
0 6808.84 10 5.0 37.9
0 6809.039 5 5.0 37.9
0 6809.043 280 5.0 37.9
0 6809.157 9 5.0 37.9
0 6809.26 10 5.0 37.9
0 6809.354 11 5.0 37.9
0 6809.556 5 5.0 37.9
0 6809.56 269 5.0 37.9
0 6809.672 9 5.0 37.9
0 6809.775 10 5.0 37.9
0 6809.87 10 5.0 37.9
0 6810.159 3 5.0 37.9
0 6810.163 259 5.0 37.9
0 6810.389 4 5.0 37.9
0 6810.392 300 5.0 37.9
0 6810.59 5 5.0 37.9
0 6810.594 263 5.0 37.9
0 6810.708 9 5.0 37.9
0 6810.811 10 5.0 37.9
0 6810.904 11 5.0 37.9
0 6811.001 10 5.0 37.9
0 6811.289 3 5.0 37.9
0 6811.292 311 5.0 37.9
0 6811.409 9 5.0 37.9
0 6811.501 11 5.0 37.9
0 6811.603 10 5.0 37.9
0 6811.703 10 5.0 37.9
0 6811.812 9 5.0 37.9
0 6811.91 10 5.0 37.9
0 6812.001 11 5.0 37.9
0 6812.104 10 5.0 37.9
0 6812.204 10 5.0 37.9
0 6812.313 9 5.0 37.9
0 6812.394 12 5.0 37.9
0 6812.503 9 5.0 37.9
0 6812.605 10 5.0 37.9
0 6812.705 10 5.0 37.9
0 6812.815 9 5.0 37.9
0 6812.983 6 5.0 37.9
0 6813.164 6 5.0 37.9
0 6813.168 262 5.0 37.9
0 6813.48 3 5.0 37.9
0 6813.484 271 5.0 37.9
0 6813.672 5 5.0 37.9
0 6813.685 72 5.0 37.9
0 6813.794 9 5.0 37.9
0 6813.897 10 5.0 37.9
0 6814.086 5 5.0 37.9
0 6814.09 280 5.0 37.9
0 6814.205 9 5.0 37.9
0 6814.299 11 5.0 37.9
0 6814.394 10 5.0 37.9
0 6814.587 5 5.0 37.9
0 6814.591 251 5.0 37.9
0 6814.706 9 5.0 37.9
0 6814.8 11 5.0 37.9
0 6814.906 9 5.0 37.9
0 6815.174 4 5.0 37.9
0 6815.178 233 5.0 37.9
0 6815.389 5 5.0 37.9
0 6815.393 294 5.0 37.9
0 6815.585 5 5.0 37.9
0 6815.593 130 5.0 37.9
0 6815.709 9 5.0 37.9
0 6815.808 10 5.0 37.9
0 6815.904 10 5.0 37.9
0 6816.002 10 5.0 37.9
0 6816.108 9 5.0 37.9
0 6816.394 3 5.0 37.9
0 6816.398 250 5.0 37.9
0 6816.503 9 5.0 37.9
0 6816.61 9 5.0 37.9
0 6816.709 10 5.0 37.9
0 6816.808 10 3.5 37.9
0 6816.917 9 3.5 37.9
0 6817.004 12 3.5 37.9
0 6817.112 9 3.5 37.9
0 6817.211 10 3.5 37.9
0 6817.308 10 3.5 37.9
0 6817.412 10 3.5 37.9
0 6817.505 11 3.5 37.9
0 6817.614 9 3.5 37.9
0 6817.711 10 3.5 37.9
0 6817.809 10 3.5 37.9
0 6818.007 5 3.5 37.9
0 6818.181 6 3.5 37.9
0 6818.184 293 3.5 37.9
0 6818.382 5 3.5 37.9
0 6818.385 307 3.5 37.9
0 6818.685 3 3.5 37.9
0 6818.691 170 3.5 37.9
0 6818.802 9 3.5 37.9
0 6818.899 10 3.5 37.9
0 6819.073 6 3.5 37.9
0 6819.091 54 3.5 37.9
0 6819.209 8 3.5 37.9
0 6819.302 11 3.5 37.9
0 6819.4 10 3.5 37.9
0 6819.586 5 3.5 37.9
0 6819.59 288 3.5 37.9
0 6819.71 8 3.5 37.9
0 6819.803 11 3.5 37.9
0 6819.9 10 3.5 37.9
0 6820.18 4 3.5 37.9
0 6820.184 264 3.5 37.9
0 6820.403 5 3.5 37.9
0 6820.408 233 3.5 37.9
0 6820.61 5 3.5 37.9
0 6820.613 299 3.5 37.9
0 6820.723 9 3.5 37.9
0 6820.833 9 3.5 37.9
0 6820.927 11 3.5 37.9
0 6821.02 11 3.5 37.9
0 6821.125 10 3.5 37.9
0 6821.413 3 3.5 37.9
0 6821.417 276 3.5 37.9
0 6821.525 9 3.5 37.9
0 6821.628 10 3.5 37.9
0 6821.728 10 3.5 37.9
0 6821.827 10 3.5 37.9
0 6821.938 9 3.5 37.9
0 6822.027 11 3.5 37.9
0 6822.128 10 3.5 37.9
0 6822.228 10 3.5 37.9
0 6822.328 10 3.5 37.9
0 6822.44 9 3.5 37.9
0 6822.533 11 3.5 37.9
0 6822.629 10 3.5 37.9
0 6822.728 10 3.5 37.9
0 6822.83 10 3.5 37.9
0 6823.038 5 3.5 37.9
0 6823.205 6 3.5 37.9
0 6823.208 323 3.5 37.9
0 6823.415 5 3.5 37.9
0 6823.418 292 3.5 37.9
0 6823.731 3 3.5 37.9
0 6823.736 190 3.5 37.9
0 6823.844 9 3.5 37.9
0 6823.944 10 3.5 37.9
0 6824.144 5 3.5 37.9
0 6824.147 311 3.5 37.9
0 6824.264 9 3.5 37.9
0 6824.357 11 3.5 37.9
0 6824.458 10 3.5 37.9
0 6824.661 5 3.5 37.9
0 6824.666 236 3.5 37.9
0 6824.782 9 3.5 37.9
0 6824.876 11 3.5 37.9
0 6824.975 10 3.5 37.9
0 6825.266 3 3.5 37.9
0 6825.27 216 3.5 37.9
0 6825.481 5 3.5 37.9
0 6825.484 300 3.5 37.9
0 6825.704 5 3.5 37.9
0 6825.708 264 3.5 37.9
0 6825.826 9 3.5 37.9
0 6825.921 10 3.5 37.9
0 6826.009 11 3.5 37.9
0 6826.12 9 3.5 37.9
0 6826.222 10 3.5 37.9
0 6826.502 4 3.5 37.9
0 6826.506 266 3.5 37.9
0 6826.611 10 3.5 37.9
0 6826.718 9 3.5 37.9
0 6826.82 10 3.7 37.9
0 6826.918 10 3.7 37.9
0 6827.011 11 3.7 37.9
0 6827.117 9 3.7 37.9
0 6827.214 10 3.7 37.9
0 6827.32 9 3.7 37.9
0 6827.419 10 3.7 37.9
0 6827.512 11 3.7 37.9
0 6827.617 9 3.7 37.9
0 6827.716 10 3.7 37.9
0 6827.82 10 3.7 37.9
0 6827.918 10 3.7 37.9
0 6828.099 6 3.7 37.9
0 6828.276 6 3.7 37.9
0 6828.28 274 3.7 37.9
0 6828.476 5 3.7 37.9
0 6828.48 216 3.7 37.9
0 6828.767 3 3.7 37.9
0 6828.771 223 3.7 37.9
0 6828.88 9 3.7 37.9
0 6828.979 10 3.7 37.9
0 6829.18 5 3.7 37.9
0 6829.184 265 3.7 37.9
0 6829.295 9 3.7 37.9
0 6829.391 10 3.7 37.9
0 6829.494 10 3.7 37.9
0 6829.687 5 3.7 37.9
0 6829.692 208 3.7 37.9
0 6829.805 9 3.7 37.9
0 6829.903 10 3.7 37.9
0 6830.003 10 3.7 37.9
0 6830.288 3 3.7 37.9
0 6830.293 217 3.7 37.9
0 6830.504 5 3.7 37.9
0 6830.508 265 3.7 37.9
0 6830.717 5 3.7 37.9
0 6830.721 253 3.7 37.9
0 6830.837 9 3.7 37.9
0 6830.935 10 3.7 37.9
0 6831.03 11 3.7 37.9
0 6831.133 10 3.7 37.9
0 6831.232 10 3.7 37.9
0 6831.414 5 3.7 37.9
0 6831.505 11 3.7 37.9
0 6831.525 51 3.7 37.9
0 6831.634 9 3.7 37.9
0 6831.732 10 3.7 37.9
0 6831.831 10 3.7 37.9
0 6831.937 9 3.7 37.9
0 6832.032 11 3.7 37.9
0 6832.135 10 3.7 37.9
0 6832.235 10 3.7 37.9
0 6832.33 11 3.7 37.9
0 6832.431 10 3.7 37.9
0 6832.536 10 3.7 37.9
0 6832.636 10 3.7 37.9
0 6832.723 12 3.7 37.9
0 6832.832 9 3.7 37.9
0 6832.931 10 3.7 37.9
0 6833.11 6 3.7 37.9
0 6833.291 6 3.7 37.9
0 6833.295 268 3.7 37.9
0 6833.485 5 3.7 37.9
0 6833.495 96 3.7 37.9
0 6833.798 3 3.7 37.9
0 6833.805 155 3.7 37.9
0 6833.912 9 3.7 37.9
0 6834.009 10 3.7 37.9
0 6834.205 5 3.7 37.9
0 6834.208 313 3.7 37.9
0 6834.328 8 3.7 37.9
0 6834.409 12 3.7 37.9
0 6834.511 10 3.7 37.9
0 6834.702 5 3.7 37.9
0 6834.709 147 3.7 37.9
0 6834.829 8 3.7 37.9
0 6834.92 11 3.7 37.9
0 6835.017 10 3.7 37.9
0 6835.309 3 3.7 37.9
0 6835.313 268 3.7 37.9
0 6835.532 5 3.7 37.9
0 6835.537 227 3.7 37.9
0 6835.761 4 3.7 37.9
0 6835.764 300 3.7 37.9
0 6835.868 10 3.7 37.9
0 6835.987 8 3.7 37.9
0 6836.082 11 3.7 37.9
0 6836.177 10 3.7 37.9
0 6836.276 10 3.7 37.9
0 6836.577 3 3.7 37.9
0 6836.582 203 3.7 37.9
0 6836.691 9 3.7 37.9
0 6836.79 10 3.7 37.9
0 6836.893 10 4.0 37.9
0 6836.993 10 4.0 37.9
0 6837.102 9 4.0 37.9
0 6837.192 11 4.0 37.9
0 6837.292 10 4.0 37.9
0 6837.393 10 4.0 37.9
0 6837.497 10 4.0 37.9
0 6837.593 10 4.0 37.9
0 6837.702 9 4.0 37.9
0 6837.783 12 4.0 37.9
0 6837.894 9 4.0 37.9
0 6837.997 10 4.0 37.9
0 6838.198 5 4.0 37.9
0 6838.371 6 4.0 37.9
0 6838.374 319 4.0 37.9
0 6838.59 5 4.0 37.9
0 6838.595 245 4.0 37.9
0 6838.89 3 4.0 37.9
0 6838.895 203 4.0 37.9
0 6839.005 9 4.0 37.9
0 6839.111 9 4.0 37.9
0 6839.303 5 4.0 37.9
0 6839.306 319 4.0 37.9
0 6839.424 8 4.0 37.9
0 6839.508 12 4.0 37.9
0 6839.725 5 4.0 37.9
0 6839.728 315 4.0 37.9
0 6839.842 9 4.0 37.9
0 6839.931 11 4.0 37.9
0 6840.04 9 4.0 37.9
0 6840.328 3 4.0 37.9
0 6840.331 278 4.0 37.9
0 6840.52 5 4.0 37.9
0 6840.532 85 4.0 37.9
0 6840.746 5 4.0 37.9
0 6840.75 256 4.0 37.9
0 6840.86 9 4.0 37.9
0 6840.967 9 4.0 37.9
0 6841.061 11 4.0 37.9
0 6841.167 9 4.0 37.9
0 6841.262 11 4.0 37.9
0 6841.361 10 4.0 37.9
0 6841.63 4 4.0 37.9
0 6841.635 243 4.0 37.9
0 6841.739 10 4.0 37.9
0 6841.846 9 4.0 37.9
0 6841.945 10 4.0 37.9
0 6842.044 10 4.0 37.9
0 6842.155 9 4.0 37.9
0 6842.251 10 4.0 37.9
0 6842.344 11 4.0 37.9
0 6842.447 10 4.0 37.9
0 6842.544 10 4.0 37.9
0 6842.648 10 4.0 37.9
0 6842.758 9 4.0 37.9
0 6842.847 11 4.0 37.9
0 6842.947 10 4.0 37.9
0 6843.045 10 4.0 37.9
0 6843.241 5 4.0 37.9
0 6843.421 6 4.0 37.9
0 6843.424 318 4.0 37.9
0 6843.63 5 4.0 37.9
0 6843.633 328 4.0 37.9
0 6843.92 3 4.0 37.9
0 6843.926 159 4.0 37.9
0 6844.032 9 4.0 37.9
0 6844.136 10 4.0 37.9
0 6844.328 5 4.0 37.9
0 6844.332 297 4.0 37.9
0 6844.453 8 4.0 37.9
0 6844.541 11 4.0 37.9
0 6844.745 5 4.0 37.9
0 6844.748 314 4.0 37.9
0 6844.866 8 4.0 37.9
0 6844.97 10 4.0 37.9
0 6845.058 11 4.0 37.9
0 6845.333 4 4.0 37.9
0 6845.336 295 4.0 37.9
0 6845.558 5 4.0 37.9
0 6845.564 172 4.0 37.9
0 6845.776 5 4.0 37.9
0 6845.78 264 4.0 37.9
0 6845.89 9 4.0 37.9
0 6845.996 9 4.0 37.9
0 6846.1 10 4.0 37.9
0 6846.191 11 4.0 37.9
0 6846.292 10 4.0 37.9
0 6846.391 10 4.0 37.9
0 6846.664 4 4.0 37.9
0 6846.669 202 4.0 37.9
0 6846.774 10 4.0 37.9
0 6846.879 10 4.0 37.9
0 6846.98 10 3.7 37.9
0 6847.082 10 3.7 37.9
0 6847.191 9 3.7 37.9
0 6847.281 11 3.7 37.9
0 6847.374 11 3.7 37.9
0 6847.479 10 3.7 37.9
0 6847.582 10 3.7 37.9
0 6847.686 10 3.7 37.9
0 6847.785 10 3.7 37.9
0 6847.876 11 3.7 37.9
0 6847.981 10 3.7 37.9
0 6848.08 10 3.7 37.9
0 6848.299 5 3.7 37.9
0 6848.472 6 3.7 37.9
0 6848.475 316 3.7 37.9
0 6848.69 5 3.7 37.9
0 6848.695 219 3.7 37.9
0 6848.992 3 3.7 37.9
0 6848.996 261 3.7 37.9
0 6849.107 9 3.7 37.9
0 6849.216 9 3.7 37.9
0 6849.401 5 3.7 37.9
0 6849.404 310 3.7 37.9
0 6849.514 9 3.7 37.9
0 6849.617 10 3.7 37.9
0 6849.827 5 3.7 37.9
0 6849.831 293 3.7 37.9
0 6849.944 9 3.7 37.9
0 6850.045 10 3.7 37.9
0 6850.139 11 3.7 37.9
0 6850.428 3 3.7 37.9
0 6850.431 303 3.7 37.9
0 6850.657 4 3.7 37.9
0 6850.661 272 3.7 37.9
0 6850.885 4 3.7 37.9
0 6850.889 215 3.7 37.9
0 6851.0 9 3.7 37.9
0 6851.105 9 3.7 37.9
0 6851.203 10 3.7 37.9
0 6851.307 10 3.7 37.9
0 6851.402 11 3.7 37.9
0 6851.679 4 3.7 37.9
0 6851.682 288 3.7 37.9
0 6851.795 9 3.7 37.9
0 6851.903 9 3.7 37.9
0 6851.995 11 3.7 37.9
0 6852.092 10 3.7 37.9
0 6852.199 9 3.7 37.9
0 6852.296 10 3.7 37.9
0 6852.395 10 3.7 37.9
0 6852.497 10 3.7 37.9
0 6852.594 10 3.7 37.9
0 6852.7 9 3.7 37.9
0 6852.797 10 3.7 37.9
0 6852.892 10 3.7 37.9
0 6853.002 9 3.7 37.9
0 6853.093 11 3.7 37.9
0 6853.28 5 3.7 37.9
0 6853.284 237 3.7 37.9
0 6853.582 3 3.7 37.9
0 6853.669 11 3.7 37.9
0 6853.688 54 3.7 37.9
0 6854.004 3 3.7 37.9
0 6854.02 62 3.7 37.9
0 6854.146 8 3.7 37.9
0 6854.222 13 3.7 37.9
0 6854.431 5 3.7 37.9
0 6854.445 75 3.7 37.9
0 6854.55 10 3.7 37.9
0 6854.678 8 3.7 37.9
0 6854.847 6 3.7 37.9
0 6854.86 78 3.7 37.9
0 6854.999 7 3.7 37.9
0 6855.092 11 3.7 37.9
0 6855.193 10 3.7 37.9
0 6855.46 4 3.7 37.9
0 6855.473 78 3.7 37.9
0 6855.689 5 3.7 37.9
0 6855.703 71 3.7 37.9
0 6855.908 5 3.7 37.9
0 6855.921 76 3.7 37.9
0 6856.04 8 3.7 37.9
0 6856.175 7 3.7 37.9
0 6856.276 10 3.7 37.9
0 6856.365 11 3.7 37.9
0 6856.456 11 3.7 37.9
0 6856.54 12 3.7 37.9
0 6856.765 4 3.7 37.9
0 6856.791 38 3.7 37.9
0 6856.928 7 3.7 37.9
0 6857.022 11 4.2 37.9
0 6857.13 9 4.2 37.9
0 6857.228 10 4.2 37.9
0 6857.335 9 4.2 37.9
0 6857.407 14 4.2 37.9
0 6857.521 9 4.2 37.9
0 6857.612 11 4.2 37.9
0 6857.73 8 4.2 37.9
0 6857.817 12 4.2 37.9
0 6857.932 9 4.2 37.9
0 6858.021 11 4.2 37.9
0 6858.128 9 4.2 37.9
0 6858.323 5 4.2 37.9
0 6858.347 41 4.2 37.9
0 6858.558 5 4.2 37.9
0 6858.582 43 4.2 37.9
0 6858.809 4 4.2 37.9
0 6858.912 10 4.2 37.9
0 6859.02 9 4.2 37.9
0 6859.121 10 4.2 37.9
0 6859.135 70 4.2 37.9
0 6859.265 8 4.2 37.9
0 6859.436 6 4.2 37.9
0 6859.45 71 4.2 37.9
0 6859.567 9 4.2 37.9
0 6859.686 8 4.2 37.9
0 6859.852 6 4.2 37.9
0 6859.864 79 4.2 37.9
0 6859.981 9 4.2 37.9
0 6860.094 9 4.2 37.9
0 6860.203 9 4.2 37.9
0 6860.469 4 4.2 37.9
0 6860.483 75 4.2 37.9
0 6860.701 5 4.2 37.9
0 6860.718 61 4.2 37.9
0 6860.939 5 4.2 37.9
0 6860.953 73 4.2 37.9
0 6861.082 8 4.2 37.9
0 6861.182 10 4.2 37.9
0 6861.271 11 4.2 37.9
0 6861.382 9 4.2 37.9
0 6861.482 10 4.2 37.9
0 6861.576 11 4.2 37.9
0 6861.765 5 4.2 37.9
0 6861.781 61 4.2 37.9
0 6861.903 8 4.2 37.9
0 6862.008 10 4.2 37.9
0 6862.108 10 4.2 37.9
0 6862.209 10 4.2 37.9
0 6862.312 10 4.2 37.9
0 6862.398 12 4.2 37.9
0 6862.503 9 4.2 37.9
0 6862.604 10 4.2 37.9
0 6862.709 10 4.2 37.9
0 6862.818 9 4.2 37.9
0 6862.898 12 4.2 37.9
0 6863.01 9 4.2 37.9
0 6863.101 11 4.2 37.9
0 6863.211 9 4.2 37.9
0 6863.408 5 4.2 37.9
0 6863.421 77 4.2 37.9
0 6863.618 5 4.2 37.9
0 6863.631 80 4.2 37.9
0 6863.917 3 4.2 37.9
0 6863.932 67 4.2 37.9
0 6864.14 5 4.2 37.9
0 6864.238 10 4.2 37.9
0 6864.254 61 4.2 37.9
0 6864.47 5 4.2 37.9
0 6864.485 70 4.2 37.9
0 6864.601 9 4.2 37.9
0 6864.713 9 4.2 37.9
0 6864.912 5 4.2 37.9
0 6864.926 75 4.2 37.9
0 6865.042 9 4.2 37.9
0 6865.155 9 4.2 37.9
0 6865.251 10 4.2 37.9
0 6865.51 4 4.2 37.9
0 6865.524 73 4.2 37.9
0 6865.75 4 4.2 37.9
0 6865.763 76 4.2 37.9
0 6865.971 5 4.2 37.9
0 6865.984 76 4.2 37.9
0 6866.109 8 4.2 37.9
0 6866.22 9 4.2 37.9
0 6866.312 11 4.2 37.9
0 6866.402 11 4.2 37.9
0 6866.508 9 4.2 37.9
0 6866.611 10 4.2 37.9
0 6866.814 5 4.2 37.9
0 6866.827 75 4.2 37.9
0 6866.955 8 4.2 37.9
0 6867.051 10 4.8 37.9
0 6867.155 10 4.8 37.9
0 6867.261 9 4.8 37.9
0 6867.36 10 4.8 37.9
0 6867.453 11 4.8 37.9
0 6867.552 10 4.8 37.9
0 6867.657 10 4.8 37.9
0 6867.758 10 4.8 37.9
0 6867.854 10 4.8 37.9
0 6867.957 10 4.8 37.9
0 6868.048 11 4.8 37.9
0 6868.152 10 4.8 37.9
0 6868.264 9 4.8 37.9
0 6868.454 5 4.8 37.9
0 6868.469 66 4.8 37.9
0 6868.68 5 4.8 37.9
0 6868.692 81 4.8 37.9
0 6869.001 3 4.8 37.9
0 6869.016 69 4.8 37.9
0 6869.241 4 4.8 37.9
0 6869.339 10 4.8 37.9
0 6869.355 64 4.8 37.9
0 6869.559 5 4.8 37.9
0 6869.573 75 4.8 37.9
0 6869.701 8 4.8 37.9
0 6869.803 10 4.8 37.9
0 6869.989 5 4.8 37.9
0 6870.002 79 4.8 37.9
0 6870.138 7 4.8 37.9
0 6870.232 11 4.8 37.9
0 6870.33 10 4.8 37.9
0 6870.614 4 4.8 37.9
0 6870.628 73 4.8 37.9
0 6870.839 5 4.8 37.9
0 6870.852 78 4.8 37.9
0 6871.085 4 4.8 37.9
0 6871.098 76 4.8 37.9
0 6871.23 8 4.8 37.9
0 6871.331 10 4.8 37.9
0 6871.4 15 4.8 37.9
0 6871.523 8 4.8 37.9
0 6871.629 9 4.8 37.9
0 6871.814 5 4.8 37.9
0 6871.827 79 4.8 37.9
0 6871.96 8 4.8 37.9
0 6872.041 12 4.8 37.9
0 6872.156 9 4.8 37.9
0 6872.257 10 4.8 37.9
0 6872.358 10 4.8 37.9
0 6872.449 11 4.8 37.9
0 6872.535 12 4.8 37.9
0 6872.662 8 4.8 37.9
0 6872.76 10 4.8 37.9
0 6872.858 10 4.8 37.9
0 6872.958 10 4.8 37.9
0 6873.043 12 4.8 37.9
0 6873.148 10 4.8 37.9
0 6873.26 9 4.8 37.9
0 6873.359 10 4.8 37.9
0 6873.559 5 4.8 37.9
0 6873.659 10 4.8 37.9
0 6873.676 58 4.8 37.9
0 6873.797 8 4.8 37.9
0 6874.071 4 4.8 37.9
0 6874.085 71 4.8 37.9
0 6874.314 4 4.8 37.9
0 6874.413 10 4.8 37.9
0 6874.428 69 4.8 37.9
0 6874.619 5 4.8 37.9
0 6874.632 74 4.8 37.9
0 6874.767 7 4.8 37.9
0 6874.863 10 4.8 37.9
0 6875.051 5 4.8 37.9
0 6875.064 77 4.8 37.9
0 6875.189 8 4.8 37.9
0 6875.312 8 4.8 37.9
0 6875.397 12 4.8 37.9
0 6875.671 4 4.8 37.9
0 6875.695 41 4.8 37.9
0 6875.929 4 4.8 37.9
0 6875.953 43 4.8 37.9
0 6876.093 7 4.8 37.9
0 6876.197 10 4.8 37.9
0 6876.295 10 4.8 37.9
0 6876.395 10 4.8 37.9
0 6876.483 11 4.8 37.9
0 6876.595 9 4.8 37.9
0 6876.838 4 4.8 37.9
0 6876.853 66 4.8 37.9
0 6876.988 7 4.8 37.9
0 6877.083 10 4.8 37.9
0 6877.181 10 4.8 37.9
0 6877.283 10 4.8 37.9
0 6877.386 10 4.8 37.9
0 6877.481 11 4.8 37.9
0 6877.585 10 4.8 37.9
0 6877.681 10 4.8 37.9
0 6877.784 10 4.8 37.9
0 6877.887 10 4.8 37.9
0 6877.984 10 4.8 37.9
0 6878.08 10 4.8 37.9
0 6878.183 10 4.8 37.9
0 6878.284 10 4.8 37.9
0 6878.388 10 4.8 37.9
0 6878.454 15 4.8 37.9
0 6878.672 5 4.8 37.9
0 6878.771 10 4.8 37.9
0 6878.784 75 4.8 37.9
0 6879.086 3 4.8 37.9
0 6879.1 69 4.8 37.9
0 6879.318 5 4.8 37.9
0 6879.416 10 4.8 37.9
0 6879.432 63 4.8 37.9
0 6879.634 5 4.8 37.9
0 6879.722 11 4.8 37.9
0 6879.739 57 4.8 37.9
0 6879.846 9 4.8 37.9
0 6879.95 10 4.8 37.9
0 6880.148 5 4.8 37.9
0 6880.153 219 4.8 37.9
0 6880.263 9 4.8 37.9
0 6880.362 10 4.8 37.9
0 6880.465 10 4.8 37.9
0 6880.749 4 4.8 37.9
0 6880.753 217 4.8 37.9
0 6880.969 5 4.8 37.9
0 6880.973 225 4.8 37.9
0 6881.078 10 4.8 37.9
0 6881.18 10 4.8 37.9
0 6881.29 9 4.8 37.9
0 6881.385 10 4.8 37.9
0 6881.487 10 4.8 37.9
0 6881.582 10 4.8 37.9
0 6881.869 3 4.8 37.9
0 6881.873 237 4.8 37.9
0 6881.976 10 4.8 37.9
0 6882.087 9 4.8 37.9
0 6882.183 10 4.8 37.9
0 6882.282 10 4.8 37.9
0 6882.395 9 4.8 37.9
0 6882.485 11 4.8 37.9
0 6882.583 10 4.8 37.9
0 6882.686 10 4.8 37.9
0 6882.784 10 4.8 37.9
0 6882.896 9 4.8 37.9
0 6882.987 11 4.8 37.9
0 6883.083 10 4.8 37.9
0 6883.178 11 4.8 37.9
0 6883.286 9 4.8 37.9
0 6883.397 9 4.8 37.9
0 6883.488 11 4.8 37.9
0 6883.689 5 4.8 37.9
0 6883.778 11 4.8 37.9
0 6883.795 57 4.8 37.9
0 6884.101 3 4.8 37.9
0 6884.113 79 4.8 37.9
0 6884.317 5 4.8 37.9
0 6884.418 10 4.8 37.9
0 6884.431 75 4.8 37.9
0 6884.54 9 4.8 37.9
0 6884.82 4 4.8 37.9
0 6884.834 73 4.8 37.9
0 6884.958 8 4.8 37.9
0 6885.057 10 4.8 37.9
0 6885.161 10 4.8 37.9
0 6885.26 10 4.8 37.9
0 6885.362 10 4.8 37.9
0 6885.46 10 4.8 37.9
0 6885.536 13 4.8 37.9
0 6885.837 3 4.8 37.9
0 6885.852 70 4.8 37.9
0 6886.069 5 4.8 37.9
0 6886.083 74 4.8 37.9
0 6886.205 8 4.8 37.9
0 6886.304 10 4.8 37.9
0 6886.403 10 4.8 37.9
0 6886.503 10 4.8 37.9
0 6886.6 10 4.8 37.9
0 6886.892 3 4.8 37.9
0 6886.907 71 4.8 37.9
0 6887.012 9 4.8 37.9
0 6887.141 8 4.2 37.9
0 6887.236 11 4.2 37.9
0 6887.337 10 4.2 37.9
0 6887.429 11 4.2 37.9
0 6887.53 10 4.2 37.9
0 6887.63 10 4.2 37.9
0 6887.733 10 4.2 37.9
0 6887.838 10 4.2 37.9
0 6887.939 10 4.2 37.9
0 6888.031 11 4.2 37.9
0 6888.108 13 4.2 37.9
0 6888.236 8 4.2 37.9
0 6888.339 10 4.2 37.9
0 6888.426 11 4.2 37.9
0 6888.528 10 4.2 37.9
0 6888.743 5 4.2 37.9
0 6888.84 10 4.2 37.9
0 6888.856 62 4.2 37.9
0 6889.138 4 4.2 37.9
0 6889.152 74 4.2 37.9
0 6889.357 5 4.2 37.9
0 6889.455 10 4.2 37.9
0 6889.471 64 4.2 37.9
0 6889.599 8 4.2 37.9
0 6889.876 4 4.2 37.9
0 6889.889 78 4.2 37.9
0 6890.022 7 4.2 37.9
0 6890.12 10 4.2 37.9
0 6890.214 11 4.2 37.9
0 6890.316 10 4.2 37.9
0 6890.419 10 4.2 37.9
0 6890.514 11 4.2 37.9
0 6890.615 10 4.2 37.9
0 6890.895 4 4.2 37.9
0 6890.908 76 4.2 37.9
0 6891.112 5 4.2 37.9
0 6891.125 74 4.2 37.9
0 6891.242 9 4.2 37.9
0 6891.356 9 4.2 37.9
0 6891.454 10 4.2 37.9
0 6891.537 12 4.2 37.9
0 6891.657 8 4.2 37.9
0 6891.919 4 4.2 37.9
0 6891.933 77 4.2 37.9
0 6892.041 9 4.2 37.9
0 6892.166 8 4.2 37.9
0 6892.256 11 4.2 37.9
0 6892.362 9 4.2 37.9
0 6892.461 10 4.2 37.9
0 6892.543 12 4.2 37.9
0 6892.66 9 4.2 37.9
0 6892.763 10 4.2 37.9
0 6892.864 10 4.2 37.9
0 6892.964 10 4.2 37.9
0 6893.039 13 4.2 37.9
0 6893.158 8 4.2 37.9
0 6893.265 9 4.2 37.9
0 6893.363 10 4.2 37.9
0 6893.466 10 4.2 37.9
0 6893.539 14 4.2 37.9
0 6893.764 4 4.2 37.9
0 6893.863 10 4.2 37.9
0 6893.879 64 4.2 37.9
0 6894.18 3 4.2 37.9
0 6894.194 69 4.2 37.9
0 6894.413 5 4.2 37.9
0 6894.51 10 4.2 37.9
0 6894.6 11 4.2 37.9
0 6894.618 57 4.2 37.9
0 6894.928 3 4.2 37.9
0 6894.932 241 4.2 37.9
0 6895.033 10 4.2 37.9
0 6895.147 9 4.2 37.9
0 6895.243 10 4.2 37.9
0 6895.345 10 4.2 37.9
0 6895.446 10 4.2 37.9
0 6895.534 11 4.2 37.9
0 6895.646 9 4.2 37.9
0 6895.931 4 4.2 37.9
0 6895.935 252 4.2 37.9
0 6896.175 4 4.2 37.9
0 6896.189 69 4.2 37.9
0 6896.317 8 4.2 37.9
0 6896.419 10 4.2 37.9
0 6896.518 10 4.2 37.9
0 6896.622 10 4.2 37.9
0 6896.722 10 4.2 37.9
0 6896.988 4 4.2 37.9
0 6897.002 71 4.2 37.9
0 6897.133 8 4.2 37.9
0 6897.234 10 4.4 37.9
0 6897.33 10 4.4 37.9
0 6897.431 10 4.4 37.9
0 6897.531 10 4.4 37.9
0 6897.635 10 4.4 37.9
0 6897.733 10 4.4 37.9
0 6897.825 11 4.4 37.9
0 6897.927 10 4.4 37.9
0 6898.021 11 4.4 37.9
0 6898.117 10 4.4 37.9
0 6898.237 8 4.4 37.9
0 6898.332 10 4.4 37.9
0 6898.423 11 4.4 37.9
0 6898.509 12 4.4 37.9
0 6898.636 8 4.4 37.9
0 6898.824 5 4.4 37.9
0 6898.921 10 4.4 37.9
0 6898.938 61 4.4 37.9
0 6899.206 4 4.4 37.9
0 6899.221 65 4.4 37.9
0 6899.443 5 4.4 37.9
0 6899.627 5 4.4 37.9
0 6899.639 79 4.4 37.9
0 6899.943 3 4.4 37.9
0 6899.955 79 4.4 37.9
0 6900.078 8 4.4 37.9
0 6900.188 9 4.4 37.9
0 6900.283 11 4.4 37.9
0 6900.389 10 4.4 37.9
0 6900.484 10 4.4 37.9
0 6900.574 11 4.4 37.9
0 6900.688 9 4.4 37.9
0 6900.779 11 4.4 37.9
0 6900.983 5 4.4 37.9
0 6901.007 41 4.4 37.9
0 6901.223 5 4.4 37.9
0 6901.247 41 4.4 37.9
0 6901.371 8 4.4 37.9
0 6901.473 10 4.4 37.9
0 6901.568 11 4.4 37.9
0 6901.669 10 4.4 37.9
0 6901.77 10 4.4 37.9
0 6901.884 9 4.4 37.9
0 6902.101 5 4.4 37.9
0 6902.13 35 4.4 37.9
0 6902.263 8 4.4 37.9
0 6902.362 10 4.4 37.9
0 6902.447 12 4.4 37.9
0 6902.557 9 4.4 37.9
0 6902.665 9 4.4 37.9
0 6902.762 10 4.4 37.9
0 6902.858 10 4.4 37.9
0 6902.965 9 4.4 37.9
0 6903.047 12 4.4 37.9
0 6903.133 12 4.4 37.9
0 6903.271 7 4.4 37.9
0 6903.364 11 4.4 37.9
0 6903.458 11 4.4 37.9
0 6903.56 10 4.4 37.9
0 6903.649 11 4.4 37.9
0 6903.855 5 4.4 37.9
0 6903.964 9 4.4 37.9
0 6903.988 43 4.4 37.9
0 6904.289 3 4.4 37.9
0 6904.313 42 4.4 37.9
0 6904.552 4 4.4 37.9
0 6904.747 5 4.4 37.9
0 6904.855 9 4.4 37.9
0 6904.962 9 4.4 37.9
0 6904.987 41 4.4 37.9
0 6905.115 8 4.4 37.9
0 6905.222 9 4.4 37.9
0 6905.321 10 4.4 37.9
0 6905.416 11 4.4 37.9
0 6905.519 10 4.4 37.9
0 6905.617 10 4.4 37.9
0 6905.722 10 4.4 37.9
0 6905.821 10 4.4 37.9
0 6906.018 5 4.4 37.9
0 6906.043 40 4.4 37.9
0 6906.271 4 4.4 37.9
0 6906.296 39 4.4 37.9
0 6906.441 7 4.4 37.9
0 6906.532 11 4.4 37.9
0 6906.621 11 4.4 37.9
0 6906.735 9 4.4 37.9
0 6906.836 10 4.4 37.9
0 6907.086 4 4.4 37.9
0 6907.099 76 4.4 37.9
0 6907.23 8 4.4 37.9
0 6907.325 11 5.1 37.9
0 6907.429 10 5.1 37.9
0 6907.531 10 5.1 37.9
0 6907.625 11 5.1 37.9
0 6907.734 9 5.1 37.9
0 6907.825 11 5.1 37.9
0 6907.932 9 5.1 37.9
0 6908.032 10 5.1 37.9
0 6908.127 11 5.1 37.9
0 6908.234 9 5.1 37.9
0 6908.329 11 5.1 37.9
0 6908.419 11 5.1 37.9
0 6908.526 9 5.1 37.9
0 6908.623 10 5.1 37.9
0 6908.723 10 5.1 37.9
0 6908.909 5 5.1 37.9
0 6909.01 10 5.1 37.9
0 6909.023 78 5.1 37.9
0 6909.303 4 5.1 37.9
0 6909.317 71 5.1 37.9
0 6909.44 8 5.1 37.9
0 6909.629 5 5.1 37.9
0 6909.817 5 5.1 37.9
0 6910.001 5 5.1 37.9
0 6910.014 74 5.1 37.9
0 6910.137 8 5.1 37.9
0 6910.236 10 5.1 37.9
0 6910.333 10 5.1 37.9
0 6910.436 10 5.1 37.9
0 6910.536 10 5.1 37.9
0 6910.639 10 5.1 37.9
0 6910.737 10 5.1 37.9
0 6910.831 11 5.1 37.9
0 6911.029 5 5.1 37.9
0 6911.044 68 5.1 37.9
0 6911.167 8 5.1 37.9
0 6911.354 5 5.1 37.9
0 6911.367 72 5.1 37.9
0 6911.49 8 5.1 37.9
0 6911.588 10 5.1 37.9
0 6911.696 9 5.1 37.9
0 6911.798 10 5.1 37.9
0 6911.893 11 5.1 37.9
0 6912.17 4 5.1 37.9
0 6912.185 67 5.1 37.9
0 6912.308 8 5.1 37.9
0 6912.399 11 5.1 37.9
0 6912.491 11 5.1 37.9
0 6912.614 8 5.1 37.9
0 6912.721 9 5.1 37.9
0 6912.808 11 5.1 37.9
0 6912.899 11 5.1 37.9
0 6912.994 10 5.1 37.9
0 6913.1 9 5.1 37.9
0 6913.214 9 5.1 37.9
0 6913.315 10 5.1 37.9
0 6913.406 11 5.1 37.9
0 6913.514 9 5.1 37.9
0 6913.614 10 5.1 37.9
0 6913.723 9 5.1 37.9
0 6913.817 11 5.1 37.9
0 6913.988 6 5.1 37.9
0 6914.086 10 5.1 37.9
0 6914.101 66 5.1 37.9
0 6914.41 3 5.1 37.9
0 6914.424 75 5.1 37.9
0 6914.639 5 5.1 37.9
0 6914.827 5 5.1 37.9
0 6915.014 5 5.1 37.9
0 6915.028 76 5.1 37.9
0 6915.147 8 5.1 37.9
0 6915.258 9 5.1 37.9
0 6915.359 10 5.1 37.9
0 6915.536 6 5.1 37.9
0 6915.539 311 5.1 37.9
0 6915.649 9 5.1 37.9
0 6915.75 10 5.1 37.9
0 6915.852 10 5.1 37.9
0 6916.063 5 5.1 37.9
0 6916.067 256 5.1 37.9
0 6916.177 9 5.1 37.9
0 6916.379 5 5.1 37.9
0 6916.383 246 5.1 37.9
0 6916.504 8 5.1 37.9
0 6916.597 11 5.1 37.9
0 6916.693 10 5.1 37.9
0 6916.793 10 5.1 37.9
0 6916.89 10 5.1 37.9
0 6917.186 3 5.1 37.9
0 6917.189 304 5.1 37.9
0 6917.3 9 5.1 37.9
0 6917.394 11 4.4 37.9
0 6917.506 9 4.4 37.9
0 6917.624 8 4.4 37.9
0 6917.734 9 4.4 37.9
0 6917.819 12 4.4 37.9
0 6917.92 10 4.4 37.9
0 6918.023 10 4.4 37.9
0 6918.12 10 4.4 37.9
0 6918.229 9 4.4 37.9
0 6918.337 9 4.4 37.9
0 6918.432 10 4.4 37.9
0 6918.53 10 4.4 37.9
0 6918.625 11 4.4 37.9
0 6918.736 9 4.4 37.9
0 6918.833 10 4.4 37.9
0 6918.93 10 4.4 37.9
0 6919.116 5 4.4 37.9
0 6919.13 73 4.4 37.9
0 6919.434 3 4.4 37.9
0 6919.447 75 4.4 37.9
0 6919.636 5 4.4 37.9
0 6919.65 71 4.4 37.9
0 6920.057 2 4.4 37.9
0 6920.155 10 4.4 37.9
0 6920.171 64 4.4 37.9
0 6920.295 8 4.4 37.9
0 6920.395 10 4.4 37.9
0 6920.588 5 4.4 37.9
0 6920.601 74 4.4 37.9
0 6920.735 7 4.4 37.9
0 6920.831 10 4.4 37.9
0 6920.931 10 4.4 37.9
0 6921.122 5 4.4 37.9
0 6921.138 64 4.4 37.9
0 6921.27 8 4.4 37.9
0 6921.433 6 4.4 37.9
0 6921.446 78 4.4 37.9
0 6921.547 10 4.4 37.9
0 6921.682 7 4.4 37.9
0 6921.781 10 4.4 37.9
0 6921.878 10 4.4 37.9
0 6921.978 10 4.4 37.9
0 6922.223 4 4.4 37.9
0 6922.237 70 4.4 37.9
0 6922.372 7 4.4 37.9
0 6922.465 11 4.4 37.9
0 6922.545 12 4.4 37.9
0 6922.669 8 4.4 37.9
0 6922.774 10 4.4 37.9
0 6922.866 11 4.4 37.9
0 6922.968 10 4.4 37.9
0 6923.046 13 4.4 37.9
0 6923.152 9 4.4 37.9
0 6923.274 8 4.4 37.9
0 6923.373 10 4.4 37.9
0 6923.464 11 4.4 37.9
0 6923.551 11 4.4 37.9
0 6923.66 9 4.4 37.9
0 6923.774 9 4.4 37.9
0 6923.866 11 4.4 37.9
0 6923.968 10 4.4 37.9
0 6924.139 6 4.4 37.9
0 6924.151 81 4.4 37.9
0 6924.452 3 4.4 37.9
0 6924.467 70 4.4 37.9
0 6924.686 5 4.4 37.9
0 6924.7 72 4.4 37.9
0 6925.091 3 4.4 37.9
0 6925.188 10 4.4 37.9
0 6925.204 63 4.4 37.9
0 6925.336 8 4.4 37.9
0 6925.432 10 4.4 37.9
0 6925.622 5 4.4 37.9
0 6925.637 69 4.4 37.9
0 6925.771 7 4.4 37.9
0 6925.866 11 4.4 37.9
0 6925.963 10 4.4 37.9
0 6926.158 5 4.4 37.9
0 6926.176 58 4.4 37.9
0 6926.305 8 4.4 37.9
0 6926.478 6 4.4 37.9
0 6926.491 77 4.4 37.9
0 6926.618 8 4.4 37.9
0 6926.715 10 4.4 37.9
0 6926.822 9 4.4 37.9
0 6926.902 12 4.4 37.9
0 6927.02 8 4.4 37.9
0 6927.287 4 4.4 37.9
0 6927.301 71 4.4 37.9
0 6927.405 10 4.5 37.9
0 6927.533 8 4.5 37.9
0 6927.633 10 4.5 37.9
0 6927.733 10 4.5 37.9
0 6927.838 10 4.5 37.9
0 6927.924 12 4.5 37.9
0 6928.032 9 4.5 37.9
0 6928.13 10 4.5 37.9
0 6928.223 11 4.5 37.9
0 6928.339 9 4.5 37.9
0 6928.428 11 4.5 37.9
0 6928.523 11 4.5 37.9
0 6928.634 9 4.5 37.9
0 6928.732 10 4.5 37.9
0 6928.84 9 4.5 37.9
0 6928.934 11 4.5 37.9
0 6929.035 10 4.5 37.9
0 6929.219 5 4.5 37.9
0 6929.231 81 4.5 37.9
0 6929.534 3 4.5 37.9
0 6929.548 74 4.5 37.9
0 6929.834 3 4.5 37.9
0 6930.001 6 4.5 37.9
0 6930.091 11 4.5 37.9
0 6930.189 10 4.5 37.9
0 6930.206 57 4.5 37.9
0 6930.315 9 4.5 37.9
0 6930.417 10 4.5 37.9
0 6930.606 5 4.5 37.9
0 6930.61 251 4.5 37.9
0 6930.72 9 4.5 37.9
0 6930.821 10 4.5 37.9
0 6930.922 10 4.5 37.9
0 6931.021 10 4.5 37.9
0 6931.229 5 4.5 37.9
0 6931.232 287 4.5 37.9
0 6931.344 9 4.5 37.9
0 6931.548 5 4.5 37.9
0 6931.553 217 4.5 37.9
0 6931.671 8 4.5 37.9
0 6931.765 11 4.5 37.9
0 6931.862 10 4.5 37.9
0 6931.964 10 4.5 37.9
0 6932.064 10 4.5 37.9
0 6932.354 3 4.5 37.9
0 6932.358 288 4.5 37.9
0 6932.47 9 4.5 37.9
0 6932.57 10 4.5 37.9
0 6932.671 10 4.5 37.9
0 6932.767 10 4.5 37.9
0 6932.877 9 4.5 37.9
0 6932.97 11 4.5 37.9
0 6933.073 10 4.5 37.9
0 6933.161 11 4.5 37.9
0 6933.27 9 4.5 37.9
0 6933.379 9 4.5 37.9
0 6933.471 11 4.5 37.9
0 6933.567 10 4.5 37.9
0 6933.674 9 4.5 37.9
0 6933.77 10 4.5 37.9
0 6933.87 10 4.5 37.9
0 6933.977 9 4.5 37.9
0 6934.068 11 4.5 37.9
0 6934.276 5 4.5 37.9
0 6934.28 309 4.5 37.9
0 6934.583 3 4.5 37.9
0 6934.587 243 4.5 37.9
0 6934.873 3 4.5 37.9
0 6935.137 4 4.5 37.9
0 6935.224 12 4.5 37.9
0 6935.246 45 4.5 37.9
0 6935.35 10 4.5 37.9
0 6935.453 10 4.5 37.9
0 6935.633 6 4.5 37.9
0 6935.642 107 4.5 37.9
0 6935.755 9 4.5 37.9
0 6935.852 10 4.5 37.9
0 6935.953 10 4.5 37.9
0 6936.045 11 4.5 37.9
0 6936.264 5 4.5 37.9
0 6936.269 236 4.5 37.9
0 6936.378 9 4.5 37.9
0 6936.583 5 4.5 37.9
0 6936.586 309 4.5 37.9
0 6936.705 8 4.5 37.9
0 6936.793 11 4.5 37.9
0 6936.892 10 4.5 37.9
0 6936.997 10 4.5 37.9
0 6937.097 10 4.5 37.9
0 6937.385 3 4.5 37.9
0 6937.389 272 4.5 37.9
0 6937.5 9 3.9 37.9
0 6937.598 10 3.9 37.9
0 6937.702 10 3.9 37.9
0 6937.799 10 3.9 37.9
0 6937.911 9 3.9 37.9
0 6938.001 11 3.9 37.9
0 6938.1 10 3.9 37.9
0 6938.2 10 3.9 37.9
0 6938.295 11 3.9 37.9
0 6938.412 9 3.9 37.9
0 6938.502 11 3.9 37.9
0 6938.601 10 3.9 37.9
0 6938.702 10 3.9 37.9
0 6938.802 10 3.9 37.9
0 6938.914 9 3.9 37.9
0 6939.002 11 3.9 37.9
0 6939.101 10 3.9 37.9
0 6939.305 5 3.9 37.9
0 6939.308 332 3.9 37.9
0 6939.606 3 3.9 37.9
0 6939.61 266 3.9 37.9
0 6939.896 3 3.9 37.9
0 6940.155 4 3.9 37.9
0 6940.243 11 3.9 37.9
0 6940.261 57 3.9 37.9
0 6940.369 9 3.9 37.9
0 6940.471 10 3.9 37.9
0 6940.673 5 3.9 37.9
0 6940.677 272 3.9 37.9
0 6940.789 9 3.9 37.9
0 6940.887 10 3.9 37.9
0 6940.987 10 3.9 37.9
0 6941.09 10 3.9 37.9
0 6941.3 5 3.9 37.9
0 6941.304 228 3.9 37.9
0 6941.412 9 3.9 37.9
0 6941.611 5 3.9 37.9
0 6941.615 254 3.9 37.9
0 6941.734 8 3.9 37.9
0 6941.817 12 3.9 37.9
0 6941.927 9 3.9 37.9
0 6942.027 10 3.9 37.9
0 6942.129 10 3.9 37.9
0 6942.411 4 3.9 37.9
0 6942.414 284 3.9 37.9
0 6942.525 9 3.9 37.9
0 6942.628 10 3.9 37.9
0 6942.727 10 3.9 37.9
0 6942.827 10 3.9 37.9
0 6942.938 9 3.9 37.9
0 6943.026 11 3.9 37.9
0 6943.129 10 3.9 37.9
0 6943.216 12 3.9 37.9
0 6943.329 9 3.9 37.9
0 6943.426 10 3.9 37.9
0 6943.538 9 3.9 37.9
0 6943.629 11 3.9 37.9
0 6943.717 11 3.9 37.9
0 6943.83 9 3.9 37.9
0 6943.928 10 3.9 37.9
0 6944.039 9 3.9 37.9
0 6944.13 11 3.9 37.9
0 6944.33 5 3.9 37.9
0 6944.334 279 3.9 37.9
0 6944.637 3 3.9 37.9
0 6944.641 244 3.9 37.9
0 6944.918 4 3.9 37.9
0 6945.172 4 3.9 37.9
0 6945.26 11 3.9 37.9
0 6945.278 56 3.9 37.9
0 6945.386 9 3.9 37.9
0 6945.488 10 3.9 37.9
0 6945.689 5 3.9 37.9
0 6945.692 284 3.9 37.9
0 6945.807 9 3.9 37.9
0 6945.903 10 3.9 37.9
0 6945.994 11 3.9 37.9
0 6946.102 9 3.9 37.9
0 6946.304 5 3.9 37.9
0 6946.309 213 3.9 37.9
0 6946.417 9 3.9 37.9
0 6946.509 11 3.9 37.9
0 6946.723 5 3.9 37.9
0 6946.729 177 3.9 37.9
0 6946.843 9 3.9 37.9
0 6946.937 11 3.9 37.9
0 6947.043 9 3.9 37.9
0 6947.14 10 3.9 37.9
0 6947.43 3 3.9 37.9
0 6947.434 249 3.9 37.9
0 6947.542 9 3.7 37.9
0 6947.646 10 3.7 37.9
0 6947.746 10 3.7 37.9
0 6947.841 10 3.7 37.9
0 6947.955 9 3.7 37.9
0 6948.042 11 3.7 37.9
0 6948.147 10 3.7 37.9
0 6948.247 10 3.7 37.9
0 6948.345 10 3.7 37.9
0 6948.457 9 3.7 37.9
0 6948.546 11 3.7 37.9
0 6948.636 11 3.7 37.9
0 6948.749 9 3.7 37.9
0 6948.846 10 3.7 37.9
0 6948.958 9 3.7 37.9
0 6949.042 12 3.7 37.9
0 6949.139 10 3.7 37.9
0 6949.351 5 3.7 37.9
0 6949.354 325 3.7 37.9
0 6949.661 3 3.7 37.9
0 6949.665 254 3.7 37.9
0 6949.957 3 3.7 37.9
0 6950.219 4 3.7 37.9
0 6950.308 11 3.7 37.9
0 6950.323 67 3.7 37.9
0 6950.433 9 3.7 37.9
0 6950.536 10 3.7 37.9
0 6950.74 5 3.7 37.9
0 6950.744 254 3.7 37.9
0 6950.855 9 3.7 37.9
0 6950.954 10 3.7 37.9
0 6951.048 11 3.7 37.9
0 6951.158 9 3.7 37.9
0 6951.371 5 3.7 37.9
0 6951.375 236 3.7 37.9
0 6951.485 9 3.7 37.9
0 6951.578 11 3.7 37.9
0 6951.789 5 3.7 37.9
0 6951.795 184 3.7 37.9
0 6951.908 9 3.7 37.9
0 6952.004 10 3.7 37.9
0 6952.106 10 3.7 37.9
0 6952.207 10 3.7 37.9
0 6952.491 4 3.7 37.9
0 6952.495 285 3.7 37.9
0 6952.608 9 3.7 37.9
0 6952.709 10 3.7 37.9
0 6952.808 10 3.7 37.9
0 6952.896 11 3.7 37.9
0 6953.016 8 3.7 37.9
0 6953.106 11 3.7 37.9
0 6953.197 11 3.7 37.9
0 6953.311 9 3.7 37.9
0 6953.405 11 3.7 37.9
0 6953.518 9 3.7 37.9
0 6953.605 11 3.7 37.9
0 6953.706 10 3.7 37.9
0 6953.797 11 3.7 37.9
0 6953.912 9 3.7 37.9
0 6954.009 10 3.7 37.9
0 6954.115 9 3.7 37.9
0 6954.208 11 3.7 37.9
0 6954.409 5 3.7 37.9
0 6954.413 282 3.7 37.9
0 6954.708 3 3.7 37.9
0 6954.711 261 3.7 37.9
0 6955.01 3 3.7 37.9
0 6955.278 4 3.7 37.9
0 6955.37 11 3.7 37.9
0 6955.381 91 3.7 37.9
0 6955.489 9 3.7 37.9
0 6955.59 10 3.7 37.9
0 6955.787 5 3.7 37.9
0 6955.791 277 3.7 37.9
0 6955.893 10 3.7 37.9
0 6955.999 9 3.7 37.9
0 6956.092 11 3.7 37.9
0 6956.199 9 3.7 37.9
0 6956.398 5 3.7 37.9
0 6956.402 228 3.7 37.9
0 6956.508 9 3.7 37.9
0 6956.61 10 3.7 37.9
0 6956.804 5 3.7 37.9
0 6956.809 196 3.7 37.9
0 6956.922 9 3.7 37.9
0 6957.017 11 3.7 37.9
0 6957.118 10 3.7 37.9
0 6957.218 10 3.7 37.9
0 6957.495 4 3.7 37.9
0 6957.499 238 3.7 37.9
0 6957.608 9 4.0 37.9
0 6957.71 10 4.0 37.9
0 6957.809 10 4.0 37.9
0 6957.908 10 4.0 37.9
0 6958.02 9 4.0 37.9
0 6958.108 11 4.0 37.9
0 6958.202 11 4.0 37.9
0 6958.31 9 4.0 37.9
0 6958.4 11 4.0 37.9
0 6958.512 9 4.0 37.9
0 6958.617 10 4.0 37.9
0 6958.712 10 4.0 37.9
0 6958.812 10 4.0 37.9
0 6958.91 10 4.0 37.9
0 6959.013 10 4.0 37.9
0 6959.118 10 4.0 37.9
0 6959.209 11 4.0 37.9
0 6959.403 5 4.0 37.9
0 6959.407 316 4.0 37.9
0 6959.523 9 4.0 37.9
0 6959.805 4 4.0 37.9
0 6959.809 266 4.0 37.9
0 6960.1 3 4.0 37.9
0 6960.359 4 4.0 37.9
0 6960.445 12 4.0 37.9
0 6960.465 50 4.0 37.9
0 6960.572 9 4.0 37.9
0 6960.664 11 4.0 37.9
0 6960.88 5 4.0 37.9
0 6960.884 246 4.0 37.9
0 6960.989 9 4.0 37.9
0 6961.093 10 4.0 37.9
0 6961.197 10 4.0 37.9
0 6961.295 10 4.0 37.9
0 6961.495 5 4.0 37.9
0 6961.499 236 4.0 37.9
0 6961.609 9 4.0 37.9
0 6961.709 10 4.0 37.9
0 6961.904 5 4.0 37.9
0 6961.91 179 4.0 37.9
0 6962.025 9 4.0 37.9
0 6962.119 11 4.0 37.9
0 6962.221 10 4.0 37.9
0 6962.513 3 4.0 37.9
0 6962.517 215 4.0 37.9
0 6962.63 9 4.0 37.9
0 6962.729 10 4.0 37.9
0 6962.827 10 4.0 37.9
0 6962.924 10 4.0 37.9
0 6963.039 9 4.0 37.9
0 6963.129 11 4.0 37.9
0 6963.217 11 4.0 37.9
0 6963.33 9 4.0 37.9
0 6963.427 10 4.0 37.9
0 6963.541 9 4.0 37.9
0 6963.628 11 4.0 37.9
0 6963.731 10 4.0 37.9
0 6963.831 10 4.0 37.9
0 6963.927 10 4.0 37.9
0 6964.042 9 4.0 37.9
0 6964.129 11 4.0 37.9
0 6964.224 11 4.0 37.9
0 6964.438 5 4.0 37.9
0 6964.441 335 4.0 37.9
0 6964.551 9 4.0 37.9
0 6964.842 3 4.0 37.9
0 6964.845 285 4.0 37.9
0 6965.146 3 4.0 37.9
0 6965.409 4 4.0 37.9
0 6965.497 11 4.0 37.9
0 6965.515 54 4.0 37.9
0 6965.63 9 4.0 37.9
0 6965.725 10 4.0 37.9
0 6965.92 5 4.0 37.9
0 6965.923 318 4.0 37.9
0 6966.037 9 4.0 37.9
0 6966.142 10 4.0 37.9
0 6966.236 11 4.0 37.9
0 6966.337 10 4.0 37.9
0 6966.527 5 4.0 37.9
0 6966.531 256 4.0 37.9
0 6966.647 9 4.0 37.9
0 6966.744 10 4.0 37.9
0 6966.949 5 4.0 37.9
0 6966.953 247 4.0 37.9
0 6967.053 10 4.0 37.9
0 6967.154 10 4.0 37.9
0 6967.267 9 4.0 37.9
0 6967.559 3 4.0 37.9
0 6967.563 258 4.0 37.9
0 6967.68 9 3.7 37.9
0 6967.776 10 3.7 37.9
0 6967.875 10 3.7 37.9
0 6967.973 10 3.7 37.9
0 6968.079 9 3.7 37.9
0 6968.181 10 3.7 37.9
0 6968.277 10 3.7 37.9
0 6968.377 10 3.7 37.9
0 6968.474 10 3.7 37.9
0 6968.577 10 3.7 37.9
0 6968.683 9 3.7 37.9
0 6968.777 11 3.7 37.9
0 6968.877 10 3.7 37.9
0 6968.975 10 3.7 37.9
0 6969.077 10 3.7 37.9
0 6969.184 9 3.7 37.9
0 6969.266 12 3.7 37.9
0 6969.474 5 3.7 37.9
0 6969.477 303 3.7 37.9
0 6969.591 9 3.7 37.9
0 6969.878 3 3.7 37.9
0 6969.882 252 3.7 37.9
0 6970.183 3 3.7 37.9
0 6970.441 4 3.7 37.9
0 6970.53 11 3.7 37.9
0 6970.546 62 3.7 37.9
0 6970.656 9 3.7 37.9
0 6970.758 10 3.7 37.9
0 6970.95 5 3.7 37.9
0 6970.954 260 3.7 37.9
0 6971.067 9 3.7 37.9
0 6971.164 10 3.7 37.9
0 6971.267 10 3.7 37.9
0 6971.365 10 3.7 37.9
0 6971.572 5 3.7 37.9
0 6971.576 227 3.7 37.9
0 6971.686 9 3.7 37.9
0 6971.788 10 3.7 37.9
0 6971.987 5 3.7 37.9
0 6971.993 177 3.7 37.9
0 6972.107 9 3.7 37.9
0 6972.202 11 3.7 37.9
0 6972.301 10 3.7 37.9
0 6972.571 4 3.7 37.9
0 6972.576 231 3.7 37.9
0 6972.683 9 3.7 37.9
0 6972.786 10 3.7 37.9
0 6972.888 10 3.7 37.9
0 6972.985 10 3.7 37.9
0 6973.094 9 3.7 37.9
0 6973.192 10 3.7 37.9
0 6973.286 11 3.7 37.9
0 6973.388 10 3.7 37.9
0 6973.485 10 3.7 37.9
0 6973.597 9 3.7 37.9
0 6973.693 10 3.7 37.9
0 6973.787 11 3.7 37.9
0 6973.889 10 3.7 37.9
0 6973.986 10 3.7 37.9
0 6974.092 10 3.7 37.9
0 6974.193 10 3.7 37.9
0 6974.288 11 3.7 37.9
0 6974.481 5 3.7 37.9
0 6974.484 331 3.7 37.9
0 6974.599 9 3.7 37.9
0 6974.884 4 3.7 37.9
0 6974.887 290 3.7 37.9
0 6975.184 3 3.7 37.9
0 6975.272 11 3.7 37.9
0 6975.461 5 3.7 37.9
0 6975.549 11 3.7 37.9
0 6975.566 59 3.7 37.9
0 6975.675 9 3.7 37.9
0 6975.781 10 3.7 37.9
0 6975.97 5 3.7 37.9
0 6975.974 301 3.7 37.9
0 6976.087 9 3.7 37.9
0 6976.185 10 3.7 37.9
0 6976.291 9 3.7 37.9
0 6976.385 11 3.7 37.9
0 6976.588 5 3.7 37.9
0 6976.593 219 3.7 37.9
0 6976.704 9 3.7 37.9
0 6976.809 10 3.7 37.9
0 6976.98 6 3.7 37.9
0 6976.995 69 3.7 37.9
0 6977.11 9 3.7 37.9
0 6977.198 11 3.7 37.9
0 6977.31 9 3.7 37.9
0 6977.482 6 3.7 37.9
0 6977.581 10 3.7 37.9
0 6977.594 75 3.7 37.9
0 6977.711 9 3.7 37.9
0 6977.811 10 3.7 37.9
0 6977.904 11 3.7 37.9
0 6978.004 10 3.7 37.9
0 6978.108 10 3.7 37.9
0 6978.204 10 3.7 37.9
0 6978.316 9 3.7 37.9
0 6978.395 13 3.7 37.9
0 6978.505 9 3.7 37.9
0 6978.609 10 3.7 37.9
0 6978.706 10 3.7 37.9
0 6978.817 9 3.7 37.9
0 6978.904 11 3.7 37.9
0 6979.005 10 3.7 37.9
0 6979.109 10 3.7 37.9
0 6979.207 10 3.7 37.9
0 6979.311 10 3.7 37.9
0 6979.49 6 3.7 37.9
0 6979.495 181 3.7 37.9
0 6979.611 9 3.7 37.9
0 6979.889 4 3.7 37.9
0 6979.894 218 3.7 37.9
0 6980.194 3 3.7 37.9
0 6980.283 11 3.7 37.9
0 6980.48 5 3.7 37.9
0 6980.567 12 3.7 37.9
0 6980.586 52 3.7 37.9
0 6980.699 9 3.7 37.9
0 6980.793 11 3.7 37.9
0 6980.996 5 3.7 37.9
0 6980.999 260 3.7 37.9
0 6981.116 9 3.7 37.9
0 6981.216 10 3.7 37.9
0 6981.303 12 3.7 37.9
0 6981.41 9 3.7 37.9
0 6981.618 5 3.7 37.9
0 6981.623 193 3.7 37.9
0 6981.736 9 3.7 37.9
0 6981.832 10 3.7 37.9
0 6982.035 5 3.7 37.9
0 6982.04 236 3.7 37.9
0 6982.157 9 3.7 37.9
0 6982.256 10 3.7 37.9
0 6982.345 11 3.7 37.9
0 6982.633 3 3.7 37.9
0 6982.637 257 3.7 37.9
0 6982.758 8 3.7 37.9
0 6982.848 11 3.7 37.9
0 6982.946 10 3.7 37.9
0 6983.049 10 3.7 37.9
0 6983.151 10 3.7 37.9
0 6983.239 11 3.7 37.9
0 6983.36 8 3.7 37.9
0 6983.448 11 3.7 37.9
0 6983.55 10 3.7 37.9
0 6983.652 10 3.7 37.9
0 6983.749 10 3.7 37.9
0 6983.862 9 3.7 37.9
0 6983.944 12 3.7 37.9
0 6984.05 9 3.7 37.9
0 6984.152 10 3.7 37.9
0 6984.249 10 3.7 37.9
0 6984.362 9 3.7 37.9
0 6984.551 5 3.7 37.9
0 6984.554 321 3.7 37.9
0 6984.668 9 3.7 37.9
0 6984.941 4 3.7 37.9
0 6984.946 232 3.7 37.9
0 6985.241 3 3.7 37.9
0 6985.498 4 3.7 37.9
0 6985.588 11 3.7 37.9
0 6985.604 62 3.7 37.9
0 6985.712 9 3.7 37.9
0 6985.815 10 3.7 37.9
0 6986.015 5 3.7 37.9
0 6986.018 327 3.7 37.9
0 6986.135 9 3.7 37.9
0 6986.229 11 3.7 37.9
0 6986.332 10 3.7 37.9
0 6986.428 10 3.7 37.9
0 6986.628 5 3.7 37.9
0 6986.633 207 3.7 37.9
0 6986.742 9 3.7 37.9
0 6986.845 10 3.7 37.9
0 6987.051 5 3.7 37.9
0 6987.056 194 3.7 37.9
0 6987.173 9 3.7 37.9
0 6987.265 11 3.7 37.9
0 6987.369 10 3.7 37.9
0 6987.649 4 3.7 37.9
0 6987.652 307 3.7 37.9
0 6987.772 8 3.7 37.9
0 6987.863 11 3.7 37.9
0 6987.967 10 3.7 37.9
0 6988.055 11 3.7 37.9
0 6988.165 9 3.7 37.9
0 6988.254 11 3.7 37.9
0 6988.373 8 3.7 37.9
0 6988.467 11 3.7 37.9
0 6988.558 11 3.7 37.9
0 6988.672 9 3.7 37.9
0 6988.764 11 3.7 37.9
0 6988.87 9 3.7 37.9
0 6988.971 10 3.7 37.9
0 6989.057 12 3.7 37.9
0 6989.165 9 3.7 37.9
0 6989.271 9 3.7 37.9
0 6989.372 10 3.7 37.9
0 6989.572 5 3.7 37.9
0 6989.575 329 3.7 37.9
0 6989.686 9 3.7 37.9
0 6989.961 4 3.7 37.9
0 6989.966 224 3.7 37.9
0 6990.264 3 3.7 37.9
0 6990.522 4 3.7 37.9
0 6990.611 11 3.7 37.9
0 6990.627 61 3.7 37.9
0 6990.739 9 3.7 37.9
0 6990.836 10 3.7 37.9
0 6991.038 5 3.7 37.9
0 6991.041 270 3.7 37.9
0 6991.158 9 3.7 37.9
0 6991.252 11 3.7 37.9
0 6991.353 10 3.7 37.9
0 6991.452 10 3.7 37.9
0 6991.648 5 3.7 37.9
0 6991.653 199 3.7 37.9
0 6991.766 9 3.7 37.9
0 6991.862 10 3.7 37.9
0 6992.063 5 3.7 37.9
0 6992.068 185 3.7 37.9
0 6992.184 9 3.7 37.9
0 6992.277 11 3.7 37.9
0 6992.379 10 3.7 37.9
0 6992.667 3 3.7 37.9
0 6992.671 234 3.7 37.9
0 6992.788 9 3.7 37.9
0 6992.883 11 3.7 37.9
0 6992.98 10 3.7 37.9
0 6993.081 10 3.7 37.9
0 6993.191 9 3.7 37.9
0 6993.288 10 3.7 37.9
0 6993.382 11 3.7 37.9
0 6993.481 10 3.7 37.9
0 6993.572 11 3.7 37.9
0 6993.693 8 3.7 37.9
0 6993.79 10 3.7 37.9
0 6993.885 11 3.7 37.9
0 6993.983 10 3.7 37.9
0 6994.083 10 3.7 37.9
0 6994.193 9 3.7 37.9
0 6994.286 11 3.7 37.9
0 6994.391 10 3.7 37.9
0 6994.575 5 3.7 37.9
0 6994.578 309 3.7 37.9
0 6994.698 8 3.7 37.9
0 6994.978 4 3.7 37.9
0 6994.982 254 3.7 37.9
0 6995.283 3 3.7 37.9
0 6995.543 4 3.7 37.9
0 6995.633 11 3.7 37.9
0 6995.648 71 3.7 37.9
0 6995.761 9 3.7 37.9
0 6995.859 10 3.7 37.9
0 6996.063 5 3.7 37.9
0 6996.066 270 3.7 37.9
0 6996.181 9 3.7 37.9
0 6996.281 10 3.7 37.9
0 6996.378 10 3.7 37.9
0 6996.477 10 3.7 37.9
0 6996.675 5 3.7 37.9
0 6996.679 228 3.7 37.9
0 6996.794 9 3.7 37.9
0 6996.891 10 3.7 37.9
0 6997.094 5 3.7 37.9
0 6997.098 251 3.7 37.9
0 6997.214 9 3.7 37.9
0 6997.312 10 3.7 37.9
0 6997.411 10 3.7 37.9
0 6997.701 3 3.7 37.9
0 6997.706 236 3.7 37.9
0 6997.823 9 3.7 37.9
0 6997.919 10 3.7 37.9
0 6998.019 10 3.7 37.9
0 6998.116 10 3.7 37.9
0 6998.222 9 3.7 37.9
0 6998.321 10 3.7 37.9
0 6998.419 10 3.7 37.9
0 6998.519 10 3.7 37.9
0 6998.617 10 3.7 37.9
0 6998.718 10 3.7 37.9
0 6998.823 10 3.7 37.9
0 6998.922 10 3.7 37.9
0 6999.019 10 3.7 37.9
0 6999.117 10 3.7 37.9
0 6999.223 9 3.7 37.9
0 6999.324 10 3.7 37.9
0 6999.422 10 3.7 37.9
0 6999.622 5 3.7 37.9
0 6999.625 317 3.7 37.9
0 6999.74 9 3.7 37.9
0 7000.02 4 3.7 37.9
0 7000.024 242 3.7 37.9
0 7000.306 4 3.7 37.9
0 7000.567 4 3.7 37.9
0 7000.654 11 3.7 37.9
0 7000.672 57 3.7 37.9
0 7000.776 10 3.7 37.9
0 7000.882 9 3.7 37.9
0 7001.09 5 3.7 37.9
0 7001.094 273 3.7 37.9
0 7001.207 9 3.7 37.9
0 7001.305 10 3.7 37.9
0 7001.405 10 3.7 37.9
0 7001.507 10 3.7 37.9
0 7001.715 5 3.7 37.9
0 7001.72 242 3.7 37.9
0 7001.829 9 3.7 37.9
0 7001.931 10 3.7 37.9
0 7002.128 5 3.7 37.9
0 7002.133 189 3.7 37.9
0 7002.247 9 3.7 37.9
0 7002.341 11 3.7 37.9
0 7002.443 10 3.7 37.9
0 7002.721 4 3.7 37.9
0 7002.724 258 3.7 37.9
0 7002.841 9 3.7 37.9
0 7002.935 11 3.7 37.9
0 7003.036 10 3.7 37.9
0 7003.137 10 3.7 37.9
0 7003.244 9 3.7 37.9
0 7003.341 10 3.7 37.9
0 7003.435 11 3.7 37.9
0 7003.539 10 3.7 37.9
0 7003.638 10 3.7 37.9
0 7003.747 9 3.7 37.9
0 7003.842 10 3.7 37.9
0 7003.931 11 3.7 37.9
0 7004.039 9 3.7 37.9
0 7004.138 10 3.7 37.9
0 7004.246 9 3.7 37.9
0 7004.343 10 3.7 37.9
0 7004.437 11 3.7 37.9
0 7004.632 5 3.7 37.9
0 7004.635 314 3.7 37.9
0 7004.756 8 3.7 37.9
0 7004.934 6 3.7 37.9
0 7004.938 273 3.7 37.9
0 7005.142 5 3.7 37.9
0 7005.323 6 3.7 37.9
0 7005.586 4 3.7 37.9
0 7005.672 12 3.7 37.9
0 7005.693 48 3.7 37.9
0 7005.8 9 3.7 37.9
0 7005.898 10 3.7 37.9
0 7006.103 5 3.7 37.9
0 7006.107 313 3.7 37.9
0 7006.223 9 3.7 37.9
0 7006.318 11 3.7 37.9
0 7006.42 10 3.7 37.9
0 7006.514 11 3.7 37.9
0 7006.724 5 3.7 37.9
0 7006.728 211 3.7 37.9
0 7006.838 9 3.7 37.9
0 7006.94 10 3.7 37.9
0 7007.136 5 3.7 37.9
0 7007.141 197 3.7 37.9
0 7007.257 9 3.7 37.9
0 7007.35 11 3.7 37.9
0 7007.451 10 3.7 37.9
0 7007.731 4 3.7 37.9
0 7007.735 294 3.7 37.9
0 7007.851 9 3.7 37.9
0 7007.946 11 3.7 37.9
0 7008.048 10 3.7 37.9
0 7008.147 10 3.7 37.9
0 7008.254 9 3.7 37.9
0 7008.353 10 3.7 37.9
0 7008.445 11 3.7 37.9
0 7008.549 10 3.7 37.9
0 7008.648 10 3.7 37.9
0 7008.748 10 3.7 37.9
0 7008.861 9 3.7 37.9
0 7008.946 12 3.7 37.9
0 7009.049 10 3.7 37.9
0 7009.149 10 3.7 37.9
0 7009.248 10 3.7 37.9
0 7009.361 9 3.7 37.9
0 7009.447 12 3.7 37.9
0 7009.638 5 3.7 37.9
0 7009.642 270 3.7 37.9
0 7009.754 9 3.7 37.9
0 7009.956 5 3.7 37.9
0 7009.959 324 3.7 37.9
0 7010.152 5 3.7 37.9
0 7010.334 5 3.7 37.9
0 7010.6 4 3.7 37.9
0 7010.686 12 3.7 37.9
0 7010.707 49 3.7 37.9
0 7010.815 9 3.7 37.9
0 7010.914 10 3.7 37.9
0 7011.113 5 3.7 37.9
0 7011.118 236 3.7 37.9
0 7011.232 9 3.7 37.9
0 7011.327 11 3.7 37.9
0 7011.425 10 3.7 37.9
0 7011.526 10 3.7 37.9
0 7011.731 5 3.7 37.9
0 7011.735 210 3.7 37.9
0 7011.845 9 3.7 37.9
0 7011.944 10 3.7 37.9
0 7012.14 5 3.7 37.9
0 7012.146 165 3.7 37.9
0 7012.26 9 3.7 37.9
0 7012.355 11 3.7 37.9
0 7012.449 11 3.7 37.9
0 7012.642 5 3.7 37.9
0 7012.647 179 3.7 37.9
0 7012.864 5 3.7 37.9
0 7012.867 286 3.7 37.9
0 7012.977 9 3.7 37.9
0 7013.068 11 3.7 37.9
0 7013.187 8 3.7 37.9
0 7013.282 10 3.7 37.9
0 7013.371 11 3.7 37.9
0 7013.473 10 3.7 37.9
0 7013.568 10 3.7 37.9
0 7013.704 7 3.7 37.9
0 7013.808 10 3.7 37.9
0 7013.896 11 3.7 37.9
0 7014.0 10 3.7 37.9
0 7014.096 10 3.7 37.9
0 7014.2 10 3.7 37.9
0 7014.303 10 3.7 37.9
0 7014.395 11 3.7 37.9
0 7014.504 9 3.7 37.9
0 7014.664 6 3.7 37.9
0 7014.678 69 3.7 37.9
0 7014.812 7 3.7 37.9
0 7015.003 5 3.7 37.9
0 7015.016 79 3.7 37.9
0 7015.232 5 3.7 37.9
0 7015.41 6 3.7 37.9
0 7015.689 4 3.7 37.9
0 7015.702 77 3.7 37.9
0 7015.833 8 3.7 37.9
0 7015.926 11 3.7 37.9
0 7016.136 5 3.7 37.9
0 7016.149 79 3.7 37.9
0 7016.28 8 3.7 37.9
0 7016.381 10 3.7 37.9
0 7016.477 10 3.7 37.9
0 7016.57 11 3.7 37.9
0 7016.775 5 3.7 37.9
0 7016.789 72 3.7 37.9
0 7016.919 8 3.7 37.9
0 7017.014 11 3.7 37.9
0 7017.194 6 3.7 37.9
0 7017.208 73 3.7 37.9
0 7017.337 8 3.7 37.9
0 7017.426 11 3.7 37.9
0 7017.537 9 3.7 37.9
0 7017.727 5 3.7 37.9
0 7017.739 78 3.7 37.9
0 7017.97 4 4.1 37.9
0 7017.984 76 4.1 37.9
0 7018.113 8 4.1 37.9
0 7018.207 11 4.1 37.9
0 7018.298 11 4.1 37.9
0 7018.405 9 4.1 37.9
0 7018.508 10 4.1 37.9
0 7018.611 10 4.1 37.9
0 7018.716 10 4.1 37.9
0 7018.815 10 4.1 37.9
0 7018.904 11 4.1 37.9
0 7019.013 9 4.1 37.9
0 7019.112 10 4.1 37.9
0 7019.216 10 4.1 37.9
0 7019.315 10 4.1 37.9
0 7019.408 11 4.1 37.9
0 7019.515 9 4.1 37.9
0 7019.695 6 4.1 37.9
0 7019.709 73 4.1 37.9
0 7019.84 8 4.1 37.9
0 7020.011 6 4.1 37.9
0 7020.026 68 4.1 37.9
0 7020.244 5 4.1 37.9
0 7020.428 5 4.1 37.9
0 7020.708 4 4.1 37.9
0 7020.722 74 4.1 37.9
0 7020.852 8 4.1 37.9
0 7020.95 10 4.1 37.9
0 7021.142 5 4.1 37.9
0 7021.155 77 4.1 37.9
0 7021.287 8 4.1 37.9
0 7021.386 10 4.1 37.9
0 7021.481 11 4.1 37.9
0 7021.575 11 4.1 37.9
0 7021.781 5 4.1 37.9
0 7021.796 67 4.1 37.9
0 7021.923 8 4.1 37.9
0 7022.021 10 4.1 37.9
0 7022.21 5 4.1 37.9
0 7022.225 69 4.1 37.9
0 7022.353 8 4.1 37.9
0 7022.455 10 4.1 37.9
0 7022.552 10 4.1 37.9
0 7022.747 5 4.1 37.9
0 7022.76 77 4.1 37.9
0 7022.984 4 4.1 37.9
0 7022.998 73 4.1 37.9
0 7023.124 8 4.1 37.9
0 7023.227 10 4.1 37.9
0 7023.31 12 4.1 37.9
0 7023.426 9 4.1 37.9
0 7023.53 10 4.1 37.9
0 7023.624 11 4.1 37.9
0 7023.728 10 4.1 37.9
0 7023.828 10 4.1 37.9
0 7023.928 10 4.1 37.9
0 7024.028 10 4.1 37.9
0 7024.127 10 4.1 37.9
0 7024.229 10 4.1 37.9
0 7024.322 11 4.1 37.9
0 7024.431 9 4.1 37.9
0 7024.529 10 4.1 37.9
0 7024.72 5 4.1 37.9
0 7024.734 74 4.1 37.9
0 7024.862 8 4.1 37.9
0 7025.054 5 4.1 37.9
0 7025.068 70 4.1 37.9
0 7025.287 5 4.1 37.9
0 7025.474 5 4.1 37.9
0 7025.756 4 4.1 37.9
0 7025.769 73 4.1 37.9
0 7025.9 8 4.1 37.9
0 7025.975 13 4.1 37.9
0 7026.179 5 4.1 37.9
0 7026.193 73 4.1 37.9
0 7026.316 8 4.1 37.9
0 7026.416 10 4.1 37.9
0 7026.515 10 4.1 37.9
0 7026.614 10 4.1 37.9
0 7026.809 5 4.1 37.9
0 7026.824 69 4.1 37.9
0 7026.946 8 4.1 37.9
0 7027.039 11 4.1 37.9
0 7027.232 5 4.1 37.9
0 7027.247 67 4.1 37.9
0 7027.368 8 4.1 37.9
0 7027.475 9 4.1 37.9
0 7027.573 10 4.1 37.9
0 7027.757 5 4.1 37.9
0 7027.77 75 4.1 37.9
0 7027.998 4 4.6 37.9
0 7028.012 71 4.6 37.9
0 7028.138 8 4.6 37.9
0 7028.233 10 4.6 37.9
0 7028.318 12 4.6 37.9
0 7028.441 8 4.6 37.9
0 7028.54 10 4.6 37.9
0 7028.722 5 4.6 37.9
0 7028.726 299 4.6 37.9
0 7028.842 9 4.6 37.9
0 7028.936 11 4.6 37.9
0 7029.035 10 4.6 37.9
0 7029.144 9 4.6 37.9
0 7029.236 11 4.6 37.9
0 7029.336 10 4.6 37.9
0 7029.447 9 4.6 37.9
0 7029.539 11 4.6 37.9
0 7029.739 5 4.6 37.9
0 7029.742 312 4.6 37.9
0 7029.852 9 4.6 37.9
0 7029.963 9 4.6 37.9
0 7030.147 5 4.6 37.9
0 7030.151 315 4.6 37.9
0 7030.36 5 4.6 37.9
0 7030.528 6 4.6 37.9
0 7030.795 4 4.6 37.9
0 7030.8 225 4.6 37.9
0 7030.908 9 4.6 37.9
0 7031.0 11 4.6 37.9
0 7031.218 5 4.6 37.9
0 7031.221 286 4.6 37.9
0 7031.337 9 4.6 37.9
0 7031.435 10 4.6 37.9
0 7031.532 10 4.6 37.9
0 7031.635 10 4.6 37.9
0 7031.841 5 4.6 37.9
0 7031.846 219 4.6 37.9
0 7031.958 9 4.6 37.9
0 7032.056 10 4.6 37.9
0 7032.263 5 4.6 37.9
0 7032.268 199 4.6 37.9
0 7032.382 9 4.6 37.9
0 7032.481 10 4.6 37.9
0 7032.576 11 4.6 37.9
0 7032.783 5 4.6 37.9
0 7032.787 303 4.6 37.9
0 7032.902 9 4.6 37.9
0 7033.099 5 4.6 37.9
0 7033.102 293 4.6 37.9
0 7033.216 9 4.6 37.9
0 7033.315 10 4.6 37.9
0 7033.417 10 4.6 37.9
0 7033.514 10 4.6 37.9
0 7033.714 5 4.6 37.9
0 7033.717 257 4.6 37.9
0 7033.834 9 4.6 37.9
0 7033.934 10 4.6 37.9
0 7034.028 11 4.6 37.9
0 7034.128 10 4.6 37.9
0 7034.235 9 4.6 37.9
0 7034.334 10 4.6 37.9
0 7034.434 10 4.6 37.9
0 7034.528 11 4.6 37.9
0 7034.629 10 4.6 37.9
0 7034.835 5 4.6 37.9
0 7034.839 319 4.6 37.9
0 7034.954 9 4.6 37.9
0 7035.05 10 4.6 37.9
0 7035.246 5 4.6 37.9
0 7035.25 267 4.6 37.9
0 7035.559 3 4.6 37.9
0 7035.899 3 4.6 37.9
0 7035.905 179 4.6 37.9
0 7036.017 9 4.6 37.9
0 7036.217 5 4.6 37.9
0 7036.221 264 4.6 37.9
0 7036.332 9 4.6 37.9
0 7036.44 9 4.6 37.9
0 7036.533 11 4.6 37.9
0 7036.634 10 4.6 37.9
0 7036.734 10 4.6 37.9
0 7036.944 5 4.6 37.9
0 7036.95 162 4.6 37.9
0 7037.061 9 4.6 37.9
0 7037.16 10 4.6 37.9
0 7037.366 5 4.6 37.9
0 7037.369 282 4.6 37.9
0 7037.489 8 4.6 37.9
0 7037.572 12 4.6 37.9
0 7037.786 5 4.6 37.9
0 7037.789 261 4.6 37.9
0 7037.9 9 4.6 37.9
0 7038.113 5 3.7 37.9
0 7038.116 307 3.7 37.9
0 7038.227 9 3.7 37.9
0 7038.324 10 3.7 37.9
0 7038.427 10 3.7 37.9
0 7038.535 9 3.7 37.9
0 7038.74 5 3.7 37.9
0 7038.743 326 3.7 37.9
0 7038.857 9 3.7 37.9
0 7038.955 10 3.7 37.9
0 7039.062 9 3.7 37.9
0 7039.155 11 3.7 37.9
0 7039.261 9 3.7 37.9
0 7039.358 10 3.7 37.9
0 7039.455 10 3.7 37.9
0 7039.556 10 3.7 37.9
0 7039.66 10 3.7 37.9
0 7039.861 5 3.7 37.9
0 7039.864 324 3.7 37.9
0 7039.975 9 3.7 37.9
0 7040.07 10 3.7 37.9
0 7040.269 5 3.7 37.9
0 7040.272 313 3.7 37.9
0 7040.57 3 3.7 37.9
0 7040.918 3 3.7 37.9
0 7040.923 192 3.7 37.9
0 7041.034 9 3.7 37.9
0 7041.232 5 3.7 37.9
0 7041.235 286 3.7 37.9
0 7041.348 9 3.7 37.9
0 7041.453 10 3.7 37.9
0 7041.55 10 3.7 37.9
0 7041.65 10 3.7 37.9
0 7041.741 11 3.7 37.9
0 7041.944 5 3.7 37.9
0 7041.95 175 3.7 37.9
0 7042.064 9 3.7 37.9
0 7042.163 10 3.7 37.9
0 7042.258 11 3.7 37.9
0 7042.466 5 3.7 37.9
0 7042.471 181 3.7 37.9
0 7042.577 9 3.7 37.9
0 7042.78 5 3.7 37.9
0 7042.783 323 3.7 37.9
0 7042.894 9 3.7 37.9
0 7043.003 9 3.7 37.9
0 7043.191 5 3.7 37.9
0 7043.195 251 3.7 37.9
0 7043.305 9 3.7 37.9
0 7043.405 10 3.7 37.9
0 7043.513 9 3.7 37.9
0 7043.605 11 3.7 37.9
0 7043.805 5 3.7 37.9
0 7043.808 318 3.7 37.9
0 7043.921 9 3.7 37.9
0 7044.028 9 3.7 37.9
0 7044.119 11 3.7 37.9
0 7044.222 10 3.7 37.9
0 7044.324 10 3.7 37.9
0 7044.42 10 3.7 37.9
0 7044.527 9 3.7 37.9
0 7044.62 11 3.7 37.9
0 7044.724 10 3.7 37.9
0 7044.915 5 3.7 37.9
0 7044.919 281 3.7 37.9
0 7045.037 8 3.7 37.9
0 7045.129 11 3.7 37.9
0 7045.332 5 3.7 37.9
0 7045.335 318 3.7 37.9
0 7045.639 3 3.7 37.9
0 7045.973 3 3.7 37.9
0 7045.977 248 3.7 37.9
0 7046.081 10 3.7 37.9
0 7046.294 5 3.7 37.9
0 7046.298 258 3.7 37.9
0 7046.411 9 3.7 37.9
0 7046.512 10 3.7 37.9
0 7046.608 10 3.7 37.9
0 7046.711 10 3.7 37.9
0 7046.812 10 3.7 37.9
0 7047.021 5 3.7 37.9
0 7047.025 218 3.7 37.9
0 7047.139 9 3.7 37.9
0 7047.236 10 3.7 37.9
0 7047.463 4 3.7 37.9
0 7047.477 71 3.7 37.9
0 7047.584 9 3.7 37.9
0 7047.709 8 3.7 37.9
0 7047.882 6 3.7 37.9
0 7047.895 77 3.7 37.9
0 7048.029 7 3.7 37.9
0 7048.1 14 3.7 37.9
0 7048.23 8 3.7 37.9
0 7048.327 10 3.7 37.9
0 7048.429 10 3.7 37.9
0 7048.52 11 3.7 37.9
0 7048.627 9 3.7 37.9
0 7048.73 10 3.7 37.9
0 7048.907 6 3.7 37.9
0 7048.92 82 3.7 37.9
0 7049.054 7 3.7 37.9
0 7049.154 10 3.7 37.9
0 7049.232 13 3.7 37.9
0 7049.347 9 3.7 37.9
0 7049.451 10 3.7 37.9
0 7049.557 9 3.7 37.9
0 7049.657 10 3.7 37.9
0 7049.746 11 3.7 37.9
0 7049.943 5 3.7 37.9
0 7049.958 69 3.7 37.9
0 7050.079 8 3.7 37.9
0 7050.187 9 3.7 37.9
0 7050.365 6 3.7 37.9
0 7050.378 76 3.7 37.9
0 7050.683 3 3.7 37.9
0 7051.034 3 3.7 37.9
0 7051.049 67 3.7 37.9
0 7051.175 8 3.7 37.9
0 7051.361 5 3.7 37.9
0 7051.374 79 3.7 37.9
0 7051.503 8 3.7 37.9
0 7051.595 11 3.7 37.9
0 7051.708 9 3.7 37.9
0 7051.781 14 3.7 37.9
0 7051.909 8 3.7 37.9
0 7052.11 5 3.7 37.9
0 7052.125 65 3.7 37.9
0 7052.246 8 3.7 37.9
0 7052.355 9 3.7 37.9
0 7052.55 5 3.7 37.9
0 7052.564 74 3.7 37.9
0 7052.702 7 3.7 37.9
0 7052.794 11 3.7 37.9
0 7052.981 5 3.7 37.9
0 7052.993 82 3.7 37.9
0 7053.11 9 3.7 37.9
0 7053.232 8 3.7 37.9
0 7053.324 11 3.7 37.9
0 7053.428 10 3.7 37.9
0 7053.524 10 3.7 37.9
0 7053.612 11 3.7 37.9
0 7053.733 8 3.7 37.9
0 7053.824 11 3.7 37.9
0 7054.004 6 3.7 37.9
0 7054.017 79 3.7 37.9
0 7054.148 8 3.7 37.9
0 7054.249 10 3.7 37.9
0 7054.347 10 3.7 37.9
0 7054.452 10 3.7 37.9
0 7054.55 10 3.7 37.9
0 7054.646 10 3.7 37.9
0 7054.756 9 3.7 37.9
0 7054.849 11 3.7 37.9
0 7055.033 5 3.7 37.9
0 7055.045 84 3.7 37.9
0 7055.177 8 3.7 37.9
0 7055.283 9 3.7 37.9
0 7055.46 6 3.7 37.9
0 7055.473 75 3.7 37.9
0 7055.761 3 3.7 37.9
0 7056.108 3 3.7 37.9
0 7056.194 12 3.7 37.9
0 7056.214 50 3.7 37.9
0 7056.439 4 3.7 37.9
0 7056.443 246 3.7 37.9
0 7056.555 9 3.7 37.9
0 7056.661 9 3.7 37.9
0 7056.754 11 3.7 37.9
0 7056.855 10 3.7 37.9
0 7056.959 10 3.7 37.9
0 7057.155 5 3.7 37.9
0 7057.16 171 3.7 37.9
0 7057.269 9 3.7 37.9
0 7057.37 10 3.7 37.9
0 7057.581 5 3.7 37.9
0 7057.585 244 3.7 37.9
0 7057.703 8 3.7 37.9
0 7057.795 11 3.7 37.9
0 7057.998 5 3.7 37.9
0 7058.001 278 3.7 37.9
0 7058.112 9 3.7 37.9
0 7058.221 9 3.7 37.9
0 7058.313 11 4.3 37.9
0 7058.413 10 4.3 37.9
0 7058.516 10 4.3 37.9
0 7058.614 10 4.3 37.9
0 7058.715 10 4.3 37.9
0 7058.82 10 4.3 37.9
0 7059.008 5 4.3 37.9
0 7059.012 277 4.3 37.9
0 7059.113 10 4.3 37.9
0 7059.224 9 4.3 37.9
0 7059.328 10 4.3 37.9
0 7059.423 11 4.3 37.9
0 7059.528 9 4.3 37.9
0 7059.623 11 4.3 37.9
0 7059.726 10 4.3 37.9
0 7059.829 10 4.3 37.9
0 7060.009 6 4.3 37.9
0 7060.012 332 4.3 37.9
0 7060.129 9 4.3 37.9
0 7060.225 11 4.3 37.9
0 7060.331 9 4.3 37.9
0 7060.53 5 4.3 37.9
0 7060.533 333 4.3 37.9
0 7060.838 3 4.3 37.9
0 7061.172 3 4.3 37.9
0 7061.258 12 4.3 37.9
0 7061.277 53 4.3 37.9
0 7061.488 5 4.3 37.9
0 7061.492 303 4.3 37.9
0 7061.603 9 4.3 37.9
0 7061.713 9 4.3 37.9
0 7061.804 11 4.3 37.9
0 7061.907 10 4.3 37.9
0 7062.003 10 4.3 37.9
0 7062.201 5 4.3 37.9
0 7062.207 190 4.3 37.9
0 7062.32 9 4.3 37.9
0 7062.419 10 4.3 37.9
0 7062.607 5 4.3 37.9
0 7062.611 261 4.3 37.9
0 7062.727 9 4.3 37.9
0 7062.826 10 4.3 37.9
0 7063.03 5 4.3 37.9
0 7063.042 80 4.3 37.9
0 7063.175 8 4.3 37.9
0 7063.281 9 4.3 37.9
0 7063.367 12 4.3 37.9
0 7063.477 9 4.3 37.9
0 7063.565 11 4.3 37.9
0 7063.659 11 4.3 37.9
0 7063.779 8 4.3 37.9
0 7063.849 14 4.3 37.9
0 7064.06 5 4.3 37.9
0 7064.073 77 4.3 37.9
0 7064.201 8 4.3 37.9
0 7064.303 10 4.3 37.9
0 7064.403 10 4.3 37.9
0 7064.508 10 4.3 37.9
0 7064.587 13 4.3 37.9
0 7064.706 8 4.3 37.9
0 7064.801 10 4.3 37.9
0 7064.882 12 4.3 37.9
0 7065.083 5 4.3 37.9
0 7065.097 74 4.3 37.9
0 7065.229 8 4.3 37.9
0 7065.335 9 4.3 37.9
0 7065.43 11 4.3 37.9
0 7065.597 6 4.3 37.9
0 7065.611 70 4.3 37.9
0 7065.902 3 4.3 37.9
0 7066.257 3 4.3 37.9
0 7066.356 10 4.3 37.9
0 7066.37 73 4.3 37.9
0 7066.585 5 4.3 37.9
0 7066.598 73 4.3 37.9
0 7066.732 7 4.3 37.9
0 7066.835 10 4.3 37.9
0 7066.926 11 4.3 37.9
0 7067.028 10 4.3 37.9
0 7067.22 5 4.3 37.9
0 7067.234 73 4.3 37.9
0 7067.366 8 4.3 37.9
0 7067.464 10 4.3 37.9
0 7067.553 11 4.3 37.9
0 7067.658 10 4.3 37.9
0 7067.755 10 4.3 37.9
0 7067.838 12 4.3 37.9
0 7068.039 5 4.3 37.9
0 7068.052 79 4.3 37.9
0 7068.189 7 4.3 37.9
0 7068.287 10 4.3 37.9
0 7068.375 11 4.2 37.9
0 7068.481 9 4.2 37.9
0 7068.575 11 4.2 37.9
0 7068.678 10 4.2 37.9
0 7068.775 10 4.2 37.9
0 7068.874 10 4.2 37.9
0 7069.07 5 4.2 37.9
0 7069.083 75 4.2 37.9
0 7069.209 8 4.2 37.9
0 7069.307 10 4.2 37.9
0 7069.39 12 4.2 37.9
0 7069.501 9 4.2 37.9
0 7069.596 11 4.2 37.9
0 7069.685 11 4.2 37.9
0 7069.803 8 4.2 37.9
0 7069.912 9 4.2 37.9
0 7070.091 6 4.2 37.9
0 7070.103 81 4.2 37.9
0 7070.221 9 4.2 37.9
0 7070.323 10 4.2 37.9
0 7070.431 9 4.2 37.9
0 7070.611 6 4.2 37.9
0 7070.624 77 4.2 37.9
0 7070.926 3 4.2 37.9
0 7071.291 3 4.2 37.9
0 7071.392 10 4.2 37.9
0 7071.405 79 4.2 37.9
0 7071.614 5 4.2 37.9
0 7071.627 72 4.2 37.9
0 7071.759 8 4.2 37.9
0 7071.865 9 4.2 37.9
0 7071.958 11 4.2 37.9
0 7072.061 10 4.2 37.9
0 7072.247 5 4.2 37.9
0 7072.261 68 4.2 37.9
0 7072.391 8 4.2 37.9
0 7072.489 10 4.2 37.9
0 7072.582 11 4.2 37.9
0 7072.688 9 4.2 37.9
0 7072.782 11 4.2 37.9
0 7072.867 12 4.2 37.9
0 7073.073 5 4.2 37.9
0 7073.087 70 4.2 37.9
0 7073.205 8 4.2 37.9
0 7073.31 10 4.2 37.9
0 7073.387 13 4.2 37.9
0 7073.582 5 4.2 37.9
0 7073.587 209 4.2 37.9
0 7073.698 9 4.2 37.9
0 7073.8 10 4.2 37.9
0 7073.896 10 4.2 37.9
0 7074.008 9 4.2 37.9
0 7074.098 11 4.2 37.9
0 7074.207 9 4.2 37.9
0 7074.304 10 4.2 37.9
0 7074.413 9 4.2 37.9
0 7074.513 10 4.2 37.9
0 7074.599 12 4.2 37.9
0 7074.712 9 4.2 37.9
0 7074.809 10 4.2 37.9
0 7074.904 11 4.2 37.9
0 7075.094 5 4.2 37.9
0 7075.109 70 4.2 37.9
0 7075.214 10 4.2 37.9
0 7075.335 8 4.2 37.9
0 7075.419 12 4.2 37.9
0 7075.604 5 4.2 37.9
0 7075.619 65 4.2 37.9
0 7075.817 5 4.2 37.9
0 7075.831 74 4.2 37.9
0 7076.384 2 4.2 37.9
0 7076.485 10 4.2 37.9
0 7076.498 76 4.2 37.9
0 7076.689 5 4.2 37.9
0 7076.702 76 4.2 37.9
0 7076.815 9 4.2 37.9
0 7076.922 9 4.2 37.9
0 7077.013 11 4.2 37.9
0 7077.108 11 4.2 37.9
0 7077.308 5 4.2 37.9
0 7077.323 67 4.2 37.9
0 7077.439 9 4.2 37.9
0 7077.548 9 4.2 37.9
0 7077.639 11 4.2 37.9
0 7077.727 11 4.2 37.9
0 7077.853 8 4.2 37.9
0 7077.98 8 4.2 37.9
0 7078.146 6 4.2 37.9
0 7078.171 40 4.2 37.9
0 7078.31 7 4.2 37.9
0 7078.397 11 4.9 37.8
0 7078.612 5 4.9 37.8
0 7078.634 45 4.9 37.8
0 7078.773 7 4.9 37.8
0 7078.873 10 4.9 37.8
0 7078.976 10 4.9 37.8
0 7079.065 11 4.9 37.8
0 7079.176 9 4.9 37.8
0 7079.24 16 4.9 37.8
0 7079.367 8 4.9 37.8
0 7079.473 9 4.9 37.8
0 7079.577 10 4.9 37.8
0 7079.677 10 4.9 37.8
0 7079.771 11 4.9 37.8
0 7079.874 10 4.9 37.8
0 7080.022 7 4.9 37.8
0 7080.127 10 4.9 37.8
0 7080.14 81 4.9 37.8
0 7080.271 8 4.9 37.8
0 7080.366 11 4.9 37.8
0 7080.463 10 4.9 37.8
0 7080.656 5 4.9 37.8
0 7080.669 76 4.9 37.8
0 7080.881 5 4.9 37.8
0 7080.895 73 4.9 37.8
0 7081.274 3 4.9 37.8
0 7081.289 67 4.9 37.8
0 7081.491 5 4.9 37.8
0 7081.59 10 4.9 37.8
0 7081.604 67 4.9 37.8
0 7081.823 5 4.9 37.8
0 7081.837 69 4.9 37.8
0 7081.967 8 4.9 37.8
0 7082.068 10 4.9 37.8
0 7082.168 10 4.9 37.8
0 7082.343 6 4.9 37.8
0 7082.36 61 4.9 37.8
0 7082.486 8 4.9 37.8
0 7082.584 10 4.9 37.8
0 7082.678 11 4.9 37.8
0 7082.777 10 4.9 37.8
0 7082.898 8 4.9 37.8
0 7082.987 11 4.9 37.8
0 7083.169 5 4.9 37.8
0 7083.181 83 4.9 37.8
0 7083.316 7 4.9 37.8
0 7083.398 12 4.9 37.8
0 7083.513 9 4.9 37.8
0 7083.675 6 4.9 37.8
0 7083.687 78 4.9 37.8
0 7083.819 8 4.9 37.8
0 7083.929 9 4.9 37.8
0 7084.02 11 4.9 37.8
0 7084.104 12 4.9 37.8
0 7084.22 9 4.9 37.8
0 7084.318 10 4.9 37.8
0 7084.421 10 4.9 37.8
0 7084.511 11 4.9 37.8
0 7084.614 10 4.9 37.8
0 7084.721 9 4.9 37.8
0 7084.82 10 4.9 37.8
0 7084.923 10 4.9 37.8
0 7085.105 5 4.9 37.8
0 7085.202 10 4.9 37.8
0 7085.219 59 4.9 37.8
0 7085.347 8 4.9 37.8
0 7085.45 10 4.9 37.8
0 7085.551 10 4.9 37.8
0 7085.732 6 4.9 37.8
0 7085.745 77 4.9 37.8
0 7085.97 4 4.9 37.8
0 7085.987 59 4.9 37.8
0 7086.357 3 4.9 37.8
0 7086.37 76 4.9 37.8
0 7086.598 4 4.9 37.8
0 7086.698 10 4.9 37.8
0 7086.794 10 4.9 37.8
0 7086.814 51 4.9 37.8
0 7086.945 8 4.9 37.8
0 7087.042 10 4.9 37.8
0 7087.149 9 4.9 37.8
0 7087.243 11 4.9 37.8
0 7087.426 5 4.9 37.8
0 7087.439 78 4.9 37.8
0 7087.648 5 4.9 37.8
0 7087.655 165 4.9 37.8
0 7087.764 9 4.9 37.8
0 7087.863 10 4.9 37.8
0 7087.963 10 4.9 37.8
0 7088.157 5 4.9 37.8
0 7088.162 208 4.9 37.8
0 7088.272 9 4.9 37.8
0 7088.371 10 4.9 37.8
0 7088.471 10 4.6 37.8
0 7088.571 10 4.6 37.8
0 7088.791 5 4.6 37.8
0 7088.795 255 4.6 37.8
0 7088.905 9 4.6 37.8
0 7089.004 10 4.6 37.8
0 7089.105 10 4.6 37.8
0 7089.22 9 4.6 37.8
0 7089.307 11 4.6 37.8
0 7089.405 10 4.6 37.8
0 7089.508 10 4.6 37.8
0 7089.603 11 4.6 37.8
0 7089.72 9 4.6 37.8
0 7089.809 11 4.6 37.8
0 7089.906 10 4.6 37.8
0 7090.107 5 4.6 37.8
0 7090.194 12 4.6 37.8
0 7090.221 37 4.6 37.8
0 7090.323 10 4.6 37.8
0 7090.421 10 4.6 37.8
0 7090.52 10 4.6 37.8
0 7090.726 5 4.6 37.8
0 7090.73 217 4.6 37.8
0 7090.84 9 4.6 37.8
0 7091.05 5 4.6 37.8
0 7091.053 310 4.6 37.8
0 7091.436 3 4.6 37.8
0 7091.44 230 4.6 37.8
0 7091.652 5 4.6 37.8
0 7091.739 11 4.6 37.8
0 7091.861 8 4.6 37.8
0 7091.874 76 4.6 37.8
0 7092.006 8 4.6 37.8
0 7092.093 11 4.6 37.8
0 7092.206 9 4.6 37.8
0 7092.28 13 4.6 37.8
0 7092.502 5 4.6 37.8
0 7092.517 64 4.6 37.8
0 7092.749 4 4.6 37.8
0 7092.764 65 4.6 37.8
0 7092.892 8 4.6 37.8
0 7092.997 9 4.6 37.8
0 7093.176 6 4.6 37.8
0 7093.189 80 4.6 37.8
0 7093.32 8 4.6 37.8
0 7093.421 10 4.6 37.8
0 7093.519 10 4.6 37.8
0 7093.606 12 4.6 37.8
0 7093.819 5 4.6 37.8
0 7093.832 78 4.6 37.8
0 7093.962 8 4.6 37.8
0 7094.066 10 4.6 37.8
0 7094.167 10 4.6 37.8
0 7094.262 11 4.6 37.8
0 7094.364 10 4.6 37.8
0 7094.438 14 4.6 37.8
0 7094.539 10 4.6 37.8
0 7094.671 8 4.6 37.8
0 7094.768 10 4.6 37.8
0 7094.86 11 4.6 37.8
0 7094.96 10 4.6 37.8
0 7095.143 5 4.6 37.8
0 7095.24 10 4.6 37.8
0 7095.256 63 4.6 37.8
0 7095.378 8 4.6 37.8
0 7095.476 10 4.6 37.8
0 7095.575 10 4.6 37.8
0 7095.774 5 4.6 37.8
0 7095.787 72 4.6 37.8
0 7095.917 8 4.6 37.8
0 7096.12 5 4.6 37.8
0 7096.133 74 4.6 37.8
0 7096.342 5 4.6 37.8
0 7096.444 10 4.6 37.8
0 7096.458 73 4.6 37.8
0 7096.669 5 4.6 37.8
0 7096.766 10 4.6 37.8
0 7096.864 10 4.6 37.8
0 7096.884 51 4.6 37.8
0 7097.005 8 4.6 37.8
0 7097.095 11 4.6 37.8
0 7097.204 9 4.6 37.8
0 7097.306 10 4.6 37.8
0 7097.407 10 4.6 37.8
0 7097.594 5 4.6 37.8
0 7097.608 74 4.6 37.8
0 7097.821 5 4.6 37.8
0 7097.835 72 4.6 37.8
0 7097.962 8 4.6 37.8
0 7098.055 11 4.6 37.8
0 7098.249 5 4.6 37.8
0 7098.262 75 4.6 37.8
0 7098.386 8 4.6 37.8
0 7098.486 10 4.2 37.8
0 7098.586 10 4.2 37.8
0 7098.693 9 4.2 37.8
0 7098.89 5 4.2 37.8
0 7098.904 71 4.2 37.8
0 7099.029 8 4.2 37.8
0 7099.135 9 4.2 37.8
0 7099.234 10 4.2 37.8
0 7099.321 11 4.2 37.8
0 7099.434 9 4.2 37.8
0 7099.535 10 4.2 37.8
0 7099.61 13 4.2 37.8
0 7099.738 8 4.2 37.8
0 7099.819 12 4.2 37.8
0 7099.928 9 4.2 37.8
0 7100.04 9 4.2 37.8
0 7100.216 6 4.2 37.8
0 7100.32 10 4.2 37.8
0 7100.333 79 4.2 37.8
0 7100.459 8 4.2 37.8
0 7100.632 6 4.2 37.8
0 7100.635 313 4.2 37.8
0 7100.834 5 4.2 37.8
0 7100.837 307 4.2 37.8
0 7100.952 9 4.2 37.8
0 7101.156 5 4.2 37.8
0 7101.16 275 4.2 37.8
0 7101.451 3 4.2 37.8
0 7101.456 226 4.2 37.8
0 7101.571 9 4.2 37.8
0 7101.772 5 4.2 37.8
0 7101.938 6 4.2 37.8
0 7101.941 312 4.2 37.8
0 7102.058 9 4.2 37.8
0 7102.157 10 4.2 37.8
0 7102.255 10 4.2 37.8
0 7102.351 10 4.2 37.8
0 7102.451 10 4.2 37.8
0 7102.659 5 4.2 37.8
0 7102.664 180 4.2 37.8
0 7102.883 5 4.2 37.8
0 7102.886 287 4.2 37.8
0 7102.997 9 4.2 37.8
0 7103.092 11 4.2 37.8
0 7103.306 5 4.2 37.8
0 7103.309 305 4.2 37.8
0 7103.415 9 4.2 37.8
0 7103.52 10 4.2 37.8
0 7103.623 10 4.2 37.8
0 7103.723 10 4.2 37.8
0 7103.933 5 4.2 37.8
0 7103.937 260 4.2 37.8
0 7104.047 9 4.2 37.8
0 7104.152 10 4.2 37.8
0 7104.249 10 4.2 37.8
0 7104.354 10 4.2 37.8
0 7104.45 10 4.2 37.8
0 7104.548 10 4.2 37.8
0 7104.652 10 4.2 37.8
0 7104.752 10 4.2 37.8
0 7104.854 10 4.2 37.8
0 7104.947 11 4.2 37.8
0 7105.049 10 4.2 37.8
0 7105.257 5 4.2 37.8
0 7105.345 11 4.2 37.8
0 7105.365 48 4.2 37.8
0 7105.461 11 4.2 37.8
0 7105.668 5 4.2 37.8
0 7105.672 258 4.2 37.8
0 7105.892 5 4.2 37.8
0 7105.895 287 4.2 37.8
0 7106.004 9 4.2 37.8
0 7106.204 5 4.2 37.8
0 7106.208 264 4.2 37.8
0 7106.505 3 4.2 37.8
0 7106.508 287 4.2 37.8
0 7106.617 9 4.2 37.8
0 7106.829 5 4.2 37.8
0 7107.002 6 4.2 37.8
0 7107.007 173 4.2 37.8
0 7107.116 9 4.2 37.8
0 7107.216 10 4.2 37.8
0 7107.321 10 4.2 37.8
0 7107.415 11 4.2 37.8
0 7107.526 9 4.2 37.8
0 7107.717 5 4.2 37.8
0 7107.72 302 4.2 37.8
0 7107.93 5 4.2 37.8
0 7107.934 274 4.2 37.8
0 7108.053 8 4.2 37.8
0 7108.146 11 4.2 37.8
0 7108.346 5 4.2 37.8
0 7108.35 270 4.2 37.8
0 7108.46 9 4.2 37.8
0 7108.57 9 3.9 37.8
0 7108.662 11 3.9 37.8
0 7108.756 11 3.9 37.8
0 7108.96 5 3.9 37.8
0 7108.964 245 3.9 37.8
0 7109.085 8 3.9 37.8
0 7109.176 11 3.9 37.8
0 7109.275 10 3.9 37.8
0 7109.376 10 3.9 37.8
0 7109.478 10 3.9 37.8
0 7109.584 9 3.9 37.8
0 7109.676 11 3.9 37.8
0 7109.776 10 3.9 37.8
0 7109.877 10 3.9 37.8
0 7109.978 10 3.9 37.8
0 7110.085 9 3.9 37.8
0 7110.281 5 3.9 37.8
0 7110.369 11 3.9 37.8
0 7110.387 54 3.9 37.8
0 7110.499 9 3.9 37.8
0 7110.68 6 3.9 37.8
0 7110.685 198 3.9 37.8
0 7110.892 5 3.9 37.8
0 7110.896 248 3.9 37.8
0 7111.009 9 3.9 37.8
0 7111.213 5 3.9 37.8
0 7111.217 211 3.9 37.8
0 7111.501 4 3.9 37.8
0 7111.506 218 3.9 37.8
0 7111.619 9 3.9 37.8
0 7111.717 10 3.9 37.8
0 7111.914 5 3.9 37.8
0 7112.08 6 3.9 37.8
0 7112.084 240 3.9 37.8
0 7112.199 9 3.9 37.8
0 7112.296 10 3.9 37.8
0 7112.4 10 3.9 37.8
0 7112.495 11 3.9 37.8
0 7112.592 10 3.9 37.8
0 7112.793 5 3.9 37.8
0 7112.797 279 3.9 37.8
0 7113.038 4 3.9 37.8
0 7113.05 79 3.9 37.8
0 7113.183 8 3.9 37.8
0 7113.369 5 3.9 37.8
0 7113.381 79 3.9 37.8
0 7113.504 8 3.9 37.8
0 7113.605 10 3.9 37.8
0 7113.714 9 3.9 37.8
0 7113.814 10 3.9 37.8
0 7114.011 5 3.9 37.8
0 7114.026 67 3.9 37.8
0 7114.149 8 3.9 37.8
0 7114.228 13 3.9 37.8
0 7114.353 8 3.9 37.8
0 7114.457 10 3.9 37.8
0 7114.549 11 3.9 37.8
0 7114.651 10 3.9 37.8
0 7114.757 9 3.9 37.8
0 7114.856 10 3.9 37.8
0 7114.957 10 3.9 37.8
0 7115.058 10 3.9 37.8
0 7115.155 10 3.9 37.8
0 7115.342 5 3.9 37.8
0 7115.44 10 3.9 37.8
0 7115.445 211 3.9 37.8
0 7115.558 9 3.9 37.8
0 7115.757 5 3.9 37.8
0 7115.76 270 3.9 37.8
0 7115.966 5 3.9 37.8
0 7115.97 304 3.9 37.8
0 7116.083 9 3.9 37.8
0 7116.282 5 3.9 37.8
0 7116.287 191 3.9 37.8
0 7116.584 3 3.9 37.8
0 7116.588 263 3.9 37.8
0 7116.698 9 3.9 37.8
0 7116.806 9 3.9 37.8
0 7116.997 5 3.9 37.8
0 7117.169 6 3.9 37.8
0 7117.173 285 3.9 37.8
0 7117.284 9 3.9 37.8
0 7117.385 10 3.9 37.8
0 7117.484 10 3.9 37.8
0 7117.586 10 3.9 37.8
0 7117.688 10 3.9 37.8
0 7117.892 5 3.9 37.8
0 7117.897 199 3.9 37.8
0 7118.117 5 3.9 37.8
0 7118.121 237 3.9 37.8
0 7118.236 9 3.9 37.8
0 7118.438 5 3.9 37.8
0 7118.443 233 3.9 37.8
0 7118.553 9 3.9 37.8
0 7118.656 10 4.0 37.8
0 7118.758 10 4.0 37.8
0 7118.854 10 4.0 37.8
0 7119.065 5 4.0 37.8
0 7119.069 271 4.0 37.8
0 7119.182 9 4.0 37.8
0 7119.285 10 4.0 37.8
0 7119.381 10 4.0 37.8
0 7119.488 9 4.0 37.8
0 7119.582 11 4.0 37.8
0 7119.683 10 4.0 37.8
0 7119.785 10 4.0 37.8
0 7119.882 10 4.0 37.8
0 7119.988 9 4.0 37.8
0 7120.082 11 4.0 37.8
0 7120.184 10 4.0 37.8
0 7120.385 5 4.0 37.8
0 7120.473 11 4.0 37.8
0 7120.495 47 4.0 37.8
0 7120.602 9 4.0 37.8
0 7120.785 5 4.0 37.8
0 7120.789 229 4.0 37.8
0 7121.004 5 4.0 37.8
0 7121.007 259 4.0 37.8
0 7121.119 9 4.0 37.8
0 7121.322 5 4.0 37.8
0 7121.325 276 4.0 37.8
0 7121.618 3 4.0 37.8
0 7121.622 245 4.0 37.8
0 7121.736 9 4.0 37.8
0 7121.833 10 4.0 37.8
0 7122.039 5 4.0 37.8
0 7122.208 6 4.0 37.8
0 7122.212 249 4.0 37.8
0 7122.326 9 4.0 37.8
0 7122.42 11 4.0 37.8
0 7122.523 10 4.0 37.8
0 7122.621 10 4.0 37.8
0 7122.735 9 4.0 37.8
0 7122.93 5 4.0 37.8
0 7122.934 303 4.0 37.8
0 7123.146 5 4.0 37.8
0 7123.149 315 4.0 37.8
0 7123.272 8 4.0 37.8
0 7123.462 5 4.0 37.8
0 7123.465 309 4.0 37.8
0 7123.577 9 4.0 37.8
0 7123.676 10 4.0 37.8
0 7123.787 9 4.0 37.8
0 7123.878 11 4.0 37.8
0 7124.08 5 4.0 37.8
0 7124.083 269 4.0 37.8
0 7124.193 9 4.0 37.8
0 7124.305 9 4.0 37.8
0 7124.396 11 4.0 37.8
0 7124.491 11 4.0 37.8
0 7124.593 10 4.0 37.8
0 7124.696 10 4.0 37.8
0 7124.806 9 4.0 37.8
0 7124.895 11 4.0 37.8
0 7124.998 10 4.0 37.8
0 7125.097 10 4.0 37.8
0 7125.196 10 4.0 37.8
0 7125.4 5 4.0 37.8
0 7125.486 12 4.0 37.8
0 7125.508 46 4.0 37.8
0 7125.605 10 4.0 37.8
0 7125.82 5 4.0 37.8
0 7125.824 260 4.0 37.8
0 7126.034 5 4.0 37.8
0 7126.037 302 4.0 37.8
0 7126.147 9 4.0 37.8
0 7126.36 5 4.0 37.8
0 7126.364 244 4.0 37.8
0 7126.658 3 4.0 37.8
0 7126.662 285 4.0 37.8
0 7126.768 9 4.0 37.8
0 7126.873 9 4.0 37.8
0 7127.059 5 4.0 37.8
0 7127.238 6 4.0 37.8
0 7127.243 215 4.0 37.8
0 7127.352 9 4.0 37.8
0 7127.452 10 4.0 37.8
0 7127.553 10 4.0 37.8
0 7127.654 10 4.0 37.8
0 7127.766 9 4.0 37.8
0 7127.961 5 4.0 37.8
0 7127.964 273 4.0 37.8
0 7128.174 5 4.0 37.8
0 7128.178 261 4.0 37.8
0 7128.301 8 4.0 37.8
0 7128.488 5 4.0 37.8
0 7128.492 279 4.0 37.8
0 7128.601 9 4.0 37.8
0 7128.704 10 3.7 37.8
0 7128.816 9 3.7 37.8
0 7128.904 11 3.7 37.8
0 7129.09 5 3.7 37.8
0 7129.095 206 3.7 37.8
0 7129.206 9 3.7 37.8
0 7129.316 9 3.7 37.8
0 7129.405 11 3.7 37.8
0 7129.507 10 3.7 37.8
0 7129.598 11 3.7 37.8
0 7129.706 9 3.7 37.8
0 7129.818 9 3.7 37.8
0 7129.904 12 3.7 37.8
0 7130.007 10 3.7 37.8
0 7130.098 11 3.7 37.8
0 7130.207 9 3.7 37.8
0 7130.413 5 3.7 37.8
0 7130.501 11 3.7 37.8
0 7130.517 61 3.7 37.8
0 7130.627 9 3.7 37.8
0 7130.83 5 3.7 37.8
0 7130.834 289 3.7 37.8
0 7131.049 5 3.7 37.8
0 7131.053 299 3.7 37.8
0 7131.162 9 3.7 37.8
0 7131.367 5 3.7 37.8
0 7131.371 261 3.7 37.8
0 7131.67 3 3.7 37.8
0 7131.674 254 3.7 37.8
0 7131.786 9 3.7 37.8
0 7131.886 10 3.7 37.8
0 7132.094 5 3.7 37.8
0 7132.276 5 3.7 37.8
0 7132.29 72 3.7 37.8
0 7132.418 8 3.7 37.8
0 7132.51 11 3.7 37.8
0 7132.607 10 3.7 37.8
0 7132.715 9 3.7 37.8
0 7132.819 10 3.7 37.8
0 7133.006 5 3.7 37.8
0 7133.019 78 3.7 37.8
0 7133.242 4 3.7 37.8
0 7133.257 67 3.7 37.8
0 7133.479 5 3.7 37.8
0 7133.491 78 3.7 37.8
0 7133.6 9 3.7 37.8
0 7133.719 8 3.7 37.8
0 7133.822 10 3.7 37.8
0 7133.924 10 3.7 37.8
0 7134.121 5 3.7 37.8
0 7134.134 78 3.7 37.8
0 7134.266 8 3.7 37.8
0 7134.366 10 3.7 37.8
0 7134.459 11 3.7 37.8
0 7134.56 10 3.7 37.8
0 7134.663 10 3.7 37.8
0 7134.765 10 3.7 37.8
0 7134.867 10 3.7 37.8
0 7134.958 11 3.7 37.8
0 7135.065 9 3.7 37.8
0 7135.164 10 3.7 37.8
0 7135.261 10 3.7 37.8
0 7135.447 5 3.7 37.8
0 7135.547 10 3.7 37.8
0 7135.559 82 3.7 37.8
0 7135.691 8 3.7 37.8
0 7135.888 5 3.7 37.8
0 7135.901 77 3.7 37.8
0 7136.12 5 3.7 37.8
0 7136.133 74 3.7 37.8
0 7136.347 5 3.7 37.8
0 7136.36 78 3.7 37.8
0 7136.465 10 3.7 37.8
0 7136.679 5 3.7 37.8
0 7136.694 67 3.7 37.8
0 7136.82 8 3.7 37.8
0 7136.924 10 3.7 37.8
0 7137.117 5 3.7 37.8
0 7137.301 5 3.7 37.8
0 7137.315 69 3.7 37.8
0 7137.446 8 3.7 37.8
0 7137.543 10 3.7 37.8
0 7137.623 12 3.7 37.8
0 7137.746 8 3.7 37.8
0 7137.843 10 3.7 37.8
0 7138.034 5 3.7 37.8
0 7138.047 77 3.7 37.8
0 7138.257 5 3.7 37.8
0 7138.272 69 3.7 37.8
0 7138.488 5 3.7 37.8
0 7138.5 79 3.7 37.8
0 7138.616 9 3.7 37.8
0 7138.729 9 4.2 37.8
0 7138.821 11 4.2 37.8
0 7138.932 9 4.2 37.8
0 7139.132 5 4.2 37.8
0 7139.146 70 4.2 37.8
0 7139.273 8 4.2 37.8
0 7139.368 11 4.2 37.8
0 7139.455 12 4.2 37.8
0 7139.568 9 4.2 37.8
0 7139.674 9 4.2 37.8
0 7139.783 9 4.2 37.8
0 7139.876 11 4.2 37.8
0 7139.976 10 4.2 37.8
0 7140.079 10 4.2 37.8
0 7140.153 13 4.2 37.8
0 7140.276 8 4.2 37.8
0 7140.455 6 4.2 37.8
0 7140.553 10 4.2 37.8
0 7140.568 70 4.2 37.8
0 7140.67 10 4.2 37.8
0 7140.896 4 4.2 37.8
0 7140.909 76 4.2 37.8
0 7141.131 4 4.2 37.8
0 7141.145 72 4.2 37.8
0 7141.371 4 4.2 37.8
0 7141.384 77 4.2 37.8
0 7141.51 8 4.2 37.8
0 7141.688 6 4.2 37.8
0 7141.703 69 4.2 37.8
0 7141.831 8 4.2 37.8
0 7141.925 11 4.2 37.8
0 7142.135 5 4.2 37.8
0 7142.315 6 4.2 37.8
0 7142.329 71 4.2 37.8
0 7142.452 8 4.2 37.8
0 7142.556 10 4.2 37.8
0 7142.654 10 4.2 37.8
0 7142.757 10 4.2 37.8
0 7142.853 10 4.2 37.8
0 7143.045 5 4.2 37.8
0 7143.059 69 4.2 37.8
0 7143.269 5 4.2 37.8
0 7143.283 73 4.2 37.8
0 7143.498 5 4.2 37.8
0 7143.511 80 4.2 37.8
0 7143.697 5 4.2 37.8
0 7143.702 226 4.2 37.8
0 7143.815 9 4.2 37.8
0 7143.913 10 4.2 37.8
0 7144.018 10 4.2 37.8
0 7144.192 6 4.2 37.8
0 7144.204 82 4.2 37.8
0 7144.318 9 4.2 37.8
0 7144.414 10 4.2 37.8
0 7144.518 10 4.2 37.8
0 7144.605 12 4.2 37.8
0 7144.72 9 4.2 37.8
0 7144.809 11 4.2 37.8
0 7144.919 9 4.2 37.8
0 7145.005 12 4.2 37.8
0 7145.106 10 4.2 37.8
0 7145.215 9 4.2 37.8
0 7145.32 10 4.2 37.8
0 7145.518 5 4.2 37.8
0 7145.608 11 4.2 37.8
0 7145.624 64 4.2 37.8
0 7145.735 9 4.2 37.8
0 7145.932 5 4.2 37.8
0 7145.935 271 4.2 37.8
0 7146.145 5 4.2 37.8
0 7146.148 312 4.2 37.8
0 7146.261 9 4.2 37.8
0 7146.456 5 4.2 37.8
0 7146.46 282 4.2 37.8
0 7146.57 9 4.2 37.8
0 7146.779 5 4.2 37.8
0 7146.783 252 4.2 37.8
0 7146.896 9 4.2 37.8
0 7146.996 10 4.2 37.8
0 7147.186 5 4.2 37.8
0 7147.361 6 4.2 37.8
0 7147.365 247 4.2 37.8
0 7147.478 9 4.2 37.8
0 7147.579 10 4.2 37.8
0 7147.675 10 4.2 37.8
0 7147.778 10 4.2 37.8
0 7147.885 9 4.2 37.8
0 7148.083 5 4.2 37.8
0 7148.087 261 4.2 37.8
0 7148.306 5 4.2 37.8
0 7148.309 259 4.2 37.8
0 7148.521 5 4.2 37.8
0 7148.525 267 4.2 37.8
0 7148.75 4 4.2 37.8
0 7148.753 308 4.2 37.8
0 7148.866 9 4.2 37.8
0 7148.967 10 4.2 37.8
0 7149.074 9 4.2 37.8
0 7149.237 6 4.2 37.8
0 7149.257 49 4.2 37.8
0 7149.367 9 4.2 37.8
0 7149.468 10 4.2 37.8
0 7149.568 10 4.2 37.8
0 7149.66 11 4.2 37.8
0 7149.767 9 4.2 37.8
0 7149.866 10 4.2 37.8
0 7149.968 10 4.2 37.8
0 7150.069 10 4.2 37.8
0 7150.157 11 4.2 37.8
0 7150.264 9 4.2 37.8
0 7150.37 9 4.2 37.8
0 7150.573 5 4.2 37.8
0 7150.662 11 4.2 37.8
0 7150.676 70 4.2 37.8
0 7150.787 9 4.2 37.8
0 7150.977 5 4.2 37.8
0 7150.981 315 4.2 37.8
0 7151.186 5 4.2 37.8
0 7151.189 300 4.2 37.8
0 7151.3 9 4.2 37.8
0 7151.499 5 4.2 37.8
0 7151.503 284 4.2 37.8
0 7151.606 10 4.2 37.8
0 7151.813 5 4.2 37.8
0 7151.816 314 4.2 37.8
0 7151.925 9 4.2 37.8
0 7152.03 10 4.2 37.8
0 7152.224 5 4.2 37.8
0 7152.397 6 4.2 37.8
0 7152.401 310 4.2 37.8
0 7152.514 9 4.2 37.8
0 7152.607 11 4.2 37.8
0 7152.716 9 4.2 37.8
0 7152.814 10 4.2 37.8
0 7152.919 10 4.2 37.8
0 7153.114 5 4.2 37.8
0 7153.118 275 4.2 37.8
0 7153.329 5 4.2 37.8
0 7153.332 276 4.2 37.8
0 7153.539 5 4.2 37.8
0 7153.543 274 4.2 37.8
0 7153.768 4 4.2 37.8
0 7153.772 249 4.2 37.8
0 7153.884 9 4.2 37.8
0 7153.982 10 4.2 37.8
0 7154.091 9 4.2 37.8
0 7154.283 5 4.2 37.8
0 7154.288 196 4.2 37.8
0 7154.391 10 4.2 37.8
0 7154.497 9 4.2 37.8
0 7154.607 9 4.2 37.8
0 7154.692 12 4.2 37.8
0 7154.804 9 4.2 37.8
0 7154.892 11 4.2 37.8
0 7154.998 10 4.2 37.8
0 7155.108 9 4.2 37.8
0 7155.198 11 4.2 37.8
0 7155.299 10 4.2 37.8
0 7155.403 10 4.2 37.8
0 7155.603 5 4.2 37.8
0 7155.692 11 4.2 37.8
0 7155.71 56 4.2 37.8
0 7155.82 9 4.2 37.8
0 7156.025 5 4.2 37.8
0 7156.028 303 4.2 37.8
0 7156.244 5 4.2 37.8
0 7156.247 305 4.2 37.8
0 7156.359 9 4.2 37.8
0 7156.563 5 4.2 37.8
0 7156.567 264 4.2 37.8
0 7156.678 9 4.2 37.8
0 7156.879 5 4.2 37.8
0 7156.883 266 4.2 37.8
0 7156.996 9 4.2 37.8
0 7157.095 10 4.2 37.8
0 7157.305 5 4.2 37.8
0 7157.486 6 4.2 37.8
0 7157.491 217 4.2 37.8
0 7157.603 9 4.2 37.8
0 7157.7 10 4.2 37.8
0 7157.8 10 4.2 37.8
0 7157.903 10 4.2 37.8
0 7158.012 9 4.2 37.8
0 7158.192 6 4.2 37.8
0 7158.196 301 4.2 37.8
0 7158.418 4 4.2 37.8
0 7158.422 254 4.2 37.8
0 7158.649 4 4.2 37.8
0 7158.746 10 4.2 37.8
0 7158.762 63 3.8 37.8
0 7158.892 8 3.8 37.8
0 7158.992 10 3.8 37.8
0 7159.095 10 3.8 37.8
0 7159.295 5 3.8 37.8
0 7159.308 75 3.8 37.8
0 7159.436 8 3.8 37.8
0 7159.537 10 3.8 37.8
0 7159.617 12 3.8 37.8
0 7159.738 8 3.8 37.8
0 7159.834 10 3.8 37.8
0 7159.927 11 3.8 37.8
0 7160.042 9 3.8 37.8
0 7160.12 13 3.8 37.8
0 7160.242 8 3.8 37.8
0 7160.313 14 3.8 37.8
0 7160.412 10 3.8 37.8
0 7160.617 5 3.8 37.8
0 7160.704 11 3.8 37.8
0 7160.724 51 3.8 37.8
0 7160.837 9 3.8 37.8
0 7161.036 5 3.8 37.8
0 7161.039 307 3.8 37.8
0 7161.254 5 3.8 37.8
0 7161.258 296 3.8 37.8
0 7161.375 9 3.8 37.8
0 7161.575 5 3.8 37.8
0 7161.579 276 3.8 37.8
0 7161.694 9 3.8 37.8
0 7161.897 5 3.8 37.8
0 7161.901 264 3.8 37.8
0 7162.011 9 3.8 37.8
0 7162.109 10 3.8 37.8
0 7162.324 5 3.8 37.8
0 7162.497 6 3.8 37.8
0 7162.5 309 3.8 37.8
0 7162.613 9 3.8 37.8
0 7162.711 10 3.8 37.8
0 7162.817 9 3.8 37.8
0 7162.915 10 3.8 37.8
0 7163.018 10 3.8 37.8
0 7163.196 6 3.8 37.8
0 7163.201 199 3.8 37.8
0 7163.415 5 3.8 37.8
0 7163.419 241 3.8 37.8
0 7163.535 9 3.8 37.8
0 7163.726 5 3.8 37.8
0 7163.815 11 3.8 37.8
0 7163.836 49 3.8 37.8
0 7163.944 9 3.8 37.8
0 7164.048 10 3.8 37.8
0 7164.139 11 3.8 37.8
0 7164.346 5 3.8 37.8
0 7164.351 225 3.8 37.8
0 7164.464 9 3.8 37.8
0 7164.567 10 3.8 37.8
0 7164.66 11 3.8 37.8
0 7164.763 10 3.8 37.8
0 7164.864 10 3.8 37.8
0 7164.964 10 3.8 37.8
0 7165.063 10 3.8 37.8
0 7165.164 10 3.8 37.8
0 7165.263 10 3.8 37.8
0 7165.367 10 3.8 37.8
0 7165.455 11 3.8 37.8
0 7165.663 5 3.8 37.8
0 7165.754 11 3.8 37.8
0 7165.769 64 3.8 37.8
0 7165.879 9 3.8 37.8
0 7166.085 5 3.8 37.8
0 7166.088 309 3.8 37.8
0 7166.302 5 3.8 37.8
0 7166.306 301 3.8 37.8
0 7166.422 9 3.8 37.8
0 7166.62 5 3.8 37.8
0 7166.623 305 3.8 37.8
0 7166.729 9 3.8 37.8
0 7166.943 5 3.8 37.8
0 7166.948 224 3.8 37.8
0 7167.057 9 3.8 37.8
0 7167.157 10 3.8 37.8
0 7167.352 5 3.8 37.8
0 7167.525 6 3.8 37.8
0 7167.529 229 3.8 37.8
0 7167.639 9 3.8 37.8
0 7167.739 10 3.8 37.8
0 7167.84 10 3.8 37.8
0 7167.943 10 3.8 37.8
0 7168.052 9 3.8 37.8
0 7168.232 6 3.8 37.8
0 7168.236 285 3.8 37.8
0 7168.452 5 3.8 37.8
0 7168.456 256 3.8 37.8
0 7168.578 8 3.8 37.8
0 7168.767 5 3.8 37.8
0 7168.854 11 3.8 37.8
0 7168.876 45 3.8 37.8
0 7168.983 9 3.8 37.8
0 7169.094 9 3.8 37.8
0 7169.183 11 3.8 37.8
0 7169.384 5 3.8 37.8
0 7169.387 284 3.8 37.8
0 7169.5 9 3.8 37.8
0 7169.609 9 3.8 37.8
0 7169.7 11 3.8 37.8
0 7169.799 10 3.8 37.8
0 7169.898 10 3.8 37.8
0 7170.001 10 3.8 37.8
0 7170.109 9 3.8 37.8
0 7170.197 11 3.8 37.8
0 7170.299 10 3.8 37.8
0 7170.399 10 3.8 37.8
0 7170.502 10 3.8 37.8
0 7170.692 5 3.8 37.8
0 7170.781 11 3.8 37.8
0 7170.798 56 3.8 37.8
0 7170.906 9 3.8 37.8
0 7171.111 5 3.8 37.8
0 7171.115 259 3.8 37.8
0 7171.334 5 3.8 37.8
0 7171.337 289 3.8 37.8
0 7171.447 9 3.8 37.8
0 7171.655 5 3.8 37.8
0 7171.659 262 3.8 37.8
0 7171.772 9 3.8 37.8
0 7171.972 5 3.8 37.8
0 7171.975 315 3.8 37.8
0 7172.09 9 3.8 37.8
0 7172.188 10 3.8 37.8
0 7172.39 5 3.8 37.8
0 7172.561 6 3.8 37.8
0 7172.564 315 3.8 37.8
0 7172.678 9 3.8 37.8
0 7172.778 10 3.8 37.8
0 7172.878 10 3.8 37.8
0 7172.977 10 3.8 37.8
0 7173.086 9 3.8 37.8
0 7173.285 5 3.8 37.8
0 7173.289 257 3.8 37.8
0 7173.498 5 3.8 37.8
0 7173.502 275 3.8 37.8
0 7173.612 9 3.8 37.8
0 7173.821 5 3.8 37.8
0 7173.911 11 3.8 37.8
0 7173.925 68 3.8 37.8
0 7174.037 9 3.8 37.8
0 7174.141 10 3.8 37.8
0 7174.237 10 3.8 37.8
0 7174.436 5 3.8 37.8
0 7174.44 244 3.8 37.8
0 7174.552 9 3.8 37.8
0 7174.659 9 3.8 37.8
0 7174.753 11 3.8 37.8
0 7174.855 10 3.8 37.8
0 7174.954 10 3.8 37.8
0 7175.054 10 3.8 37.8
0 7175.141 11 3.8 37.8
0 7175.261 8 3.8 37.8
0 7175.355 11 3.8 37.8
0 7175.454 10 3.8 37.8
0 7175.551 10 3.8 37.8
0 7175.755 5 3.8 37.8
0 7175.842 12 3.8 37.8
0 7175.863 46 3.8 37.8
0 7175.972 9 3.8 37.8
0 7176.172 5 3.8 37.8
0 7176.176 272 3.8 37.8
0 7176.386 5 3.8 37.8
0 7176.389 267 3.8 37.8
0 7176.502 9 3.8 37.8
0 7176.691 5 3.8 37.8
0 7176.695 280 3.8 37.8
0 7176.805 9 3.8 37.8
0 7177.008 5 3.8 37.8
0 7177.012 269 3.8 37.8
0 7177.118 9 3.8 37.8
0 7177.224 9 3.8 37.8
0 7177.423 5 3.8 37.8
0 7177.601 6 3.8 37.8
0 7177.604 262 3.8 37.8
0 7177.715 9 3.8 37.8
0 7177.817 10 3.8 37.8
0 7177.915 10 3.8 37.8
0 7178.023 9 3.8 37.8
0 7178.113 11 3.8 37.8
0 7178.32 5 3.8 37.8
0 7178.323 274 3.8 37.8
0 7178.548 4 3.8 37.8
0 7178.553 193 3.8 37.8
0 7178.669 9 3.8 37.8
0 7178.86 5 3.6 37.8
0 7178.948 11 3.6 37.8
0 7178.966 58 3.6 37.8
0 7179.08 9 3.6 37.8
0 7179.182 10 3.6 37.8
0 7179.275 11 3.6 37.8
0 7179.471 5 3.6 37.8
0 7179.474 280 3.6 37.8
0 7179.593 8 3.6 37.8
0 7179.693 10 3.6 37.8
0 7179.785 11 3.6 37.8
0 7179.887 10 3.6 37.8
0 7179.986 10 3.6 37.8
0 7180.094 9 3.6 37.8
0 7180.176 12 3.6 37.8
0 7180.294 8 3.6 37.8
0 7180.387 11 3.6 37.8
0 7180.486 10 3.6 37.8
0 7180.586 10 3.6 37.8
0 7180.793 5 3.6 37.8
0 7180.879 12 3.6 37.8
0 7180.901 46 3.6 37.8
0 7181.007 9 3.6 37.8
0 7181.212 5 3.6 37.8
0 7181.216 291 3.6 37.8
0 7181.427 5 3.6 37.8
0 7181.431 291 3.6 37.8
0 7181.54 9 3.6 37.8
0 7181.746 5 3.6 37.8
0 7181.749 289 3.6 37.8
0 7181.862 9 3.6 37.8
0 7182.073 5 3.6 37.8
0 7182.077 313 3.6 37.8
0 7182.178 10 3.6 37.8
0 7182.289 9 3.6 37.8
0 7182.483 5 3.6 37.8
0 7182.66 6 3.6 37.8
0 7182.664 308 3.6 37.8
0 7182.775 9 3.6 37.8
0 7182.874 10 3.6 37.8
0 7182.977 10 3.6 37.8
0 7183.079 10 3.6 37.8
0 7183.182 10 3.6 37.8
0 7183.384 5 3.6 37.8
0 7183.388 269 3.6 37.8
0 7183.592 5 3.6 37.8
0 7183.596 211 3.6 37.8
0 7183.713 9 3.6 37.8
0 7183.901 5 3.6 37.8
0 7183.985 12 3.6 37.8
0 7184.011 38 3.6 37.8
0 7184.11 10 3.6 37.8
0 7184.222 9 3.6 37.8
0 7184.316 11 3.6 37.8
0 7184.519 5 3.6 37.8
0 7184.523 245 3.6 37.8
0 7184.631 9 3.6 37.8
0 7184.741 9 3.6 37.8
0 7184.835 11 3.6 37.8
0 7184.935 10 3.6 37.8
0 7185.036 10 3.6 37.8
0 7185.138 10 3.6 37.8
0 7185.241 10 3.6 37.8
0 7185.335 11 3.6 37.8
0 7185.435 10 3.6 37.8
0 7185.536 10 3.6 37.8
0 7185.638 10 3.6 37.8
0 7185.842 5 3.6 37.8
0 7185.93 11 3.6 37.8
0 7185.947 58 3.6 37.8
0 7186.059 9 3.6 37.8
0 7186.26 5 3.6 37.8
0 7186.263 291 3.6 37.8
0 7186.471 5 3.6 37.8
0 7186.475 286 3.6 37.8
0 7186.588 9 3.6 37.8
0 7186.784 5 3.6 37.8
0 7186.788 244 3.6 37.8
0 7186.918 8 3.6 37.8
0 7187.122 5 3.6 37.8
0 7187.135 75 3.6 37.8
0 7187.269 7 3.6 37.8
0 7187.364 10 3.6 37.8
0 7187.527 6 3.6 37.8
0 7187.709 6 3.6 37.8
0 7187.722 75 3.6 37.8
0 7187.853 8 3.6 37.8
0 7187.953 10 3.6 37.8
0 7188.052 10 3.6 37.8
0 7188.148 11 3.6 37.8
0 7188.23 12 3.6 37.8
0 7188.452 5 3.6 37.8
0 7188.465 74 3.6 37.8
0 7188.691 4 3.6 37.8
0 7188.706 63 3.6 37.8
0 7188.92 5 3.9 37.8
0 7189.019 10 3.9 37.8
0 7189.033 73 3.9 37.8
0 7189.162 8 3.9 37.8
0 7189.238 13 3.9 37.8
0 7189.355 9 3.9 37.8
0 7189.536 6 3.9 37.8
0 7189.55 72 3.9 37.8
0 7189.677 8 3.9 37.8
0 7189.781 10 3.9 37.8
0 7189.863 12 3.9 37.8
0 7189.959 10 3.9 37.8
0 7190.071 9 3.9 37.8
0 7190.174 10 3.9 37.8
0 7190.284 9 3.9 37.8
0 7190.361 13 3.9 37.8
0 7190.471 9 3.9 37.8
0 7190.567 10 3.9 37.8
0 7190.679 9 3.9 37.8
0 7190.864 5 3.9 37.8
0 7190.963 10 3.9 37.8
0 7190.979 65 3.9 37.8
0 7191.109 8 3.9 37.8
0 7191.211 10 3.9 37.8
0 7191.31 10 3.9 37.8
0 7191.493 5 3.9 37.8
0 7191.507 74 3.9 37.8
0 7191.623 9 3.9 37.8
0 7191.815 5 3.9 37.8
0 7191.829 74 3.9 37.8
0 7191.946 8 3.9 37.8
0 7192.143 5 3.9 37.8
0 7192.157 71 3.9 37.8
0 7192.275 8 3.9 37.8
0 7192.378 10 3.9 37.8
0 7192.569 5 3.9 37.8
0 7192.763 5 3.9 37.8
0 7192.787 41 3.9 37.8
0 7192.927 7 3.9 37.8
0 7193.027 10 3.9 37.8
0 7193.122 10 3.9 37.8
0 7193.226 10 3.9 37.8
0 7193.32 11 3.9 37.8
0 7193.507 5 3.9 37.8
0 7193.53 43 3.9 37.8
0 7193.748 5 3.9 37.8
0 7193.773 41 3.9 37.8
0 7194.001 4 3.9 37.8
0 7194.11 9 3.9 37.8
0 7194.133 44 3.9 37.8
0 7194.279 7 3.9 37.8
0 7194.365 12 3.9 37.8
0 7194.563 5 3.9 37.8
0 7194.588 40 3.9 37.8
0 7194.719 8 3.9 37.8
0 7194.82 10 3.9 37.8
0 7194.906 12 3.9 37.8
0 7195.02 9 3.9 37.8
0 7195.122 10 3.9 37.8
0 7195.217 11 3.9 37.8
0 7195.308 11 3.9 37.8
0 7195.404 10 3.9 37.8
0 7195.502 10 3.9 37.8
0 7195.608 9 3.9 37.8
0 7195.717 9 3.9 37.8
0 7195.888 6 3.9 37.8
0 7196.002 9 3.9 37.8
0 7196.025 44 3.9 37.8
0 7196.142 9 3.9 37.8
0 7196.257 9 3.9 37.8
0 7196.352 11 3.9 37.8
0 7196.454 10 3.9 37.8
0 7196.558 10 3.9 37.8
0 7196.643 12 3.9 37.8
0 7196.848 5 3.9 37.8
0 7196.871 44 3.9 37.8
0 7197.001 8 3.9 37.8
0 7197.171 6 3.9 37.8
0 7197.194 42 3.9 37.8
0 7197.324 8 3.9 37.8
0 7197.417 11 3.9 37.8
0 7197.598 6 3.9 37.8
0 7197.865 4 3.9 37.8
0 7197.878 74 3.9 37.8
0 7198.006 8 3.9 37.8
0 7198.109 10 3.9 37.8
0 7198.213 10 3.9 37.8
0 7198.307 11 3.9 37.8
0 7198.41 10 3.9 37.8
0 7198.597 5 3.9 37.8
0 7198.61 77 3.9 37.8
0 7198.831 5 3.9 37.8
0 7198.844 75 3.9 37.8
0 7199.059 5 5.1 37.8
0 7199.163 10 5.1 37.8
0 7199.176 79 5.1 37.8
0 7199.389 5 5.1 37.8
0 7199.402 76 5.1 37.8
0 7199.536 7 5.1 37.8
0 7199.623 12 5.1 37.8
0 7199.736 9 5.1 37.8
0 7199.838 10 5.1 37.8
0 7199.93 11 5.1 37.8
0 7200.03 10 5.1 37.8
