ID TIME TPS RAM CPU
0 0.019 52 7.1 20.2
0 0.106 11 7.1 20.2
0 0.208 10 7.1 20.2
0 0.308 10 7.1 20.2
0 0.406 10 7.1 20.2
0 0.524 8 7.1 20.2
0 0.606 12 7.1 20.2
0 0.705 10 7.1 20.2
0 0.807 10 7.1 20.2
0 0.906 10 7.1 20.2
0 1.006 10 7.1 20.2
0 1.122 9 7.1 20.2
0 1.208 12 7.1 20.2
0 1.311 10 7.1 20.2
0 1.407 10 7.1 20.2
0 1.508 10 7.1 20.2
0 1.635 8 7.1 20.2
0 1.71 13 7.1 20.2
0 1.812 10 7.1 20.2
0 1.912 10 7.1 20.2
0 2.011 10 7.1 20.2
0 2.114 10 7.1 20.2
0 2.228 9 7.1 20.2
0 2.311 12 7.1 20.2
0 2.412 10 7.1 20.2
0 2.51 10 7.1 20.2
0 2.612 10 7.1 20.2
0 2.731 8 7.1 20.2
0 2.814 12 7.1 20.2
0 2.914 10 7.1 20.2
0 3.015 10 7.1 20.2
0 3.115 10 7.1 20.2
0 3.231 9 7.1 20.2
0 3.314 12 7.1 20.2
0 3.416 10 7.1 20.2
0 3.515 10 7.1 20.2
0 3.616 10 7.1 20.2
0 3.719 10 7.1 20.2
0 3.827 9 7.1 20.2
0 3.916 11 7.1 20.2
0 4.015 10 7.1 20.2
0 4.114 10 7.1 20.2
0 4.221 9 7.1 20.2
0 4.316 10 7.1 20.2
0 4.427 9 7.1 20.2
0 4.516 11 7.1 20.2
0 4.613 10 7.1 20.2
0 4.716 10 7.1 20.2
0 4.82 10 7.1 20.2
0 4.93 9 7.1 20.2
0 5.5 2 7.1 20.2
0 5.515 65 7.1 20.2
0 5.615 10 7.1 20.2
0 5.71 11 7.1 20.2
0 5.814 10 7.1 20.2
0 5.914 10 7.1 20.2
0 6.029 9 7.1 20.2
0 6.216 5 7.1 20.2
0 6.223 162 7.1 20.2
0 6.331 9 7.1 20.2
0 6.433 10 7.1 20.2
0 6.544 9 7.1 20.2
0 6.636 11 7.1 20.2
0 6.734 10 7.1 20.2
0 6.834 10 7.1 20.2
0 6.934 10 7.1 20.2
0 7.052 8 7.1 20.2
0 7.135 12 7.1 20.2
0 7.233 10 7.1 20.2
0 7.332 10 7.1 20.2
0 7.621 3 7.1 20.2
0 7.646 40 7.1 20.2
0 7.736 11 7.1 20.2
0 7.837 10 7.1 20.2
0 7.938 10 7.1 20.2
0 8.038 10 7.1 20.2
0 8.152 9 7.1 20.2
0 8.298 7 7.1 20.2
0 8.336 26 7.1 20.2
0 8.439 10 7.1 20.2
0 8.538 10 7.1 20.2
0 8.656 9 7.1 20.2
0 8.74 12 7.1 20.2
0 8.837 10 7.1 20.2
0 8.941 10 7.1 20.2
0 9.038 10 7.1 20.2
0 9.138 10 7.1 20.2
0 9.258 8 7.1 20.2
0 9.34 12 7.1 20.2
0 9.56 5 7.1 20.2
0 9.64 13 7.1 20.2
0 9.673 31 7.1 20.2
0 9.789 9 7.1 20.2
0 9.878 11 7.1 20.2
0 9.978 10 7.1 20.2
0 10.258 4 4.2 19.6
0 10.337 13 4.2 19.6
0 10.378 25 4.2 19.6
0 10.699 3 4.2 19.6
0 10.708 111 4.2 19.6
0 10.817 9 4.2 19.6
0 10.93 9 4.2 19.6
0 11.014 12 4.2 19.6
0 11.117 10 4.2 19.6
0 11.218 10 4.2 19.6
0 11.317 10 4.2 19.6
0 11.423 9 4.2 19.6
0 11.689 4 4.2 19.6
0 11.705 65 4.2 19.6
0 11.808 10 4.2 19.6
0 11.907 10 4.2 19.6
0 12.016 9 4.2 19.6
0 12.113 10 4.2 19.6
0 12.21 10 4.2 19.6
0 12.366 6 4.2 19.6
0 12.409 23 4.2 19.6
0 12.519 9 4.2 19.6
0 12.664 7 4.2 19.6
0 12.772 9 4.2 19.6
0 12.811 26 4.2 19.6
0 12.908 10 4.2 19.6
0 13.012 10 4.2 19.6
0 13.112 10 4.2 19.6
0 13.218 9 4.2 19.6
0 13.308 11 4.2 19.6
0 13.41 10 4.2 19.6
0 13.515 10 4.2 19.6
0 13.844 3 4.2 19.6
0 13.865 47 4.2 19.6
0 13.965 10 4.2 19.6
0 14.068 10 4.2 19.6
0 14.168 10 4.2 19.6
0 14.264 10 4.2 19.6
0 14.42 6 4.2 19.6
0 14.464 23 4.2 19.6
0 14.568 10 4.2 19.6
0 14.789 5 4.2 19.6
0 14.81 47 4.2 19.6
0 14.912 10 4.2 19.6
0 15.012 10 4.2 19.6
0 15.305 3 4.2 19.6
0 15.315 93 4.2 19.6
0 15.428 9 4.2 19.6
0 15.53 10 4.2 19.6
0 15.899 3 4.2 19.6
0 15.925 38 4.2 19.6
0 16.023 10 4.2 19.6
0 16.128 10 4.2 19.6
0 16.222 11 4.2 19.6
0 16.326 10 4.2 19.6
0 16.489 6 4.2 19.6
0 16.523 30 4.2 19.6
0 16.626 10 4.2 19.6
0 16.832 5 4.2 19.6
0 16.849 58 4.2 19.6
0 16.956 9 4.2 19.6
0 17.061 10 4.2 19.6
0 17.161 10 4.2 19.6
0 17.256 11 4.2 19.6
0 17.359 10 4.2 19.6
0 17.459 10 4.2 19.6
0 17.563 10 4.2 19.6
0 17.715 7 4.2 19.6
0 17.922 5 4.2 19.6
0 17.939 58 4.2 19.6
0 18.048 9 4.2 19.6
0 18.151 10 4.2 19.6
0 18.247 10 4.2 19.6
0 18.345 10 4.2 19.6
0 18.505 6 4.2 19.6
0 18.543 26 4.2 19.6
0 18.653 9 4.2 19.6
0 18.866 5 4.2 19.6
0 18.891 41 4.2 19.6
0 18.988 10 4.2 19.6
0 19.086 10 4.2 19.6
0 19.194 9 4.2 19.6
0 19.286 11 4.2 19.6
0 19.391 10 4.2 19.6
0 19.487 10 4.2 19.6
0 19.634 7 4.2 19.6
0 19.975 3 4.2 19.6
0 19.999 41 4.2 19.6
0 20.097 10 4.2 19.6
0 20.207 9 4.2 19.6
0 20.301 11 3.5 19.7
0 20.403 10 3.5 19.7
0 20.561 6 3.5 19.7
0 20.596 28 3.5 19.7
0 20.705 9 3.5 19.7
0 20.926 5 3.5 19.7
0 20.96 30 3.5 19.7
0 21.056 10 3.5 19.7
0 21.158 10 3.5 19.7
0 21.26 10 3.5 19.7
0 21.356 10 3.5 19.7
0 21.453 10 3.5 19.7
0 21.549 10 3.5 19.7
0 22.032 2 3.5 19.7
0 22.06 36 3.5 19.7
0 22.165 10 3.5 19.7
0 22.263 10 3.5 19.7
0 22.36 10 3.5 19.7
0 22.458 10 3.5 19.7
0 22.626 6 3.5 19.7
0 22.658 31 3.5 19.7
0 22.768 9 3.5 19.7
0 23.072 3 3.5 19.7
0 23.105 30 3.5 19.7
0 23.205 10 3.5 19.7
0 23.302 10 3.5 19.7
0 23.403 10 3.5 19.7
0 23.503 10 3.5 19.7
0 23.604 10 3.5 19.7
0 24.034 2 3.5 19.7
0 24.057 43 3.5 19.7
0 24.164 9 3.5 19.7
0 24.263 10 3.5 19.7
0 24.359 10 3.5 19.7
0 24.465 9 3.5 19.7
0 24.624 6 3.5 19.7
0 24.661 27 3.5 19.7
0 24.771 9 3.5 19.7
0 24.971 5 3.5 19.7
0 25.105 7 3.5 19.7
0 25.135 33 3.5 19.7
0 25.237 10 3.5 19.7
0 25.346 9 3.5 19.7
0 25.439 11 3.5 19.7
0 25.537 10 3.5 19.7
0 25.64 10 3.5 19.7
0 26.072 2 3.5 19.7
0 26.11 27 3.5 19.7
0 26.208 10 3.5 19.7
0 26.306 10 3.5 19.7
0 26.403 10 3.5 19.7
0 26.507 10 3.5 19.7
0 26.719 5 3.5 19.7
0 26.745 38 3.5 19.7
0 26.849 10 3.5 19.7
0 27.111 4 3.5 19.7
0 27.136 41 3.5 19.7
0 27.249 9 3.5 19.7
0 27.341 11 3.5 19.7
0 27.439 10 3.5 19.7
0 27.539 10 3.5 19.7
0 27.638 10 3.5 19.7
0 28.131 2 3.5 19.7
0 28.164 30 3.5 19.7
0 28.256 11 3.5 19.7
0 28.359 10 3.5 19.7
0 28.458 10 3.5 19.7
0 28.709 4 3.5 19.7
0 28.85 7 3.5 19.7
0 28.875 41 3.5 19.7
0 29.141 4 3.5 19.7
0 29.17 35 3.5 19.7
0 29.275 10 3.5 19.7
0 29.377 10 3.5 19.7
0 29.468 11 3.5 19.7
0 29.617 7 3.5 19.7
0 29.673 18 3.5 19.7
0 30.088 2 3.5 19.7
0 30.115 37 3.5 19.7
0 30.218 10 3.5 19.7
0 30.321 10 3.6 19.7
0 30.416 10 3.6 19.7
0 30.517 10 3.6 19.7
0 30.625 9 3.6 19.7
0 30.78 6 3.6 19.7
0 30.939 6 3.6 19.7
0 30.965 38 3.6 19.7
0 31.272 3 3.6 19.7
0 31.306 30 3.6 19.7
0 31.402 10 3.6 19.7
0 31.501 10 3.6 19.7
0 31.602 10 3.6 19.7
0 31.75 7 3.6 19.7
0 31.913 6 3.6 19.7
0 31.937 42 3.6 19.7
0 32.148 5 3.6 19.7
0 32.174 39 3.6 19.7
0 32.281 9 3.6 19.7
0 32.381 10 3.6 19.7
0 32.48 10 3.6 19.7
0 32.58 10 3.6 19.7
0 32.677 10 3.6 19.7
0 32.841 6 3.6 19.7
0 32.988 7 3.6 19.7
0 33.017 34 3.6 19.7
0 33.335 3 3.6 19.7
0 33.367 32 3.6 19.7
0 33.472 10 3.6 19.7
0 33.576 10 3.6 19.7
0 33.651 13 3.6 19.7
0 33.948 3 3.6 19.7
0 33.978 33 3.6 19.7
0 34.187 5 3.6 19.7
0 34.216 34 3.6 19.7
0 34.318 10 3.6 19.7
0 34.417 10 3.6 19.7
0 34.518 10 3.6 19.7
0 34.637 8 3.6 19.7
0 34.72 12 3.6 19.7
0 34.926 5 3.6 19.7
0 35.065 7 3.6 19.7
0 35.091 38 3.6 19.7
0 35.225 7 3.6 19.7
0 35.403 6 3.6 19.7
0 35.436 31 3.6 19.7
0 35.534 10 3.6 19.7
0 35.634 10 3.6 19.7
0 35.74 9 3.6 19.7
0 36.0 4 3.6 19.7
0 36.02 50 3.6 19.7
0 36.186 6 3.6 19.7
0 36.391 5 3.6 19.7
0 36.42 34 3.6 19.7
0 36.525 10 3.6 19.7
0 36.622 10 3.6 19.7
0 36.726 10 3.6 19.7
0 36.927 5 3.6 19.7
0 37.073 7 3.6 19.7
0 37.09 60 3.6 19.7
0 37.216 8 3.6 19.7
0 37.519 3 3.6 19.7
0 37.554 29 3.6 19.7
0 37.657 10 3.6 19.7
0 37.741 12 3.6 19.7
0 38.044 3 3.6 19.7
0 38.069 41 3.6 19.7
0 38.233 6 3.6 19.7
0 38.268 28 3.6 19.7
0 38.431 6 3.6 19.7
0 38.472 25 3.6 19.7
0 38.573 10 3.6 19.7
0 38.668 10 3.6 19.7
0 38.779 9 3.6 19.7
0 38.979 5 3.6 19.7
0 39.115 7 3.6 19.7
0 39.138 43 3.6 19.7
0 39.245 9 3.6 19.7
0 39.472 4 3.6 19.7
0 39.498 38 3.6 19.7
0 39.598 10 3.6 19.7
0 39.708 9 3.6 19.7
0 39.801 11 3.6 19.7
0 40.064 4 3.6 19.7
0 40.092 35 3.6 19.7
0 40.252 6 3.6 19.7
0 40.295 23 3.6 19.7
0 40.466 6 4.6 20.0
0 40.485 55 4.6 20.0
0 40.592 9 4.6 20.0
0 40.689 10 4.6 20.0
0 40.853 6 4.6 20.0
0 41.003 7 4.6 20.0
0 41.143 7 4.6 20.0
0 41.163 51 4.6 20.0
0 41.282 8 4.6 20.0
0 41.484 5 4.6 20.0
0 41.507 44 4.6 20.0
0 41.607 10 4.6 20.0
0 41.712 10 4.6 20.0
0 41.812 10 4.6 20.0
0 42.08 4 4.6 20.0
0 42.099 52 4.6 20.0
0 42.272 6 4.6 20.0
0 42.307 28 4.6 20.0
0 42.464 6 4.6 20.0
0 42.502 27 4.6 20.0
0 42.608 9 4.6 20.0
0 42.707 10 4.6 20.0
0 42.808 10 4.6 20.0
0 43.064 4 4.6 20.0
0 43.082 54 4.6 20.0
0 43.191 9 4.6 20.0
0 43.283 11 4.6 20.0
0 43.501 5 4.6 20.0
0 43.524 44 4.6 20.0
0 43.624 10 4.6 20.0
0 43.724 10 4.6 20.0
0 43.822 10 4.6 20.0
0 43.981 6 4.6 20.0
0 44.026 22 4.6 20.0
0 44.125 10 4.6 20.0
0 44.288 6 4.6 20.0
0 44.327 26 4.6 20.0
0 44.489 6 4.6 20.0
0 44.524 28 4.6 20.0
0 44.626 10 4.6 20.0
0 44.724 10 4.6 20.0
0 44.827 10 4.6 20.0
0 45.078 4 4.6 20.0
0 45.165 12 4.6 20.0
0 45.203 26 4.6 20.0
0 45.304 10 4.6 20.0
0 45.514 5 4.6 20.0
0 45.611 10 4.6 20.0
0 45.626 64 4.6 20.0
0 45.737 9 4.6 20.0
0 45.834 10 4.6 20.0
0 46.023 5 4.6 20.0
0 46.039 60 4.6 20.0
0 46.147 9 4.6 20.0
0 46.328 6 4.6 20.0
0 46.345 59 4.6 20.0
0 46.511 6 4.6 20.0
0 46.549 26 4.6 20.0
0 46.648 10 4.6 20.0
0 46.756 9 4.6 20.0
0 46.852 10 4.6 20.0
0 47.113 4 4.6 20.0
0 47.132 53 4.6 20.0
0 47.307 6 4.6 20.0
0 47.381 13 4.6 20.0
0 47.437 18 4.6 20.0
0 47.536 10 4.6 20.0
0 47.64 10 4.6 20.0
0 47.739 10 4.6 20.0
0 47.839 10 4.6 20.0
0 47.932 11 4.6 20.0
0 48.096 6 4.6 20.0
0 48.143 21 4.6 20.0
0 48.237 11 4.6 20.0
0 48.392 6 4.6 20.0
0 48.446 19 4.6 20.0
0 48.595 7 4.6 20.0
0 48.634 26 4.6 20.0
0 48.744 9 4.6 20.0
0 48.839 11 4.6 20.0
0 48.94 10 4.6 20.0
0 49.241 3 4.6 20.0
0 49.311 14 4.6 20.0
0 49.362 19 4.6 20.0
0 49.517 6 4.6 20.0
0 49.565 21 4.6 20.0
0 49.668 10 4.6 20.0
0 49.771 10 4.6 20.0
0 49.862 11 4.6 20.0
0 49.963 10 4.6 20.0
0 50.162 5 4.6 20.0
0 50.187 39 4.6 20.0
0 50.283 10 4.6 20.0
0 50.44 6 4.6 20.0
0 50.482 24 4.0 20.0
0 50.644 6 4.0 20.0
0 50.69 22 4.0 20.0
0 50.789 10 4.0 20.0
0 50.879 11 4.0 20.0
0 50.987 9 4.0 20.0
0 51.14 7 4.0 20.0
0 51.183 23 4.0 20.0
0 51.373 5 4.0 20.0
0 51.392 54 4.0 20.0
0 51.557 6 4.0 20.0
0 51.594 28 4.0 20.0
0 51.692 10 4.0 20.0
0 51.795 10 4.0 20.0
0 51.904 9 4.0 20.0
0 51.997 11 4.0 20.0
0 52.205 5 4.0 20.0
0 52.225 52 4.0 20.0
0 52.343 8 4.0 20.0
0 52.543 5 4.0 20.0
0 52.566 43 4.0 20.0
0 52.724 6 4.0 20.0
0 52.763 26 4.0 20.0
0 52.872 9 4.0 20.0
0 52.969 10 4.0 20.0
0 53.071 10 4.0 20.0
0 53.227 6 4.0 20.0
0 53.262 29 4.0 20.0
0 53.428 6 4.0 20.0
0 53.672 4 4.0 20.0
0 53.693 47 4.0 20.0
0 53.801 9 4.0 20.0
0 53.896 11 4.0 20.0
0 54.0 10 4.0 20.0
0 54.094 11 4.0 20.0
0 54.31 5 4.0 20.0
0 54.331 48 4.0 20.0
0 54.54 5 4.0 20.0
0 54.562 46 4.0 20.0
0 54.666 10 4.0 20.0
0 54.779 9 4.0 20.0
0 54.865 12 4.0 20.0
0 54.971 9 4.0 20.0
0 55.063 11 4.0 20.0
0 55.169 9 4.0 20.0
0 55.279 9 4.0 20.0
0 55.372 11 4.0 20.0
0 55.521 7 4.0 20.0
0 55.574 19 4.0 20.0
0 55.786 5 4.0 20.0
0 55.809 44 4.0 20.0
0 55.912 10 4.0 20.0
0 56.012 10 4.0 20.0
0 56.109 10 4.0 20.0
0 56.315 5 4.0 20.0
0 56.333 56 4.0 20.0
0 56.567 4 4.0 20.0
0 56.585 57 4.0 20.0
0 56.695 9 4.0 20.0
0 56.847 7 4.0 20.0
0 56.891 23 4.0 20.0
0 56.995 10 4.0 20.0
0 57.096 10 4.0 20.0
0 57.196 10 4.0 20.0
0 57.352 6 4.0 20.0
0 57.391 25 4.0 20.0
0 57.551 6 4.0 20.0
0 57.589 26 4.0 20.0
0 57.815 4 4.0 20.0
0 57.832 59 4.0 20.0
0 57.943 9 4.0 20.0
0 58.035 11 4.0 20.0
0 58.137 10 4.0 20.0
0 58.351 5 4.0 20.0
0 58.372 47 4.0 20.0
0 58.587 5 4.0 20.0
0 58.609 45 4.0 20.0
0 58.716 9 4.0 20.0
0 58.88 6 4.0 20.0
0 58.911 32 4.0 20.0
0 59.016 9 4.0 20.0
0 59.106 11 4.0 20.0
0 59.206 10 4.0 20.0
0 59.373 6 4.0 20.0
0 59.416 23 4.0 20.0
0 59.577 6 4.0 20.0
0 59.613 28 4.0 20.0
0 59.827 5 4.0 20.0
0 59.845 54 4.0 20.0
0 59.959 9 4.0 20.0
0 60.052 11 4.0 20.0
0 60.155 10 4.0 20.0
0 60.361 5 4.0 20.0
0 60.385 42 4.0 20.0
0 60.604 5 3.9 20.0
0 60.626 45 3.9 20.0
0 60.731 10 3.9 20.0
0 60.904 6 3.9 20.0
0 60.923 54 3.9 20.0
0 61.033 9 3.9 20.0
0 61.131 10 3.9 20.0
0 61.229 10 3.9 20.0
0 61.41 6 3.9 20.0
0 61.432 46 3.9 20.0
0 61.609 6 3.9 20.0
0 61.638 35 3.9 20.0
0 61.851 5 3.9 20.0
0 61.87 54 3.9 20.0
0 61.974 10 3.9 20.0
0 62.083 9 3.9 20.0
0 62.184 10 3.9 20.0
0 62.386 5 3.9 20.0
0 62.653 4 3.9 20.0
0 62.691 26 3.9 20.0
0 62.783 11 3.9 20.0
0 62.935 7 3.9 20.0
0 62.979 23 3.9 20.0
0 63.079 10 3.9 20.0
0 63.193 9 3.9 20.0
0 63.42 4 3.9 20.0
0 63.613 5 3.9 20.0
0 63.643 33 3.9 20.0
0 63.878 4 3.9 20.0
0 63.901 44 3.9 20.0
0 64.014 9 3.9 20.0
0 64.105 11 3.9 20.0
0 64.207 10 3.9 20.0
0 64.429 4 3.9 20.0
0 64.448 53 3.9 20.0
0 64.729 4 3.9 20.0
0 64.756 37 3.9 20.0
0 64.857 10 3.9 20.0
0 65.017 6 3.9 20.0
0 65.108 11 3.9 20.0
0 65.158 20 3.9 20.0
0 65.255 10 3.9 20.0
0 65.357 10 3.9 20.0
0 65.689 3 3.9 20.0
0 65.709 49 3.9 20.0
0 65.947 4 3.9 20.0
0 65.966 53 3.9 20.0
0 66.074 9 3.9 20.0
0 66.172 10 3.9 20.0
0 66.277 10 3.9 20.0
0 66.369 11 3.9 20.0
0 66.493 8 3.9 20.0
0 66.758 4 3.9 20.0
0 66.785 37 3.9 20.0
0 66.884 10 3.9 20.0
0 67.047 6 3.9 20.0
0 67.087 25 3.9 20.0
0 67.178 11 3.9 20.0
0 67.301 8 3.9 20.0
0 67.383 12 3.9 20.0
0 67.76 3 3.9 20.0
0 67.783 44 3.9 20.0
0 68.016 4 3.9 20.0
0 68.04 42 3.9 20.0
0 68.149 9 3.9 20.0
0 68.241 11 3.9 20.0
0 68.344 10 3.9 20.0
0 68.439 10 3.9 20.0
0 68.549 9 3.9 20.0
0 68.813 4 3.9 20.0
0 68.833 50 3.9 20.0
0 68.939 9 3.9 20.0
0 69.103 6 3.9 20.0
0 69.137 30 3.9 20.0
0 69.245 9 3.9 20.0
0 69.334 11 3.9 20.0
0 69.439 10 3.9 20.0
0 69.813 3 3.9 20.0
0 69.84 37 3.9 20.0
0 70.064 4 3.9 20.0
0 70.08 61 3.9 20.0
0 70.19 9 3.9 20.0
0 70.291 10 3.9 20.0
0 70.4 9 3.9 20.0
0 70.49 11 3.9 20.0
0 70.587 10 3.9 20.0
0 70.748 6 4.2 20.1
0 70.789 24 4.2 20.1
0 70.89 10 4.2 20.1
0 70.996 9 4.2 20.1
0 71.143 7 4.2 20.1
0 71.19 21 4.2 20.1
0 71.29 10 4.2 20.1
0 71.393 10 4.2 20.1
0 71.525 8 4.2 20.1
0 71.873 3 4.2 20.1
0 71.898 40 4.2 20.1
0 72.121 4 4.2 20.1
0 72.146 40 4.2 20.1
0 72.253 9 4.2 20.1
0 72.344 11 4.2 20.1
0 72.448 10 4.2 20.1
0 72.549 10 4.2 20.1
0 72.649 10 4.2 20.1
0 72.803 7 4.2 20.1
0 72.85 21 4.2 20.1
0 72.949 10 4.2 20.1
0 73.054 10 4.2 20.1
0 73.262 5 4.2 20.1
0 73.282 49 4.2 20.1
0 73.39 9 4.2 20.1
0 73.494 10 4.2 20.1
0 73.589 11 4.2 20.1
0 73.955 3 4.2 20.1
0 73.978 44 4.2 20.1
0 74.16 5 4.2 20.1
0 74.179 52 4.2 20.1
0 74.288 9 4.2 20.1
0 74.388 10 4.2 20.1
0 74.491 10 4.2 20.1
0 74.585 11 4.2 20.1
0 74.691 9 4.2 20.1
0 74.91 5 4.2 20.1
0 74.939 35 4.2 20.1
0 75.04 10 4.2 20.1
0 75.133 11 4.2 20.1
0 75.349 5 4.2 20.1
0 75.366 61 4.2 20.1
0 75.49 8 4.2 20.1
0 75.577 12 4.2 20.1
0 75.673 10 4.2 20.1
0 76.074 2 4.2 20.1
0 76.168 11 4.2 20.1
0 76.201 30 4.2 20.1
0 76.302 10 4.2 20.1
0 76.4 10 4.2 20.1
0 76.524 8 4.2 20.1
0 76.605 12 4.2 20.1
0 76.704 10 4.2 20.1
0 76.803 10 4.2 20.1
0 77.035 4 4.2 20.1
0 77.057 45 4.2 20.1
0 77.168 9 4.2 20.1
0 77.367 5 4.2 20.1
0 77.385 57 4.2 20.1
0 77.497 9 4.2 20.1
0 77.599 10 4.2 20.1
0 77.701 10 4.2 20.1
0 78.064 3 4.2 20.1
0 78.088 41 4.2 20.1
0 78.354 4 4.2 20.1
0 78.377 43 4.2 20.1
0 78.486 9 4.2 20.1
0 78.585 10 4.2 20.1
0 78.685 10 4.2 20.1
0 78.783 10 4.2 20.1
0 78.884 10 4.2 20.1
0 79.097 5 4.2 20.1
0 79.123 38 4.2 20.1
0 79.226 10 4.2 20.1
0 79.431 5 4.2 20.1
0 79.452 48 4.2 20.1
0 79.557 10 4.2 20.1
0 79.665 9 4.2 20.1
0 79.768 10 4.2 20.1
0 80.148 3 4.2 20.1
0 80.174 38 4.2 20.1
0 80.442 4 4.2 20.1
0 80.462 50 4.2 20.1
0 80.584 8 4.2 20.1
0 80.679 11 4.2 20.1
0 80.771 11 3.8 20.2
0 80.87 10 3.8 20.2
0 80.97 10 3.8 20.2
0 81.205 4 3.8 20.2
0 81.281 13 3.8 20.2
0 81.439 6 3.8 20.2
0 81.46 47 3.8 20.2
0 81.58 8 3.8 20.2
0 81.666 12 3.8 20.2
0 81.766 10 3.8 20.2
0 81.869 10 3.8 20.2
0 81.969 10 3.8 20.2
0 82.247 4 3.8 20.2
0 82.273 39 3.8 20.2
0 82.55 4 3.8 20.2
0 82.579 34 3.8 20.2
0 82.681 10 3.8 20.2
0 82.782 10 3.8 20.2
0 82.88 10 3.8 20.2
0 82.977 10 3.8 20.2
0 83.198 5 3.8 20.2
0 83.225 37 3.8 20.2
0 83.334 9 3.8 20.2
0 83.536 5 3.8 20.2
0 83.563 38 3.8 20.2
0 83.794 4 3.8 20.2
0 83.816 47 3.8 20.2
0 83.931 9 3.8 20.2
0 84.025 11 3.8 20.2
0 84.346 3 3.8 20.2
0 84.369 43 3.8 20.2
0 84.65 4 3.8 20.2
0 84.683 30 3.8 20.2
0 84.781 10 3.8 20.2
0 84.883 10 3.8 20.2
0 84.976 11 3.8 20.2
0 85.077 10 3.8 20.2
0 85.351 4 3.8 20.2
0 85.378 36 3.8 20.2
0 85.603 4 3.8 20.2
0 85.629 38 3.8 20.2
0 85.74 9 3.8 20.2
0 85.897 6 3.8 20.2
0 85.937 25 3.8 20.2
0 86.029 11 3.8 20.2
0 86.169 7 3.8 20.2
0 86.359 5 3.8 20.2
0 86.381 45 3.8 20.2
0 86.763 3 3.8 20.2
0 86.788 41 3.8 20.2
0 86.893 10 3.8 20.2
0 86.99 10 3.8 20.2
0 87.092 10 3.8 20.2
0 87.392 3 3.8 20.2
0 87.422 33 3.8 20.2
0 87.633 5 3.8 20.2
0 87.656 43 3.8 20.2
0 87.77 9 3.8 20.2
0 87.928 6 3.8 20.2
0 87.963 29 3.8 20.2
0 88.057 11 3.8 20.2
0 88.162 10 3.8 20.2
0 88.369 5 3.8 20.2
0 88.387 55 3.8 20.2
0 88.713 3 3.8 20.2
0 88.733 49 3.8 20.2
0 88.839 10 3.8 20.2
0 88.942 10 3.8 20.2
0 89.046 10 3.8 20.2
0 89.144 10 3.8 20.2
0 89.409 4 3.8 20.2
0 89.432 44 3.8 20.2
0 89.538 9 3.8 20.2
0 89.635 10 3.8 20.2
0 89.732 10 3.8 20.2
0 89.838 9 3.8 20.2
0 89.95 9 3.8 20.2
0 90.037 12 3.8 20.2
0 90.134 10 3.8 20.2
0 90.241 9 3.8 20.2
0 90.454 5 3.8 20.2
0 90.478 42 3.8 20.2
0 90.796 3 4.0 20.2
0 90.824 36 4.0 20.2
0 90.927 10 4.0 20.2
0 91.029 10 4.0 20.2
0 91.122 11 4.0 20.2
0 91.223 10 4.0 20.2
0 91.504 4 4.0 20.2
0 91.532 35 4.0 20.2
0 91.63 10 4.0 20.2
0 91.729 10 4.0 20.2
0 91.846 9 4.0 20.2
0 91.932 12 4.0 20.2
0 92.138 5 4.0 20.2
0 92.162 41 4.0 20.2
0 92.264 10 4.0 20.2
0 92.489 4 4.0 20.2
0 92.512 44 4.0 20.2
0 92.836 3 4.0 20.2
0 92.856 48 4.0 20.2
0 92.966 9 4.0 20.2
0 93.058 11 4.0 20.2
0 93.195 7 4.0 20.2
0 93.314 8 4.0 20.2
0 93.55 4 4.0 20.2
0 93.583 31 4.0 20.2
0 93.68 10 4.0 20.2
0 93.773 11 4.0 20.2
0 93.884 9 4.0 20.2
0 93.981 10 4.0 20.2
0 94.144 6 4.0 20.2
0 94.174 33 4.0 20.2
0 94.275 10 4.0 20.2
0 94.478 5 4.0 20.2
0 94.498 50 4.0 20.2
0 94.607 9 4.0 20.2
0 94.815 5 4.0 20.2
0 94.833 56 4.0 20.2
0 94.941 9 4.0 20.2
0 95.044 10 4.0 20.2
0 95.145 10 4.0 20.2
0 95.238 11 4.0 20.2
0 95.627 3 4.0 20.2
0 95.66 31 4.0 20.2
0 95.76 10 4.0 20.2
0 95.864 10 4.0 20.2
0 95.953 11 4.0 20.2
0 96.053 10 4.0 20.2
0 96.225 6 4.0 20.2
0 96.25 41 4.0 20.2
0 96.353 10 4.0 20.2
0 96.579 4 4.0 20.2
0 96.602 45 4.0 20.2
0 96.824 4 4.0 20.2
0 96.844 50 4.0 20.2
0 96.96 9 4.0 20.2
0 97.051 11 4.0 20.2
0 97.152 10 4.0 20.2
0 97.252 10 4.0 20.2
0 97.658 2 4.0 20.2
0 97.68 46 4.0 20.2
0 97.784 10 4.0 20.2
0 97.885 10 4.0 20.2
0 97.985 10 4.0 20.2
0 98.096 9 4.0 20.2
0 98.249 7 4.0 20.2
0 98.283 30 4.0 20.2
0 98.387 10 4.0 20.2
0 98.591 5 4.0 20.2
0 98.608 60 4.0 20.2
0 98.824 5 4.0 20.2
0 98.844 50 4.0 20.2
0 98.952 9 4.0 20.2
0 99.051 10 4.0 20.2
0 99.23 6 4.0 20.2
0 99.255 40 4.0 20.2
0 99.524 4 4.0 20.2
0 99.654 8 4.0 20.2
0 99.677 43 4.0 20.2
0 99.78 10 4.0 20.2
0 99.887 9 4.0 20.2
0 99.979 11 4.0 20.2
0 100.087 9 4.0 20.2
0 100.178 11 4.0 20.2
0 100.382 5 4.0 20.2
0 100.406 42 4.0 20.2
0 100.508 10 4.0 20.2
0 100.616 9 4.0 20.2
0 100.708 11 4.0 20.2
0 100.921 5 4.0 20.3
0 100.944 44 4.0 20.3
0 101.041 10 4.0 20.3
0 101.151 9 4.0 20.3
0 101.243 11 4.0 20.3
0 101.344 10 4.0 20.3
0 101.719 3 4.0 20.3
0 101.743 42 4.0 20.3
0 101.879 7 4.0 20.3
0 101.942 16 4.0 20.3
0 102.045 10 4.0 20.3
0 102.143 10 4.0 20.3
0 102.251 9 4.0 20.3
0 102.455 5 4.0 20.3
0 102.472 61 4.0 20.3
0 102.581 9 4.0 20.3
0 102.71 8 4.0 20.3
0 102.786 13 4.0 20.3
0 102.875 11 4.0 20.3
0 102.979 10 4.0 20.3
0 103.083 10 4.0 20.3
0 103.18 10 4.0 20.3
0 103.278 10 4.0 20.3
0 103.385 9 4.0 20.3
0 103.75 3 4.0 20.3
0 103.768 56 4.0 20.3
0 103.867 10 4.0 20.3
0 103.977 9 4.0 20.3
0 104.067 11 4.0 20.3
0 104.165 10 4.0 20.3
0 104.272 9 4.0 20.3
0 104.467 5 4.0 20.3
0 104.487 50 4.0 20.3
0 104.624 7 4.0 20.3
0 104.686 16 4.0 20.3
0 104.793 9 4.0 20.3
0 104.883 11 4.0 20.3
0 105.0 9 4.0 20.3
0 105.087 12 4.0 20.3
0 105.184 10 4.0 20.3
0 105.291 9 4.0 20.3
0 105.383 11 4.0 20.3
0 105.543 6 4.0 20.3
0 105.59 21 4.0 20.3
0 105.832 4 4.0 20.3
0 105.85 55 4.0 20.3
0 105.949 10 4.0 20.3
0 106.053 10 4.0 20.3
0 106.149 10 4.0 20.3
0 106.249 10 4.0 20.3
0 106.354 10 4.0 20.3
0 106.563 5 4.0 20.3
0 106.578 67 4.0 20.3
0 106.688 9 4.0 20.3
0 106.995 3 4.0 20.3
0 107.009 75 4.0 20.3
0 107.121 9 4.0 20.3
0 107.216 10 4.0 20.3
0 107.316 10 4.0 20.3
0 107.416 10 4.0 20.3
0 107.577 6 4.0 20.3
0 107.616 26 4.0 20.3
0 107.754 7 4.0 20.3
0 107.924 6 4.0 20.3
0 107.935 89 4.0 20.3
0 108.046 9 4.0 20.3
0 108.141 11 4.0 20.3
0 108.243 10 4.0 20.3
0 108.346 10 4.0 20.3
0 108.439 11 4.0 20.3
0 108.656 5 4.0 20.3
0 108.673 60 4.0 20.3
0 108.826 6 4.0 20.3
0 108.878 19 4.0 20.3
0 109.029 7 4.0 20.3
0 109.078 21 4.0 20.3
0 109.174 10 4.0 20.3
0 109.276 10 4.0 20.3
0 109.374 10 4.0 20.3
0 109.475 10 4.0 20.3
0 109.682 5 4.0 20.3
0 109.699 58 4.0 20.3
0 109.803 10 4.0 20.3
0 109.905 10 4.0 20.3
0 110.001 10 4.0 20.3
0 110.107 9 4.0 20.3
0 110.204 10 4.0 20.3
0 110.299 10 4.0 20.3
0 110.401 10 4.0 20.3
0 110.506 10 4.0 20.3
0 110.745 4 4.0 20.3
0 110.762 59 4.0 20.3
0 110.862 10 4.0 20.3
0 110.972 9 4.8 20.2
0 111.125 7 4.8 20.2
0 111.163 26 4.8 20.2
0 111.264 10 4.8 20.2
0 111.364 10 4.8 20.2
0 111.463 10 4.8 20.2
0 111.564 10 4.8 20.2
0 111.777 5 4.8 20.2
0 111.794 59 4.8 20.2
0 111.893 10 4.8 20.2
0 112.041 7 4.8 20.2
0 112.094 19 4.8 20.2
0 112.2 9 4.8 20.2
0 112.3 10 4.8 20.2
0 112.391 11 4.8 20.2
0 112.545 6 4.8 20.2
0 112.714 6 4.8 20.2
0 112.727 76 4.8 20.2
0 112.847 8 4.8 20.2
0 112.929 12 4.8 20.2
0 113.034 9 4.8 20.2
0 113.191 6 4.8 20.2
0 113.237 22 4.8 20.2
0 113.337 10 4.8 20.2
0 113.441 10 4.8 20.2
0 113.534 11 4.8 20.2
0 113.631 10 4.8 20.2
0 113.886 4 4.8 20.2
0 113.898 79 4.8 20.2
0 114.013 9 4.8 20.2
0 114.104 11 4.8 20.2
0 114.203 10 4.8 20.2
0 114.31 9 4.8 20.2
0 114.411 10 4.8 20.2
0 114.496 12 4.8 20.2
0 114.779 4 4.8 20.2
0 114.793 71 4.8 20.2
0 114.903 9 4.8 20.2
0 115.002 10 4.8 20.2
0 115.099 10 4.8 20.2
0 115.258 6 4.8 20.2
0 115.302 23 4.8 20.2
0 115.396 11 4.8 20.2
0 115.499 10 4.8 20.2
0 115.6 10 4.8 20.2
0 115.696 10 4.8 20.2
0 115.971 4 4.8 20.2
0 115.986 66 4.8 20.2
0 116.093 9 4.8 20.2
0 116.19 10 4.8 20.2
0 116.287 10 4.8 20.2
0 116.39 10 4.8 20.2
0 116.5 9 4.8 20.2
0 116.589 11 4.8 20.2
0 116.754 6 4.8 20.2
0 116.79 27 4.8 20.2
0 116.888 10 4.8 20.2
0 116.989 10 4.8 20.2
0 117.114 8 4.8 20.2
0 117.193 13 4.8 20.2
0 117.351 6 4.8 20.2
0 117.389 26 4.8 20.2
0 117.544 6 4.8 20.2
0 117.607 16 4.8 20.2
0 117.696 11 4.8 20.2
0 117.807 9 4.8 20.2
0 118.02 5 4.8 20.2
0 118.033 75 4.8 20.2
0 118.143 9 4.8 20.2
0 118.243 10 4.8 20.2
0 118.339 10 4.8 20.2
0 118.443 10 4.8 20.2
0 118.54 10 4.8 20.2
0 118.64 10 4.8 20.2
0 118.802 6 4.8 20.2
0 118.835 30 4.8 20.2
0 118.98 7 4.8 20.2
0 119.049 15 4.8 20.2
0 119.176 8 4.8 20.2
0 119.241 15 4.8 20.2
0 119.4 6 4.8 20.2
0 119.438 26 4.8 20.2
0 119.602 6 4.8 20.2
0 119.644 24 4.8 20.2
0 119.743 10 4.8 20.2
0 119.838 10 4.8 20.2
0 120.203 3 4.8 20.2
0 120.221 55 4.8 20.2
0 120.325 10 4.8 20.2
0 120.423 10 4.8 20.2
0 120.522 10 4.8 20.2
0 120.622 10 4.8 20.2
0 120.731 9 4.8 20.2
0 120.889 6 4.8 20.2
0 120.967 13 4.8 20.2
0 121.024 17 4.2 19.8
0 121.121 10 4.2 19.8
0 121.226 9 4.2 19.8
0 121.332 9 4.2 19.8
0 121.492 6 4.2 19.8
0 121.523 32 4.2 19.8
0 121.679 6 4.2 19.8
0 121.726 21 4.2 19.8
0 121.823 10 4.2 19.8
0 121.934 9 4.2 19.8
0 122.026 11 4.2 19.8
0 122.305 4 4.2 19.8
0 122.321 63 4.2 19.8
0 122.438 9 4.2 19.8
0 122.526 11 4.2 19.8
0 122.628 10 4.2 19.8
0 122.725 10 4.2 19.8
0 122.843 9 4.2 19.8
0 122.998 6 4.2 19.8
0 123.038 25 4.2 19.8
0 123.13 11 4.2 19.8
0 123.224 11 4.2 19.8
0 123.327 10 4.2 19.8
0 123.487 6 4.2 19.8
0 123.537 20 4.2 19.8
0 123.692 6 4.2 19.8
0 123.725 30 4.2 19.8
0 123.832 9 4.2 19.8
0 123.929 10 4.2 19.8
0 124.079 7 4.2 19.8
0 124.305 4 4.2 19.8
0 124.316 89 4.2 19.8
0 124.426 9 4.2 19.8
0 124.524 10 4.2 19.8
0 124.624 10 4.2 19.8
0 124.729 10 4.2 19.8
0 124.825 10 4.2 19.8
0 124.923 10 4.2 19.8
0 125.084 6 4.2 19.8
0 125.126 24 4.2 19.8
0 125.235 9 4.2 19.8
0 125.326 11 4.2 19.8
0 125.533 5 4.2 19.8
0 125.548 67 4.2 19.8
0 125.713 6 4.2 19.8
0 125.757 23 4.2 19.8
0 125.86 10 4.2 19.8
0 126.002 7 4.2 19.8
0 126.054 19 4.2 19.8
0 126.207 7 4.2 19.8
0 126.262 18 4.2 19.8
0 126.361 10 4.2 19.8
0 126.455 11 4.2 19.8
0 126.551 10 4.2 19.8
0 126.655 10 4.2 19.8
0 126.751 10 4.2 19.8
0 126.861 9 4.2 19.8
0 126.959 10 4.2 19.8
0 127.11 7 4.2 19.8
0 127.153 23 4.2 19.8
0 127.257 10 4.2 19.8
0 127.408 7 4.2 19.8
0 127.567 6 4.2 19.8
0 127.582 70 4.2 19.8
0 127.791 5 4.2 19.8
0 127.807 64 4.2 19.8
0 127.936 8 4.2 19.8
0 128.012 13 4.2 19.8
0 128.136 8 4.2 19.8
0 128.271 7 4.2 19.8
0 128.313 24 4.2 19.8
0 128.422 9 4.2 19.8
0 128.513 11 4.2 19.8
0 128.617 10 4.2 19.8
0 128.712 11 4.2 19.8
0 128.812 10 4.2 19.8
0 128.913 10 4.2 19.8
0 129.02 9 4.2 19.8
0 129.282 4 4.2 19.8
0 129.289 138 4.2 19.8
0 129.4 9 4.2 19.8
0 129.625 4 4.2 19.8
0 129.641 62 4.2 19.8
0 129.858 5 4.2 19.8
0 129.874 61 4.2 19.8
0 129.981 9 4.2 19.8
0 130.079 10 4.2 19.8
0 130.181 10 4.2 19.8
0 130.388 5 4.2 19.8
0 130.402 69 4.2 19.8
0 130.505 10 4.2 19.8
0 130.609 10 4.2 19.8
0 130.719 9 4.2 19.8
0 130.81 11 4.2 19.8
0 130.913 10 4.2 19.8
0 131.078 6 3.5 19.9
0 131.116 26 3.5 19.9
0 131.277 6 3.5 19.9
0 131.308 32 3.5 19.9
0 131.409 10 3.5 19.9
0 131.62 5 3.5 19.9
0 131.633 76 3.5 19.9
0 131.913 4 3.5 19.9
0 131.934 47 3.5 19.9
0 132.037 10 3.5 19.9
0 132.135 10 3.5 19.9
0 132.234 10 3.5 19.9
0 132.492 4 3.5 19.9
0 132.507 64 3.5 19.9
0 132.617 9 3.5 19.9
0 132.715 10 3.5 19.9
0 132.808 11 3.5 19.9
0 132.916 9 3.5 19.9
0 133.04 8 3.5 19.9
0 133.116 13 3.5 19.9
0 133.23 9 3.5 19.9
0 133.373 7 3.5 19.9
0 133.417 23 3.5 19.9
0 133.624 5 3.5 19.9
0 133.642 55 3.5 19.9
0 133.746 10 3.5 19.9
0 134.015 4 3.5 19.9
0 134.03 66 3.5 19.9
0 134.144 9 3.5 19.9
0 134.349 5 3.5 19.9
0 134.476 8 3.5 19.9
0 134.494 56 3.5 19.9
0 134.603 9 3.5 19.9
0 134.705 10 3.5 19.9
0 134.8 11 3.5 19.9
0 134.898 10 3.5 19.9
0 135.0 10 3.5 19.9
0 135.097 10 3.5 19.9
0 135.209 9 3.5 19.9
0 135.297 11 3.5 19.9
0 135.457 6 3.5 19.9
0 135.502 22 3.5 19.9
0 135.718 5 3.5 19.9
0 135.732 74 3.5 19.9
0 135.841 9 3.5 19.9
0 136.157 3 3.5 19.9
0 136.168 88 3.5 19.9
0 136.291 8 3.5 19.9
0 136.489 5 3.5 19.9
0 136.505 62 3.5 19.9
0 136.614 9 3.5 19.9
0 136.71 10 3.5 19.9
0 136.876 6 3.5 19.9
0 136.92 23 3.5 19.9
0 137.012 11 3.5 19.9
0 137.111 10 3.5 19.9
0 137.218 9 3.5 19.9
0 137.35 8 3.5 19.9
0 137.538 5 3.5 19.9
0 137.546 119 3.5 19.9
0 137.766 5 3.5 19.9
0 137.786 49 3.5 19.9
0 137.9 9 3.5 19.9
0 138.172 4 3.5 19.9
0 138.195 44 3.5 19.9
0 138.447 4 3.5 19.9
0 138.584 7 3.5 19.9
0 138.613 35 3.5 19.9
0 138.727 9 3.5 19.9
0 138.812 12 3.5 19.9
0 138.961 7 3.5 19.9
0 139.01 20 3.5 19.9
0 139.115 10 3.5 19.9
0 139.213 10 3.5 19.9
0 139.377 6 3.5 19.9
0 139.473 10 3.5 19.9
0 139.674 5 3.5 19.9
0 139.822 7 3.5 19.9
0 139.847 40 3.5 19.9
0 139.953 9 3.5 19.9
0 140.219 4 3.5 19.9
0 140.24 48 3.5 19.9
0 140.349 9 3.5 19.9
0 140.514 6 3.5 19.9
0 140.661 7 3.5 19.9
0 140.676 69 3.5 19.9
0 140.794 9 3.5 19.9
0 140.892 10 3.5 19.9
0 141.047 6 3.5 19.9
0 141.091 23 4.3 19.9
0 141.22 8 4.3 19.9
0 141.303 12 4.3 19.9
0 141.398 10 4.3 19.9
0 141.552 6 4.3 19.9
0 141.747 5 4.3 19.9
0 141.775 36 4.3 19.9
0 141.882 9 4.3 19.9
0 141.975 11 4.3 19.9
0 142.239 4 4.3 19.9
0 142.259 49 4.3 19.9
0 142.372 9 4.3 19.9
0 142.567 5 4.3 19.9
0 142.734 6 4.3 19.9
0 142.753 51 4.3 19.9
0 142.86 9 4.3 19.9
0 143.064 5 4.3 19.9
0 143.085 48 4.3 19.9
0 143.213 8 4.3 19.9
0 143.29 13 4.3 19.9
0 143.396 9 4.3 19.9
0 143.553 6 4.3 19.9
0 143.762 5 4.3 19.9
0 143.788 39 4.3 19.9
0 143.895 9 4.3 19.9
0 143.991 10 4.3 19.9
0 144.155 6 4.3 19.9
0 144.19 29 4.3 19.9
0 144.296 9 4.3 19.9
0 144.588 3 4.3 19.9
0 144.726 7 4.3 19.9
0 144.741 67 4.3 19.9
0 144.858 9 4.3 19.9
0 144.948 11 4.3 19.9
0 145.158 5 4.3 19.9
0 145.181 43 4.3 19.9
0 145.29 9 4.3 19.9
0 145.394 10 4.3 19.9
0 145.587 5 4.3 19.9
0 145.778 5 4.3 19.9
0 145.799 48 4.3 19.9
0 145.921 8 4.3 19.9
0 146.005 12 4.3 19.9
0 146.168 6 4.3 19.9
0 146.203 29 4.3 19.9
0 146.307 10 4.3 19.9
0 146.405 10 4.3 19.9
0 146.621 5 4.3 19.9
0 146.643 45 4.3 19.9
0 146.744 10 4.3 19.9
0 146.847 10 4.3 19.9
0 146.948 10 4.3 19.9
0 147.051 10 4.3 19.9
0 147.256 5 4.3 19.9
0 147.275 54 4.3 19.9
0 147.386 9 4.3 19.9
0 147.483 10 4.3 19.9
0 147.649 6 4.3 19.9
0 147.862 5 4.3 19.9
0 147.878 62 4.3 19.9
0 147.993 9 4.3 19.9
0 148.086 11 4.3 19.9
0 148.267 6 4.3 19.9
0 148.284 60 4.3 19.9
0 148.394 9 4.3 19.9
0 148.501 9 4.3 19.9
0 148.694 5 4.3 19.9
0 148.726 31 4.3 19.9
0 148.828 10 4.3 19.9
0 148.919 11 4.3 19.9
0 149.024 10 4.3 19.9
0 149.12 10 4.3 19.9
0 149.325 5 4.3 19.9
0 149.352 36 4.3 19.9
0 149.452 10 4.3 19.9
0 149.553 10 4.3 19.9
0 149.71 6 4.3 19.9
0 149.972 4 4.3 19.9
0 149.995 43 4.3 19.9
0 150.101 9 4.3 19.9
0 150.257 6 4.3 19.9
0 150.306 20 4.3 19.9
0 150.409 10 4.3 19.9
0 150.498 11 4.3 19.9
0 150.703 5 4.3 19.9
0 150.73 37 4.3 19.9
0 150.877 7 4.3 19.9
0 150.945 15 4.3 19.9
0 151.034 11 4.3 19.9
0 151.13 10 4.3 19.9
0 151.349 5 4.3 19.9
0 151.375 39 4.3 19.9
0 151.48 10 4.3 19.9
0 151.578 10 4.3 19.9
0 151.733 6 4.3 19.9
0 151.983 4 4.3 19.9
0 152.018 29 4.3 19.9
0 152.115 10 4.3 19.9
0 152.275 6 4.3 19.9
0 152.305 33 4.3 19.9
0 152.419 9 4.3 19.9
0 152.519 10 4.3 19.9
0 152.72 5 4.3 19.9
0 152.747 37 4.3 19.9
0 152.85 10 4.3 19.9
0 153.008 6 4.3 19.9
0 153.056 21 4.3 19.9
0 153.148 11 4.3 19.9
0 153.359 5 4.3 19.9
0 153.388 35 4.3 19.9
0 153.49 10 4.3 19.9
0 153.597 9 4.3 19.9
0 153.748 7 4.3 19.9
0 154.002 4 4.3 19.9
0 154.025 45 4.3 19.9
0 154.132 9 4.3 19.9
0 154.333 5 4.3 19.9
0 154.355 45 4.3 19.9
0 154.463 9 4.3 19.9
0 154.559 10 4.3 19.9
0 154.777 5 4.3 19.9
0 154.799 45 4.3 19.9
0 154.906 9 4.3 19.9
0 155.062 6 4.3 19.9
0 155.102 25 4.3 19.9
0 155.212 9 4.3 19.9
0 155.405 5 4.3 19.9
0 155.426 49 4.3 19.9
0 155.533 9 4.3 19.9
0 155.631 10 4.3 19.9
0 155.803 6 4.3 19.9
0 155.826 42 4.3 19.9
0 156.032 5 4.3 19.9
0 156.053 49 4.3 19.9
0 156.207 6 4.3 19.9
0 156.395 5 4.3 19.9
0 156.425 33 4.3 19.9
0 156.524 10 4.3 19.9
0 156.624 10 4.3 19.9
0 156.835 5 4.3 19.9
0 156.864 35 4.3 19.9
0 156.967 10 4.3 19.9
0 157.118 7 4.3 19.9
0 157.158 25 4.3 19.9
0 157.259 10 4.3 19.9
0 157.474 5 4.3 19.9
0 157.496 45 4.3 19.9
0 157.605 9 4.3 19.9
0 157.701 10 4.3 19.9
0 157.86 6 4.3 19.9
0 157.9 25 4.3 19.9
0 158.117 5 4.3 19.9
0 158.186 14 4.3 19.9
0 158.303 9 4.3 19.9
0 158.445 7 4.3 19.9
0 158.461 62 4.3 19.9
0 158.576 9 4.3 19.9
0 158.688 9 4.3 19.9
0 158.771 12 4.3 19.9
0 158.87 10 4.3 19.9
0 158.974 10 4.3 19.9
0 159.128 7 4.3 19.9
0 159.172 23 4.3 19.9
0 159.275 10 4.3 19.9
0 159.485 5 4.3 19.9
0 159.511 39 4.3 19.9
0 159.613 10 4.3 19.9
0 159.718 9 4.3 19.9
0 159.912 5 4.3 19.9
0 159.931 53 4.3 19.9
0 160.139 5 4.3 19.9
0 160.16 47 4.3 19.9
0 160.333 6 4.3 19.9
0 160.466 8 4.3 19.9
0 160.482 61 4.3 19.9
0 160.584 10 4.3 19.9
0 160.688 10 4.3 19.9
0 160.796 9 4.3 19.9
0 160.892 10 4.3 19.9
0 160.994 10 4.3 19.9
0 161.191 5 4.0 20.0
0 161.208 57 4.0 20.0
0 161.323 9 4.0 20.0
0 161.417 11 4.0 20.0
0 161.514 10 4.0 20.0
0 161.616 10 4.0 20.0
0 161.713 10 4.0 20.0
0 161.934 5 4.0 20.0
0 161.953 54 4.0 20.0
0 162.16 5 4.0 20.0
0 162.225 15 4.0 20.0
0 162.347 8 4.0 20.0
0 162.501 6 4.0 20.0
0 162.516 68 4.0 20.0
0 162.628 9 4.0 20.0
0 162.726 10 4.0 20.0
0 162.822 10 4.0 20.0
0 162.945 8 4.0 20.0
0 163.029 12 4.0 20.0
0 163.191 6 4.0 20.0
0 163.224 30 4.0 20.0
0 163.324 10 4.0 20.0
0 163.423 10 4.0 20.0
0 163.553 8 4.0 20.0
0 163.625 14 4.0 20.0
0 163.733 9 4.0 20.0
0 163.932 5 4.0 20.0
0 163.95 56 4.0 20.0
0 164.174 4 4.0 20.0
0 164.191 57 4.0 20.0
0 164.362 6 4.0 20.0
0 164.503 7 4.0 20.0
0 164.521 55 4.0 20.0
0 164.632 9 4.0 20.0
0 164.727 10 4.0 20.0
0 164.829 10 4.0 20.0
0 164.927 10 4.0 20.0
0 165.027 10 4.0 20.0
0 165.128 10 4.0 20.0
0 165.288 6 4.0 20.0
0 165.331 23 4.0 20.0
0 165.422 11 4.0 20.0
0 165.529 9 4.0 20.0
0 165.625 10 4.0 20.0
0 165.73 9 4.0 20.0
0 165.941 5 4.0 20.0
0 165.959 58 4.0 20.0
0 166.173 5 4.0 20.0
0 166.196 43 4.0 20.0
0 166.302 9 4.0 20.0
0 166.462 6 4.0 20.0
0 166.606 7 4.0 20.0
0 166.621 67 4.0 20.0
0 166.729 9 4.0 20.0
0 166.825 10 4.0 20.0
0 166.927 10 4.0 20.0
0 167.033 9 4.0 20.0
0 167.129 10 4.0 20.0
0 167.289 6 4.0 20.0
0 167.328 26 4.0 20.0
0 167.429 10 4.0 20.0
0 167.569 7 4.0 20.0
0 167.635 15 4.0 20.0
0 167.727 11 4.0 20.0
0 167.973 4 4.0 20.0
0 167.985 87 4.0 20.0
0 168.204 5 4.0 20.0
0 168.224 50 4.0 20.0
0 168.325 10 4.0 20.0
0 168.488 6 4.0 20.0
0 168.528 25 4.0 20.0
0 168.627 10 4.0 20.0
0 168.73 10 4.0 20.0
0 168.824 11 4.0 20.0
0 168.925 10 4.0 20.0
0 169.029 10 4.0 20.0
0 169.133 10 4.0 20.0
0 169.223 11 4.0 20.0
0 169.396 6 4.0 20.0
0 169.428 31 4.0 20.0
0 169.528 10 4.0 20.0
0 169.63 10 4.0 20.0
0 169.733 10 4.0 20.0
0 169.831 10 4.0 20.0
0 170.039 5 4.0 20.0
0 170.055 63 4.0 20.0
0 170.269 5 4.0 20.0
0 170.293 42 4.0 20.0
0 170.396 10 4.0 20.0
0 170.553 6 4.0 20.0
0 170.658 9 4.0 20.0
0 170.695 27 4.0 20.0
0 170.798 10 4.0 20.0
0 170.893 10 4.0 20.0
0 170.994 10 4.0 20.0
0 171.09 10 4.0 20.0
0 171.201 9 3.8 19.9
0 171.301 10 3.8 19.9
0 171.493 5 3.8 19.9
0 171.513 50 3.8 19.9
0 171.616 10 3.8 19.9
0 171.718 10 3.8 19.9
0 171.817 10 3.8 19.9
0 171.916 10 3.8 19.9
0 172.126 5 3.8 19.9
0 172.145 51 3.8 19.9
0 172.363 5 3.8 19.9
0 172.386 44 3.8 19.9
0 172.484 10 3.8 19.9
0 172.642 6 3.8 19.9
0 172.788 7 3.8 19.9
0 172.799 88 3.8 19.9
0 172.917 8 3.8 19.9
0 173.046 8 3.8 19.9
0 173.111 16 3.8 19.9
0 173.212 10 3.8 19.9
0 173.318 9 3.8 19.9
0 173.521 5 3.8 19.9
0 173.541 51 3.8 19.9
0 173.653 9 3.8 19.9
0 173.75 10 3.8 19.9
0 173.864 9 3.8 19.9
0 173.943 13 3.8 19.9
0 174.163 5 3.8 19.9
0 174.181 55 3.8 19.9
0 174.396 5 3.8 19.9
0 174.423 37 3.8 19.9
0 174.518 11 3.8 19.9
0 174.675 6 3.8 19.9
0 174.776 10 3.8 19.9
0 174.875 10 3.8 19.9
0 174.925 20 3.8 19.9
0 175.018 11 3.8 19.9
0 175.116 10 3.8 19.9
0 175.219 10 3.8 19.9
0 175.317 10 3.8 19.9
0 175.518 5 3.8 19.9
0 175.538 50 3.8 19.9
0 175.64 10 3.8 19.9
0 175.738 10 3.8 19.9
0 175.836 10 3.8 19.9
0 175.936 10 3.8 19.9
0 176.059 8 3.8 19.9
0 176.142 12 3.8 19.9
0 176.236 11 3.8 19.9
0 176.394 6 3.8 19.9
0 176.437 24 3.8 19.9
0 176.542 10 3.8 19.9
0 176.706 6 3.8 19.9
0 176.792 12 3.8 19.9
0 176.9 9 3.8 19.9
0 176.987 12 3.8 19.9
0 177.047 17 3.8 19.9
0 177.138 11 3.8 19.9
0 177.252 9 3.8 19.9
0 177.343 11 3.8 19.9
0 177.558 5 3.8 19.9
0 177.575 59 3.8 19.9
0 177.681 9 3.8 19.9
0 177.788 9 3.8 19.9
0 177.879 11 3.8 19.9
0 177.982 10 3.8 19.9
0 178.14 6 3.8 19.9
0 178.183 23 3.8 19.9
0 178.282 10 3.8 19.9
0 178.458 6 3.8 19.9
0 178.48 47 3.8 19.9
0 178.579 10 3.8 19.9
0 178.738 6 3.8 19.9
0 178.84 10 3.8 19.9
0 179.074 4 3.8 19.9
0 179.088 70 3.8 19.9
0 179.202 9 3.8 19.9
0 179.3 10 3.8 19.9
0 179.405 10 3.8 19.9
0 179.56 6 3.8 19.9
0 179.598 26 3.8 19.9
0 179.697 10 3.8 19.9
0 179.796 10 3.8 19.9
0 179.895 10 3.8 19.9
0 180.002 9 3.8 19.9
0 180.102 10 3.8 19.9
0 180.194 11 3.8 19.9
0 180.299 9 3.8 19.9
0 180.498 5 3.8 19.9
0 180.519 47 3.8 19.9
0 180.628 9 3.8 19.9
0 180.777 7 3.8 19.9
0 180.885 9 3.8 19.9
0 180.979 11 3.8 19.9
0 181.083 10 3.8 19.9
0 181.119 28 3.8 19.9
0 181.226 9 3.6 19.9
0 181.32 11 3.6 19.9
0 181.422 10 3.6 19.9
0 181.643 5 3.6 19.9
0 181.664 48 3.6 19.9
0 181.777 9 3.6 19.9
0 181.867 11 3.6 19.9
0 181.964 10 3.6 19.9
0 182.075 9 3.6 19.9
0 182.169 11 3.6 19.9
0 182.268 10 3.6 19.9
0 182.373 10 3.6 19.9
0 182.572 5 3.6 19.9
0 182.599 38 3.6 19.9
0 182.699 10 3.6 19.9
0 182.853 7 3.6 19.9
0 183.022 6 3.6 19.9
0 183.106 12 3.6 19.9
0 183.167 16 3.6 19.9
0 183.243 13 3.6 19.9
0 183.349 9 3.6 19.9
0 183.449 10 3.6 19.9
0 183.724 4 3.6 19.9
0 183.771 21 3.6 19.9
0 183.848 13 3.6 19.9
0 183.947 10 3.6 19.9
0 184.044 10 3.6 19.9
0 184.167 8 3.6 19.9
0 184.264 10 3.6 19.9
0 184.349 12 3.6 19.9
0 184.446 10 3.6 19.9
0 184.641 5 3.6 19.9
0 184.66 51 3.6 19.9
0 184.772 9 3.6 19.9
0 184.965 5 3.6 19.9
0 185.172 5 3.6 19.9
0 185.189 59 3.6 19.9
0 185.308 8 3.6 19.9
0 185.396 11 3.6 19.9
0 185.496 10 3.6 19.9
0 185.657 6 3.6 19.9
0 185.694 26 3.6 19.9
0 185.798 10 3.6 19.9
0 185.902 10 3.6 19.9
0 185.994 11 3.6 19.9
0 186.093 10 3.6 19.9
0 186.196 10 3.6 19.9
0 186.3 10 3.6 19.9
0 186.456 6 3.6 19.9
0 186.492 28 3.6 19.9
0 186.701 5 3.6 19.9
0 186.73 35 3.6 19.9
0 186.827 10 3.6 19.9
0 187.037 5 3.6 19.9
0 187.296 4 3.6 19.9
0 187.322 38 3.6 19.9
0 187.435 9 3.6 19.9
0 187.521 12 3.6 19.9
0 187.699 6 3.6 19.9
0 187.72 49 3.6 19.9
0 187.833 9 3.6 19.9
0 187.928 10 3.6 19.9
0 188.023 11 3.6 19.9
0 188.123 10 3.6 19.9
0 188.253 8 3.6 19.9
0 188.327 13 3.6 19.9
0 188.427 10 3.6 19.9
0 188.528 10 3.6 19.9
0 188.732 5 3.6 19.9
0 188.762 34 3.6 19.9
0 188.859 10 3.6 19.9
0 189.065 5 3.6 19.9
0 189.381 3 3.6 19.9
0 189.419 26 3.6 19.9
0 189.524 9 3.6 19.9
0 189.613 11 3.6 19.9
0 189.774 6 3.6 19.9
0 189.824 20 3.6 19.9
0 189.919 11 3.6 19.9
0 190.022 10 3.6 19.9
0 190.119 10 3.6 19.9
0 190.22 10 3.6 19.9
0 190.318 10 3.6 19.9
0 190.425 9 3.6 19.9
0 190.518 11 3.6 19.9
0 190.62 10 3.6 19.9
0 190.821 5 3.6 19.9
0 190.85 35 3.6 19.9
0 190.958 9 3.6 19.9
0 191.153 5 3.6 19.9
0 191.509 3 3.8 20.0
0 191.533 42 3.8 20.0
0 191.638 10 3.8 20.0
0 191.794 6 3.8 20.0
0 191.839 23 3.8 20.0
0 191.936 10 3.8 20.0
0 192.05 9 3.8 20.0
0 192.137 11 3.8 20.0
0 192.358 5 3.8 20.0
0 192.368 101 3.8 20.0
0 192.483 9 3.8 20.0
0 192.598 9 3.8 20.0
0 192.687 11 3.8 20.0
0 192.885 5 3.8 20.0
0 192.912 38 3.8 20.0
0 193.015 10 3.8 20.0
0 193.234 5 3.8 20.0
0 193.589 3 3.8 20.0
0 193.616 37 3.8 20.0
0 193.727 9 3.8 20.0
0 193.901 6 3.8 20.0
0 193.917 64 3.8 20.0
0 194.033 9 3.8 20.0
0 194.134 10 3.8 20.0
0 194.235 10 3.8 20.0
0 194.331 10 3.8 20.0
0 194.491 6 3.8 20.0
0 194.532 24 3.8 20.0
0 194.625 11 3.8 20.0
0 194.744 8 3.8 20.0
0 194.94 5 3.8 20.0
0 194.97 33 3.8 20.0
0 195.076 9 3.8 20.0
0 195.281 5 3.8 20.0
0 195.643 3 3.8 20.0
0 195.668 40 3.8 20.0
0 195.776 9 3.8 20.0
0 195.991 5 3.8 20.0
0 196.017 38 3.8 20.0
0 196.128 9 3.8 20.0
0 196.227 10 3.8 20.0
0 196.318 11 3.8 20.0
0 196.541 4 3.8 20.0
0 196.574 30 3.8 20.0
0 196.675 10 3.8 20.0
0 196.78 9 3.8 20.0
0 196.987 5 3.8 20.0
0 197.022 28 3.8 20.0
0 197.124 10 3.8 20.0
0 197.331 5 3.8 20.0
0 197.695 3 3.8 20.0
0 197.723 35 3.8 20.0
0 197.833 9 3.8 20.0
0 198.029 5 3.8 20.0
0 198.059 33 3.8 20.0
0 198.155 10 3.8 20.0
0 198.277 8 3.8 20.0
0 198.413 7 3.8 20.0
0 198.461 21 3.8 20.0
0 198.681 5 3.8 20.0
0 198.705 41 3.8 20.0
0 198.819 9 3.8 20.0
0 199.03 5 3.8 20.0
0 199.06 33 3.8 20.0
0 199.163 10 3.8 20.0
0 199.371 5 3.8 20.0
0 199.691 3 3.8 20.0
0 199.729 26 3.8 20.0
0 199.823 11 3.8 20.0
0 199.919 10 3.8 20.0
0 200.134 5 3.8 20.0
0 200.16 37 3.8 20.0
0 200.272 9 3.8 20.0
0 200.36 11 3.8 20.0
0 200.529 6 3.8 20.0
0 200.68 7 3.8 20.0
0 200.705 41 3.8 20.0
0 200.824 8 3.8 20.0
0 200.913 11 3.8 20.0
0 201.115 5 3.8 20.0
0 201.146 32 3.8 20.0
0 201.255 9 3.8 20.0
0 201.352 10 3.8 20.0
0 201.766 2 4.1 20.0
0 201.79 42 4.1 20.0
0 201.979 5 4.1 20.0
0 201.994 69 4.1 20.0
0 202.212 5 4.1 20.0
0 202.237 40 4.1 20.0
0 202.344 9 4.1 20.0
0 202.442 10 4.1 20.0
0 202.605 6 4.1 20.0
0 202.801 5 4.1 20.0
0 202.823 46 4.1 20.0
0 202.933 9 4.1 20.0
0 203.138 5 4.1 20.0
0 203.227 11 4.1 20.0
0 203.282 18 4.1 20.0
0 203.363 12 4.1 20.0
0 203.575 5 4.1 20.0
0 203.594 54 4.1 20.0
0 203.839 4 4.1 20.0
0 203.856 62 4.1 20.0
0 203.967 9 4.1 20.0
0 204.064 10 4.1 20.0
0 204.274 5 4.1 20.0
0 204.293 52 4.1 20.0
0 204.402 9 4.1 20.0
0 204.499 10 4.1 20.0
0 204.658 6 4.1 20.0
0 204.851 5 4.1 20.0
0 204.873 45 4.1 20.0
0 204.982 9 4.1 20.0
0 205.178 5 4.1 20.0
0 205.203 40 4.1 20.0
0 205.303 10 4.1 20.0
0 205.407 10 4.1 20.0
0 205.608 5 4.1 20.0
0 205.627 50 4.1 20.0
0 205.737 9 4.1 20.0
0 205.831 11 4.1 20.0
0 205.932 10 4.1 20.0
0 206.033 10 4.1 20.0
0 206.135 10 4.1 20.0
0 206.344 5 4.1 20.0
0 206.369 40 4.1 20.0
0 206.474 9 4.1 20.0
0 206.564 11 4.1 20.0
0 206.738 6 4.1 20.0
0 206.885 7 4.1 20.0
0 206.902 58 4.1 20.0
0 207.013 9 4.1 20.0
0 207.212 5 4.1 20.0
0 207.239 37 4.1 20.0
0 207.339 10 4.1 20.0
0 207.439 10 4.1 20.0
0 207.641 5 4.1 20.0
0 207.661 51 4.1 20.0
0 207.771 9 4.1 20.0
0 207.928 6 4.1 20.0
0 207.972 23 4.1 20.0
0 208.062 11 4.1 20.0
0 208.171 9 4.1 20.0
0 208.393 4 4.1 20.0
0 208.412 54 4.1 20.0
0 208.522 9 4.1 20.0
0 208.618 10 4.1 20.0
0 208.827 5 4.1 20.0
0 208.984 6 4.1 20.0
0 209.007 43 4.1 20.0
0 209.24 4 4.1 20.0
0 209.273 30 4.1 20.0
0 209.363 11 4.1 20.0
0 209.467 10 4.1 20.0
0 209.566 10 4.1 20.0
0 209.67 10 4.1 20.0
0 209.778 9 4.1 20.0
0 209.871 11 4.1 20.0
0 209.966 11 4.1 20.0
0 210.073 9 4.1 20.0
0 210.171 10 4.1 20.0
0 210.38 5 4.1 20.0
0 210.399 52 4.1 20.0
0 210.505 9 4.1 20.0
0 210.608 10 4.1 20.0
0 210.707 10 4.1 20.0
0 210.914 5 4.1 20.0
0 211.058 7 4.1 20.0
0 211.078 50 4.1 20.0
0 211.296 5 4.1 20.0
0 211.318 44 4.1 20.0
0 211.42 10 4.1 20.0
0 211.517 10 4.1 20.0
0 211.733 5 4.1 20.0
0 211.75 61 4.1 20.0
0 211.861 9 4.1 20.0
0 211.959 10 4.1 20.0
0 212.056 10 4.1 20.0
0 212.156 10 4.1 20.0
0 212.263 9 4.1 20.0
0 212.362 10 4.1 20.0
0 212.458 10 4.1 20.0
0 212.559 10 4.1 20.0
0 212.655 10 4.1 20.0
0 212.752 10 4.1 20.0
0 212.971 5 4.1 20.0
0 213.11 7 4.1 20.0
0 213.127 58 4.1 20.0
0 213.347 5 4.1 20.0
0 213.372 39 4.1 20.0
0 213.474 10 4.1 20.0
0 213.571 10 4.1 20.0
0 213.78 5 4.1 20.0
0 213.799 53 4.1 20.0
0 213.92 8 4.1 20.0
0 214.137 5 4.1 20.0
0 214.156 53 4.1 20.0
0 214.26 10 4.1 20.0
0 214.36 10 4.1 20.0
0 214.472 9 4.1 20.0
0 214.561 11 4.1 20.0
0 214.66 10 4.1 20.0
0 214.756 10 4.1 20.0
0 214.862 9 4.1 20.0
0 215.083 5 4.1 20.0
0 215.233 7 4.1 20.0
0 215.362 8 4.1 20.0
0 215.388 39 4.1 20.0
0 215.5 9 4.1 20.0
0 215.59 11 4.1 20.0
0 215.803 5 4.1 20.0
0 215.825 45 4.1 20.0
0 215.933 9 4.1 20.0
0 216.032 10 4.1 20.0
0 216.127 11 4.1 20.0
0 216.227 10 4.1 20.0
0 216.345 9 4.1 20.0
0 216.431 12 4.1 20.0
0 216.531 10 4.1 20.0
0 216.627 10 4.1 20.0
0 216.731 10 4.1 20.0
0 216.826 10 4.1 20.0
0 216.941 9 4.1 20.0
0 217.132 5 4.1 20.0
0 217.478 3 4.1 20.0
0 217.505 37 4.1 20.0
0 217.606 10 4.1 20.0
0 217.807 5 4.1 20.0
0 217.827 50 4.1 20.0
0 217.935 9 4.1 20.0
0 218.044 9 4.1 20.0
0 218.134 11 4.1 20.0
0 218.238 10 4.1 20.0
0 218.339 10 4.1 20.0
0 218.434 10 4.1 20.0
0 218.539 10 4.1 20.0
0 218.637 10 4.1 20.0
0 218.733 10 4.1 20.0
0 218.835 10 4.1 20.0
0 218.961 8 4.1 20.0
0 219.156 5 4.1 20.0
0 219.522 3 4.1 20.0
0 219.548 38 4.1 20.0
0 219.651 10 4.1 20.0
0 219.848 5 4.1 20.0
0 219.865 57 4.1 20.0
0 219.976 9 4.1 20.0
0 220.076 10 4.1 20.0
0 220.174 10 4.1 20.0
0 220.272 10 4.1 20.0
0 220.378 9 4.1 20.0
0 220.474 10 4.1 20.0
0 220.567 11 4.1 20.0
0 220.68 9 4.1 20.0
0 220.773 11 4.1 20.0
0 220.874 10 4.1 20.0
0 220.973 10 4.1 20.0
0 221.169 5 4.1 20.0
0 221.508 3 4.1 20.0
0 221.535 38 4.1 20.0
0 221.635 10 4.1 20.0
0 221.74 10 4.1 20.0
0 221.944 5 3.6 20.0
0 221.971 38 3.6 20.0
0 222.074 10 3.6 20.0
0 222.171 10 3.6 20.0
0 222.27 10 3.6 20.0
0 222.377 9 3.6 20.0
0 222.475 10 3.6 20.0
0 222.573 10 3.6 20.0
0 222.667 11 3.6 20.0
0 222.773 9 3.6 20.0
0 222.866 11 3.6 20.0
0 222.98 9 3.6 20.0
0 223.191 5 3.6 20.0
0 223.533 3 3.6 20.0
0 223.566 30 3.6 20.0
0 223.656 11 3.6 20.0
0 223.755 10 3.6 20.0
0 223.999 4 3.6 20.0
0 224.006 138 3.6 20.0
0 224.132 8 3.6 20.0
0 224.375 4 3.6 20.0
0 224.391 63 3.6 20.0
0 224.498 9 3.6 20.0
0 224.593 11 3.6 20.0
0 224.703 9 3.6 20.0
0 224.8 10 3.6 20.0
0 224.9 10 3.6 20.0
0 224.995 11 3.6 20.0
0 225.095 10 3.6 20.0
0 225.196 10 3.6 20.0
0 225.519 3 3.6 20.0
0 225.538 54 3.6 20.0
0 225.644 9 3.6 20.0
0 225.74 10 3.6 20.0
0 225.84 10 3.6 20.0
0 226.051 5 3.6 20.0
0 226.066 66 3.6 20.0
0 226.172 9 3.6 20.0
0 226.272 10 3.6 20.0
0 226.431 6 3.6 20.0
0 226.469 27 3.6 20.0
0 226.591 8 3.6 20.0
0 226.673 12 3.6 20.0
0 226.773 10 3.6 20.0
0 226.87 10 3.6 20.0
0 226.976 10 3.6 20.0
0 227.074 10 3.6 20.0
0 227.181 9 3.6 20.0
0 227.274 11 3.6 20.0
0 227.584 3 3.6 20.0
0 227.604 51 3.6 20.0
0 227.718 9 3.6 20.0
0 227.806 11 3.6 20.0
0 227.905 10 3.6 20.0
0 228.121 5 3.6 20.0
0 228.137 62 3.6 20.0
0 228.255 9 3.6 20.0
0 228.34 12 3.6 20.0
0 228.501 6 3.6 20.0
0 228.546 22 3.6 20.0
0 228.648 10 3.6 20.0
0 228.76 9 3.6 20.0
0 228.842 12 3.6 20.0
0 228.942 10 3.6 20.0
0 229.043 10 3.6 20.0
0 229.143 10 3.6 20.0
0 229.25 9 3.6 20.0
0 229.35 10 3.6 20.0
0 229.672 3 3.6 20.0
0 229.69 56 3.6 20.0
0 229.8 9 3.6 20.0
0 229.901 10 3.6 20.0
0 229.994 11 3.6 20.0
0 230.191 5 3.6 20.0
0 230.207 65 3.6 20.0
0 230.32 9 3.6 20.0
0 230.415 10 3.6 20.0
0 230.568 7 3.6 20.0
0 230.61 24 3.6 20.0
0 230.712 10 3.6 20.0
0 230.811 10 3.6 20.0
0 230.927 9 3.6 20.0
0 231.011 12 3.6 20.0
0 231.117 9 3.6 20.0
0 231.215 10 3.6 20.0
0 231.312 10 3.6 20.0
0 231.429 9 3.6 20.0
0 231.678 4 3.6 20.0
0 231.69 84 3.6 20.0
0 231.825 7 3.6 20.0
0 231.894 14 3.6 20.0
0 232.007 9 3.6 20.0
0 232.191 5 3.6 20.0
0 232.202 91 3.6 20.0
0 232.305 10 3.6 20.0
0 232.408 10 3.6 20.0
0 232.519 9 3.6 20.0
0 232.665 7 3.6 20.0
0 232.708 24 3.6 20.0
0 232.807 10 3.6 20.0
0 232.907 10 3.6 20.0
0 233.02 9 3.6 20.0
0 233.105 12 3.6 20.0
0 233.207 10 3.6 20.0
0 233.306 10 3.6 20.0
0 233.408 10 3.6 20.0
0 233.572 6 3.6 20.0
0 233.611 26 3.6 20.0
0 233.706 10 3.6 20.0
0 233.806 10 3.6 20.0
0 233.911 10 3.6 20.0
0 234.009 10 3.6 20.0
0 234.196 5 3.6 20.0
0 234.205 110 3.6 20.0
0 234.31 10 3.6 20.0
0 234.411 10 3.6 20.0
0 234.511 10 3.6 20.0
0 234.677 6 3.6 20.0
0 234.715 27 3.6 20.0
0 234.94 4 3.6 20.0
0 234.944 215 3.6 20.0
0 235.057 9 3.6 20.0
0 235.155 10 3.6 20.0
0 235.285 8 3.6 20.0
0 235.355 14 3.6 20.0
0 235.456 10 3.6 20.0
0 235.557 10 3.6 20.0
0 235.656 10 3.6 20.0
0 235.77 9 3.6 20.0
0 235.856 12 3.6 20.0
0 235.957 10 3.6 20.0
0 236.058 10 3.6 20.0
0 236.213 6 3.6 20.0
0 236.261 21 3.6 20.0
0 236.366 9 3.6 20.0
0 236.456 11 3.6 20.0
0 236.559 10 3.6 20.0
0 236.766 5 3.6 20.0
0 236.783 60 3.6 20.0
0 236.894 9 3.6 20.0
0 237.196 3 3.6 20.0
0 237.212 63 3.6 20.0
0 237.318 9 3.6 20.0
0 237.419 10 3.6 20.0
0 237.515 10 3.6 20.0
0 237.614 10 3.6 20.0
0 237.719 9 3.6 20.0
0 237.817 10 3.6 20.0
0 237.921 10 3.6 20.0
0 238.015 11 3.6 20.0
0 238.116 10 3.6 20.0
0 238.273 6 3.6 20.0
0 238.321 21 3.6 20.0
0 238.424 10 3.6 20.0
0 238.517 11 3.6 20.0
0 238.618 10 3.6 20.0
0 238.834 5 3.6 20.0
0 238.854 52 3.6 20.0
0 238.964 9 3.6 20.0
0 239.108 7 3.6 20.0
0 239.154 22 3.6 20.0
0 239.332 6 3.6 20.0
0 239.355 43 3.6 20.0
0 239.454 10 3.6 20.0
0 239.561 9 3.6 20.0
0 239.652 11 3.6 20.0
0 239.785 8 3.6 20.0
0 239.86 13 3.6 20.0
0 239.953 11 3.6 20.0
0 240.063 9 3.6 20.0
0 240.155 11 3.6 20.0
0 240.323 6 3.6 20.0
0 240.353 33 3.6 20.0
0 240.457 10 3.6 20.0
0 240.564 9 3.6 20.0
0 240.656 11 3.6 20.0
0 240.876 5 3.6 20.0
0 240.889 78 3.6 20.0
0 240.999 9 3.6 20.0
0 241.163 6 3.6 20.0
0 241.192 35 3.6 20.0
0 241.354 6 3.6 20.0
0 241.395 24 3.6 20.0
0 241.496 10 3.6 20.0
0 241.596 10 3.6 20.0
0 241.7 10 3.6 20.0
0 241.793 11 3.6 20.0
0 241.896 10 3.6 20.0
0 241.996 10 3.6 20.0
0 242.097 10 3.3 20.0
0 242.202 10 3.3 20.0
0 242.35 7 3.3 20.0
0 242.396 22 3.3 20.0
0 242.499 10 3.3 20.0
0 242.597 10 3.3 20.0
0 242.696 10 3.3 20.0
0 242.916 5 3.3 20.0
0 242.93 73 3.3 20.0
0 243.038 9 3.3 20.0
0 243.202 6 3.3 20.0
0 243.234 31 3.3 20.0
0 243.39 6 3.3 20.0
0 243.439 21 3.3 20.0
0 243.541 10 3.3 20.0
0 243.637 10 3.3 20.0
0 243.738 10 3.3 20.0
0 243.835 10 3.3 20.0
0 243.945 9 3.3 20.0
0 244.035 11 3.3 20.0
0 244.142 9 3.3 20.0
0 244.234 11 3.3 20.0
0 244.395 6 3.3 20.0
0 244.437 24 3.3 20.0
0 244.541 10 3.3 20.0
0 244.642 10 3.3 20.0
0 244.736 11 3.3 20.0
0 244.986 4 3.3 20.0
0 245.002 61 3.3 20.0
0 245.115 9 3.3 20.0
0 245.27 6 3.3 20.0
0 245.304 30 3.3 20.0
0 245.483 6 3.3 20.0
0 245.504 48 3.3 20.0
0 245.608 10 3.3 20.0
0 245.71 10 3.3 20.0
0 245.812 10 3.3 20.0
0 245.906 11 3.3 20.0
0 246.007 10 3.3 20.0
0 246.104 10 3.3 20.0
0 246.206 10 3.3 20.0
0 246.316 9 3.3 20.0
0 246.466 7 3.3 20.0
0 246.505 26 3.3 20.0
0 246.611 9 3.3 20.0
0 246.71 10 3.3 20.0
0 246.821 9 3.3 20.0
0 247.074 4 3.3 20.0
0 247.09 62 3.3 20.0
0 247.201 9 3.3 20.0
0 247.351 7 3.3 20.0
0 247.401 20 3.3 20.0
0 247.553 7 3.3 20.0
0 247.593 25 3.3 20.0
0 247.697 10 3.3 20.0
0 247.799 10 3.3 20.0
0 247.899 10 3.3 20.0
0 248.004 10 3.3 20.0
0 248.095 11 3.3 20.0
0 248.199 10 3.3 20.0
0 248.301 10 3.3 20.0
0 248.4 10 3.3 20.0
0 248.512 9 3.3 20.0
0 248.594 12 3.3 20.0
0 248.695 10 3.3 20.0
0 248.793 10 3.3 20.0
0 248.918 8 3.3 20.0
0 249.169 4 3.3 20.0
0 249.188 52 3.3 20.0
0 249.397 5 3.3 20.0
0 249.419 44 3.3 20.0
0 249.579 6 3.3 20.0
0 249.627 21 3.3 20.0
0 249.722 11 3.3 20.0
0 249.821 10 3.3 20.0
0 249.924 10 3.3 20.0
0 250.021 10 3.3 20.0
0 250.124 10 3.3 20.0
0 250.227 10 3.3 20.0
0 250.321 11 3.3 20.0
0 250.419 10 3.3 20.0
0 250.605 5 3.3 20.0
0 250.621 60 3.3 20.0
0 250.733 9 3.3 20.0
0 250.825 11 3.3 20.0
0 250.926 10 3.3 20.0
0 251.207 4 3.3 20.0
0 251.222 64 3.3 20.0
0 251.334 9 3.3 20.0
0 251.596 4 3.3 20.0
0 251.622 38 3.3 20.0
0 251.729 9 3.3 20.0
0 251.819 11 3.3 20.0
0 251.922 10 3.3 20.0
0 252.018 10 3.3 20.0
0 252.118 10 3.3 20.0
0 252.216 10 3.3 20.0
0 252.325 9 3.3 20.0
0 252.418 11 3.3 20.0
0 252.703 4 3.3 20.0
0 252.715 86 3.3 20.0
0 252.836 8 3.3 20.0
0 252.927 11 3.3 20.0
0 253.027 10 3.3 20.0
0 253.294 4 3.3 20.0
0 253.316 47 3.3 20.0
0 253.429 9 3.3 20.0
0 253.69 4 3.3 20.0
0 253.708 53 3.3 20.0
0 253.817 9 3.3 20.0
0 253.914 10 3.3 20.0
0 254.028 9 3.3 20.0
0 254.114 12 3.3 20.0
0 254.214 10 3.3 20.0
0 254.313 10 3.3 20.0
0 254.436 8 3.3 20.0
0 254.514 13 3.3 20.0
0 254.797 4 3.3 20.0
0 254.822 41 3.3 20.0
0 254.924 10 3.3 20.0
0 255.021 10 3.3 20.0
0 255.166 7 3.3 20.0
0 255.348 6 3.3 20.0
0 255.37 46 3.3 20.0
0 255.48 9 3.3 20.0
0 255.775 3 3.3 20.0
0 255.797 45 3.3 20.0
0 255.915 8 3.3 20.0
0 256.001 12 3.3 20.0
0 256.101 10 3.3 20.0
0 256.199 10 3.3 20.0
0 256.301 10 3.3 20.0
0 256.404 10 3.3 20.0
0 256.507 10 3.3 20.0
0 256.759 4 3.3 20.0
0 256.957 5 3.3 20.0
0 256.986 34 3.3 20.0
0 257.092 9 3.3 20.0
0 257.182 11 3.3 20.0
0 257.293 9 3.3 20.0
0 257.457 6 3.3 20.0
0 257.486 35 3.3 20.0
0 257.822 3 3.3 20.0
0 257.847 39 3.3 20.0
0 257.948 10 3.3 20.0
0 258.045 10 3.3 20.0
0 258.153 9 3.3 20.0
0 258.254 10 3.3 20.0
0 258.355 10 3.3 20.0
0 258.449 11 3.3 20.0
0 258.55 10 3.3 20.0
0 258.663 9 3.3 20.0
0 258.807 7 3.3 20.0
0 259.015 5 3.3 20.0
0 259.035 49 3.3 20.0
0 259.144 9 3.3 20.0
0 259.245 10 3.3 20.0
0 259.557 3 3.3 20.0
0 259.581 42 3.3 20.0
0 259.861 4 3.3 20.0
0 259.893 31 3.3 20.0
0 259.985 11 3.3 20.0
0 260.095 9 3.3 20.0
0 260.203 9 3.3 20.0
0 260.287 12 3.3 20.0
0 260.392 10 3.3 20.0
0 260.492 10 3.3 20.0
0 260.594 10 3.3 20.0
0 260.687 11 3.3 20.0
0 260.845 6 3.3 20.0
0 261.05 5 3.3 20.0
0 261.072 46 3.3 20.0
0 261.184 9 3.3 20.0
0 261.276 11 3.3 20.0
0 261.581 3 3.3 20.0
0 261.606 41 3.3 20.0
0 261.886 4 3.3 20.0
0 261.95 16 3.3 20.0
0 262.008 17 3.3 20.0
0 262.119 9 4.3 20.0
0 262.21 11 4.3 20.0
0 262.317 9 4.3 20.0
0 262.415 10 4.3 20.0
0 262.511 10 4.3 20.0
0 262.618 9 4.3 20.0
0 262.71 11 4.3 20.0
0 262.871 6 4.3 20.0
0 263.089 5 4.3 20.0
0 263.112 44 4.3 20.0
0 263.223 9 4.3 20.0
0 263.313 11 4.3 20.0
0 263.41 10 4.3 20.0
0 263.629 5 4.3 20.0
0 263.649 50 4.3 20.0
0 263.943 3 4.3 20.0
0 263.959 63 4.3 20.0
0 264.07 9 4.3 20.0
0 264.167 10 4.3 20.0
0 264.266 10 4.3 20.0
0 264.37 10 4.3 20.0
0 264.469 10 4.3 20.0
0 264.568 10 4.3 20.0
0 264.673 9 4.3 20.0
0 264.771 10 4.3 20.0
0 264.92 7 4.3 20.0
0 265.127 5 4.3 20.0
0 265.151 42 4.3 20.0
0 265.28 8 4.3 20.0
0 265.356 13 4.3 20.0
0 265.452 10 4.3 20.0
0 265.657 5 4.3 20.0
0 265.678 47 4.3 20.0
0 266.031 3 4.3 20.0
0 266.053 45 4.3 20.0
0 266.155 10 4.3 20.0
0 266.258 10 4.3 20.0
0 266.367 9 4.3 20.0
0 266.457 11 4.3 20.0
0 266.571 9 4.3 20.0
0 266.656 12 4.3 20.0
0 266.758 10 4.3 20.0
0 266.861 10 4.3 20.0
0 267.081 5 4.3 20.0
0 267.282 5 4.3 20.0
0 267.305 44 4.3 20.0
0 267.414 9 4.3 20.0
0 267.508 11 4.3 20.0
0 267.722 5 4.3 20.0
0 267.749 37 4.3 20.0
0 268.122 3 4.3 20.0
0 268.143 48 4.3 20.0
0 268.26 9 4.3 20.0
0 268.346 12 4.3 20.0
0 268.447 10 4.3 20.0
0 268.547 10 4.3 20.0
0 268.653 9 4.3 20.0
0 268.748 11 4.3 20.0
0 268.859 9 4.3 20.0
0 268.947 11 4.3 20.0
0 269.101 6 4.3 20.0
0 269.149 21 4.3 20.0
0 269.362 5 4.3 20.0
0 269.398 28 4.3 20.0
0 269.492 11 4.3 20.0
0 269.62 8 4.3 20.0
0 269.796 6 4.3 20.0
0 269.818 44 4.3 20.0
0 270.195 3 4.3 20.0
0 270.217 46 4.3 20.0
0 270.321 10 4.3 20.0
0 270.413 11 4.3 20.0
0 270.522 9 4.3 20.0
0 270.619 10 4.3 20.0
0 270.734 9 4.3 20.0
0 270.818 12 4.3 20.0
0 270.917 10 4.3 20.0
0 271.024 9 4.3 20.0
0 271.198 6 4.3 20.0
0 271.221 45 4.3 20.0
0 271.443 5 4.3 20.0
0 271.472 34 4.3 20.0
0 271.581 9 4.3 20.0
0 271.67 11 4.3 20.0
0 271.882 5 4.3 20.0
0 271.908 39 4.3 20.0
0 272.327 2 4.0 20.0
0 272.349 46 4.0 20.0
0 272.454 10 4.0 20.0
0 272.551 10 4.0 20.0
0 272.657 9 4.0 20.0
0 272.752 10 4.0 20.0
0 272.855 10 4.0 20.0
0 272.952 10 4.0 20.0
0 273.054 10 4.0 20.0
0 273.256 5 4.0 20.0
0 273.283 36 4.0 20.0
0 273.493 5 4.0 20.0
0 273.514 47 4.0 20.0
0 273.622 9 4.0 20.0
0 273.722 10 4.0 20.0
0 273.822 10 4.0 20.0
0 273.918 10 4.0 20.0
0 274.022 10 4.0 20.0
0 274.394 3 4.0 20.0
0 274.419 39 4.0 20.0
0 274.575 6 4.0 20.0
0 274.628 19 4.0 20.0
0 274.72 11 4.0 20.0
0 274.821 10 4.0 20.0
0 274.937 9 4.0 20.0
0 275.018 12 4.0 20.0
0 275.127 9 4.0 20.0
0 275.393 4 4.0 20.0
0 275.529 7 4.0 20.0
0 275.563 30 4.0 20.0
0 275.668 10 4.0 20.0
0 275.754 12 4.0 20.0
0 275.852 10 4.0 20.0
0 275.954 10 4.0 20.0
0 276.064 9 4.0 20.0
0 276.437 3 4.0 20.0
0 276.461 41 4.0 20.0
0 276.568 9 4.0 20.0
0 276.736 6 4.0 20.0
0 276.764 36 4.0 20.0
0 276.862 10 4.0 20.0
0 276.969 9 4.0 20.0
0 277.072 10 4.0 20.0
0 277.426 3 4.0 20.0
0 277.569 7 4.0 20.0
0 277.596 37 4.0 20.0
0 277.698 10 4.0 20.0
0 277.796 10 4.0 20.0
0 277.897 10 4.0 20.0
0 277.998 10 4.0 20.0
0 278.103 9 4.0 20.0
0 278.472 3 4.0 20.0
0 278.487 68 4.0 20.0
0 278.612 8 4.0 20.0
0 278.752 7 4.0 20.0
0 278.792 25 4.0 20.0
0 278.899 9 4.0 20.0
0 279.001 10 4.0 20.0
0 279.097 10 4.0 20.0
0 279.211 9 4.0 20.0
0 279.3 11 4.0 20.0
0 279.691 3 4.0 20.0
0 279.734 24 4.0 20.0
0 279.82 12 4.0 20.0
0 279.917 10 4.0 20.0
0 280.016 10 4.0 20.0
0 280.118 10 4.0 20.0
0 280.427 3 4.0 20.0
0 280.551 8 4.0 20.0
0 280.572 49 4.0 20.0
0 280.677 9 4.0 20.0
0 280.885 5 4.0 20.0
0 280.906 48 4.0 20.0
0 281.014 9 4.0 20.0
0 281.109 11 4.0 20.0
0 281.206 10 4.0 20.0
0 281.309 10 4.0 20.0
0 281.711 2 4.0 20.0
0 281.722 85 4.0 20.0
0 281.836 9 4.0 20.0
0 281.939 10 4.0 20.0
0 282.038 10 4.0 20.0
0 282.142 10 4.0 20.0
0 282.326 5 4.0 20.0
0 282.348 45 4.2 20.0
0 282.449 10 4.2 20.0
0 282.612 6 4.2 20.0
0 282.648 27 4.2 20.0
0 282.747 10 4.2 20.0
0 282.962 5 4.2 20.0
0 282.981 52 4.2 20.0
0 283.088 9 4.2 20.0
0 283.186 10 4.2 20.0
0 283.285 10 4.2 20.0
0 283.392 9 4.2 20.0
0 283.787 3 4.2 20.0
0 283.801 71 4.2 20.0
0 283.913 9 4.2 20.0
0 284.005 11 4.2 20.0
0 284.109 10 4.2 20.0
0 284.217 9 4.2 20.0
0 284.31 11 4.2 20.0
0 284.408 10 4.2 20.0
0 284.506 10 4.2 20.0
0 284.677 6 4.2 20.0
0 284.724 21 4.2 20.0
0 284.863 7 4.2 20.0
0 285.013 7 4.2 20.0
0 285.032 52 4.2 20.0
0 285.137 10 4.2 20.0
0 285.283 7 4.2 20.0
0 285.336 19 4.2 20.0
0 285.482 7 4.2 20.0
0 285.54 17 4.2 20.0
0 285.749 5 4.2 20.0
0 285.765 62 4.2 20.0
0 285.985 5 4.2 20.0
0 286.007 46 4.2 20.0
0 286.108 10 4.2 20.0
0 286.202 11 4.2 20.0
0 286.308 9 4.2 20.0
0 286.408 10 4.2 20.0
0 286.514 9 4.2 20.0
0 286.608 11 4.2 20.0
0 286.782 6 4.2 20.0
0 286.801 52 4.2 20.0
0 287.021 5 4.2 20.0
0 287.032 91 4.2 20.0
0 287.147 9 4.2 20.0
0 287.377 4 4.2 20.0
0 287.388 88 4.2 20.0
0 287.497 9 4.2 20.0
0 287.607 9 4.2 20.0
0 287.817 5 4.2 20.0
0 287.835 55 4.2 20.0
0 287.957 8 4.2 20.0
0 288.039 12 4.2 20.0
0 288.152 9 4.2 20.0
0 288.24 11 4.2 20.0
0 288.341 10 4.2 20.0
0 288.436 10 4.2 20.0
0 288.535 10 4.2 20.0
0 288.637 10 4.2 20.0
0 288.836 5 4.2 20.0
0 288.844 121 4.2 20.0
0 289.063 5 4.2 20.0
0 289.078 69 4.2 20.0
0 289.187 9 4.2 20.0
0 289.29 10 4.2 20.0
0 289.387 10 4.2 20.0
0 289.486 10 4.2 20.0
0 289.584 10 4.2 20.0
0 289.694 9 4.2 20.0
0 290.045 3 4.2 20.0
0 290.17 8 4.2 20.0
0 290.189 53 4.2 20.0
0 290.342 7 4.2 20.0
0 290.403 16 4.2 20.0
0 290.495 11 4.2 20.0
0 290.594 10 4.2 20.0
0 290.689 11 4.2 20.0
0 290.897 5 4.2 20.0
0 290.915 54 4.2 20.0
0 291.132 5 4.2 20.0
0 291.148 65 4.2 20.0
0 291.259 9 4.2 20.0
0 291.353 11 4.2 20.0
0 291.456 10 4.2 20.0
0 291.553 10 4.2 20.0
0 291.661 9 4.2 20.0
0 291.756 10 4.2 20.0
0 292.102 3 4.2 20.0
0 292.176 13 4.2 20.0
0 292.228 19 4.2 20.0
0 292.347 8 4.2 20.0
0 292.432 12 3.9 20.0
0 292.552 8 3.9 20.0
0 292.631 13 3.9 20.0
0 292.733 10 3.9 20.0
0 292.93 5 3.9 20.0
0 292.948 57 3.9 20.0
0 293.158 5 3.9 20.0
0 293.172 68 3.9 20.0
0 293.288 9 3.9 20.0
0 293.379 11 3.9 20.0
0 293.481 10 3.9 20.0
0 293.577 10 3.9 20.0
0 293.683 9 3.9 20.0
0 293.789 9 3.9 20.0
0 294.023 4 3.9 20.0
0 294.033 98 3.9 20.0
0 294.222 5 3.9 20.0
0 294.246 41 3.9 20.0
0 294.352 10 3.9 20.0
0 294.443 11 3.9 20.0
0 294.547 10 3.9 20.0
0 294.651 10 3.9 20.0
0 294.758 9 3.9 20.0
0 294.966 5 3.9 20.0
0 295.026 17 3.9 20.0
0 295.2 6 3.9 20.0
0 295.221 49 3.9 20.0
0 295.357 7 3.9 20.0
0 295.437 13 3.9 20.0
0 295.533 10 3.9 20.0
0 295.628 11 3.9 20.0
0 295.726 10 3.9 20.0
0 295.824 10 3.9 20.0
0 296.099 4 3.9 20.0
0 296.122 44 3.9 20.0
0 296.336 5 3.9 20.0
0 296.362 39 3.9 20.0
0 296.468 9 3.9 20.0
0 296.564 10 3.9 20.0
0 296.666 10 3.9 20.0
0 296.77 10 3.9 20.0
0 296.967 5 3.9 20.0
0 296.986 53 3.9 20.0
0 297.093 9 3.9 20.0
0 297.305 5 3.9 20.0
0 297.344 26 3.9 20.0
0 297.439 11 3.9 20.0
0 297.57 8 3.9 20.0
0 297.64 14 3.9 20.0
0 297.733 11 3.9 20.0
0 297.836 10 3.9 20.0
0 298.043 5 3.9 20.0
0 298.061 55 3.9 20.0
0 298.165 10 3.9 20.0
0 298.385 5 3.9 20.0
0 298.412 38 3.9 20.0
0 298.505 11 3.9 20.0
0 298.604 10 3.9 20.0
0 298.703 10 3.9 20.0
0 298.807 10 3.9 20.0
0 299.047 4 3.9 20.0
0 299.054 152 3.9 20.0
0 299.168 9 3.9 20.0
0 299.264 10 3.9 20.0
0 299.368 10 3.9 20.0
0 299.473 9 3.9 20.0
0 299.572 10 3.9 20.0
0 299.668 10 3.9 20.0
0 299.776 9 3.9 20.0
0 299.864 11 3.9 20.0
0 300.402 2 3.9 20.0
0 300.441 26 3.9 20.0
0 300.581 7 3.9 20.0
0 300.622 24 3.9 20.0
0 300.728 9 3.9 20.0
0 300.823 11 3.9 20.0
0 301.032 5 3.9 20.0
0 301.053 48 3.9 20.0
0 301.157 10 3.9 20.0
0 301.262 10 3.9 20.0
0 301.36 10 3.9 20.0
0 301.455 11 3.9 20.0
0 301.56 10 3.9 20.0
0 301.654 11 3.9 20.0
0 301.756 10 3.9 20.0
0 301.856 10 3.9 20.0
0 301.953 10 3.9 20.0
0 302.177 4 3.9 20.0
0 302.195 57 3.9 20.0
0 302.531 3 3.8 20.0
0 302.626 11 3.8 20.0
0 302.647 48 3.8 20.0
0 302.757 9 3.8 20.0
0 302.857 10 3.8 20.0
0 303.059 5 3.8 20.0
0 303.079 51 3.8 20.0
0 303.188 9 3.8 20.0
0 303.28 11 3.8 20.0
0 303.382 10 3.8 20.0
0 303.481 10 3.8 20.0
0 303.581 10 3.8 20.0
0 303.692 9 3.8 20.0
0 303.785 11 3.8 20.0
0 303.884 10 3.8 20.0
0 303.98 10 3.8 20.0
0 304.224 4 3.8 20.0
0 304.231 152 3.8 20.0
0 304.582 3 3.8 20.0
0 304.604 45 3.8 20.0
0 304.707 10 3.8 20.0
0 304.805 10 3.8 20.0
0 304.908 10 3.8 20.0
0 305.111 5 3.8 20.0
0 305.159 21 3.8 20.0
0 305.238 13 3.8 20.0
0 305.333 11 3.8 20.0
0 305.461 8 3.8 20.0
0 305.533 14 3.8 20.0
0 305.634 10 3.8 20.0
0 305.736 10 3.8 20.0
0 305.833 10 3.8 20.0
0 305.932 10 3.8 20.0
0 306.031 10 3.8 20.0
0 306.3 4 3.8 20.0
0 306.315 70 3.8 20.0
0 306.653 3 3.8 20.0
0 306.673 49 3.8 20.0
0 306.775 10 3.8 20.0
0 306.881 9 3.8 20.0
0 306.977 10 3.8 20.0
0 307.073 10 3.8 20.0
0 307.175 10 3.8 20.0
0 307.275 10 3.8 20.0
0 307.378 10 3.8 20.0
0 307.476 10 3.8 20.0
0 307.578 10 3.8 20.0
0 307.676 10 3.8 20.0
0 307.772 10 3.8 20.0
0 307.871 10 3.8 20.0
0 307.984 9 3.8 20.0
0 308.081 10 3.8 20.0
0 308.331 4 3.8 20.0
0 308.337 168 3.8 20.0
0 308.685 3 3.8 20.0
0 308.716 33 3.8 20.0
0 308.811 11 3.8 20.0
0 308.906 10 3.8 20.0
0 309.008 10 3.8 20.0
0 309.108 10 3.8 20.0
0 309.243 7 3.8 20.0
0 309.316 14 3.8 20.0
0 309.409 11 3.8 20.0
0 309.505 10 3.8 20.0
0 309.612 9 3.8 20.0
0 309.708 10 3.8 20.0
0 309.815 9 3.8 20.0
0 309.917 10 3.8 20.0
0 310.006 11 3.8 20.0
0 310.108 10 3.8 20.0
0 310.343 4 3.8 20.0
0 310.362 53 3.8 20.0
0 310.695 3 3.8 20.0
0 310.716 47 3.8 20.0
0 310.819 10 3.8 20.0
0 310.926 9 3.8 20.0
0 311.021 11 3.8 20.0
0 311.117 10 3.8 20.0
0 311.217 10 3.8 20.0
0 311.317 10 3.8 20.0
0 311.414 10 3.8 20.0
0 311.524 9 3.8 20.0
0 311.618 11 3.8 20.0
0 311.72 10 3.8 20.0
0 311.818 10 3.8 20.0
0 311.919 10 3.8 20.0
0 312.018 10 3.8 20.0
0 312.129 9 3.8 20.0
0 312.439 3 3.8 20.0
0 312.46 49 3.8 20.0
0 312.841 3 3.7 20.0
0 312.87 35 3.7 20.0
0 312.971 10 3.7 20.0
0 313.066 11 3.7 20.0
0 313.165 10 3.7 20.0
0 313.265 10 3.7 20.0
0 313.377 9 3.7 20.0
0 313.464 12 3.7 20.0
0 313.563 10 3.7 20.0
0 313.665 10 3.7 20.0
0 313.767 10 3.7 20.0
0 313.864 10 3.7 20.0
0 313.975 9 3.7 20.0
0 314.066 11 3.7 20.0
0 314.173 9 3.7 20.0
0 314.432 4 3.7 20.0
0 314.451 54 3.7 20.0
0 314.562 9 3.7 20.0
0 314.925 3 3.7 20.0
0 314.943 55 3.7 20.0
0 315.051 9 3.7 20.0
0 315.155 10 3.7 20.0
0 315.245 11 3.7 20.0
0 315.348 10 3.7 20.0
0 315.447 10 3.7 20.0
0 315.544 10 3.7 20.0
0 315.657 9 3.7 20.0
0 315.747 11 3.7 20.0
0 315.848 10 3.7 20.0
0 315.946 10 3.7 20.0
0 316.048 10 3.7 20.0
0 316.154 9 3.7 20.0
0 316.249 11 3.7 20.0
0 316.509 4 3.7 20.0
0 316.525 64 3.7 20.0
0 316.634 9 3.7 20.0
0 317.012 3 3.7 20.0
0 317.031 53 3.7 20.0
0 317.136 9 3.7 20.0
0 317.236 10 3.7 20.0
0 317.459 4 3.7 20.0
0 317.468 108 3.7 20.0
0 317.583 9 3.7 20.0
0 317.684 10 3.7 20.0
0 317.798 9 3.7 20.0
0 317.878 12 3.7 20.0
0 317.98 10 3.7 20.0
0 318.082 10 3.7 20.0
0 318.178 10 3.7 20.0
0 318.282 10 3.7 20.0
0 318.547 4 3.7 20.0
0 318.566 51 3.7 20.0
0 318.671 10 3.7 20.0
0 318.873 5 3.7 20.0
0 318.891 57 3.7 20.0
0 319.053 6 3.7 20.0
0 319.102 20 3.7 20.0
0 319.194 11 3.7 20.0
0 319.294 10 3.7 20.0
0 319.392 10 3.7 20.0
0 319.552 6 3.7 20.0
0 319.603 19 3.7 20.0
0 319.696 11 3.7 20.0
0 319.796 10 3.7 20.0
0 319.896 10 3.7 20.0
0 319.998 10 3.7 20.0
0 320.104 9 3.7 20.0
0 320.195 11 3.7 20.0
0 320.293 10 3.7 20.0
0 320.557 4 3.7 20.0
0 320.572 66 3.7 20.0
0 320.687 9 3.7 20.0
0 320.883 5 3.7 20.0
0 320.899 62 3.7 20.0
0 321.066 6 3.7 20.0
0 321.107 24 3.7 20.0
0 321.215 9 3.7 20.0
0 321.304 11 3.7 20.0
0 321.406 10 3.7 20.0
0 321.565 6 3.7 20.0
0 321.61 22 3.7 20.0
0 321.717 9 3.7 20.0
0 321.809 11 3.7 20.0
0 321.907 10 3.7 20.0
0 322.011 10 3.7 20.0
0 322.111 10 3.7 20.0
0 322.206 11 3.7 20.0
0 322.314 9 3.7 20.0
0 322.578 4 3.7 20.0
0 322.595 59 3.7 20.0
0 322.701 9 3.7 20.0
0 322.91 5 3.5 20.0
0 322.936 39 3.5 20.0
0 323.139 5 3.5 20.0
0 323.161 45 3.5 20.0
0 323.267 9 3.5 20.0
0 323.362 10 3.5 20.0
0 323.476 9 3.5 20.0
0 323.621 7 3.5 20.0
0 323.66 26 3.5 20.0
0 323.768 9 3.5 20.0
0 323.86 11 3.5 20.0
0 323.966 9 3.5 20.0
0 324.069 10 3.5 20.0
0 324.16 11 3.5 20.0
0 324.262 10 3.5 20.0
0 324.366 10 3.5 20.0
0 324.696 3 3.5 20.0
0 324.711 67 3.5 20.0
0 324.922 5 3.5 20.0
0 324.938 64 3.5 20.0
0 325.145 5 3.5 20.0
0 325.163 56 3.5 20.0
0 325.279 9 3.5 20.0
0 325.366 12 3.5 20.0
0 325.469 10 3.5 20.0
0 325.632 6 3.5 20.0
0 325.667 28 3.5 20.0
0 325.81 7 3.5 20.0
0 325.873 16 3.5 20.0
0 325.97 10 3.5 20.0
0 326.065 10 3.5 20.0
0 326.167 10 3.5 20.0
0 326.266 10 3.5 20.0
0 326.379 9 3.5 20.0
0 326.468 11 3.5 20.0
0 326.567 10 3.5 20.0
0 326.771 5 3.5 20.0
0 326.788 58 3.5 20.0
0 327.018 4 3.5 20.0
0 327.03 82 3.5 20.0
0 327.246 5 3.5 20.0
0 327.26 72 3.5 20.0
0 327.367 9 3.5 20.0
0 327.471 10 3.5 20.0
0 327.57 10 3.5 20.0
0 327.732 6 3.5 20.0
0 327.768 28 3.5 20.0
0 327.87 10 3.5 20.0
0 327.973 10 3.5 20.0
0 328.067 11 3.5 20.0
0 328.167 10 3.5 20.0
0 328.27 10 3.5 20.0
0 328.365 11 3.5 20.0
0 328.474 9 3.5 20.0
0 328.563 11 3.5 20.0
0 328.668 10 3.5 20.0
0 328.874 5 3.5 20.0
0 328.888 73 3.5 20.0
0 329.0 9 3.5 20.0
0 329.094 11 3.5 20.0
0 329.299 5 3.5 20.0
0 329.321 46 3.5 20.0
0 329.419 10 3.5 20.0
0 329.525 9 3.5 20.0
0 329.618 11 3.5 20.0
0 329.789 6 3.5 20.0
0 329.817 35 3.5 20.0
0 329.916 10 3.5 20.0
0 330.023 9 3.5 20.0
0 330.124 10 3.5 20.0
0 330.22 10 3.5 20.0
0 330.323 10 3.5 20.0
0 330.418 10 3.5 20.0
0 330.523 10 3.5 20.0
0 330.624 10 3.5 20.0
0 330.736 9 3.5 20.0
0 330.971 4 3.5 20.0
0 330.983 82 3.5 20.0
0 331.088 9 3.5 20.0
0 331.193 10 3.5 20.0
0 331.399 5 3.5 20.0
0 331.417 55 3.5 20.0
0 331.52 10 3.5 20.0
0 331.622 10 3.5 20.0
0 331.72 10 3.5 20.0
0 331.873 7 3.5 20.0
0 331.924 20 3.5 20.0
0 332.02 10 3.5 20.0
0 332.117 10 3.5 20.0
0 332.228 9 3.5 20.0
0 332.319 11 3.5 20.0
0 332.421 10 3.5 20.0
0 332.518 10 3.5 20.0
0 332.619 10 3.5 20.0
0 332.721 10 3.5 20.0
0 332.933 5 3.5 20.1
0 332.946 76 3.5 20.1
0 333.051 9 3.5 20.1
0 333.153 10 3.5 20.1
0 333.253 10 3.5 20.1
0 333.46 5 3.5 20.1
0 333.486 38 3.5 20.1
0 333.636 7 3.5 20.1
0 333.683 21 3.5 20.1
0 333.779 10 3.5 20.1
0 333.941 6 3.5 20.1
0 333.991 20 3.5 20.1
0 334.08 11 3.5 20.1
0 334.186 9 3.5 20.1
0 334.283 10 3.5 20.1
0 334.382 10 3.5 20.1
0 334.49 9 3.5 20.1
0 334.584 11 3.5 20.1
0 334.681 10 3.5 20.1
0 334.787 9 3.5 20.1
0 335.004 5 3.5 20.1
0 335.024 51 3.5 20.1
0 335.125 10 3.5 20.1
0 335.226 10 3.5 20.1
0 335.324 10 3.5 20.1
0 335.533 5 3.5 20.1
0 335.56 37 3.5 20.1
0 335.74 6 3.5 20.1
0 335.755 68 3.5 20.1
0 335.865 9 3.5 20.1
0 336.193 3 3.5 20.1
0 336.211 56 3.5 20.1
0 336.479 4 3.5 20.1
0 336.492 79 3.5 20.1
0 336.605 9 3.5 20.1
0 336.707 10 3.5 20.1
0 336.806 10 3.5 20.1
0 337.014 5 3.5 20.1
0 337.029 65 3.5 20.1
0 337.197 6 3.5 20.1
0 337.246 20 3.5 20.1
0 337.352 9 3.5 20.1
0 337.548 5 3.5 20.1
0 337.572 42 3.5 20.1
0 337.731 6 3.5 20.1
0 337.773 24 3.5 20.1
0 337.876 10 3.5 20.1
0 337.994 8 3.5 20.1
0 338.244 4 3.5 20.1
0 338.261 57 3.5 20.1
0 338.375 9 3.5 20.1
0 338.469 11 3.5 20.1
0 338.626 6 3.5 20.1
0 338.666 25 3.5 20.1
0 338.772 9 3.5 20.1
0 338.869 10 3.5 20.1
0 339.083 5 3.5 20.1
0 339.104 48 3.5 20.1
0 339.266 6 3.5 20.1
0 339.309 23 3.5 20.1
0 339.401 11 3.5 20.1
0 339.508 9 3.5 20.1
0 339.614 9 3.5 20.1
0 339.764 7 3.5 20.1
0 339.809 22 3.5 20.1
0 339.9 11 3.5 20.1
0 340.006 9 3.5 20.1
0 340.337 3 3.5 20.1
0 340.359 45 3.5 20.1
0 340.459 10 3.5 20.1
0 340.565 9 3.5 20.1
0 340.738 6 3.5 20.1
0 340.754 60 3.5 20.1
0 340.867 9 3.5 20.1
0 340.961 11 3.5 20.1
0 341.168 5 3.5 20.1
0 341.191 43 3.5 20.1
0 341.375 5 3.5 20.1
0 341.398 44 3.5 20.1
0 341.497 10 3.5 20.1
0 341.598 10 3.5 20.1
0 341.696 10 3.5 20.1
0 341.866 6 3.5 20.1
0 341.9 29 3.5 20.1
0 341.998 10 3.5 20.1
0 342.095 10 3.5 20.1
0 342.421 3 3.5 20.1
0 342.438 58 3.5 20.1
0 342.542 10 3.5 20.1
0 342.645 10 3.5 20.1
0 342.799 6 3.5 20.1
0 342.842 24 3.5 20.1
0 342.95 9 3.9 20.1
0 343.066 9 3.9 20.1
0 343.226 6 3.9 20.1
0 343.234 133 3.9 20.1
0 343.404 6 3.9 20.1
0 343.453 20 3.9 20.1
0 343.541 11 3.9 20.1
0 343.657 9 3.9 20.1
0 343.746 11 3.9 20.1
0 343.904 6 3.9 20.1
0 343.945 25 3.9 20.1
0 344.057 9 3.9 20.1
0 344.147 11 3.9 20.1
0 344.466 3 3.9 20.1
0 344.486 49 3.9 20.1
0 344.6 9 3.9 20.1
0 344.685 12 3.9 20.1
0 344.849 6 3.9 20.1
0 344.886 27 3.9 20.1
0 344.989 10 3.9 20.1
0 345.084 11 3.9 20.1
0 345.195 9 3.9 20.1
0 345.289 11 3.9 20.1
0 345.442 7 3.9 20.1
0 345.489 21 3.9 20.1
0 345.585 10 3.9 20.1
0 345.707 8 3.9 20.1
0 345.817 9 3.9 20.1
0 345.904 11 3.9 20.1
0 345.99 12 3.9 20.1
0 346.09 10 3.9 20.1
0 346.214 8 3.9 20.1
0 346.589 3 3.9 20.1
0 346.603 68 3.9 20.1
0 346.71 9 3.9 20.1
0 346.875 6 3.9 20.1
0 346.914 25 3.9 20.1
0 347.009 11 3.9 20.1
0 347.12 9 3.9 20.1
0 347.21 11 3.9 20.1
0 347.314 10 3.9 20.1
0 347.473 6 3.9 20.1
0 347.516 23 3.9 20.1
0 347.613 10 3.9 20.1
0 347.718 10 3.9 20.1
0 347.813 11 3.9 20.1
0 347.977 6 3.9 20.1
0 348.017 25 3.9 20.1
0 348.113 10 3.9 20.1
0 348.224 9 3.9 20.1
0 348.58 3 3.9 20.1
0 348.598 56 3.9 20.1
0 348.703 10 3.9 20.1
0 348.809 9 3.9 20.1
0 348.966 6 3.9 20.1
0 348.998 31 3.9 20.1
0 349.105 9 3.9 20.1
0 349.2 11 3.9 20.1
0 349.3 10 3.9 20.1
0 349.406 9 3.9 20.1
0 349.608 5 3.9 20.1
0 349.629 49 3.9 20.1
0 349.73 10 3.9 20.1
0 349.828 10 3.9 20.1
0 349.99 6 3.9 20.1
0 350.029 26 3.9 20.1
0 350.136 9 3.9 20.1
0 350.231 11 3.9 20.1
0 350.499 4 3.9 20.1
0 350.515 62 3.9 20.1
0 350.624 9 3.9 20.1
0 350.723 10 3.9 20.1
0 350.821 10 3.9 20.1
0 350.982 6 3.9 20.1
0 351.029 21 3.9 20.1
0 351.122 11 3.9 20.1
0 351.248 8 3.9 20.1
0 351.321 14 3.9 20.1
0 351.422 10 3.9 20.1
0 351.646 4 3.9 20.1
0 351.661 65 3.9 20.1
0 351.773 9 3.9 20.1
0 351.868 11 3.9 20.1
0 352.027 6 3.9 20.1
0 352.065 26 3.9 20.1
0 352.172 9 3.9 20.1
0 352.265 11 3.9 20.1
0 352.543 4 3.9 20.1
0 352.557 73 3.9 20.1
0 352.665 9 3.9 20.1
0 352.76 10 3.9 20.1
0 352.862 10 3.9 20.1
0 353.026 6 3.9 20.1
0 353.065 26 3.9 20.1
0 353.235 6 3.9 20.1
0 353.264 35 3.9 20.1
0 353.364 10 3.9 20.1
0 353.464 10 3.9 20.1
0 353.68 5 3.9 20.1
0 353.697 58 3.9 20.1
0 353.806 9 3.9 20.1
0 353.9 11 3.9 20.1
0 354.066 6 3.9 20.1
0 354.11 23 3.9 20.1
0 354.203 11 3.9 20.1
0 354.3 10 3.9 20.1
0 354.569 4 3.9 20.1
0 354.587 56 3.9 20.1
0 354.703 9 3.9 20.1
0 354.791 11 3.9 20.1
0 354.889 10 3.9 20.1
0 355.053 6 3.9 20.1
0 355.093 25 3.9 20.1
0 355.195 10 3.9 20.1
0 355.297 10 3.9 20.1
0 355.389 11 3.9 20.1
0 355.488 10 3.9 20.1
0 355.702 5 3.9 20.1
0 355.719 60 3.9 20.1
0 355.849 8 3.9 20.1
0 355.924 13 3.9 20.1
0 356.09 6 3.9 20.1
0 356.118 36 3.9 20.1
0 356.25 8 3.9 20.1
0 356.334 12 3.9 20.1
0 356.594 4 3.9 20.1
0 356.612 56 3.9 20.1
0 356.719 9 3.9 20.1
0 356.819 10 3.9 20.1
0 356.928 9 3.9 20.1
0 357.075 7 3.9 20.1
0 357.117 24 3.9 20.1
0 357.216 10 3.9 20.1
0 357.325 9 3.9 20.1
0 357.417 11 3.9 20.1
0 357.529 9 3.9 20.1
0 357.733 5 3.9 20.1
0 357.758 41 3.9 20.1
0 357.86 10 3.9 20.1
0 357.957 10 3.9 20.1
0 358.169 5 3.9 20.1
0 358.185 66 3.9 20.1
0 358.298 9 3.9 20.1
0 358.396 10 3.9 20.1
0 358.651 4 3.9 20.1
0 358.671 49 3.9 20.1
0 358.772 10 3.9 20.1
0 358.868 10 3.9 20.1
0 358.973 10 3.9 20.1
0 359.126 7 3.9 20.1
0 359.178 19 3.9 20.1
0 359.269 11 3.9 20.1
0 359.372 10 3.9 20.1
0 359.474 10 3.9 20.1
0 359.572 10 3.9 20.1
0 359.787 5 3.9 20.1
0 359.806 53 3.9 20.1
0 359.909 10 3.9 20.1
0 360.012 10 3.9 20.1
0 360.21 5 3.9 20.1
0 360.224 71 3.9 20.1
0 360.333 9 3.9 20.1
0 360.429 10 3.9 20.1
0 360.603 6 3.9 20.1
0 360.63 37 3.9 20.1
0 360.733 10 3.9 20.1
0 360.826 11 3.9 20.1
0 360.955 8 3.9 20.1
0 361.032 13 3.9 20.1
0 361.192 6 3.9 20.1
0 361.227 28 3.9 20.1
0 361.335 9 3.9 20.1
0 361.431 10 3.9 20.1
0 361.538 9 3.9 20.1
0 361.851 3 3.9 20.1
0 361.865 73 3.9 20.1
0 361.97 9 3.9 20.1
0 362.076 9 3.9 20.1
0 362.273 5 3.9 20.1
0 362.286 78 3.9 20.1
0 362.399 9 3.9 20.1
0 362.496 10 3.9 20.1
0 362.661 6 3.9 20.1
0 362.694 30 3.9 20.1
0 362.893 5 3.9 20.1
0 362.903 106 3.9 20.1
0 363.012 9 3.9 20.1
0 363.111 10 3.6 20.1
0 363.276 6 3.6 20.1
0 363.328 19 3.6 20.1
0 363.42 11 3.6 20.1
0 363.516 10 3.6 20.1
0 363.75 4 3.6 20.1
0 363.757 149 3.6 20.1
0 363.87 9 3.6 20.1
0 363.973 10 3.6 20.1
0 364.071 10 3.6 20.1
0 364.168 10 3.6 20.1
0 364.381 5 3.6 20.1
0 364.394 78 3.6 20.1
0 364.508 9 3.6 20.1
0 364.711 5 3.6 20.1
0 364.797 12 3.6 20.1
0 364.834 27 3.6 20.1
0 364.933 10 3.6 20.1
0 365.042 9 3.6 20.1
0 365.129 11 3.6 20.1
0 365.292 6 3.6 20.1
0 365.332 25 3.6 20.1
0 365.437 9 3.6 20.1
0 365.534 10 3.6 20.1
0 365.637 10 3.6 20.1
0 365.785 7 3.6 20.1
0 365.832 21 3.6 20.1
0 365.938 9 3.6 20.1
0 366.033 11 3.6 20.1
0 366.139 9 3.6 20.1
0 366.232 11 3.6 20.1
0 366.459 4 3.6 20.1
0 366.479 50 3.6 20.1
0 366.584 9 3.6 20.1
0 366.877 3 3.6 20.1
0 366.895 58 3.6 20.1
0 367.005 9 3.6 20.1
0 367.098 11 3.6 20.1
0 367.197 10 3.6 20.1
0 367.367 6 3.6 20.1
0 367.398 32 3.6 20.1
0 367.506 9 3.6 20.1
0 367.601 11 3.6 20.1
0 367.702 10 3.6 20.1
0 367.859 6 3.6 20.1
0 367.903 23 3.6 20.1
0 367.997 11 3.6 20.1
0 368.103 9 3.6 20.1
0 368.2 10 3.6 20.1
0 368.298 10 3.6 20.1
0 368.531 4 3.6 20.1
0 368.539 124 3.6 20.1
0 368.659 8 3.6 20.1
0 368.998 3 3.6 20.1
0 369.023 40 3.6 20.1
0 369.122 10 3.6 20.1
0 369.225 10 3.6 20.1
0 369.379 7 3.6 20.1
0 369.421 23 3.6 20.1
0 369.527 9 3.6 20.1
0 369.617 11 3.6 20.1
0 369.722 10 3.6 20.1
0 369.881 6 3.6 20.1
0 369.924 23 3.6 20.1
0 370.031 9 3.6 20.1
0 370.121 11 3.6 20.1
0 370.222 10 3.6 20.1
0 370.323 10 3.6 20.1
0 370.536 5 3.6 20.1
0 370.554 55 3.6 20.1
0 370.667 9 3.6 20.1
0 370.76 11 3.6 20.1
0 371.13 3 3.6 20.1
0 371.153 43 3.6 20.1
0 371.254 10 3.6 20.1
0 371.368 9 3.6 20.1
0 371.492 8 3.6 20.1
0 371.551 17 3.6 20.1
0 371.667 9 3.6 20.1
0 371.756 11 3.6 20.1
0 372.011 4 3.6 20.1
0 372.03 54 3.6 20.1
0 372.141 9 3.6 20.1
0 372.246 10 3.6 20.1
0 372.339 11 3.6 20.1
0 372.548 5 3.6 20.1
0 372.567 51 3.6 20.1
0 372.673 9 3.6 20.1
0 372.781 9 3.6 20.1
0 373.144 3 3.6 20.1
0 373.166 47 3.6 20.1
0 373.267 10 3.6 20.1
0 373.477 5 3.6 20.1
0 373.493 63 3.6 20.1
0 373.623 8 3.6 20.1
0 373.699 13 3.6 20.1
0 373.803 10 3.6 20.1
0 373.901 10 3.6 20.1
0 374.129 4 3.6 20.1
0 374.144 67 3.6 20.1
0 374.352 5 3.6 20.1
0 374.359 132 3.6 20.1
0 374.477 9 3.6 20.1
0 374.583 9 3.6 20.1
0 374.678 11 3.6 20.1
0 374.778 10 3.6 20.1
0 375.148 3 3.6 20.1
0 375.172 42 3.6 20.1
0 375.278 9 3.6 20.1
0 375.489 5 3.6 20.1
0 375.511 45 3.6 20.1
0 375.616 10 3.6 20.1
0 375.718 10 3.6 20.1
0 375.816 10 3.6 20.1
0 375.912 10 3.6 20.1
0 376.135 4 3.6 20.1
0 376.156 48 3.6 20.1
0 376.261 10 3.6 20.1
0 376.357 10 3.6 20.1
0 376.491 7 3.6 20.1
0 376.566 13 3.6 20.1
0 376.655 11 3.6 20.1
0 376.763 9 3.6 20.1
0 376.864 10 3.6 20.1
0 377.242 3 3.6 20.1
0 377.269 37 3.6 20.1
0 377.372 10 3.6 20.1
0 377.574 5 3.6 20.1
0 377.592 54 3.6 20.1
0 377.7 9 3.6 20.1
0 377.807 9 3.6 20.1
0 377.902 10 3.6 20.1
0 377.996 11 3.6 20.1
0 378.214 5 3.6 20.1
0 378.234 52 3.6 20.1
0 378.351 9 3.6 20.1
0 378.443 11 3.6 20.1
0 378.536 11 3.6 20.1
0 378.666 8 3.6 20.1
0 378.739 14 3.6 20.1
0 378.837 10 3.6 20.1
0 378.953 9 3.6 20.1
0 379.278 3 3.6 20.1
0 379.299 47 3.6 20.1
0 379.405 9 3.6 20.1
0 379.622 5 3.6 20.1
0 379.64 56 3.6 20.1
0 379.748 9 3.6 20.1
0 379.845 10 3.6 20.1
0 379.948 10 3.6 20.1
0 380.049 10 3.6 20.1
0 380.321 4 3.6 20.1
0 380.342 49 3.6 20.1
0 380.447 9 3.6 20.1
0 380.55 10 3.6 20.1
0 380.687 7 3.6 20.1
0 380.751 16 3.6 20.1
0 380.905 7 3.6 20.1
0 380.959 18 3.6 20.1
0 381.152 5 3.6 20.1
0 381.174 46 3.6 20.1
0 381.391 5 3.6 20.1
0 381.418 37 3.6 20.1
0 381.646 4 3.6 20.1
0 381.665 52 3.6 20.1
0 381.773 9 3.6 20.1
0 381.876 10 3.6 20.1
0 381.986 9 3.6 20.1
0 382.072 12 3.6 20.1
0 382.359 3 3.6 20.1
0 382.383 41 3.6 20.1
0 382.491 9 3.6 20.1
0 382.584 11 3.6 20.1
0 382.688 10 3.6 20.1
0 382.787 10 3.6 20.1
0 382.884 10 3.6 20.1
0 383.047 6 3.6 20.1
0 383.194 7 3.7 20.1
0 383.215 47 3.7 20.1
0 383.428 5 3.7 20.1
0 383.453 40 3.7 20.1
0 383.667 5 3.7 20.1
0 383.685 53 3.7 20.1
0 383.798 9 3.7 20.1
0 383.887 11 3.7 20.1
0 384.002 9 3.7 20.1
0 384.094 11 3.7 20.1
0 384.367 4 3.7 20.1
0 384.391 40 3.7 20.1
0 384.505 9 3.7 20.1
0 384.589 12 3.7 20.1
0 384.691 10 3.7 20.1
0 384.793 10 3.7 20.1
0 384.897 10 3.7 20.1
0 385.063 6 3.7 20.1
0 385.2 7 3.7 20.1
0 385.223 44 3.7 20.1
0 385.443 5 3.7 20.1
0 385.459 60 3.7 20.1
0 385.676 5 3.7 20.1
0 385.695 51 3.7 20.1
0 385.8 10 3.7 20.1
0 385.898 10 3.7 20.1
0 386.006 9 3.7 20.1
0 386.099 11 3.7 20.1
0 386.372 4 3.7 20.1
0 386.394 44 3.7 20.1
0 386.497 10 3.7 20.1
0 386.599 10 3.7 20.1
0 386.692 11 3.7 20.1
0 386.797 10 3.7 20.1
0 386.896 10 3.7 20.1
0 387.05 7 3.7 20.1
0 387.208 6 3.7 20.1
0 387.228 50 3.7 20.1
0 387.356 8 3.7 20.1
0 387.428 14 3.7 20.1
0 387.531 10 3.7 20.1
0 387.735 5 3.7 20.1
0 387.752 56 3.7 20.1
0 387.864 9 3.7 20.1
0 387.958 11 3.7 20.1
0 388.058 10 3.7 20.1
0 388.156 10 3.7 20.1
0 388.431 4 3.7 20.1
0 388.451 50 3.7 20.1
0 388.557 9 3.7 20.1
0 388.651 11 3.7 20.1
0 388.754 10 3.7 20.1
0 388.861 9 3.7 20.1
0 388.966 10 3.7 20.1
0 389.113 7 3.7 20.1
0 389.263 7 3.7 20.1
0 389.284 49 3.7 20.1
0 389.388 10 3.7 20.1
0 389.498 9 3.7 20.1
0 389.588 11 3.7 20.1
0 389.786 5 3.7 20.1
0 389.806 49 3.7 20.1
0 389.912 10 3.7 20.1
0 390.019 9 3.7 20.1
0 390.111 11 3.7 20.1
0 390.45 3 3.7 20.1
0 390.469 51 3.7 20.1
0 390.584 9 3.7 20.1
0 390.671 11 3.7 20.1
0 390.772 10 3.7 20.1
0 390.873 10 3.7 20.1
0 390.974 10 3.7 20.1
0 391.137 6 3.7 20.1
0 391.232 11 3.7 20.1
0 391.271 26 3.7 20.1
0 391.372 10 3.7 20.1
0 391.47 10 3.7 20.1
0 391.574 10 3.7 20.1
0 391.678 10 3.7 20.1
0 391.902 4 3.7 20.1
0 391.913 90 3.7 20.1
0 392.026 9 3.7 20.1
0 392.13 10 3.7 20.1
0 392.236 9 3.7 20.1
0 392.513 4 3.7 20.1
0 392.534 47 3.7 20.1
0 392.64 9 3.7 20.1
0 392.737 10 3.7 20.1
0 392.835 10 3.7 20.1
0 392.934 10 3.7 20.1
0 393.035 10 3.7 20.1
0 393.193 6 3.7 20.1
0 393.301 9 3.4 20.1
0 393.335 29 3.4 20.1
0 393.437 10 3.4 20.1
0 393.54 10 3.4 20.1
0 393.635 10 3.4 20.1
0 393.74 10 3.4 20.1
0 393.945 5 3.4 20.1
0 393.963 56 3.4 20.1
0 394.071 9 3.4 20.1
0 394.163 11 3.4 20.1
0 394.268 10 3.4 20.1
0 394.585 3 3.4 20.1
0 394.604 52 3.4 20.1
0 394.704 10 3.4 20.1
0 394.807 10 3.4 20.1
0 394.906 10 3.4 20.1
0 395.005 10 3.4 20.1
0 395.112 9 3.4 20.1
0 395.319 5 3.4 20.1
0 395.385 15 3.4 20.1
0 395.445 17 3.4 20.1
0 395.542 10 3.4 20.1
0 395.651 9 3.4 20.1
0 395.748 10 3.4 20.1
0 395.947 5 3.4 20.1
0 395.964 59 3.4 20.1
0 396.073 9 3.4 20.1
0 396.174 10 3.4 20.1
0 396.334 6 3.4 20.1
0 396.372 27 3.4 20.1
0 396.493 8 3.4 20.1
0 396.68 5 3.4 20.1
0 396.706 38 3.4 20.1
0 396.802 10 3.4 20.1
0 396.902 10 3.4 20.1
0 397.004 10 3.4 20.1
0 397.104 10 3.4 20.1
0 397.211 9 3.4 20.1
0 397.412 5 3.4 20.1
0 397.615 5 3.4 20.1
0 397.63 69 3.4 20.1
0 397.748 8 3.4 20.1
0 397.835 11 3.4 20.1
0 398.049 5 3.4 20.1
0 398.063 71 3.4 20.1
0 398.176 9 3.4 20.1
0 398.276 10 3.4 20.1
0 398.428 7 3.4 20.1
0 398.475 21 3.4 20.1
0 398.682 5 3.4 20.1
0 398.853 6 3.4 20.1
0 398.869 63 3.4 20.1
0 398.996 8 3.4 20.1
0 399.078 12 3.4 20.1
0 399.179 10 3.4 20.1
0 399.274 11 3.4 20.1
0 399.494 5 3.4 20.1
0 399.528 30 3.4 20.1
0 399.623 10 3.4 20.1
0 399.718 11 3.4 20.1
0 399.822 10 3.4 20.1
0 399.922 10 3.4 20.1
0 400.132 5 3.4 20.1
0 400.15 56 3.4 20.1
0 400.258 9 3.4 20.1
0 400.403 7 3.4 20.1
0 400.474 14 3.4 20.1
0 400.567 11 3.4 20.1
0 400.78 5 3.4 20.1
0 400.807 37 3.4 20.1
0 400.969 6 3.4 20.1
0 401.007 26 3.4 20.1
0 401.106 10 3.4 20.1
0 401.213 9 3.4 20.1
0 401.309 10 3.4 20.1
0 401.538 4 3.4 20.1
0 401.679 7 3.4 20.1
0 401.7 47 3.4 20.1
0 401.813 9 3.4 20.1
0 401.926 9 3.4 20.1
0 401.997 14 3.4 20.1
0 402.222 4 3.4 20.1
0 402.236 69 3.4 20.1
0 402.361 8 3.4 20.1
0 402.449 11 3.4 20.1
0 402.623 6 3.4 20.1
0 402.634 91 3.4 20.1
0 402.867 4 3.4 20.1
0 402.897 33 3.4 20.1
0 403.052 6 3.4 20.1
0 403.092 25 3.4 20.1
0 403.19 10 3.4 20.1
0 403.296 9 3.4 20.1
0 403.403 9 3.9 20.2
0 403.604 5 3.9 20.2
0 403.738 7 3.9 20.2
0 403.756 56 3.9 20.2
0 403.864 9 3.9 20.2
0 403.97 9 3.9 20.2
0 404.065 11 3.9 20.2
0 404.275 5 3.9 20.2
0 404.294 53 3.9 20.2
0 404.402 9 3.9 20.2
0 404.504 10 3.9 20.2
0 404.654 7 3.9 20.2
0 404.695 25 3.9 20.2
0 404.9 5 3.9 20.2
0 404.925 40 3.9 20.2
0 405.086 6 3.9 20.2
0 405.123 27 3.9 20.2
0 405.222 10 3.9 20.2
0 405.326 10 3.9 20.2
0 405.487 6 3.9 20.2
0 405.644 6 3.9 20.2
0 405.788 7 3.9 20.2
0 405.811 44 3.9 20.2
0 405.912 10 3.9 20.2
0 406.015 10 3.9 20.2
0 406.111 10 3.9 20.2
0 406.222 9 3.9 20.2
0 406.311 11 3.9 20.2
0 406.407 10 3.9 20.2
0 406.51 10 3.9 20.2
0 406.694 5 3.9 20.2
0 406.71 60 3.9 20.2
0 406.934 4 3.9 20.2
0 406.951 59 3.9 20.2
0 407.117 6 3.9 20.2
0 407.197 12 3.9 20.2
0 407.282 12 3.9 20.2
0 407.362 13 3.9 20.2
0 407.46 10 3.9 20.2
0 407.688 4 3.9 20.2
0 407.869 6 3.9 20.2
0 407.887 55 3.9 20.2
0 408.002 9 3.9 20.2
0 408.095 11 3.9 20.2
0 408.191 10 3.9 20.2
0 408.298 9 3.9 20.2
0 408.397 10 3.9 20.2
0 408.494 10 3.9 20.2
0 408.597 10 3.9 20.2
0 408.75 7 3.9 20.2
0 408.794 23 3.9 20.2
0 409.001 5 3.9 20.2
0 409.023 45 3.9 20.2
0 409.199 6 3.9 20.2
0 409.276 13 3.9 20.2
0 409.324 21 3.9 20.2
0 409.43 9 3.9 20.2
0 409.524 11 3.9 20.2
0 409.73 5 3.9 20.2
0 409.81 13 3.9 20.2
0 409.93 8 3.9 20.2
0 409.957 37 3.9 20.2
0 410.055 10 3.9 20.2
0 410.156 10 3.9 20.2
0 410.261 9 3.9 20.2
0 410.358 10 3.9 20.2
0 410.508 7 3.9 20.2
0 410.558 20 3.9 20.2
0 410.652 11 3.9 20.2
0 410.819 6 3.9 20.2
0 410.855 28 3.9 20.2
0 411.06 5 3.9 20.2
0 411.088 36 3.9 20.2
0 411.241 7 3.9 20.2
0 411.343 10 3.9 20.2
0 411.38 26 3.9 20.2
0 411.486 9 3.9 20.2
0 411.591 10 3.9 20.2
0 411.818 4 3.9 20.2
0 411.899 12 3.9 20.2
0 412.066 6 3.9 20.2
0 412.079 77 3.9 20.2
0 412.191 9 3.9 20.2
0 412.306 9 3.9 20.2
0 412.386 13 3.9 20.2
0 412.49 10 3.9 20.2
0 412.593 10 3.9 20.2
0 412.714 8 3.9 20.2
0 412.851 7 3.9 20.2
0 412.886 28 3.9 20.2
0 412.994 9 3.9 20.2
0 413.087 11 3.9 20.2
0 413.259 6 3.9 20.2
0 413.346 12 3.9 20.2
0 413.384 26 3.9 20.2
0 413.487 10 3.9 20.2
0 413.593 9 3.9 20.2
0 413.695 10 3.9 20.2
0 413.797 10 3.9 20.2
0 413.949 7 3.9 20.2
0 414.095 7 3.9 20.2
0 414.109 70 3.9 20.2
0 414.217 9 3.9 20.2
0 414.318 10 3.9 20.2
0 414.42 10 3.9 20.2
0 414.513 11 3.9 20.2
0 414.617 10 3.9 20.2
0 414.71 11 3.9 20.2
0 415.042 3 3.9 20.2
0 415.052 105 3.9 20.2
0 415.165 9 3.9 20.2
0 415.318 7 3.9 20.2
0 415.427 9 3.9 20.2
0 415.537 9 3.9 20.2
0 415.561 41 3.9 20.2
0 415.665 10 3.9 20.2
0 415.761 10 3.9 20.2
0 415.861 10 3.9 20.2
0 416.024 6 3.9 20.2
0 416.062 27 3.9 20.2
0 416.16 10 3.9 20.2
0 416.322 6 3.9 20.2
0 416.358 28 3.9 20.2
0 416.464 9 3.9 20.2
0 416.571 9 3.9 20.2
0 416.661 11 3.9 20.2
0 416.763 10 3.9 20.2
0 416.888 8 3.9 20.2
0 417.072 5 3.9 20.2
0 417.093 48 3.9 20.2
0 417.19 10 3.9 20.2
0 417.351 6 3.9 20.2
0 417.459 9 3.9 20.2
0 417.489 33 3.9 20.2
0 417.597 9 3.9 20.2
0 417.693 10 3.9 20.2
0 417.792 10 3.9 20.2
0 417.892 10 3.9 20.2
0 418.053 6 3.9 20.2
0 418.102 20 3.9 20.2
0 418.195 11 3.9 20.2
0 418.292 10 3.9 20.2
0 418.39 10 3.9 20.2
0 418.49 10 3.9 20.2
0 418.598 9 3.9 20.2
0 418.7 10 3.9 20.2
0 418.792 11 3.9 20.2
0 418.895 10 3.9 20.2
0 419.11 5 3.9 20.2
0 419.128 55 3.9 20.2
0 419.271 7 3.9 20.2
0 419.396 8 3.9 20.2
0 419.488 11 3.9 20.2
0 419.535 21 3.9 20.2
0 419.631 10 3.9 20.2
0 419.725 11 3.9 20.2
0 419.897 6 3.9 20.2
0 419.93 30 3.9 20.2
0 420.098 6 3.9 20.2
0 420.134 28 3.9 20.2
0 420.231 10 3.9 20.2
0 420.329 10 3.9 20.2
0 420.43 10 3.9 20.2
0 420.596 6 3.9 20.2
0 420.626 34 3.9 20.2
0 420.732 9 3.9 20.2
0 420.839 9 3.9 20.2
0 420.939 10 3.9 20.2
0 421.135 5 3.9 20.2
0 421.151 63 3.9 20.2
0 421.26 9 3.9 20.2
0 421.523 4 3.9 20.2
0 421.597 14 3.9 20.2
0 421.643 22 3.9 20.2
0 421.743 10 3.9 20.2
0 421.848 10 3.9 20.2
0 421.945 10 3.9 20.2
0 422.104 6 3.9 20.2
0 422.143 26 3.9 20.2
0 422.235 11 3.9 20.2
0 422.351 9 3.9 20.2
0 422.448 10 3.9 20.2
0 422.564 9 3.9 20.2
0 422.637 14 3.9 20.2
0 422.739 10 3.9 20.2
0 422.836 10 3.9 20.2
0 422.942 9 3.9 20.2
0 423.143 5 3.9 20.2
0 423.154 96 3.9 20.2
0 423.258 10 3.9 20.2
0 423.353 11 3.9 20.2
0 423.513 6 8.7 20.2
0 423.616 10 8.7 20.2
0 423.659 23 8.7 20.2
0 423.76 10 8.7 20.2
0 423.858 10 8.7 20.2
0 423.957 10 8.7 20.2
0 424.112 6 8.7 20.2
0 424.166 18 8.7 20.2
0 424.28 9 8.7 20.2
0 424.358 13 8.7 20.2
0 424.459 10 8.7 20.2
0 424.573 9 8.7 20.2
0 424.678 10 8.7 20.2
0 424.767 11 8.7 20.2
0 424.954 5 8.7 20.2
0 424.964 103 8.7 20.2
0 425.18 5 8.7 20.2
0 425.2 50 8.7 20.2
0 425.301 10 8.7 20.2
0 425.395 11 8.7 20.2
0 425.609 5 8.7 20.2
0 425.728 8 8.7 20.2
0 425.812 12 8.7 20.2
0 425.849 27 8.7 20.2
0 425.958 9 8.7 20.2
0 426.039 12 8.7 20.2
0 426.148 9 8.7 20.2
0 426.271 8 8.7 20.2
0 426.347 13 8.7 20.2
0 426.537 5 8.7 20.2
0 426.548 99 8.7 20.2
0 426.661 9 8.7 20.2
0 426.767 9 8.7 20.2
0 426.921 7 8.7 20.2
0 426.982 16 8.7 20.2
0 427.06 13 8.7 20.2
0 427.274 5 8.7 20.2
0 427.294 48 8.7 20.2
0 427.396 10 8.7 20.2
0 427.497 10 8.7 20.2
0 427.66 6 8.7 20.2
0 427.88 5 8.7 20.2
0 427.902 46 8.7 20.2
0 428.008 9 8.7 20.2
0 428.105 10 8.7 20.2
0 428.263 6 8.7 20.2
0 428.301 26 8.7 20.2
0 428.413 9 8.7 20.2
0 428.503 11 8.7 20.2
0 428.611 9 8.7 20.2
0 428.708 10 8.7 20.2
0 428.804 10 8.7 20.2
0 428.975 6 8.7 20.2
0 429.005 33 8.7 20.2
0 429.106 10 8.7 20.2
0 429.347 4 8.7 20.2
0 429.363 61 8.7 20.2
0 429.478 9 8.7 20.2
0 429.568 11 8.7 20.2
0 429.772 5 8.7 20.2
0 430.032 4 8.7 20.2
0 430.053 47 8.7 20.2
0 430.154 10 8.7 20.2
0 430.31 6 8.7 20.2
0 430.353 23 8.7 20.2
0 430.453 10 8.7 20.2
0 430.635 5 8.7 20.2
0 430.649 71 8.7 20.2
0 430.756 9 8.7 20.2
0 430.866 9 8.7 20.2
0 431.014 7 8.7 20.2
0 431.061 21 8.7 20.2
0 431.164 10 8.7 20.2
0 431.256 11 8.7 20.2
0 431.357 10 8.7 20.2
0 431.521 6 8.7 20.2
0 431.56 25 8.7 20.2
0 431.667 9 8.7 20.2
0 431.827 6 8.7 20.2
0 431.919 11 8.7 20.2
0 431.958 26 8.7 20.2
0 432.285 3 8.7 20.2
0 432.376 11 8.7 20.2
0 432.411 29 8.7 20.2
0 432.532 8 8.7 20.2
0 432.612 12 8.7 20.2
0 432.713 10 8.7 20.2
0 432.824 9 8.7 20.2
0 433.04 5 8.7 20.2
0 433.116 13 8.7 20.2
0 433.167 20 8.7 20.2
0 433.259 11 8.7 20.2
0 433.377 8 8.7 20.2
0 433.469 11 8.7 20.2
0 433.562 11 7.1 20.2
0 433.671 9 7.1 20.2
0 433.881 5 7.1 20.2
0 434.014 8 7.1 20.2
0 434.036 46 7.1 20.2
0 434.246 5 7.1 20.2
0 434.27 41 7.1 20.2
0 434.503 4 7.1 20.2
0 434.529 39 7.1 20.2
0 434.631 10 7.1 20.2
0 434.734 10 7.1 20.2
0 434.839 10 7.1 20.2
0 434.964 8 7.1 20.2
0 435.094 8 7.1 20.2
0 435.142 21 7.1 20.2
0 435.232 11 7.1 20.2
0 435.336 10 7.1 20.2
0 435.435 10 7.1 20.2
0 435.538 10 7.1 20.2
0 435.661 8 7.1 20.2
0 435.733 14 7.1 20.2
0 435.853 8 7.1 20.2
0 436.042 5 7.1 20.2
0 436.063 49 7.1 20.2
0 436.283 5 7.1 20.2
0 436.307 42 7.1 20.2
0 436.569 4 7.1 20.2
0 436.623 19 7.1 20.2
0 436.703 13 7.1 20.2
0 436.797 11 7.1 20.2
0 436.896 10 7.1 20.2
0 436.991 11 7.1 20.2
0 437.176 5 7.1 20.2
0 437.268 11 7.1 20.2
0 437.431 6 7.1 20.2
0 437.452 48 7.1 20.2
0 437.582 8 7.1 20.2
0 437.662 12 7.1 20.2
0 437.761 10 7.1 20.2
0 437.966 5 7.1 20.2
0 438.103 7 7.1 20.2
0 438.131 36 7.1 20.2
0 438.348 5 7.1 20.2
0 438.376 36 7.1 20.2
0 438.644 4 7.1 20.2
0 438.672 35 7.1 20.2
0 438.777 10 7.1 20.2
0 438.885 9 7.1 20.2
0 438.975 11 7.1 20.2
0 439.072 10 7.1 20.2
0 439.231 6 7.1 20.2
0 439.336 10 7.1 20.2
0 439.386 20 7.1 20.2
0 439.686 3 7.1 20.2
0 439.716 34 7.1 20.2
0 439.825 9 7.1 20.2
0 440.031 5 7.1 20.2
0 440.185 6 7.1 20.2
0 440.202 62 7.1 20.2
0 440.428 4 7.1 20.2
0 440.452 41 7.1 20.2
0 440.722 4 7.1 20.2
0 440.775 19 7.1 20.2
0 440.857 12 7.1 20.2
0 440.945 11 7.1 20.2
0 441.048 10 7.1 20.2
0 441.158 9 7.1 20.2
0 441.315 6 7.1 20.2
0 441.456 7 7.1 20.2
0 441.54 12 7.1 20.2
0 441.585 22 7.1 20.2
0 441.777 5 7.1 20.2
0 441.809 31 7.1 20.2
0 441.911 10 7.1 20.2
0 442.155 4 7.1 20.2
0 442.176 48 7.1 20.2
0 442.444 4 7.1 20.2
0 442.499 18 7.1 20.2
0 442.755 4 7.1 20.2
0 442.775 50 7.1 20.2
0 442.889 9 7.1 20.2
0 442.987 10 7.1 20.2
0 443.083 10 7.1 20.2
0 443.189 9 7.1 20.2
0 443.347 6 7.1 20.2
0 443.539 5 7.1 20.2
0 443.566 37 5.3 20.2
0 443.663 10 5.3 20.2
0 443.824 6 5.3 20.2
0 443.874 20 5.3 20.2
0 443.968 11 5.3 20.2
0 444.177 5 5.3 20.2
0 444.197 48 5.3 20.2
0 444.303 9 5.3 20.2
0 444.776 2 5.3 20.2
0 444.805 34 5.3 20.2
0 444.904 10 5.3 20.2
0 445.004 10 5.3 20.2
0 445.103 10 5.3 20.2
0 445.224 8 5.3 20.2
0 445.372 7 5.3 20.2
0 445.574 5 5.3 20.2
0 445.601 36 5.3 20.2
0 445.699 10 5.3 20.2
0 445.888 5 5.3 20.2
0 445.915 37 5.3 20.2
0 446.015 10 5.3 20.2
0 446.117 10 5.3 20.2
0 446.212 10 5.3 20.2
0 446.317 10 5.3 20.2
0 446.481 6 5.3 20.2
0 446.781 3 5.3 20.2
0 446.86 13 5.3 20.2
0 446.901 24 5.3 20.2
0 447.015 9 5.3 20.2
0 447.108 11 5.3 20.2
0 447.249 7 5.3 20.2
0 447.373 8 5.3 20.2
0 447.509 7 5.3 20.2
0 447.635 8 5.3 20.2
0 447.658 43 5.3 20.2
0 447.79 8 5.3 20.2
0 447.925 7 5.3 20.2
0 447.962 27 5.3 20.2
0 448.061 10 5.3 20.2
0 448.165 10 5.3 20.2
0 448.261 10 5.3 20.2
0 448.36 10 5.3 20.2
0 448.692 3 5.3 20.2
0 448.714 45 5.3 20.2
0 448.876 6 5.3 20.2
0 448.916 25 5.3 20.2
0 449.012 10 5.3 20.2
0 449.115 10 5.3 20.2
0 449.221 9 5.3 20.2
0 449.377 6 5.3 20.2
0 449.474 10 5.3 20.2
0 449.539 15 5.3 20.2
0 449.679 7 5.3 20.2
0 449.724 22 5.3 20.2
0 449.818 11 5.3 20.2
0 449.98 6 5.3 20.2
0 450.014 30 5.3 20.2
0 450.115 10 5.3 20.2
0 450.251 7 5.3 20.2
0 450.32 14 5.3 20.2
0 450.419 10 5.3 20.2
0 450.581 6 5.3 20.2
0 450.619 26 5.3 20.2
0 450.888 4 5.3 20.2
0 450.938 20 5.3 20.2
0 451.012 14 5.3 20.2
0 451.109 10 5.3 20.2
0 451.253 7 5.3 20.2
0 451.313 17 5.3 20.2
0 451.471 6 5.3 20.2
0 451.621 7 5.3 20.2
0 451.697 13 5.3 20.2
0 451.743 22 5.3 20.2
0 451.88 7 5.3 20.2
0 452.007 8 5.3 20.2
0 452.048 25 5.3 20.2
0 452.139 11 5.3 20.2
0 452.267 8 5.3 20.2
0 452.343 13 5.3 20.2
0 452.448 10 5.3 20.2
0 452.64 5 5.3 20.2
0 452.652 84 5.3 20.2
0 452.759 9 5.3 20.2
0 453.043 4 5.3 20.2
0 453.066 43 5.3 20.2
0 453.178 9 5.3 20.2
0 453.266 11 5.3 20.2
0 453.367 10 5.3 20.2
0 453.566 5 4.3 20.2
0 453.77 5 4.3 20.2
0 453.792 45 4.3 20.2
0 453.895 10 4.3 20.2
0 454.05 6 4.3 20.2
0 454.099 20 4.3 20.2
0 454.192 11 4.3 20.2
0 454.304 9 4.3 20.2
0 454.396 11 4.3 20.2
0 454.494 10 4.3 20.2
0 454.69 5 4.3 20.2
0 454.709 54 4.3 20.2
0 454.826 9 4.3 20.2
0 454.969 7 4.3 20.2
0 455.011 24 4.3 20.2
0 455.175 6 4.3 20.2
0 455.219 23 4.3 20.2
0 455.348 8 4.3 20.2
0 455.422 13 4.3 20.2
0 455.684 4 4.3 20.2
0 455.917 4 4.3 20.2
0 455.989 14 4.3 20.2
0 456.096 9 4.3 20.2
0 456.141 22 4.3 20.2
0 456.287 7 4.3 20.2
0 456.347 17 4.3 20.2
0 456.453 9 4.3 20.2
0 456.544 11 4.3 20.2
0 456.7 6 4.3 20.2
0 456.742 24 4.3 20.2
0 456.848 9 4.3 20.2
0 457.044 5 4.3 20.2
0 457.074 34 4.3 20.2
0 457.233 6 4.3 20.2
0 457.271 26 4.3 20.2
0 457.372 10 4.3 20.2
0 457.477 10 4.3 20.2
0 457.82 3 4.3 20.2
0 457.944 8 4.3 20.2
0 457.976 31 4.3 20.2
0 458.14 6 4.3 20.2
0 458.166 39 4.3 20.2
0 458.275 9 4.3 20.2
0 458.371 10 4.3 20.2
0 458.468 10 4.3 20.2
0 458.573 9 4.3 20.2
0 458.778 5 4.3 20.2
0 458.794 62 4.3 20.2
0 458.907 9 4.3 20.2
0 459.061 7 4.3 20.2
0 459.106 22 4.3 20.2
0 459.26 6 4.3 20.2
0 459.308 21 4.3 20.2
0 459.404 10 4.3 20.2
0 459.505 10 4.3 20.2
0 459.713 5 4.3 20.2
0 459.867 6 4.3 20.2
0 459.951 12 4.3 20.2
0 459.99 26 4.3 20.2
0 460.153 6 4.3 20.2
0 460.193 25 4.3 20.2
0 460.294 10 4.3 20.2
0 460.433 7 4.3 20.2
0 460.498 15 4.3 20.2
0 460.594 10 4.3 20.2
0 460.86 4 4.3 20.2
0 460.883 44 4.3 20.2
0 460.991 9 4.3 20.2
0 461.148 6 4.3 20.2
0 461.182 29 4.3 20.2
0 461.358 6 4.3 20.2
0 461.387 34 4.3 20.2
0 461.483 10 4.3 20.2
0 461.589 9 4.3 20.2
0 461.9 3 4.3 20.2
0 461.985 12 4.3 20.2
0 462.026 25 4.3 20.2
0 462.191 6 4.3 20.2
0 462.224 30 4.3 20.2
0 462.333 9 4.3 20.2
0 462.429 10 4.3 20.2
0 462.524 10 4.3 20.2
0 462.632 9 4.3 20.2
0 462.835 5 4.3 20.2
0 462.857 45 4.3 20.2
0 463.018 6 4.3 20.2
0 463.063 22 4.3 20.2
0 463.228 6 4.3 20.2
0 463.377 7 4.3 20.2
0 463.407 34 4.3 20.2
0 463.512 10 4.3 20.2
0 463.61 10 4.5 20.2
0 463.927 3 4.5 20.2
0 464.016 11 4.5 20.2
0 464.055 25 4.5 20.2
0 464.218 6 4.5 20.2
0 464.257 26 4.5 20.2
0 464.364 9 4.5 20.2
0 464.455 11 4.5 20.2
0 464.554 10 4.5 20.2
0 464.655 10 4.5 20.2
0 464.809 7 4.5 20.2
0 464.852 23 4.5 20.2
0 464.956 10 4.5 20.2
0 465.115 6 4.5 20.2
0 465.152 27 4.5 20.2
0 465.312 6 4.5 20.2
0 465.472 6 4.5 20.2
0 465.504 32 4.5 20.2
0 465.606 10 4.5 20.2
0 465.701 11 4.5 20.2
0 466.026 3 4.5 20.2
0 466.12 11 4.5 20.2
0 466.152 31 4.5 20.2
0 466.316 6 4.5 20.2
0 466.37 19 4.5 20.2
0 466.457 11 4.5 20.2
0 466.563 9 4.5 20.2
0 466.656 11 4.5 20.2
0 466.96 3 4.5 20.2
0 466.986 38 4.5 20.2
0 467.158 6 4.5 20.2
0 467.184 39 4.5 20.2
0 467.348 6 4.5 20.2
0 467.512 6 4.5 20.2
0 467.543 33 4.5 20.2
0 467.644 10 4.5 20.2
0 467.75 9 4.5 20.2
0 468.074 3 4.5 20.2
0 468.172 10 4.5 20.2
0 468.198 38 4.5 20.2
0 468.369 6 4.5 20.2
0 468.405 28 4.5 20.2
0 468.506 10 4.5 20.2
0 468.609 10 4.5 20.2
0 468.706 10 4.5 20.2
0 468.919 5 4.5 20.2
0 469.004 12 4.5 20.2
0 469.05 22 4.5 20.2
0 469.216 6 4.5 20.2
0 469.243 38 4.5 20.2
0 469.562 3 4.5 20.2
0 469.664 10 4.5 20.2
0 469.692 35 4.5 20.2
0 469.807 9 4.5 20.2
0 470.002 5 4.5 20.2
0 470.023 46 4.5 20.2
0 470.248 4 4.5 20.2
0 470.276 35 4.5 20.2
0 470.439 6 4.5 20.2
0 470.475 28 4.5 20.2
0 470.581 9 4.5 20.2
0 470.678 10 4.5 20.2
0 470.782 10 4.5 20.2
0 471.041 4 4.5 20.2
0 471.069 36 4.5 20.2
0 471.281 5 4.5 20.2
0 471.292 86 4.5 20.2
0 471.635 3 4.5 20.2
0 471.729 11 4.5 20.2
0 471.766 27 4.5 20.2
0 471.877 9 4.5 20.2
0 472.074 5 4.5 20.2
0 472.103 35 4.5 20.2
0 472.324 5 4.5 20.2
0 472.35 38 4.5 20.2
0 472.614 4 4.5 20.2
0 472.646 32 4.5 20.2
0 472.748 10 4.5 20.2
0 472.855 9 4.5 20.2
0 473.115 4 4.5 20.2
0 473.139 41 4.5 20.2
0 473.357 5 4.5 20.2
0 473.379 45 4.5 20.2
0 473.7 3 4.7 20.3
0 473.792 11 4.7 20.3
0 473.835 23 4.7 20.3
0 473.932 10 4.7 20.3
0 474.031 10 4.7 20.3
0 474.133 10 4.7 20.3
0 474.335 5 4.7 20.3
0 474.382 21 4.7 20.3
0 474.474 11 4.7 20.3
0 474.679 5 4.7 20.3
0 474.706 37 4.7 20.3
0 474.809 10 4.7 20.3
0 474.919 9 4.7 20.3
0 475.124 5 4.7 20.3
0 475.146 45 4.7 20.3
0 475.371 4 4.7 20.3
0 475.394 45 4.7 20.3
0 475.714 3 4.7 20.3
0 475.803 11 4.7 20.3
0 475.843 25 4.7 20.3
0 475.946 10 4.7 20.3
0 476.047 10 4.7 20.3
0 476.147 10 4.7 20.3
0 476.351 5 4.7 20.3
0 476.376 41 4.7 20.3
0 476.484 9 4.7 20.3
0 476.697 5 4.7 20.3
0 476.724 36 4.7 20.3
0 476.832 9 4.7 20.3
0 476.93 10 4.7 20.3
0 477.149 5 4.7 20.3
0 477.172 44 4.7 20.3
0 477.4 4 4.7 20.3
0 477.423 45 4.7 20.3
0 477.745 3 4.7 20.3
0 477.847 10 4.7 20.3
0 477.873 40 4.7 20.3
0 477.973 10 4.7 20.3
0 478.077 10 4.7 20.3
0 478.181 10 4.7 20.3
0 478.414 4 4.7 20.3
0 478.429 66 4.7 20.3
0 478.543 9 4.7 20.3
0 478.751 5 4.7 20.3
0 478.778 36 4.7 20.3
0 478.888 9 4.7 20.3
0 478.984 10 4.7 20.3
0 479.203 5 4.7 20.3
0 479.224 46 4.7 20.3
0 479.467 4 4.7 20.3
0 479.494 36 4.7 20.3
0 479.805 3 4.7 20.3
0 479.897 11 4.7 20.3
0 479.938 24 4.7 20.3
0 480.049 9 4.7 20.3
0 480.137 11 4.7 20.3
0 480.235 10 4.7 20.3
0 480.449 5 4.7 20.3
0 480.477 35 4.7 20.3
0 480.592 9 4.7 20.3
0 480.784 5 4.7 20.3
0 480.811 36 4.7 20.3
0 480.919 9 4.7 20.3
0 481.021 10 4.7 20.3
0 481.286 4 4.7 20.3
0 481.313 37 4.7 20.3
0 481.533 5 4.7 20.3
0 481.567 30 4.7 20.3
0 481.879 3 4.7 20.3
0 481.97 11 4.7 20.3
0 482.004 29 4.7 20.3
0 482.106 10 4.7 20.3
0 482.206 10 4.7 20.3
0 482.305 10 4.7 20.3
0 482.519 5 4.7 20.3
0 482.542 42 4.7 20.3
0 482.652 9 4.7 20.3
0 483.01 3 4.7 20.3
0 483.04 33 4.7 20.3
0 483.303 4 4.7 20.3
0 483.32 58 4.7 20.3
0 483.589 4 4.7 20.3
0 483.6 89 4.7 20.3
0 483.718 9 4.5 20.3
0 483.821 10 4.5 20.3
0 483.982 6 4.5 20.3
0 484.02 26 4.5 20.3
0 484.127 9 4.5 20.3
0 484.216 11 4.5 20.3
0 484.322 9 4.5 20.3
0 484.53 5 4.5 20.3
0 484.547 61 4.5 20.3
0 484.668 8 4.5 20.3
0 484.75 12 4.5 20.3
0 484.862 9 4.5 20.3
0 485.117 4 4.5 20.3
0 485.383 4 4.5 20.3
0 485.409 39 4.5 20.3
0 485.639 4 4.5 20.3
0 485.665 38 4.5 20.3
0 485.77 10 4.5 20.3
0 485.868 10 4.5 20.3
0 486.085 5 4.5 20.3
0 486.11 41 4.5 20.3
0 486.213 10 4.5 20.3
0 486.313 10 4.5 20.3
0 486.417 10 4.5 20.3
0 486.519 10 4.5 20.3
0 486.621 10 4.5 20.3
0 486.716 10 4.5 20.3
0 486.815 10 4.5 20.3
0 486.917 10 4.5 20.3
0 487.192 4 4.5 20.3
0 487.445 4 4.5 20.3
0 487.469 41 4.5 20.3
0 487.739 4 4.5 20.3
0 487.757 56 4.5 20.3
0 487.864 9 4.5 20.3
0 487.965 10 4.5 20.3
0 488.178 5 4.5 20.3
0 488.207 34 4.5 20.3
0 488.308 10 4.5 20.3
0 488.406 10 4.5 20.3
0 488.606 5 4.5 20.3
0 488.624 56 4.5 20.3
0 488.737 9 4.5 20.3
0 488.841 10 4.5 20.3
0 488.938 10 4.5 20.3
0 489.097 6 4.5 20.3
0 489.142 22 4.5 20.3
0 489.471 3 4.5 20.3
0 489.492 50 4.5 20.3
0 489.817 3 4.5 20.3
0 489.849 32 4.5 20.3
0 489.947 10 4.5 20.3
0 490.05 10 4.5 20.3
0 490.248 5 4.5 20.3
0 490.273 40 4.5 20.3
0 490.385 9 4.5 20.3
0 490.46 13 4.5 20.3
0 490.64 6 4.5 20.3
0 490.673 30 4.5 20.3
0 490.77 10 4.5 20.3
0 490.878 9 4.5 20.3
0 490.981 10 4.5 20.3
0 491.13 7 4.5 20.3
0 491.177 21 4.5 20.3
0 491.508 3 4.5 20.3
0 491.538 33 4.5 20.3
0 491.861 3 4.5 20.3
0 491.892 32 4.5 20.3
0 492.004 9 4.5 20.3
0 492.106 10 4.5 20.3
0 492.285 6 4.5 20.3
0 492.313 36 4.5 20.3
0 492.422 9 4.5 20.3
0 492.514 11 4.5 20.3
0 492.68 6 4.5 20.3
0 492.711 32 4.5 20.3
0 492.815 10 4.5 20.3
0 492.914 10 4.5 20.3
0 493.016 10 4.5 20.3
0 493.175 6 4.5 20.3
0 493.218 23 4.5 20.3
0 493.637 2 4.5 20.3
0 493.882 4 4.4 20.2
0 493.907 40 4.4 20.2
0 494.012 10 4.4 20.2
0 494.116 10 4.4 20.2
0 494.32 5 4.4 20.2
0 494.352 31 4.4 20.2
0 494.46 9 4.4 20.2
0 494.545 12 4.4 20.2
0 494.707 6 4.4 20.2
0 494.752 22 4.4 20.2
0 494.858 9 4.4 20.2
0 494.963 10 4.4 20.2
0 495.05 12 4.4 20.2
0 495.217 6 4.4 20.2
0 495.251 29 4.4 20.2
0 495.64 3 4.4 20.2
0 495.877 4 4.4 20.2
0 495.903 38 4.4 20.2
0 496.01 9 4.4 20.2
0 496.113 10 4.4 20.2
0 496.209 10 4.4 20.2
0 496.414 5 4.4 20.2
0 496.505 11 4.4 20.2
0 496.543 27 4.4 20.2
0 496.647 10 4.4 20.2
0 496.805 6 4.4 20.2
0 496.845 25 4.4 20.2
0 496.947 10 4.4 20.2
0 497.047 10 4.4 20.2
0 497.147 10 4.4 20.2
0 497.362 5 4.4 20.2
0 497.388 39 4.4 20.2
0 497.665 4 4.4 20.2
0 497.763 10 4.4 20.2
0 497.858 11 4.4 20.2
0 497.893 29 4.4 20.2
0 497.989 10 4.4 20.2
0 498.098 9 4.4 20.2
0 498.199 10 4.4 20.2
0 498.3 10 4.4 20.2
0 498.514 5 4.4 20.2
0 498.802 3 4.4 20.2
0 498.887 12 4.4 20.2
0 498.931 23 4.4 20.2
0 499.031 10 4.4 20.2
0 499.132 10 4.4 20.2
0 499.233 10 4.4 20.2
0 499.437 5 4.4 20.2
0 499.458 48 4.4 20.2
0 499.798 3 4.4 20.2
0 500.039 4 4.4 20.2
0 500.061 45 4.4 20.2
0 500.167 9 4.4 20.2
0 500.267 10 4.4 20.2
0 500.376 9 4.4 20.2
0 500.468 11 4.4 20.2
0 500.568 10 4.4 20.2
0 500.691 8 4.4 20.2
0 500.819 8 4.4 20.2
0 500.926 9 4.4 20.2
0 500.97 23 4.4 20.2
0 501.069 10 4.4 20.2
0 501.167 10 4.4 20.2
0 501.268 10 4.4 20.2
0 501.484 5 4.4 20.2
0 501.509 40 4.4 20.2
0 501.832 3 4.4 20.2
0 501.861 34 4.4 20.2
0 502.075 5 4.4 20.2
0 502.096 48 4.4 20.2
0 502.206 9 4.4 20.2
0 502.308 10 4.4 20.2
0 502.405 10 4.4 20.2
0 502.5 10 4.4 20.2
0 502.603 10 4.4 20.2
0 502.704 10 4.4 20.2
0 502.931 4 4.4 20.2
0 502.956 41 4.4 20.2
0 503.06 10 4.4 20.2
0 503.164 10 4.4 20.2
0 503.258 11 4.4 20.2
0 503.362 10 4.4 20.2
0 503.572 5 4.4 20.2
0 503.599 37 4.4 20.2
0 503.986 3 4.3 20.3
0 504.121 7 4.3 20.3
0 504.14 51 4.3 20.3
0 504.252 9 4.3 20.3
0 504.352 10 4.3 20.3
0 504.45 10 4.3 20.3
0 504.557 9 4.3 20.3
0 504.652 11 4.3 20.3
0 504.74 11 4.3 20.3
0 504.974 4 4.3 20.3
0 504.998 41 4.3 20.3
0 505.103 10 4.3 20.3
0 505.196 11 4.3 20.3
0 505.301 9 4.3 20.3
0 505.397 10 4.3 20.3
0 505.608 5 4.3 20.3
0 505.627 53 4.3 20.3
0 505.741 9 4.3 20.3
0 506.039 3 4.3 20.3
0 506.179 7 4.3 20.3
0 506.199 49 4.3 20.3
0 506.308 9 4.3 20.3
0 506.406 10 4.3 20.3
0 506.504 10 4.3 20.3
0 506.607 10 4.3 20.3
0 506.709 10 4.3 20.3
0 506.804 11 4.3 20.3
0 507.02 5 4.3 20.3
0 507.041 49 4.3 20.3
0 507.191 7 4.3 20.3
0 507.256 15 4.3 20.3
0 507.351 11 4.3 20.3
0 507.449 10 4.3 20.3
0 507.657 5 4.3 20.3
0 507.68 43 4.3 20.3
0 507.786 9 4.3 20.3
0 508.088 3 4.3 20.3
0 508.11 46 4.3 20.3
0 508.21 10 4.3 20.3
0 508.322 9 4.3 20.3
0 508.414 11 4.3 20.3
0 508.511 10 4.3 20.3
0 508.615 10 4.3 20.3
0 508.714 10 4.3 20.3
0 508.815 10 4.3 20.3
0 509.135 3 4.3 20.3
0 509.145 104 4.3 20.3
0 509.259 9 4.3 20.3
0 509.361 10 4.3 20.3
0 509.461 10 4.3 20.3
0 509.675 5 4.3 20.3
0 509.696 48 4.3 20.3
0 509.792 10 4.3 20.3
0 509.903 9 4.3 20.3
0 510.111 5 4.3 20.3
0 510.134 43 4.3 20.3
0 510.237 10 4.3 20.3
0 510.332 11 4.3 20.3
0 510.437 9 4.3 20.3
0 510.531 11 4.3 20.3
0 510.633 10 4.3 20.3
0 510.729 10 4.3 20.3
0 510.844 9 4.3 20.3
0 511.103 4 4.3 20.3
0 511.126 42 4.3 20.3
0 511.226 10 4.3 20.3
0 511.325 10 4.3 20.3
0 511.434 9 4.3 20.3
0 511.525 11 4.3 20.3
0 511.734 5 4.3 20.3
0 511.755 48 4.3 20.3
0 511.864 9 4.3 20.3
0 511.961 10 4.3 20.3
0 512.168 5 4.3 20.3
0 512.189 46 4.3 20.3
0 512.294 10 4.3 20.3
0 512.39 10 4.3 20.3
0 512.494 10 4.3 20.3
0 512.593 10 4.3 20.3
0 512.749 6 4.3 20.3
0 512.794 22 4.3 20.3
0 512.898 10 4.3 20.3
0 513.159 4 4.3 20.3
0 513.179 51 4.3 20.3
0 513.284 10 4.3 20.3
0 513.379 10 4.3 20.3
0 513.478 10 4.3 20.3
0 513.583 10 4.3 20.3
0 513.796 5 4.3 20.3
0 513.821 40 4.3 20.3
0 513.925 10 4.3 20.3
0 514.019 11 3.9 20.3
0 514.267 4 3.9 20.3
0 514.277 105 3.9 20.3
0 514.397 8 3.9 20.3
0 514.485 11 3.9 20.3
0 514.589 10 3.9 20.3
0 514.69 10 3.9 20.3
0 514.79 10 3.9 20.3
0 514.899 9 3.9 20.3
0 514.991 11 3.9 20.3
0 515.253 4 3.9 20.3
0 515.275 45 3.9 20.3
0 515.374 10 3.9 20.3
0 515.478 10 3.9 20.3
0 515.576 10 3.9 20.3
0 515.672 10 3.9 20.3
0 515.948 4 3.9 20.3
0 516.002 19 3.9 20.3
0 516.073 14 3.9 20.3
0 516.169 10 3.9 20.3
0 516.271 10 3.9 20.3
0 516.37 10 3.9 20.3
0 516.478 9 3.9 20.3
0 516.577 10 3.9 20.3
0 516.669 11 3.9 20.3
0 516.772 10 3.9 20.3
0 516.872 10 3.9 20.3
0 516.973 10 3.9 20.3
0 517.081 9 3.9 20.3
0 517.325 4 3.9 20.3
0 517.346 49 3.9 20.3
0 517.454 9 3.9 20.3
0 517.549 11 3.9 20.3
0 517.657 9 3.9 20.3
0 517.748 11 3.9 20.3
0 517.953 5 3.9 20.3
0 517.969 62 3.9 20.3
0 518.137 6 3.9 20.3
0 518.18 23 3.9 20.3
0 518.278 10 3.9 20.3
0 518.376 10 3.9 20.3
0 518.477 10 3.9 20.3
0 518.577 10 3.9 20.3
0 518.684 9 3.9 20.3
0 518.783 10 3.9 20.3
0 518.879 10 3.9 20.3
0 518.979 10 3.9 20.3
0 519.077 10 3.9 20.3
0 519.41 3 3.9 20.3
0 519.42 107 3.9 20.3
0 519.531 9 3.9 20.3
0 519.633 10 3.9 20.3
0 519.73 10 3.9 20.3
0 519.829 10 3.9 20.3
0 520.046 5 3.9 20.3
0 520.061 68 3.9 20.3
0 520.232 6 3.9 20.3
0 520.267 29 3.9 20.3
0 520.366 10 3.9 20.3
0 520.467 10 3.9 20.3
0 520.572 10 3.9 20.3
0 520.672 10 3.9 20.3
0 520.767 11 3.9 20.3
0 520.87 10 3.9 20.3
0 520.99 8 3.9 20.3
0 521.067 13 3.9 20.3
0 521.176 9 3.9 20.3
0 521.425 4 3.9 20.3
0 521.444 54 3.9 20.3
0 521.541 10 3.9 20.3
0 521.645 10 3.9 20.3
0 521.75 10 3.9 20.3
0 521.852 10 3.9 20.3
0 522.055 5 3.9 20.3
0 522.067 79 3.9 20.3
0 522.234 6 3.9 20.3
0 522.279 22 3.9 20.3
0 522.377 10 3.9 20.3
0 522.474 10 3.9 20.3
0 522.574 10 3.9 20.3
0 522.675 10 3.9 20.3
0 522.771 10 3.9 20.3
0 522.884 9 3.9 20.3
0 522.972 11 3.9 20.3
0 523.069 10 3.9 20.3
0 523.178 9 3.9 20.3
0 523.448 4 3.9 20.3
0 523.462 69 3.9 20.3
0 523.616 6 3.9 20.3
0 523.664 21 3.9 20.3
0 523.766 10 3.9 20.3
0 523.865 10 3.9 20.3
0 523.97 10 3.9 20.3
0 524.063 11 3.8 20.2
0 524.162 10 3.8 20.2
0 524.317 6 3.8 20.2
0 524.46 7 3.8 20.2
0 524.47 105 3.8 20.2
0 524.578 9 3.8 20.2
0 524.675 10 3.8 20.2
0 524.774 10 3.8 20.2
0 524.879 10 3.8 20.2
0 524.983 10 3.8 20.2
0 525.075 11 3.8 20.2
0 525.177 10 3.8 20.2
0 525.331 6 3.8 20.2
0 525.456 8 3.8 20.2
0 525.473 57 3.8 20.2
0 525.592 8 3.8 20.2
0 525.681 11 3.8 20.2
0 525.776 11 3.8 20.2
0 525.877 10 3.8 20.2
0 525.981 10 3.8 20.2
0 526.081 10 3.8 20.2
0 526.19 9 3.8 20.2
0 526.335 7 3.8 20.2
0 526.379 23 3.8 20.2
0 526.483 10 3.8 20.2
0 526.58 10 3.8 20.2
0 526.683 10 3.8 20.2
0 526.781 10 3.8 20.2
0 526.88 10 3.8 20.2
0 526.983 10 3.8 20.2
0 527.08 10 3.8 20.2
0 527.18 10 3.8 20.2
0 527.35 6 3.8 20.2
0 527.381 32 3.8 20.2
0 527.55 6 3.8 20.2
0 527.583 30 3.8 20.2
0 527.686 10 3.8 20.2
0 527.784 10 3.8 20.2
0 527.889 10 3.8 20.2
0 527.981 11 3.8 20.2
0 528.091 9 3.8 20.2
0 528.184 11 3.8 20.2
0 528.34 6 3.8 20.2
0 528.389 20 3.8 20.2
0 528.484 10 3.8 20.2
0 528.583 10 3.8 20.2
0 528.691 9 3.8 20.2
0 528.785 11 3.8 20.2
0 528.893 9 3.8 20.2
0 528.984 11 3.8 20.2
0 529.093 9 3.8 20.2
0 529.192 10 3.8 20.2
0 529.403 5 3.8 20.2
0 529.417 71 3.8 20.2
0 529.611 5 3.8 20.2
0 529.617 190 3.8 20.2
0 529.735 8 3.8 20.2
0 529.829 11 3.8 20.2
0 529.936 9 3.8 20.2
0 530.028 11 3.8 20.2
0 530.127 10 3.8 20.2
0 530.228 10 3.8 20.2
0 530.394 6 3.8 20.2
0 530.428 29 3.8 20.2
0 530.539 9 3.8 20.2
0 530.633 11 3.8 20.2
0 530.732 10 3.8 20.2
0 530.828 10 3.8 20.2
0 530.933 10 3.8 20.2
0 531.029 10 3.8 20.2
0 531.137 9 3.8 20.2
0 531.232 11 3.8 20.2
0 531.441 5 3.8 20.2
0 531.453 83 3.8 20.2
0 531.614 6 3.8 20.2
0 531.667 19 3.8 20.2
0 531.821 6 3.8 20.2
0 531.862 25 3.8 20.2
0 531.968 9 3.8 20.2
0 532.061 11 3.8 20.2
0 532.168 9 3.8 20.2
0 532.26 11 3.8 20.2
0 532.418 6 3.8 20.2
0 532.463 22 3.8 20.2
0 532.627 6 3.8 20.2
0 532.662 29 3.8 20.2
0 532.771 9 3.8 20.2
0 532.867 10 3.8 20.2
0 532.967 10 3.8 20.2
0 533.065 10 3.8 20.2
0 533.167 10 3.8 20.2
0 533.261 11 3.8 20.2
0 533.486 4 3.8 20.2
0 533.502 60 3.8 20.2
0 533.669 6 3.8 20.2
0 533.707 26 3.8 20.2
0 533.804 10 3.8 20.2
0 533.965 6 3.8 20.2
0 534.012 21 3.8 20.2
0 534.117 10 3.5 20.2
0 534.21 11 3.5 20.2
0 534.305 10 3.5 20.2
0 534.468 6 3.5 20.2
0 534.505 27 3.5 20.2
0 534.645 7 3.5 20.2
0 534.769 8 3.5 20.2
0 534.806 27 3.5 20.2
0 534.907 10 3.5 20.2
0 535.007 10 3.5 20.2
0 535.111 10 3.5 20.2
0 535.213 10 3.5 20.2
0 535.382 6 3.5 20.2
0 535.457 13 3.5 20.2
0 535.51 19 3.5 20.2
0 535.675 6 3.5 20.2
0 535.713 27 3.5 20.2
0 535.81 10 3.5 20.2
0 536.026 5 3.5 20.2
0 536.033 140 3.5 20.2
0 536.149 9 3.5 20.2
0 536.255 9 3.5 20.2
0 536.343 11 3.5 20.2
0 536.501 6 3.5 20.2
0 536.551 20 3.5 20.2
0 536.649 10 3.5 20.2
0 536.807 6 3.5 20.2
0 536.845 26 3.5 20.2
0 536.95 10 3.5 20.2
0 537.054 10 3.5 20.2
0 537.153 10 3.5 20.2
0 537.25 10 3.5 20.2
0 537.358 9 3.5 20.2
0 537.572 5 3.5 20.2
0 537.591 54 3.5 20.2
0 537.756 6 3.5 20.2
0 537.792 28 3.5 20.2
0 537.902 9 3.5 20.2
0 538.114 5 3.5 20.2
0 538.136 46 3.5 20.2
0 538.236 10 3.5 20.2
0 538.336 10 3.5 20.2
0 538.444 9 3.5 20.2
0 538.591 7 3.5 20.2
0 538.641 20 3.5 20.2
0 538.734 11 3.5 20.2
0 538.855 8 3.5 20.2
0 539.011 6 3.5 20.2
0 539.027 61 3.5 20.2
0 539.159 8 3.5 20.2
0 539.236 13 3.5 20.2
0 539.34 10 3.5 20.2
0 539.445 10 3.5 20.2
0 539.677 4 3.5 20.2
0 539.76 12 3.5 20.2
0 539.8 25 3.5 20.2
0 539.902 10 3.5 20.2
0 540.135 4 3.5 20.2
0 540.165 33 3.5 20.2
0 540.269 10 3.5 20.2
0 540.407 7 3.5 20.2
0 540.463 18 3.5 20.2
0 540.618 6 3.5 20.2
0 540.667 20 3.5 20.2
0 540.762 11 3.5 20.2
0 540.973 5 3.5 20.2
0 540.991 56 3.5 20.2
0 541.168 6 3.5 20.2
0 541.195 36 3.5 20.2
0 541.297 10 3.5 20.2
0 541.399 10 3.5 20.2
0 541.499 10 3.5 20.2
0 541.774 4 3.5 20.2
0 541.903 8 3.5 20.2
0 541.911 116 3.5 20.2
0 542.149 4 3.5 20.2
0 542.253 10 3.5 20.2
0 542.26 145 3.5 20.2
0 542.385 8 3.5 20.2
0 542.536 7 3.5 20.2
0 542.636 10 3.5 20.2
0 542.685 20 3.5 20.2
0 542.777 11 3.5 20.2
0 542.99 5 3.5 20.2
0 543.013 44 3.5 20.2
0 543.175 6 3.5 20.2
0 543.221 22 3.5 20.2
0 543.314 11 3.5 20.2
0 543.415 10 3.5 20.2
0 543.521 9 3.5 20.2
0 543.618 10 3.5 20.2
0 543.787 6 3.5 20.2
0 543.878 11 3.5 20.2
0 543.97 11 3.5 20.2
0 544.014 22 3.5 20.2
0 544.246 4 4.4 20.3
0 544.272 38 4.4 20.3
0 544.375 10 4.4 20.3
0 544.472 10 4.4 20.3
0 544.769 3 4.4 20.3
0 544.792 45 4.4 20.3
0 544.999 5 4.4 20.3
0 545.021 47 4.4 20.3
0 545.183 6 4.4 20.3
0 545.229 22 4.4 20.3
0 545.334 9 4.4 20.3
0 545.427 11 4.4 20.3
0 545.536 9 4.4 20.3
0 545.628 11 4.4 20.3
0 545.787 6 4.4 20.3
0 545.894 9 4.4 20.3
0 545.986 11 4.4 20.3
0 546.033 21 4.4 20.3
0 546.269 4 4.4 20.3
0 546.283 75 4.4 20.3
0 546.404 8 4.4 20.3
0 546.499 11 4.4 20.3
0 546.823 3 4.4 20.3
0 546.85 37 4.4 20.3
0 547.063 5 4.4 20.3
0 547.088 40 4.4 20.3
0 547.249 6 4.4 20.3
0 547.294 22 4.4 20.3
0 547.396 10 4.4 20.3
0 547.498 10 4.4 20.3
0 547.602 10 4.4 20.3
0 547.697 11 4.4 20.3
0 547.864 6 4.4 20.3
0 548.016 7 4.4 20.3
0 548.043 37 4.4 20.3
0 548.313 4 4.4 20.3
0 548.336 44 4.4 20.3
0 548.445 9 4.4 20.3
0 548.541 10 4.4 20.3
0 548.862 3 4.4 20.3
0 548.901 26 4.4 20.3
0 549.105 5 4.4 20.3
0 549.132 37 4.4 20.3
0 549.31 6 4.4 20.3
0 549.338 36 4.4 20.3
0 549.446 9 4.4 20.3
0 549.531 12 4.4 20.3
0 549.645 9 4.4 20.3
0 549.767 8 4.4 20.3
0 549.952 5 4.4 20.3
0 550.1 7 4.4 20.3
0 550.133 30 4.4 20.3
0 550.406 4 4.4 20.3
0 550.436 33 4.4 20.3
0 550.541 10 4.4 20.3
0 550.636 10 4.4 20.3
0 550.943 3 4.4 20.3
0 550.982 26 4.4 20.3
0 551.185 5 4.4 20.3
0 551.217 31 4.4 20.3
0 551.401 5 4.4 20.3
0 551.425 42 4.4 20.3
0 551.537 9 4.4 20.3
0 551.631 11 4.4 20.3
0 551.738 9 4.4 20.3
0 551.84 10 4.4 20.3
0 552.042 5 4.4 20.3
0 552.195 7 4.4 20.3
0 552.227 31 4.4 20.3
0 552.507 4 4.4 20.3
0 552.532 39 4.4 20.3
0 552.642 9 4.4 20.3
0 552.951 3 4.4 20.3
0 552.977 39 4.4 20.3
0 553.194 5 4.4 20.3
0 553.227 31 4.4 20.3
0 553.387 6 4.4 20.3
0 553.426 26 4.4 20.3
0 553.525 10 4.4 20.3
0 553.626 10 4.4 20.3
0 553.741 9 4.4 20.3
0 553.826 12 4.4 20.3
0 553.93 10 4.4 20.3
0 554.133 5 4.4 20.3
0 554.339 5 4.3 20.2
0 554.536 5 4.3 20.2
0 554.568 31 4.3 20.2
0 554.669 10 4.3 20.2
0 555.03 3 4.3 20.2
0 555.051 46 4.3 20.2
0 555.27 5 4.3 20.2
0 555.297 37 4.3 20.2
0 555.463 6 4.3 20.2
0 555.501 27 4.3 20.2
0 555.61 9 4.3 20.2
0 555.704 11 4.3 20.2
0 555.8 10 4.3 20.2
0 555.902 10 4.3 20.2
0 556.002 10 4.3 20.2
0 556.211 5 4.3 20.2
0 556.412 5 4.3 20.2
0 556.613 5 4.3 20.2
0 556.641 36 4.3 20.2
0 556.743 10 4.3 20.2
0 557.058 3 4.3 20.2
0 557.083 39 4.3 20.2
0 557.19 9 4.3 20.2
0 557.288 10 4.3 20.2
0 557.391 10 4.3 20.2
0 557.555 6 4.3 20.2
0 557.585 33 4.3 20.2
0 557.695 9 4.3 20.2
0 557.795 10 4.3 20.2
0 557.891 10 4.3 20.2
0 558.017 8 4.3 20.2
0 558.092 13 4.3 20.2
0 558.302 5 4.3 20.2
0 558.503 5 4.3 20.2
0 558.702 5 4.3 20.2
0 558.733 33 4.3 20.2
0 558.839 9 4.3 20.2
0 559.136 3 4.3 20.2
0 559.165 35 4.3 20.2
0 559.27 9 4.3 20.2
0 559.385 9 4.3 20.2
0 559.472 11 4.3 20.2
0 559.623 7 4.3 20.2
0 559.661 26 4.3 20.2
0 559.767 9 4.3 20.2
0 559.879 9 4.3 20.2
0 559.966 12 4.3 20.2
0 560.228 4 4.3 20.2
0 560.365 7 4.3 20.2
0 560.572 5 4.3 20.2
0 560.817 4 4.3 20.2
0 560.848 33 4.3 20.2
0 561.051 5 4.3 20.2
0 561.073 47 4.3 20.2
0 561.184 9 4.3 20.2
0 561.282 10 4.3 20.2
0 561.387 10 4.3 20.2
0 561.506 8 4.3 20.2
0 561.683 6 4.3 20.2
0 561.696 83 4.3 20.2
0 561.813 9 4.3 20.2
0 561.912 10 4.3 20.2
0 562.015 10 4.3 20.2
0 562.117 10 4.3 20.2
0 562.327 5 4.3 20.2
0 562.575 4 4.3 20.2
0 562.889 3 4.3 20.2
0 562.918 34 4.3 20.2
0 563.097 6 4.3 20.2
0 563.112 67 4.3 20.2
0 563.221 9 4.3 20.2
0 563.33 9 4.3 20.2
0 563.431 10 4.3 20.2
0 563.525 11 4.3 20.2
0 563.733 5 4.3 20.2
0 563.761 35 4.3 20.2
0 563.865 10 4.3 20.2
0 563.966 10 4.3 20.2
0 564.055 11 4.3 20.2
0 564.161 9 4.3 20.2
0 564.377 5 4.2 20.3
0 564.635 4 4.2 20.3
0 564.72 12 4.2 20.3
0 564.76 25 4.2 20.3
0 564.963 5 4.2 20.3
0 564.984 47 4.2 20.3
0 565.158 6 4.2 20.3
0 565.185 38 4.2 20.3
0 565.434 4 4.2 20.3
0 565.448 69 4.2 20.3
0 565.561 9 4.2 20.3
0 565.778 5 4.2 20.3
0 565.803 40 4.2 20.3
0 565.946 7 4.2 20.3
0 566.013 15 4.2 20.3
0 566.106 11 4.2 20.3
0 566.206 10 4.2 20.3
0 566.427 5 4.2 20.3
0 566.449 47 4.2 20.3
0 566.692 4 4.2 20.3
0 566.777 12 4.2 20.3
0 566.822 22 4.2 20.3
0 567.028 5 4.2 20.3
0 567.049 48 4.2 20.3
0 567.217 6 4.2 20.3
0 567.249 31 4.2 20.3
0 567.363 9 4.2 20.3
0 567.514 7 4.2 20.3
0 567.575 16 4.2 20.3
0 567.655 13 4.2 20.3
0 567.867 5 4.2 20.3
0 567.905 27 4.2 20.3
0 567.992 11 4.2 20.3
0 568.119 8 4.2 20.3
0 568.196 13 4.2 20.3
0 568.293 10 4.2 20.3
0 568.516 4 4.2 20.3
0 568.543 37 4.2 20.3
0 568.754 5 4.2 20.3
0 568.787 30 4.2 20.3
0 568.88 11 4.2 20.3
0 569.087 5 4.2 20.3
0 569.11 44 4.2 20.3
0 569.271 6 4.2 20.3
0 569.308 27 4.2 20.3
0 569.411 10 4.2 20.3
0 569.575 6 4.2 20.3
0 569.619 23 4.2 20.3
0 569.713 11 4.2 20.3
0 569.919 5 4.2 20.3
0 569.943 43 4.2 20.3
0 570.067 8 4.2 20.3
0 570.301 4 4.2 20.3
0 570.352 20 4.2 20.3
0 570.56 5 4.2 20.3
0 570.614 19 4.2 20.3
0 570.708 11 4.2 20.3
0 570.874 6 4.2 20.3
0 570.923 21 4.2 20.3
0 571.177 4 4.2 20.3
0 571.296 8 4.2 20.3
0 571.338 24 4.2 20.3
0 571.465 8 4.2 20.3
0 571.661 5 4.2 20.3
0 571.858 5 4.2 20.3
0 572.026 6 4.2 20.3
0 572.071 22 4.2 20.3
0 572.179 9 4.2 20.3
0 572.281 10 4.2 20.3
0 572.432 7 4.2 20.3
0 572.626 5 4.2 20.3
0 572.737 9 4.2 20.3
0 572.775 26 4.2 20.3
0 572.999 4 4.2 20.3
0 573.041 24 4.2 20.3
0 573.284 4 4.2 20.3
0 573.394 9 4.2 20.3
0 573.437 23 4.2 20.3
0 573.546 9 4.2 20.3
0 573.746 5 4.2 20.3
0 573.808 16 4.2 20.3
0 573.953 7 4.2 20.3
0 574.114 6 4.2 20.3
0 574.162 21 4.2 20.3
0 574.261 10 4.2 20.3
0 574.365 10 4.2 20.3
0 574.645 4 4.6 20.3
0 574.717 14 4.6 20.3
0 574.789 14 4.6 20.3
0 574.996 5 4.6 20.3
0 575.03 29 4.6 20.3
0 575.149 8 4.6 20.3
0 575.365 5 4.6 20.3
0 575.483 9 4.6 20.3
0 575.537 18 4.6 20.3
0 575.64 10 4.6 20.3
0 575.838 5 4.6 20.3
0 575.978 7 4.6 20.3
0 576.137 6 4.6 20.3
0 576.179 24 4.6 20.3
0 576.288 9 4.6 20.3
0 576.394 9 4.6 20.3
0 576.673 4 4.6 20.3
0 576.738 16 4.6 20.3
0 576.822 12 4.6 20.3
0 577.036 5 4.6 20.3
0 577.072 28 4.6 20.3
0 577.19 8 4.6 20.3
0 577.4 5 4.6 20.3
0 577.508 9 4.6 20.3
0 577.565 17 4.6 20.3
0 577.656 11 4.6 20.3
0 577.897 4 4.6 20.3
0 578.001 10 4.6 20.3
0 578.155 7 4.6 20.3
0 578.236 12 4.6 20.3
0 578.301 15 4.6 20.3
0 578.411 9 4.6 20.3
0 578.733 3 4.6 20.3
0 578.785 19 4.6 20.3
0 578.88 10 4.6 20.3
0 579.084 5 4.6 20.3
0 579.123 26 4.6 20.3
0 579.243 8 4.6 20.3
0 579.338 10 4.6 20.3
0 579.428 11 4.6 20.3
0 579.595 6 4.6 20.3
0 579.654 17 4.6 20.3
0 579.741 11 4.6 20.3
0 580.019 4 4.6 20.3
0 580.189 6 4.6 20.3
0 580.233 23 4.6 20.3
0 580.338 10 4.6 20.3
0 580.438 10 4.6 20.3
0 580.767 3 4.6 20.3
0 580.823 18 4.6 20.3
0 580.915 11 4.6 20.3
0 581.131 5 4.6 20.3
0 581.174 23 4.6 20.3
0 581.277 10 4.6 20.3
0 581.379 10 4.6 20.3
0 581.476 10 4.6 20.3
0 581.644 6 4.6 20.3
0 581.692 21 4.6 20.3
0 581.845 7 4.6 20.3
0 582.029 5 4.6 20.3
0 582.186 6 4.6 20.3
0 582.24 19 4.6 20.3
0 582.331 11 4.6 20.3
0 582.439 9 4.6 20.3
0 582.812 3 4.6 20.3
0 582.872 16 4.6 20.3
0 582.969 10 4.6 20.3
0 583.169 5 4.6 20.3
0 583.206 27 4.6 20.3
0 583.323 9 4.6 20.3
0 583.426 10 4.6 20.3
0 583.522 10 4.6 20.3
0 583.681 6 4.6 20.3
0 583.751 14 4.6 20.3
0 583.826 13 4.6 20.3
0 584.101 4 4.6 20.3
0 584.264 6 4.6 20.3
0 584.306 24 4.6 20.3
0 584.419 9 4.6 20.3
0 584.519 10 4.6 20.3
0 584.883 3 4.9 20.4
0 585.067 5 4.9 20.4
0 585.161 11 4.9 20.4
0 585.198 27 4.9 20.4
0 585.3 10 4.9 20.4
0 585.401 10 4.9 20.4
0 585.499 10 4.9 20.4
0 585.604 9 4.9 20.4
0 585.765 6 4.9 20.4
0 585.796 32 4.9 20.4
0 585.902 9 4.9 20.4
0 586.115 5 4.9 20.4
0 586.253 7 4.9 20.4
0 586.273 51 4.9 20.4
0 586.385 9 4.9 20.4
0 586.484 10 4.9 20.4
0 586.584 10 4.9 20.4
0 586.962 3 4.9 20.4
0 586.995 30 4.9 20.4
0 587.146 7 4.9 20.4
0 587.262 9 4.9 20.4
0 587.284 45 4.9 20.4
0 587.397 9 4.9 20.4
0 587.496 10 4.9 20.4
0 587.592 10 4.9 20.4
0 587.692 10 4.9 20.4
0 587.909 5 4.9 20.4
0 587.933 42 4.9 20.4
0 588.164 4 4.9 20.4
0 588.309 7 4.9 20.4
0 588.334 40 4.9 20.4
0 588.446 9 4.9 20.4
0 588.541 11 4.9 20.4
0 588.637 10 4.9 20.4
0 589.017 3 4.9 20.4
0 589.048 32 4.9 20.4
0 589.215 6 4.9 20.4
0 589.304 11 4.9 20.4
0 589.342 26 4.9 20.4
0 589.446 10 4.9 20.4
0 589.55 10 4.9 20.4
0 589.647 10 4.9 20.4
0 589.744 10 4.9 20.4
0 589.956 5 4.9 20.4
0 589.981 41 4.9 20.4
0 590.277 3 4.9 20.4
0 590.31 30 4.9 20.4
0 590.41 10 4.9 20.4
0 590.507 10 4.9 20.4
0 590.608 10 4.9 20.4
0 590.706 10 4.9 20.4
0 591.038 3 4.9 20.4
0 591.062 42 4.9 20.4
0 591.237 6 4.9 20.4
0 591.318 12 4.9 20.4
0 591.366 21 4.9 20.4
0 591.467 10 4.9 20.4
0 591.571 10 4.9 20.4
0 591.666 11 4.9 20.4
0 591.774 9 4.9 20.4
0 591.972 5 4.9 20.4
0 591.99 55 4.9 20.4
0 592.105 9 4.9 20.4
0 592.375 4 4.9 20.4
0 592.419 23 4.9 20.4
0 592.506 11 4.9 20.4
0 592.605 10 4.9 20.4
0 592.706 10 4.9 20.4
0 592.805 10 4.9 20.4
0 593.075 4 4.9 20.4
0 593.108 30 4.9 20.4
0 593.317 5 4.9 20.4
0 593.407 11 4.9 20.4
0 593.444 27 4.9 20.4
0 593.547 10 4.9 20.4
0 593.657 9 4.9 20.4
0 593.744 12 4.9 20.4
0 593.842 10 4.9 20.4
0 594.05 5 4.9 20.4
0 594.068 56 4.9 20.4
0 594.187 8 4.9 20.4
0 594.442 4 4.9 20.4
0 594.467 39 4.9 20.4
0 594.57 10 4.9 20.4
0 594.671 10 4.9 20.4
0 594.788 9 4.9 20.4
0 594.872 12 4.9 20.4
0 595.104 4 4.8 20.4
0 595.175 14 4.8 20.4
0 595.349 6 4.8 20.4
0 595.442 11 4.8 20.4
0 595.476 30 4.8 20.4
0 595.582 9 4.8 20.4
0 595.834 4 4.8 20.4
0 595.872 27 4.8 20.4
0 596.08 5 4.8 20.4
0 596.1 50 4.8 20.4
0 596.21 9 4.8 20.4
0 596.368 6 4.8 20.4
0 596.482 9 4.8 20.4
0 596.507 40 4.8 20.4
0 596.611 10 4.8 20.4
0 596.712 10 4.8 20.4
0 596.812 10 4.8 20.4
0 596.908 10 4.8 20.4
0 597.197 3 4.8 20.4
0 597.222 40 4.8 20.4
0 597.434 5 4.8 20.4
0 597.477 23 4.8 20.4
0 597.569 11 4.8 20.4
0 597.664 11 4.8 20.4
0 597.762 10 4.8 20.4
0 597.917 6 4.8 20.4
0 597.962 22 4.8 20.4
0 598.174 5 4.8 20.4
0 598.193 53 4.8 20.4
0 598.303 9 4.8 20.4
0 598.573 4 4.8 20.4
0 598.597 42 4.8 20.4
0 598.711 9 4.8 20.4
0 598.799 11 4.8 20.4
0 598.908 9 4.8 20.4
0 598.997 11 4.8 20.4
0 599.282 4 4.8 20.4
0 599.322 25 4.8 20.4
0 599.517 5 4.8 20.4
0 599.604 11 4.8 20.4
0 599.645 24 4.8 20.4
0 599.745 10 4.8 20.4
0 599.857 9 4.8 20.4
0 600.005 7 4.8 20.4
0 600.039 30 4.8 20.4
0 600.253 5 4.8 20.4
0 600.276 43 4.8 20.4
0 600.392 9 4.8 20.4
0 600.642 4 4.8 20.4
0 600.674 32 4.8 20.4
0 600.774 10 4.8 20.4
0 600.872 10 4.8 20.4
0 600.981 9 4.8 20.4
0 601.071 11 4.8 20.4
0 601.355 4 4.8 20.4
0 601.382 37 4.8 20.4
0 601.606 4 4.8 20.4
0 601.694 11 4.8 20.4
0 601.74 21 4.8 20.4
0 601.839 10 4.8 20.4
0 601.934 11 4.8 20.4
0 602.142 5 4.8 20.4
0 602.279 7 4.8 20.4
0 602.308 35 4.8 20.4
0 602.414 9 4.8 20.4
0 602.667 4 4.8 20.4
0 602.699 31 4.8 20.4
0 602.802 10 4.8 20.4
0 603.001 5 4.8 20.4
0 603.027 38 4.8 20.4
0 603.389 3 4.8 20.4
0 603.42 32 4.8 20.4
0 603.632 5 4.8 20.4
0 603.719 11 4.8 20.4
0 603.767 21 4.8 20.4
0 603.868 10 4.8 20.4
0 603.972 10 4.8 20.4
0 604.174 5 4.8 20.4
0 604.316 7 4.8 20.4
0 604.352 28 4.8 20.4
0 604.457 9 4.8 20.4
0 604.765 3 4.8 20.4
0 604.803 26 4.8 20.4
0 604.911 9 4.8 20.4
0 605.059 7 4.8 20.4
0 605.098 26 4.8 20.4
0 605.489 3 4.7 20.4
0 605.527 26 4.7 20.4
0 605.739 5 4.7 20.4
0 605.831 11 4.7 20.4
0 605.871 25 4.7 20.4
0 606.028 6 4.7 20.4
0 606.183 6 4.7 20.4
0 606.331 7 4.7 20.4
0 606.363 31 4.7 20.4
0 606.474 9 4.7 20.4
0 606.779 3 4.7 20.4
0 606.822 24 4.7 20.4
0 606.924 10 4.7 20.4
0 607.119 5 4.7 20.4
0 607.144 39 4.7 20.4
0 607.595 2 4.7 20.4
0 607.749 7 4.7 20.4
0 607.847 10 4.7 20.4
0 607.879 31 4.7 20.4
0 607.988 9 4.7 20.4
0 608.26 4 4.7 20.4
0 608.412 7 4.7 20.4
0 608.45 26 4.7 20.4
0 608.55 10 4.7 20.4
0 608.858 3 4.7 20.4
0 608.911 19 4.7 20.4
0 608.999 11 4.7 20.4
0 609.151 7 4.7 20.4
0 609.189 26 4.7 20.4
0 609.423 4 4.7 20.4
0 609.471 21 4.7 20.4
0 609.675 5 4.7 20.4
0 609.819 7 4.7 20.4
0 609.929 9 4.7 20.4
0 609.975 22 4.7 20.4
0 610.071 10 4.7 20.4
0 610.339 4 4.7 20.4
0 610.491 7 4.7 20.4
0 610.52 35 4.7 20.4
0 610.633 9 4.7 20.4
0 610.936 3 4.7 20.4
0 610.982 22 4.7 20.4
0 611.079 10 4.7 20.4
0 611.237 6 4.7 20.4
0 611.269 32 4.7 20.4
0 611.753 2 4.7 20.4
0 611.91 6 4.7 20.4
0 612.019 9 4.7 20.4
0 612.05 33 4.7 20.4
0 612.164 9 4.7 20.4
0 612.468 3 4.7 20.4
0 612.613 7 4.7 20.4
0 612.644 32 4.7 20.4
0 612.86 5 4.7 20.4
0 612.9 25 4.7 20.4
0 613.013 9 4.7 20.4
0 613.099 12 4.7 20.4
0 613.307 5 4.7 20.4
0 613.339 31 4.7 20.4
0 613.859 2 4.7 20.4
0 614.009 7 4.7 20.4
0 614.102 11 4.7 20.4
0 614.146 23 4.7 20.4
0 614.243 10 4.7 20.4
0 614.564 3 4.7 20.4
0 614.715 7 4.7 20.4
0 614.742 37 4.7 20.4
0 614.974 4 4.7 20.4
0 615.014 25 4.7 20.4
0 615.116 10 4.7 20.4
0 615.337 5 4.7 20.4
0 615.371 29 4.7 20.4
0 615.543 6 4.7 20.4
0 615.914 3 4.7 20.4
0 616.064 7 4.7 20.4
0 616.169 10 4.7 20.4
0 616.204 28 4.7 20.4
0 616.311 9 4.7 20.4
0 616.642 3 4.7 20.4
0 616.734 11 4.7 20.4
0 616.772 26 4.7 20.4
0 616.989 5 4.7 20.4
0 617.016 37 4.7 20.4
0 617.122 9 4.7 20.4
0 617.339 5 4.7 20.4
0 617.367 36 4.7 20.4
0 617.475 9 4.7 20.4
0 617.948 2 4.7 20.4
0 618.1 7 4.7 20.4
0 618.194 11 4.7 20.4
0 618.23 28 4.7 20.4
0 618.335 10 4.7 20.4
0 618.536 5 4.7 20.4
0 618.562 39 4.7 20.4
0 618.678 9 4.7 20.4
0 618.826 7 4.7 20.4
0 618.861 28 4.7 20.4
0 618.966 10 4.7 20.4
0 619.064 10 4.7 20.4
0 619.161 10 4.7 20.4
0 619.384 4 4.7 20.4
0 619.415 33 4.7 20.4
0 619.517 10 4.7 20.4
0 619.975 2 4.7 20.4
0 620.009 29 4.7 20.4
0 620.106 10 4.7 20.4
0 620.264 6 4.7 20.4
0 620.304 25 4.7 20.4
0 620.409 10 4.7 20.4
0 620.613 5 4.7 20.4
0 620.634 47 4.7 20.4
0 620.745 9 4.7 20.4
0 620.905 6 4.7 20.4
0 620.965 17 4.7 20.4
0 621.04 13 4.7 20.4
0 621.144 10 4.7 20.4
0 621.34 5 4.7 20.4
0 621.475 7 4.7 20.4
0 621.5 41 4.7 20.4
0 621.606 9 4.7 20.4
0 622.032 2 4.7 20.4
0 622.056 41 4.7 20.4
0 622.161 10 4.7 20.4
0 622.329 6 4.7 20.4
0 622.357 35 4.7 20.4
0 622.457 10 4.7 20.4
0 622.665 5 4.7 20.4
0 622.685 51 4.7 20.4
0 622.793 9 4.7 20.4
0 622.977 5 4.7 20.4
0 622.99 74 4.7 20.4
0 623.102 9 4.7 20.4
0 623.205 10 4.7 20.4
0 623.302 10 4.7 20.4
0 623.507 5 4.7 20.4
0 623.524 56 4.7 20.4
0 623.632 9 4.7 20.4
0 623.964 3 4.7 20.4
0 623.989 40 4.7 20.4
0 624.096 9 4.7 20.4
0 624.19 11 4.7 20.4
0 624.351 6 4.7 20.4
0 624.386 29 4.7 20.4
0 624.495 9 4.7 20.4
0 624.7 5 4.7 20.4
0 624.719 53 4.7 20.4
0 624.827 9 4.7 20.4
0 624.99 6 4.7 20.4
0 625.026 28 4.7 20.4
0 625.123 10 4.7 20.4
0 625.233 9 4.7 20.4
0 625.328 11 4.7 20.4
0 625.534 5 4.7 20.4
0 625.55 59 4.1 20.4
0 625.658 9 4.1 20.4
0 626.02 3 4.1 20.4
0 626.03 100 4.1 20.4
0 626.14 9 4.1 20.4
0 626.266 8 4.1 20.4
0 626.412 7 4.1 20.4
0 626.442 33 4.1 20.4
0 626.545 10 4.1 20.4
0 626.755 5 4.1 20.4
0 626.776 48 4.1 20.4
0 626.881 10 4.1 20.4
0 627.043 6 4.1 20.4
0 627.076 30 4.1 20.4
0 627.178 10 4.1 20.4
0 627.281 10 4.1 20.4
0 627.379 10 4.1 20.4
0 627.595 5 4.1 20.4
0 627.61 66 4.1 20.4
0 627.717 9 4.1 20.4
0 628.0 4 4.1 20.4
0 628.02 48 4.1 20.4
0 628.128 9 4.1 20.4
0 628.223 11 4.1 20.4
0 628.32 10 4.1 20.4
0 628.484 6 4.1 20.4
0 628.636 7 4.1 20.4
0 628.642 147 4.1 20.4
0 628.765 8 4.1 20.4
0 628.855 11 4.1 20.4
0 628.958 10 4.1 20.4
0 629.171 5 4.1 20.4
0 629.187 63 4.1 20.4
0 629.294 9 4.1 20.4
0 629.392 10 4.1 20.4
0 629.495 10 4.1 20.4
0 629.593 10 4.1 20.4
0 629.703 9 4.1 20.4
0 629.796 11 4.1 20.4
0 630.114 3 4.1 20.4
0 630.135 48 4.1 20.4
0 630.248 9 4.1 20.4
0 630.336 11 4.1 20.4
0 630.494 6 4.1 20.4
0 630.538 23 4.1 20.4
0 630.636 10 4.1 20.4
0 630.748 9 4.1 20.4
0 630.834 12 4.1 20.4
0 630.936 10 4.1 20.4
0 631.066 8 4.1 20.4
0 631.244 6 4.1 20.4
0 631.367 8 4.1 20.4
0 631.375 126 4.1 20.4
0 631.49 9 4.1 20.4
0 631.588 10 4.1 20.4
0 631.69 10 4.1 20.4
0 631.795 10 4.1 20.4
0 631.893 10 4.1 20.4
0 632.212 3 4.1 20.4
0 632.233 47 4.1 20.4
0 632.345 9 4.1 20.4
0 632.439 11 4.1 20.4
0 632.59 7 4.1 20.4
0 632.631 24 4.1 20.4
0 632.734 10 4.1 20.4
0 632.834 10 4.1 20.4
0 632.957 8 4.1 20.4
0 633.059 10 4.1 20.4
0 633.194 7 4.1 20.4
0 633.234 25 4.1 20.4
0 633.336 10 4.1 20.4
0 633.431 10 4.1 20.4
0 633.54 9 4.1 20.4
0 633.632 11 4.1 20.4
0 633.819 5 4.1 20.4
0 633.829 94 4.1 20.4
0 633.948 8 4.1 20.4
0 634.275 3 4.1 20.4
0 634.293 54 4.1 20.4
0 634.397 10 4.1 20.4
0 634.497 10 4.1 20.4
0 634.655 6 4.1 20.4
0 634.693 26 4.1 20.4
0 634.801 9 4.1 20.4
0 634.893 11 4.1 20.4
0 635.004 9 4.1 20.4
0 635.1 10 4.1 20.4
0 635.266 6 4.1 20.4
0 635.296 34 4.1 20.4
0 635.402 9 4.1 20.4
0 635.497 10 4.1 20.4
0 635.593 10 3.8 20.4
0 635.701 9 3.8 20.4
0 635.805 10 3.8 20.4
0 635.962 6 3.8 20.4
0 635.995 30 3.8 20.4
0 636.324 3 3.8 20.4
0 636.35 37 3.8 20.4
0 636.477 8 3.8 20.4
0 636.546 14 3.8 20.4
0 636.702 6 3.8 20.4
0 636.743 24 3.8 20.4
0 636.848 10 3.8 20.4
0 636.947 10 3.8 20.4
0 637.05 10 3.8 20.4
0 637.145 11 3.8 20.4
0 637.313 6 3.8 20.4
0 637.351 26 3.8 20.4
0 637.445 11 3.8 20.4
0 637.551 9 3.8 20.4
0 637.648 10 3.8 20.4
0 637.748 10 3.8 20.4
0 637.853 10 3.8 20.4
0 638.003 7 3.8 20.4
0 638.073 14 3.8 20.4
0 638.379 3 3.8 20.4
0 638.402 45 3.8 20.4
0 638.499 10 3.8 20.4
0 638.601 10 3.8 20.4
0 638.756 6 3.8 20.4
0 638.797 24 3.8 20.4
0 638.915 8 3.8 20.4
0 638.997 12 3.8 20.4
0 639.097 10 3.8 20.4
0 639.199 10 3.8 20.4
0 639.36 6 3.8 20.4
0 639.412 19 3.8 20.4
0 639.505 11 3.8 20.4
0 639.6 11 3.8 20.4
0 639.703 10 3.8 20.4
0 639.801 10 3.8 20.4
0 639.903 10 3.8 20.4
0 640.081 6 3.8 20.4
0 640.095 75 3.8 20.4
0 640.32 4 3.8 20.4
0 640.336 63 3.8 20.4
0 640.443 9 3.8 20.4
0 640.544 10 3.8 20.4
0 640.648 10 3.8 20.4
0 640.802 7 3.8 20.4
0 640.844 24 3.8 20.4
0 640.941 10 3.8 20.4
0 641.048 9 3.8 20.4
0 641.141 11 3.8 20.4
0 641.248 9 3.8 20.4
0 641.531 4 3.8 20.4
0 641.544 74 3.8 20.4
0 641.654 9 3.8 20.4
0 641.759 10 3.8 20.4
0 641.853 11 3.8 20.4
0 641.952 10 3.8 20.4
0 642.111 6 3.8 20.4
0 642.149 26 3.8 20.4
0 642.372 4 3.8 20.4
0 642.39 55 3.8 20.4
0 642.494 10 3.8 20.4
0 642.6 9 3.8 20.4
0 642.694 11 3.8 20.4
0 642.914 5 3.8 20.4
0 642.93 62 3.8 20.4
0 643.032 10 3.8 20.4
0 643.139 9 3.8 20.4
0 643.234 11 3.8 20.4
0 643.334 10 3.8 20.4
0 643.498 6 3.8 20.4
0 643.533 28 3.8 20.4
0 643.63 10 3.8 20.4
0 643.742 9 3.8 20.4
0 643.835 11 3.8 20.4
0 643.936 10 3.8 20.4
0 644.04 10 3.8 20.4
0 644.187 7 3.8 20.4
0 644.232 22 3.8 20.4
0 644.46 4 3.8 20.4
0 644.477 58 3.8 20.4
0 644.585 9 3.8 20.4
0 644.679 11 3.8 20.4
0 644.782 10 3.8 20.4
0 644.995 5 3.8 20.4
0 645.008 76 3.8 20.4
0 645.135 8 3.8 20.4
0 645.213 13 3.8 20.4
0 645.316 10 3.8 20.4
0 645.418 10 3.8 20.4
0 645.576 6 3.8 20.4
0 645.615 26 3.7 20.4
0 645.723 9 3.7 20.4
0 645.815 11 3.7 20.4
0 645.919 10 3.7 20.4
0 646.017 10 3.7 20.4
0 646.121 10 3.7 20.4
0 646.284 6 3.7 20.4
0 646.316 32 3.7 20.4
0 646.591 4 3.7 20.4
0 646.6 119 3.7 20.4
0 646.714 9 3.7 20.4
0 646.817 10 3.7 20.4
0 647.019 5 3.7 20.4
0 647.033 70 3.7 20.4
0 647.14 9 3.7 20.4
0 647.243 10 3.7 20.4
0 647.346 10 3.7 20.4
0 647.438 11 3.7 20.4
0 647.595 6 3.7 20.4
0 647.642 21 3.7 20.4
0 647.744 10 3.7 20.4
0 647.846 10 3.7 20.4
0 647.942 10 3.7 20.4
0 648.041 10 3.7 20.4
0 648.173 8 3.7 20.4
0 648.301 8 3.7 20.4
0 648.346 22 3.7 20.4
0 648.557 5 3.7 20.4
0 648.576 53 3.7 20.4
0 648.677 10 3.7 20.4
0 648.779 10 3.7 20.4
0 648.882 10 3.7 20.4
0 649.077 5 3.7 20.4
0 649.091 71 3.7 20.4
0 649.198 9 3.7 20.4
0 649.3 10 3.7 20.4
0 649.402 10 3.7 20.4
0 649.498 10 3.7 20.4
0 649.654 6 3.7 20.4
0 649.695 24 3.7 20.4
0 649.805 9 3.7 20.4
0 649.893 11 3.7 20.4
0 650.004 9 3.7 20.4
0 650.098 11 3.7 20.4
0 650.199 10 3.7 20.4
0 650.364 6 3.7 20.4
0 650.394 33 3.7 20.4
0 650.622 4 3.7 20.4
0 650.639 58 3.7 20.4
0 650.741 10 3.7 20.4
0 650.847 9 3.7 20.4
0 650.943 10 3.7 20.4
0 651.157 5 3.7 20.4
0 651.176 54 3.7 20.4
0 651.282 9 3.7 20.4
0 651.378 10 3.7 20.4
0 651.48 10 3.7 20.4
0 651.676 5 3.7 20.4
0 651.755 13 3.7 20.4
0 651.799 23 3.7 20.4
0 651.902 10 3.7 20.4
0 651.994 11 3.7 20.4
0 652.097 10 3.7 20.4
0 652.196 10 3.7 20.4
0 652.31 9 3.7 20.4
0 652.463 7 3.7 20.4
0 652.498 29 3.7 20.4
0 652.768 4 3.7 20.4
0 652.784 62 3.7 20.4
0 652.894 9 3.7 20.4
0 652.994 10 3.7 20.4
0 653.191 5 3.7 20.4
0 653.202 92 3.7 20.4
0 653.312 9 3.7 20.4
0 653.42 9 3.7 20.4
0 653.515 11 3.7 20.4
0 653.607 11 3.7 20.4
0 653.768 6 3.7 20.4
0 653.808 25 3.7 20.4
0 653.922 9 3.7 20.4
0 654.015 11 3.7 20.4
0 654.107 11 3.7 20.4
0 654.207 10 3.7 20.4
0 654.309 10 3.7 20.4
0 654.484 6 3.7 20.4
0 654.509 40 3.7 20.4
0 654.793 4 3.7 20.4
0 654.812 53 3.7 20.4
0 654.917 9 3.7 20.4
0 655.02 10 3.7 20.4
0 655.117 10 3.7 20.4
0 655.221 10 3.7 20.4
0 655.313 11 3.7 20.4
0 655.415 10 3.7 20.4
0 655.512 10 3.7 20.4
0 655.619 9 3.7 20.4
0 655.778 6 3.7 20.4
0 655.814 28 3.7 20.4
0 655.92 9 3.7 20.4
0 656.015 11 3.7 20.4
0 656.122 9 3.7 20.4
0 656.218 11 3.7 20.4
0 656.32 10 3.7 20.4
0 656.483 6 3.7 20.4
0 656.57 11 3.7 20.4
0 656.639 15 3.7 20.4
0 656.891 4 3.7 20.4
0 656.916 40 3.7 20.4
0 657.013 10 3.7 20.4
0 657.112 10 3.7 20.4
0 657.211 10 3.7 20.4
0 657.312 10 3.7 20.4
0 657.522 5 3.7 20.4
0 657.529 146 3.7 20.4
0 657.644 9 3.7 20.4
0 657.802 6 3.7 20.4
0 657.845 23 3.7 20.4
0 657.942 10 3.7 20.4
0 658.051 9 3.7 20.4
0 658.142 11 3.7 20.4
0 658.265 8 3.7 20.4
0 658.348 12 3.7 20.4
0 658.547 5 3.7 20.4
0 658.569 45 3.7 20.4
0 658.893 3 3.7 20.4
0 658.916 44 3.7 20.4
0 659.015 10 3.7 20.4
0 659.119 10 3.7 20.4
0 659.216 10 3.7 20.4
0 659.314 10 3.7 20.4
0 659.415 10 3.7 20.4
0 659.516 10 3.7 20.4
0 659.623 9 3.7 20.4
0 659.716 11 3.7 20.4
0 659.872 6 3.7 20.4
0 659.927 18 3.7 20.4
0 660.015 11 3.7 20.4
0 660.123 9 3.7 20.4
0 660.22 10 3.7 20.4
0 660.321 10 3.7 20.4
0 660.428 9 3.7 20.4
0 660.632 5 3.7 20.4
0 660.653 48 3.7 20.4
0 660.979 3 3.7 20.4
0 661.003 41 3.7 20.4
0 661.104 10 3.7 20.4
0 661.212 9 3.7 20.4
0 661.307 11 3.7 20.4
0 661.401 11 3.7 20.4
0 661.508 9 3.7 20.4
0 661.745 4 3.7 20.4
0 661.772 37 3.7 20.4
0 661.978 5 3.7 20.4
0 661.997 53 3.7 20.4
0 662.106 9 3.7 20.4
0 662.205 10 3.7 20.4
0 662.313 9 3.7 20.4
0 662.49 6 3.7 20.4
0 662.504 71 3.7 20.4
0 662.741 4 3.7 20.4
0 663.007 4 3.7 20.4
0 663.033 39 3.7 20.4
0 663.139 9 3.7 20.4
0 663.236 10 3.7 20.4
0 663.368 8 3.7 20.4
0 663.435 15 3.7 20.4
0 663.536 10 3.7 20.4
0 663.634 10 3.7 20.4
0 663.793 6 3.7 20.4
0 663.839 22 3.7 20.4
0 664.043 5 3.7 20.4
0 664.064 48 3.7 20.4
0 664.171 9 3.7 20.4
0 664.268 10 3.7 20.4
0 664.374 9 3.7 20.4
0 664.469 11 3.7 20.4
0 664.633 6 3.7 20.4
0 664.78 7 3.7 20.4
0 665.042 4 3.7 20.4
0 665.064 45 3.7 20.4
0 665.172 9 3.7 20.4
0 665.265 11 3.7 20.4
0 665.369 10 3.7 20.4
0 665.464 10 3.7 20.4
0 665.568 10 3.7 20.4
0 665.667 10 3.9 20.4
0 665.827 6 3.9 20.4
0 665.863 28 3.9 20.4
0 666.081 5 3.9 20.4
0 666.099 54 3.9 20.4
0 666.205 9 3.9 20.4
0 666.308 10 3.9 20.4
0 666.409 10 3.9 20.4
0 666.509 10 3.9 20.4
0 666.797 3 3.9 20.4
0 666.884 11 3.9 20.4
0 666.933 21 3.9 20.4
0 667.084 7 3.9 20.4
0 667.122 26 3.9 20.4
0 667.223 10 3.9 20.4
0 667.324 10 3.9 20.4
0 667.432 9 3.9 20.4
0 667.522 11 3.9 20.4
0 667.622 10 3.9 20.4
0 667.725 10 3.9 20.4
0 667.88 6 3.9 20.4
0 667.924 23 3.9 20.4
0 668.139 5 3.9 20.4
0 668.224 12 3.9 20.4
0 668.262 27 3.9 20.4
0 668.389 8 3.9 20.4
0 668.466 13 3.9 20.4
0 668.564 10 3.9 20.4
0 668.843 4 3.9 20.4
0 668.928 12 3.9 20.4
0 668.969 24 3.9 20.4
0 669.348 3 3.9 20.4
0 669.374 38 3.9 20.4
0 669.475 10 3.9 20.4
0 669.576 10 3.9 20.4
0 669.673 10 3.9 20.4
0 669.772 10 3.9 20.4
0 669.943 6 3.9 20.4
0 669.976 31 3.9 20.4
0 670.182 5 3.9 20.4
0 670.201 53 3.9 20.4
0 670.38 6 3.9 20.4
0 670.404 41 3.9 20.4
0 670.505 10 3.9 20.4
0 670.61 10 3.9 20.4
0 670.764 6 3.9 20.4
0 670.803 26 3.9 20.4
0 671.022 5 3.9 20.4
0 671.039 60 3.9 20.4
0 671.149 9 3.9 20.4
0 671.248 10 3.9 20.4
0 671.411 6 3.9 20.4
0 671.448 27 3.9 20.4
0 671.555 9 3.9 20.4
0 671.649 11 3.9 20.4
0 671.746 10 3.9 20.4
0 671.897 7 3.9 20.4
0 672.0 10 3.9 20.4
0 672.055 18 3.9 20.4
0 672.281 4 3.9 20.4
0 672.295 72 3.9 20.4
0 672.467 6 3.9 20.4
0 672.507 25 3.9 20.4
0 672.613 9 3.9 20.4
0 672.766 7 3.9 20.4
0 672.812 22 3.9 20.4
0 672.908 10 3.9 20.4
0 673.119 5 3.9 20.4
0 673.133 69 3.9 20.4
0 673.246 9 3.9 20.4
0 673.345 10 3.9 20.4
0 673.533 5 3.9 20.4
0 673.547 71 3.9 20.4
0 673.669 8 3.9 20.4
0 673.757 11 3.9 20.4
0 673.859 10 3.9 20.4
0 674.015 6 3.9 20.4
0 674.053 26 3.9 20.4
0 674.272 5 3.9 20.4
0 674.29 55 3.9 20.4
0 674.394 10 3.9 20.4
0 674.555 6 3.9 20.4
0 674.596 24 3.9 20.4
0 674.696 10 3.9 20.4
0 674.863 6 3.9 20.4
0 674.895 32 3.9 20.4
0 674.998 10 3.9 20.4
0 675.201 5 3.9 20.4
0 675.217 61 3.9 20.4
0 675.333 9 3.9 20.4
0 675.44 9 3.9 20.4
0 675.578 7 3.9 20.4
0 675.62 24 3.9 20.4
0 675.724 10 4.1 20.4
0 675.831 9 4.1 20.4
0 675.928 10 4.1 20.4
0 676.089 6 4.1 20.4
0 676.127 26 4.1 20.4
0 676.355 4 4.1 20.4
0 676.387 32 4.1 20.4
0 676.56 6 4.1 20.4
0 676.613 19 4.1 20.4
0 676.705 11 4.1 20.4
0 676.864 6 4.1 20.4
0 676.97 9 4.1 20.4
0 677.008 26 4.1 20.4
0 677.124 9 4.1 20.4
0 677.332 5 4.1 20.4
0 677.353 48 4.1 20.4
0 677.474 8 4.1 20.4
0 677.635 6 4.1 20.4
0 677.678 23 4.1 20.4
0 677.773 11 4.1 20.4
0 677.877 10 4.1 20.4
0 677.987 9 4.1 20.4
0 678.139 7 4.1 20.4
0 678.18 25 4.1 20.4
0 678.282 10 4.1 20.4
0 678.378 10 4.1 20.4
0 678.484 9 4.1 20.4
0 678.679 5 4.1 20.4
0 678.723 23 4.1 20.4
0 678.884 6 4.1 20.4
0 678.921 27 4.1 20.4
0 679.031 9 4.1 20.4
0 679.207 6 4.1 20.4
0 679.354 7 4.1 20.4
0 679.387 30 4.1 20.4
0 679.501 9 4.1 20.4
0 679.655 7 4.1 20.4
0 679.696 24 4.1 20.4
0 679.803 9 4.1 20.4
0 679.901 10 4.1 20.4
0 679.998 10 4.1 20.4
0 680.161 6 4.1 20.4
0 680.202 24 4.1 20.4
0 680.313 9 4.1 20.4
0 680.414 10 4.1 20.4
0 680.505 11 4.1 20.4
0 680.664 6 4.1 20.4
0 680.702 26 4.1 20.4
0 680.807 10 4.1 20.4
0 680.99 5 4.1 20.4
0 681.027 27 4.1 20.4
0 681.135 9 4.1 20.4
0 681.296 6 4.1 20.4
0 681.459 6 4.1 20.4
0 681.494 28 4.1 20.4
0 681.662 6 4.1 20.4
0 681.702 25 4.1 20.4
0 681.819 9 4.1 20.4
0 681.932 9 4.1 20.4
0 682.033 10 4.1 20.4
0 682.159 8 4.1 20.4
0 682.206 21 4.1 20.4
0 682.31 10 4.1 20.4
0 682.428 8 4.1 20.4
0 682.512 12 4.1 20.4
0 682.66 7 4.1 20.4
0 682.7 25 4.1 20.4
0 682.817 9 4.1 20.4
0 682.911 11 4.1 20.4
0 683.124 5 4.1 20.4
0 683.163 26 4.1 20.4
0 683.331 6 4.1 20.4
0 683.492 6 4.1 20.4
0 683.592 10 4.1 20.4
0 683.679 12 4.1 20.4
0 683.735 18 4.1 20.4
0 683.836 10 4.1 20.4
0 683.943 9 4.1 20.4
0 684.04 10 4.1 20.4
0 684.194 7 4.1 20.4
0 684.243 20 4.1 20.4
0 684.337 11 4.1 20.4
0 684.442 10 4.1 20.4
0 684.518 13 4.1 20.4
0 684.672 7 4.1 20.4
0 684.719 21 4.1 20.4
0 684.819 10 4.1 20.4
0 684.919 10 4.1 20.4
0 685.127 5 4.1 20.4
0 685.146 52 4.1 20.4
0 685.256 9 4.1 20.4
0 685.407 7 4.1 20.4
0 685.561 6 4.1 20.4
0 685.58 53 4.1 20.4
0 685.802 4 5.1 20.4
0 685.822 49 5.1 20.4
0 685.934 9 5.1 20.4
0 686.019 12 5.1 20.4
0 686.126 9 5.1 20.4
0 686.377 4 5.1 20.4
0 686.396 51 5.1 20.4
0 686.505 9 5.1 20.4
0 686.603 10 5.1 20.4
0 686.759 6 5.1 20.4
0 686.805 22 5.1 20.4
0 686.934 8 5.1 20.4
0 687.04 9 5.1 20.4
0 687.214 6 5.1 20.4
0 687.232 56 5.1 20.4
0 687.345 9 5.1 20.4
0 687.506 6 5.1 20.4
0 687.645 7 5.1 20.4
0 687.667 45 5.1 20.4
0 687.896 4 5.1 20.4
0 687.926 34 5.1 20.4
0 688.031 10 5.1 20.4
0 688.124 11 5.1 20.4
0 688.223 10 5.1 20.4
0 688.441 5 5.1 20.4
0 688.468 37 5.1 20.4
0 688.578 9 5.1 20.4
0 688.667 11 5.1 20.4
0 688.88 5 5.1 20.4
0 688.905 40 5.1 20.4
0 689.004 10 5.1 20.4
0 689.218 5 5.1 20.4
0 689.232 71 5.1 20.4
0 689.356 8 5.1 20.4
0 689.502 7 5.1 20.4
0 689.648 7 5.1 20.4
0 689.672 41 5.1 20.4
0 689.78 9 5.1 20.4
0 689.991 5 5.1 20.4
0 690.02 35 5.1 20.4
0 690.118 10 5.1 20.4
0 690.225 9 5.1 20.4
0 690.32 10 5.1 20.4
0 690.55 4 5.1 20.4
0 690.576 39 5.1 20.4
0 690.681 10 5.1 20.4
0 690.894 5 5.1 20.4
0 690.916 44 5.1 20.4
0 691.024 9 5.1 20.4
0 691.226 5 5.1 20.4
0 691.251 40 5.1 20.4
0 691.357 9 5.1 20.4
0 691.519 6 5.1 20.4
0 691.66 7 5.1 20.4
0 691.685 40 5.1 20.4
0 691.796 9 5.1 20.4
0 692.012 5 5.1 20.4
0 692.067 18 5.1 20.4
0 692.141 13 5.1 20.4
0 692.239 10 5.1 20.4
0 692.347 9 5.1 20.4
0 692.464 9 5.1 20.4
0 692.651 5 5.1 20.4
0 692.675 41 5.1 20.4
0 692.783 9 5.1 20.4
0 692.997 5 5.1 20.4
0 693.026 35 5.1 20.4
0 693.232 5 5.1 20.4
0 693.257 42 5.1 20.4
0 693.368 9 5.1 20.4
0 693.53 6 5.1 20.4
0 693.663 8 5.1 20.4
0 693.693 33 5.1 20.4
0 693.804 9 5.1 20.4
0 694.04 4 5.1 20.4
0 694.051 91 5.1 20.4
0 694.177 8 5.1 20.4
0 694.273 10 5.1 20.4
0 694.371 10 5.1 20.4
0 694.69 3 5.1 20.4
0 694.823 8 5.1 20.4
0 694.835 84 5.1 20.4
0 695.027 5 5.1 20.4
0 695.055 37 5.1 20.4
0 695.274 5 5.1 20.4
0 695.301 38 5.1 20.4
0 695.403 10 5.1 20.4
0 695.575 6 5.1 20.4
0 695.711 7 5.1 20.4
0 695.741 34 5.1 20.4
0 695.852 9 4.5 20.4
0 696.08 4 4.5 20.4
0 696.111 32 4.5 20.4
0 696.218 9 4.5 20.4
0 696.312 11 4.5 20.4
0 696.418 9 4.5 20.4
0 696.729 3 4.5 20.4
0 696.762 30 4.5 20.4
0 696.928 6 4.5 20.4
0 696.949 48 4.5 20.4
0 697.189 4 4.5 20.4
0 697.319 8 4.5 20.4
0 697.349 34 4.5 20.4
0 697.457 9 4.5 20.4
0 697.608 7 4.5 20.4
0 697.784 6 4.5 20.4
0 698.014 4 4.5 20.4
0 698.1 12 4.5 20.4
0 698.142 24 4.5 20.4
0 698.247 10 4.5 20.4
0 698.345 10 4.5 20.4
0 698.452 9 4.5 20.4
0 698.754 3 4.5 20.4
0 698.78 39 4.5 20.4
0 698.951 6 4.5 20.4
0 698.987 28 4.5 20.4
0 699.228 4 4.5 20.4
0 699.26 31 4.5 20.4
0 699.363 10 4.5 20.4
0 699.464 10 4.5 20.4
0 699.614 7 4.5 20.4
0 699.766 7 4.5 20.4
0 699.777 89 4.5 20.4
0 699.896 8 4.5 20.4
0 700.106 5 4.5 20.4
0 700.13 42 4.5 20.4
0 700.233 10 4.5 20.4
0 700.347 9 4.5 20.4
0 700.441 11 4.5 20.4
0 700.532 11 4.5 20.4
0 700.849 3 4.5 20.4
0 700.879 34 4.5 20.4
0 701.037 6 4.5 20.4
0 701.073 28 4.5 20.4
0 701.244 6 4.5 20.4
0 701.264 51 4.5 20.4
0 701.365 10 4.5 20.4
0 701.486 8 4.5 20.4
0 701.634 7 4.5 20.4
0 701.784 7 4.5 20.4
0 701.809 41 4.5 20.4
0 701.92 9 4.5 20.4
0 702.125 5 4.5 20.4
0 702.153 36 4.5 20.4
0 702.299 7 4.5 20.4
0 702.35 20 4.5 20.4
0 702.458 9 4.5 20.4
0 702.555 10 4.5 20.4
0 702.865 3 4.5 20.4
0 703.05 5 4.5 20.4
0 703.175 8 4.5 20.4
0 703.197 46 4.5 20.4
0 703.303 9 4.5 20.4
0 703.406 10 4.5 20.4
0 703.502 10 4.5 20.4
0 703.666 6 4.5 20.4
0 703.949 4 4.5 20.4
0 703.958 111 4.5 20.4
0 704.239 4 4.5 20.4
0 704.263 41 4.5 20.4
0 704.369 10 4.5 20.4
0 704.467 10 4.5 20.4
0 704.559 11 4.5 20.4
0 704.888 3 4.5 20.4
0 704.915 36 4.5 20.4
0 705.015 10 4.5 20.4
0 705.219 5 4.5 20.4
0 705.243 42 4.5 20.4
0 705.349 9 4.5 20.4
0 705.461 9 4.5 20.4
0 705.549 11 4.5 20.4
0 705.694 7 4.5 20.4
0 705.851 6 4.5 20.4
0 705.875 42 4.3 20.6
0 705.991 9 4.3 20.6
0 706.135 7 4.3 20.6
0 706.23 11 4.3 20.6
0 706.273 23 4.3 20.6
0 706.382 9 4.3 20.6
0 706.484 10 4.3 20.6
0 706.574 11 4.3 20.6
0 706.896 3 4.3 20.6
0 706.923 37 4.3 20.6
0 707.027 10 4.3 20.6
0 707.231 5 4.3 20.6
0 707.249 53 4.3 20.6
0 707.388 7 4.3 20.6
0 707.459 14 4.3 20.6
0 707.564 10 4.3 20.6
0 707.717 7 4.3 20.6
0 707.877 6 4.3 20.6
0 708.14 4 4.3 20.6
0 708.164 41 4.3 20.6
0 708.322 6 4.3 20.6
0 708.363 24 4.3 20.6
0 708.476 9 4.3 20.6
0 708.567 11 4.3 20.6
0 708.67 10 4.3 20.6
0 709.148 2 4.3 20.6
0 709.287 7 4.3 20.6
0 709.309 46 4.3 20.6
0 709.398 11 4.3 20.6
0 709.499 10 4.3 20.6
0 709.603 10 4.3 20.6
0 709.772 6 4.3 20.6
0 709.807 29 4.3 20.6
0 709.899 11 4.3 20.6
0 710.004 10 4.3 20.6
0 710.105 10 4.3 20.6
0 710.201 10 4.3 20.6
0 710.366 6 4.3 20.6
0 710.396 33 4.3 20.6
0 710.507 9 4.3 20.6
0 710.61 10 4.3 20.6
0 710.714 10 4.3 20.6
0 710.924 5 4.3 20.6
0 710.941 57 4.3 20.6
0 711.05 9 4.3 20.6
0 711.149 10 4.3 20.6
0 711.35 5 4.3 20.6
0 711.367 56 4.3 20.6
0 711.481 9 4.3 20.6
0 711.569 11 4.3 20.6
0 711.672 10 4.3 20.6
0 711.83 6 4.3 20.6
0 711.873 23 4.3 20.6
0 711.972 10 4.3 20.6
0 712.525 2 4.3 20.6
0 712.546 47 4.3 20.6
0 712.653 9 4.3 20.6
0 712.746 11 4.3 20.6
0 713.151 2 4.3 20.6
0 713.179 36 4.3 20.6
0 713.4 5 4.3 20.6
0 713.429 34 4.3 20.6
0 713.55 8 4.3 20.6
0 713.648 10 4.3 20.6
0 713.743 11 4.3 20.6
0 714.002 4 4.3 20.6
0 714.021 55 4.3 20.6
0 714.163 7 4.3 20.6
0 714.251 11 4.3 20.6
0 714.406 6 4.3 20.6
0 714.453 21 4.3 20.6
0 714.601 7 4.3 20.6
0 714.631 33 4.3 20.6
0 714.762 8 4.3 20.6
0 714.858 10 4.3 20.6
0 715.068 5 4.3 20.6
0 715.111 23 4.3 20.6
0 715.22 9 4.3 20.6
0 715.448 4 4.3 20.6
0 715.489 24 4.3 20.6
0 715.609 8 4.3 20.6
0 715.714 10 4.3 20.6
0 715.806 11 4.3 20.6
0 715.956 7 8.2 20.5
0 715.99 30 8.2 20.5
0 716.092 10 8.2 20.5
0 716.193 10 8.2 20.5
0 716.303 9 8.2 20.5
0 716.506 5 8.2 20.5
0 716.62 9 8.2 20.5
0 716.664 23 8.2 20.5
0 716.764 10 8.2 20.5
0 716.864 10 8.2 20.5
0 717.071 5 8.2 20.5
0 717.098 38 8.2 20.5
0 717.215 9 8.2 20.5
0 717.313 10 8.2 20.5
0 717.41 10 8.2 20.5
0 717.642 4 8.2 20.5
0 717.667 40 8.2 20.5
0 717.789 8 8.2 20.5
0 717.885 10 8.2 20.5
0 718.041 6 8.2 20.5
0 718.066 40 8.2 20.5
0 718.19 8 8.2 20.5
0 718.286 10 8.2 20.5
0 718.38 11 8.2 20.5
0 718.655 4 8.2 20.5
0 718.708 19 8.2 20.5
0 718.801 11 8.2 20.5
0 718.9 10 8.2 20.5
0 719.239 3 8.2 20.5
0 719.275 28 8.2 20.5
0 719.398 8 8.2 20.5
0 719.526 8 8.2 20.5
0 719.577 19 8.2 20.5
0 719.745 6 8.2 20.5
0 719.786 25 8.2 20.5
0 720.084 3 8.2 20.5
0 720.117 30 8.2 20.5
0 720.229 9 8.2 20.5
0 720.334 10 8.2 20.5
0 720.426 11 8.2 20.5
0 720.752 3 8.2 20.5
0 720.791 25 8.2 20.5
0 720.906 9 8.2 20.5
0 720.993 11 8.2 20.5
0 721.096 10 8.2 20.5
0 721.196 10 8.2 20.5
0 721.296 10 8.2 20.5
0 721.393 10 8.2 20.5
0 721.501 9 8.2 20.5
0 721.61 9 8.2 20.5
0 721.76 7 8.2 20.5
0 721.809 20 8.2 20.5
0 721.919 9 8.2 20.5
0 722.022 10 8.2 20.5
0 722.41 3 8.2 20.5
0 722.435 40 8.2 20.5
0 722.577 7 8.2 20.5
0 722.955 3 8.2 20.5
0 722.984 35 8.2 20.5
0 723.105 8 8.2 20.5
0 723.198 11 8.2 20.5
0 723.3 10 8.2 20.5
0 723.401 10 8.2 20.5
0 723.5 10 8.2 20.5
0 723.619 8 8.2 20.5
0 723.81 5 8.2 20.5
0 723.853 24 8.2 20.5
0 723.953 10 8.2 20.5
0 724.057 10 8.2 20.5
0 724.305 4 8.2 20.5
0 724.513 5 8.2 20.5
0 724.543 33 8.2 20.5
0 724.899 3 8.2 20.5
0 724.948 21 8.2 20.5
0 725.049 10 8.2 20.5
0 725.151 10 8.2 20.5
0 725.253 10 8.2 20.5
0 725.348 10 8.2 20.5
0 725.449 10 8.2 20.5
0 725.548 10 8.2 20.5
0 725.649 10 8.2 20.5
0 725.855 5 8.2 20.5
0 725.902 21 8.2 20.5
0 726.006 10 5.0 20.5
0 726.105 10 5.0 20.5
0 726.2 11 5.0 20.5
0 726.304 10 5.0 20.5
0 726.553 4 5.0 20.5
0 726.567 72 5.0 20.5
0 726.834 4 5.0 20.5
0 726.915 12 5.0 20.5
0 726.955 25 5.0 20.5
0 727.065 9 5.0 20.5
0 727.169 10 5.0 20.5
0 727.263 11 5.0 20.5
0 727.363 10 5.0 20.5
0 727.457 11 5.0 20.5
0 727.566 9 5.0 20.5
0 727.657 11 5.0 20.5
0 727.862 5 5.0 20.5
0 727.881 54 5.0 20.5
0 728.012 8 5.0 20.5
0 728.093 12 5.0 20.5
0 728.183 11 5.0 20.5
0 728.287 10 5.0 20.5
0 728.556 4 5.0 20.5
0 728.573 59 5.0 20.5
0 728.851 4 5.0 20.5
0 728.932 12 5.0 20.5
0 728.986 19 5.0 20.5
0 729.076 11 5.0 20.5
0 729.329 4 5.0 20.5
0 729.342 76 5.0 20.5
0 729.458 9 5.0 20.5
0 729.565 9 5.0 20.5
0 729.654 11 5.0 20.5
0 729.754 10 5.0 20.5
0 729.97 5 5.0 20.5
0 729.991 47 5.0 20.5
0 730.101 9 5.0 20.5
0 730.194 11 5.0 20.5
0 730.294 10 5.0 20.5
0 730.57 4 5.0 20.5
0 730.587 56 5.0 20.5
0 730.866 4 5.0 20.5
0 730.949 12 5.0 20.5
0 730.994 22 5.0 20.5
0 731.079 12 5.0 20.5
0 731.18 10 5.0 20.5
0 731.296 9 5.0 20.5
0 731.392 10 5.0 20.5
0 731.49 10 5.0 20.5
0 731.603 9 5.0 20.5
0 731.693 11 5.0 20.5
0 731.795 10 5.0 20.5
0 732.003 5 5.0 20.5
0 732.025 46 5.0 20.5
0 732.139 9 5.0 20.5
0 732.226 12 5.0 20.5
0 732.337 9 5.0 20.5
0 732.593 4 5.0 20.5
0 732.617 41 5.0 20.5
0 733.06 2 5.0 20.5
0 733.077 61 5.0 20.5
0 733.188 9 5.0 20.5
0 733.283 11 5.0 20.5
0 733.413 8 5.0 20.5
0 733.481 15 5.0 20.5
0 733.592 9 5.0 20.5
0 733.684 11 5.0 20.5
0 733.779 11 5.0 20.5
0 734.0 5 5.0 20.5
0 734.02 50 5.0 20.5
0 734.135 9 5.0 20.5
0 734.223 11 5.0 20.5
0 734.347 8 5.0 20.5
0 734.556 5 5.0 20.5
0 734.577 48 5.0 20.5
0 734.682 9 5.0 20.5
0 734.948 4 5.0 20.5
0 735.03 12 5.0 20.5
0 735.074 23 5.0 20.5
0 735.168 11 5.0 20.5
0 735.282 9 5.0 20.5
0 735.369 11 5.0 20.5
0 735.465 10 5.0 20.5
0 735.563 10 5.0 20.5
0 735.673 9 5.0 20.5
0 735.772 10 5.0 20.5
0 735.874 10 5.0 20.5
0 736.076 5 4.4 20.6
0 736.093 61 4.4 20.6
0 736.204 9 4.4 20.6
0 736.297 11 4.4 20.6
0 736.406 9 4.4 20.6
0 736.733 3 4.4 20.6
0 736.743 99 4.4 20.6
0 736.923 6 4.4 20.6
0 736.957 30 4.4 20.6
0 737.116 6 4.4 20.6
0 737.154 26 4.4 20.6
0 737.261 9 4.4 20.6
0 737.355 11 4.4 20.6
0 737.464 9 4.4 20.6
0 737.55 12 4.4 20.6
0 737.656 9 4.4 20.6
0 737.756 10 4.4 20.6
0 737.859 10 4.4 20.6
0 737.957 10 4.4 20.6
0 738.194 4 4.4 20.6
0 738.205 90 4.4 20.6
0 738.317 9 4.4 20.6
0 738.449 8 4.4 20.6
0 738.577 8 4.4 20.6
0 738.615 26 4.4 20.6
0 738.732 9 4.4 20.6
0 738.88 7 4.4 20.6
0 739.024 7 4.4 20.6
0 739.038 70 4.4 20.6
0 739.201 6 4.4 20.6
0 739.243 24 4.4 20.6
0 739.527 4 4.4 20.6
0 739.544 60 4.4 20.6
0 739.653 9 4.4 20.6
0 739.755 10 4.4 20.6
0 739.85 10 4.4 20.6
0 739.95 10 4.4 20.6
0 740.053 10 4.4 20.6
0 740.259 5 4.4 20.6
0 740.404 7 4.4 20.6
0 740.413 105 4.4 20.6
0 740.6 5 4.4 20.6
0 740.623 43 4.4 20.6
0 740.722 10 4.4 20.6
0 740.888 6 4.4 20.6
0 740.982 11 4.4 20.6
0 741.024 23 4.4 20.6
0 741.132 9 4.4 20.6
0 741.287 6 4.4 20.6
0 741.327 25 4.4 20.6
0 741.429 10 4.4 20.6
0 741.528 10 4.4 20.6
0 741.628 10 4.4 20.6
0 741.731 10 4.4 20.6
0 741.826 10 4.4 20.6
0 741.936 9 4.4 20.6
0 742.029 11 4.4 20.6
0 742.131 10 4.4 20.6
0 742.331 5 4.4 20.6
0 742.348 58 4.4 20.6
0 742.454 9 4.4 20.6
0 742.607 7 4.4 20.6
0 742.653 22 4.4 20.6
0 742.747 11 4.4 20.6
0 742.912 6 4.4 20.6
0 743.018 9 4.4 20.6
0 743.048 33 4.4 20.6
0 743.155 9 4.4 20.6
0 743.367 5 4.4 20.6
0 743.378 90 4.4 20.6
0 743.52 7 4.4 20.6
0 743.589 14 4.4 20.6
0 743.691 10 4.4 20.6
0 743.784 11 4.4 20.6
0 743.888 10 4.4 20.6
0 743.984 10 4.4 20.6
0 744.096 9 4.4 20.6
0 744.188 11 4.4 20.6
0 744.353 6 4.4 20.6
0 744.389 28 4.4 20.6
0 744.488 10 4.4 20.6
0 744.654 6 4.4 20.6
0 744.689 28 4.4 20.6
0 744.796 9 4.4 20.6
0 744.943 7 4.4 20.6
0 745.05 9 4.4 20.6
0 745.091 24 4.4 20.6
0 745.197 9 4.4 20.6
0 745.489 3 4.4 20.6
0 745.508 54 4.4 20.6
0 745.611 10 4.4 20.6
0 745.716 10 4.4 20.6
0 745.808 11 4.4 20.6
0 745.91 10 4.4 20.6
0 746.015 10 4.4 20.6
0 746.11 10 4.0 20.6
0 746.209 10 4.0 20.6
0 746.423 5 4.0 20.6
0 746.434 87 4.0 20.6
0 746.542 9 4.0 20.6
0 746.698 6 4.0 20.6
0 746.741 23 4.0 20.6
0 746.84 10 4.0 20.6
0 747.003 6 4.0 20.6
0 747.101 10 4.0 20.6
0 747.142 25 4.0 20.6
0 747.242 10 4.0 20.6
0 747.342 10 4.0 20.6
0 747.507 6 4.0 20.6
0 747.544 27 4.0 20.6
0 747.645 10 4.0 20.6
0 747.742 10 4.0 20.6
0 747.842 10 4.0 20.6
0 747.942 10 4.0 20.6
0 748.048 9 4.0 20.6
0 748.141 11 4.0 20.6
0 748.248 9 4.0 20.6
0 748.504 4 4.0 20.6
0 748.513 105 4.0 20.6
0 748.632 8 4.0 20.6
0 748.787 6 4.0 20.6
0 748.821 30 4.0 20.6
0 748.922 10 4.0 20.6
0 749.073 7 4.0 20.6
0 749.189 9 4.0 20.6
0 749.221 32 4.0 20.6
0 749.332 9 4.0 20.6
0 749.425 11 4.0 20.6
0 749.584 6 4.0 20.6
0 749.626 24 4.0 20.6
0 749.737 9 4.0 20.6
0 749.828 11 4.0 20.6
0 749.928 10 4.0 20.6
0 750.025 10 4.0 20.6
0 750.126 10 4.0 20.6
0 750.234 9 4.0 20.6
0 750.464 4 4.0 20.6
0 750.474 102 4.0 20.6
0 750.583 9 4.0 20.6
0 750.686 10 4.0 20.6
0 750.852 6 4.0 20.6
0 750.883 32 4.0 20.6
0 750.986 10 4.0 20.6
0 751.144 6 4.0 20.6
0 751.295 7 4.0 20.6
0 751.311 65 4.0 20.6
0 751.424 9 4.0 20.6
0 751.518 11 4.0 20.6
0 751.667 7 4.0 20.6
0 751.718 20 4.0 20.6
0 751.812 11 4.0 20.6
0 751.914 10 4.0 20.6
0 752.027 9 4.0 20.6
0 752.113 12 4.0 20.6
0 752.216 10 4.0 20.6
0 752.315 10 4.0 20.6
0 752.415 10 4.0 20.6
0 752.53 9 4.0 20.6
0 752.613 12 4.0 20.6
0 752.711 10 4.0 20.6
0 752.872 6 4.0 20.6
0 752.916 23 4.0 20.6
0 753.021 10 4.0 20.6
0 753.183 6 4.0 20.6
0 753.319 7 4.0 20.6
0 753.334 67 4.0 20.6
0 753.77 2 4.0 20.6
0 753.785 66 4.0 20.6
0 753.892 9 4.0 20.6
0 753.993 10 4.0 20.6
0 754.093 10 4.0 20.6
0 754.192 10 4.0 20.6
0 754.299 9 4.0 20.6
0 754.389 11 4.0 20.6
0 754.492 10 4.0 20.6
0 754.593 10 4.0 20.6
0 754.691 10 4.0 20.6
0 754.842 7 4.0 20.6
0 754.948 9 4.0 20.6
0 754.996 21 4.0 20.6
0 755.093 10 4.0 20.6
0 755.253 6 4.0 20.6
0 755.559 3 4.0 20.6
0 755.571 82 4.0 20.6
0 755.799 4 4.0 20.6
0 755.823 40 4.0 20.6
0 755.921 10 4.0 20.6
0 756.019 10 4.0 20.6
0 756.128 9 3.8 20.5
0 756.225 10 3.8 20.5
0 756.32 11 3.8 20.5
0 756.423 10 3.8 20.5
0 756.516 11 3.8 20.5
0 756.62 10 3.8 20.5
0 756.728 9 3.8 20.5
0 756.821 11 3.8 20.5
0 757.076 4 3.8 20.5
0 757.086 103 3.8 20.5
0 757.267 6 3.8 20.5
0 757.399 8 3.8 20.5
0 757.414 66 3.8 20.5
0 757.525 9 3.8 20.5
0 757.621 10 3.8 20.5
0 757.829 5 3.8 20.5
0 757.852 44 3.8 20.5
0 757.955 10 3.8 20.5
0 758.053 10 3.8 20.5
0 758.15 10 3.8 20.5
0 758.249 10 3.8 20.5
0 758.36 9 3.8 20.5
0 758.633 4 3.8 20.5
0 758.649 63 3.8 20.5
0 758.813 6 3.8 20.5
0 758.866 19 3.8 20.5
0 759.019 7 3.8 20.5
0 759.056 27 3.8 20.5
0 759.214 6 3.8 20.5
0 759.313 10 3.8 20.5
0 759.466 7 3.8 20.5
0 759.484 57 3.8 20.5
0 759.594 9 3.8 20.5
0 759.69 10 3.8 20.5
0 759.884 5 3.8 20.5
0 759.901 60 3.8 20.5
0 760.014 9 3.8 20.5
0 760.108 11 3.8 20.5
0 760.207 10 3.8 20.5
0 760.306 10 3.8 20.5
0 760.403 10 3.8 20.5
0 760.65 4 3.8 20.5
0 760.659 104 3.8 20.5
0 760.772 9 3.8 20.5
0 760.872 10 3.8 20.5
0 761.028 6 3.8 20.5
0 761.07 24 3.8 20.5
0 761.235 6 3.8 20.5
0 761.323 11 3.8 20.5
0 761.475 7 3.8 20.5
0 761.489 73 3.8 20.5
0 761.597 9 3.8 20.5
0 761.698 10 3.8 20.5
0 761.865 6 3.8 20.5
0 761.896 33 3.8 20.5
0 761.996 10 3.8 20.5
0 762.096 10 3.8 20.5
0 762.2 10 3.8 20.5
0 762.301 10 3.8 20.5
0 762.404 10 3.8 20.5
0 762.501 10 3.8 20.5
0 762.598 10 3.8 20.5
0 762.7 10 3.8 20.5
0 762.797 10 3.8 20.5
0 762.903 9 3.8 20.5
0 763.062 6 3.8 20.5
0 763.095 30 3.8 20.5
0 763.256 6 3.8 20.5
0 763.356 10 3.8 20.5
0 763.63 4 3.8 20.5
0 763.639 107 3.8 20.5
0 763.751 9 3.8 20.5
0 763.987 4 3.8 20.5
0 763.997 104 3.8 20.5
0 764.106 9 3.8 20.5
0 764.214 9 3.8 20.5
0 764.308 11 3.8 20.5
0 764.49 6 3.8 20.5
0 764.499 106 3.8 20.5
0 764.612 9 3.8 20.5
0 764.717 9 3.8 20.5
0 764.813 10 3.8 20.5
0 764.938 8 3.8 20.5
0 765.07 8 3.8 20.5
0 765.114 23 3.8 20.5
0 765.28 6 3.8 20.5
0 765.368 11 3.8 20.5
0 765.732 3 3.8 20.5
0 765.742 104 3.8 20.5
0 765.978 4 3.8 20.5
0 765.996 55 3.8 20.5
0 766.103 9 3.8 20.5
0 766.201 10 3.9 20.5
0 766.316 9 3.9 20.5
0 766.404 11 3.9 20.5
0 766.561 6 3.9 20.5
0 766.601 25 3.9 20.5
0 766.7 10 3.9 20.5
0 766.806 9 3.9 20.5
0 766.914 9 3.9 20.5
0 767.007 11 3.9 20.5
0 767.167 6 3.9 20.5
0 767.201 29 3.9 20.5
0 767.416 5 3.9 20.5
0 767.608 5 3.9 20.5
0 767.626 56 3.9 20.5
0 767.737 9 3.9 20.5
0 767.837 10 3.9 20.5
0 768.049 5 3.9 20.5
0 768.071 46 3.9 20.5
0 768.177 9 3.9 20.5
0 768.279 10 3.9 20.5
0 768.38 10 3.9 20.5
0 768.473 11 3.9 20.5
0 768.768 3 3.9 20.5
0 768.78 83 3.9 20.5
0 768.898 8 3.9 20.5
0 769.064 6 3.9 20.5
0 769.086 45 3.9 20.5
0 769.25 6 3.9 20.5
0 769.298 21 3.9 20.5
0 769.501 5 3.9 20.5
0 769.642 7 3.9 20.5
0 769.66 56 3.9 20.5
0 769.77 9 3.9 20.5
0 769.872 10 3.9 20.5
0 770.05 6 3.9 20.5
0 770.062 81 3.9 20.5
0 770.171 9 3.9 20.5
0 770.271 10 3.9 20.5
0 770.388 9 3.9 20.5
0 770.473 12 3.9 20.5
0 770.768 3 3.9 20.5
0 770.78 84 3.9 20.5
0 770.9 8 3.9 20.5
0 770.995 10 3.9 20.5
0 771.091 10 3.9 20.5
0 771.192 10 3.9 20.5
0 771.353 6 3.9 20.5
0 771.392 25 3.9 20.5
0 771.672 4 3.9 20.5
0 771.751 13 3.9 20.5
0 771.796 22 3.9 20.5
0 771.9 10 3.9 20.5
0 772.056 6 3.9 20.5
0 772.099 23 3.9 20.5
0 772.199 10 3.9 20.5
0 772.299 10 3.9 20.5
0 772.397 10 3.9 20.5
0 772.496 10 3.9 20.5
0 772.603 9 3.9 20.5
0 772.703 10 3.9 20.5
0 772.854 7 3.9 20.5
0 772.901 21 3.9 20.5
0 773.002 10 3.9 20.5
0 773.105 10 3.9 20.5
0 773.199 11 3.9 20.5
0 773.36 6 3.9 20.5
0 773.398 26 3.9 20.5
0 773.504 9 3.9 20.5
0 773.975 2 3.9 20.5
0 773.992 60 3.9 20.5
0 774.284 3 3.9 20.5
0 774.296 89 3.9 20.5
0 774.409 9 3.9 20.5
0 774.511 10 3.9 20.5
0 774.611 10 3.9 20.5
0 774.703 11 3.9 20.5
0 774.864 6 3.9 20.5
0 774.906 24 3.9 20.5
0 775.015 9 3.9 20.5
0 775.141 8 3.9 20.5
0 775.208 15 3.9 20.5
0 775.368 6 3.9 20.5
0 775.405 26 3.9 20.5
0 775.506 10 3.9 20.5
0 775.916 2 3.9 20.5
0 776.008 11 3.9 20.5
0 776.043 28 3.9 20.5
0 776.244 5 4.2 20.5
0 776.267 44 4.2 20.5
0 776.376 9 4.2 20.5
0 776.478 10 4.2 20.5
0 776.569 11 4.2 20.5
0 776.669 10 4.2 20.5
0 776.769 10 4.2 20.5
0 776.929 6 4.2 20.5
0 776.984 18 4.2 20.5
0 777.069 12 4.2 20.5
0 777.169 10 4.2 20.5
0 777.27 10 4.2 20.5
0 777.427 6 4.2 20.5
0 777.468 24 4.2 20.5
0 777.584 9 4.2 20.5
0 777.833 4 4.2 20.5
0 777.856 44 4.2 20.5
0 778.129 4 4.2 20.5
0 778.264 7 4.2 20.5
0 778.288 42 4.2 20.5
0 778.388 10 4.2 20.5
0 778.489 10 4.2 20.5
0 778.583 11 4.2 20.5
0 778.702 8 4.2 20.5
0 778.921 5 4.2 20.5
0 778.997 13 4.2 20.5
0 779.046 20 4.2 20.5
0 779.15 10 4.2 20.5
0 779.256 9 4.2 20.5
0 779.375 8 4.2 20.5
0 779.507 8 4.2 20.5
0 779.548 24 4.2 20.5
0 779.647 10 4.2 20.5
0 779.921 4 4.2 20.5
0 779.938 60 4.2 20.5
0 780.345 2 4.2 20.5
0 780.363 58 4.2 20.5
0 780.485 8 4.2 20.5
0 780.569 12 4.2 20.5
0 780.671 10 4.2 20.5
0 780.908 4 4.2 20.5
0 780.915 129 4.2 20.5
0 781.1 5 4.2 20.5
0 781.138 27 4.2 20.5
0 781.232 11 4.2 20.5
0 781.329 10 4.2 20.5
0 781.434 10 4.2 20.5
0 781.65 5 4.2 20.5
0 781.672 44 4.2 20.5
0 781.942 4 4.2 20.5
0 781.968 39 4.2 20.5
0 782.345 3 4.2 20.5
0 782.372 37 4.2 20.5
0 782.476 10 4.2 20.5
0 782.569 11 4.2 20.5
0 782.67 10 4.2 20.5
0 782.78 9 4.2 20.5
0 782.875 10 4.2 20.5
0 782.98 10 4.2 20.5
0 783.134 6 4.2 20.5
0 783.169 29 4.2 20.5
0 783.271 10 4.2 20.5
0 783.378 9 4.2 20.5
0 783.471 11 4.2 20.5
0 783.678 5 4.2 20.5
0 783.695 59 4.2 20.5
0 784.117 2 4.2 20.5
0 784.408 3 4.2 20.5
0 784.416 127 4.2 20.5
0 784.536 8 4.2 20.5
0 784.637 10 4.2 20.5
0 784.734 10 4.2 20.5
0 784.83 10 4.2 20.5
0 784.935 10 4.2 20.5
0 785.032 10 4.2 20.5
0 785.206 6 4.2 20.5
0 785.234 36 4.2 20.5
0 785.335 10 4.2 20.5
0 785.437 10 4.2 20.5
0 785.534 10 4.2 20.5
0 785.744 5 4.2 20.5
0 785.764 51 4.2 20.5
0 786.103 3 4.2 20.5
0 786.112 118 4.2 20.5
0 786.447 3 3.9 20.6
0 786.472 40 3.9 20.6
0 786.578 9 3.9 20.6
0 786.676 10 3.9 20.6
0 786.772 10 3.9 20.6
0 786.882 9 3.9 20.6
0 786.978 10 3.9 20.6
0 787.076 10 3.9 20.6
0 787.228 7 3.9 20.6
0 787.274 21 3.9 20.6
0 787.374 10 3.9 20.6
0 787.482 9 3.9 20.6
0 787.575 11 3.9 20.6
0 787.731 6 3.9 20.6
0 787.774 23 3.9 20.6
0 788.044 4 3.9 20.6
0 788.06 60 3.9 20.6
0 788.17 9 3.9 20.6
0 788.493 3 3.9 20.6
0 788.517 42 3.9 20.6
0 788.63 9 3.9 20.6
0 788.718 11 3.9 20.6
0 788.817 10 3.9 20.6
0 788.913 10 3.9 20.6
0 789.096 5 3.9 20.6
0 789.103 150 3.9 20.6
0 789.29 5 3.9 20.6
0 789.323 30 3.9 20.6
0 789.457 7 3.9 20.6
0 789.52 16 3.9 20.6
0 789.619 10 3.9 20.6
0 789.837 5 3.9 20.6
0 789.853 63 3.9 20.6
0 790.125 4 3.9 20.6
0 790.141 62 3.9 20.6
0 790.262 8 3.9 20.6
0 790.617 3 3.9 20.6
0 790.635 56 3.9 20.6
0 790.743 9 3.9 20.6
0 790.841 10 3.9 20.6
0 790.947 9 3.9 20.6
0 791.118 6 3.9 20.6
0 791.127 108 3.9 20.6
0 791.304 6 3.9 20.6
0 791.341 27 3.9 20.6
0 791.441 10 3.9 20.6
0 791.658 5 3.9 20.6
0 791.67 81 3.9 20.6
0 791.89 5 3.9 20.6
0 791.909 52 3.9 20.6
0 792.122 5 3.9 20.6
0 792.14 58 3.9 20.6
0 792.251 9 3.9 20.6
0 792.348 10 3.9 20.6
0 792.662 3 3.9 20.6
0 792.683 47 3.9 20.6
0 792.796 9 3.9 20.6
0 792.888 11 3.9 20.6
0 792.987 10 3.9 20.6
0 793.084 10 3.9 20.6
0 793.188 10 3.9 20.6
0 793.35 6 3.9 20.6
0 793.388 26 3.9 20.6
0 793.486 10 3.9 20.6
0 793.581 10 3.9 20.6
0 793.685 10 3.9 20.6
0 793.904 5 3.9 20.6
0 793.916 81 3.9 20.6
0 794.22 3 3.9 20.6
0 794.233 75 3.9 20.6
0 794.341 9 3.9 20.6
0 794.533 5 3.9 20.6
0 794.833 3 3.9 20.6
0 794.851 54 3.9 20.6
0 794.961 9 3.9 20.6
0 795.054 11 3.9 20.6
0 795.157 10 3.9 20.6
0 795.263 9 3.9 20.6
0 795.42 6 3.9 20.6
0 795.451 32 3.9 20.6
0 795.56 9 3.9 20.6
0 795.653 11 3.9 20.6
0 795.751 10 3.9 20.6
0 795.854 10 3.9 20.6
0 795.957 10 3.9 20.6
0 796.384 2 3.9 20.6
0 796.391 147 3.9 20.6
0 796.511 8 4.1 20.6
0 796.781 4 4.1 20.6
0 796.796 63 4.1 20.6
0 796.912 9 4.1 20.6
0 797.0 11 4.1 20.6
0 797.104 10 4.1 20.6
0 797.204 10 4.1 20.6
0 797.298 11 4.1 20.6
0 797.473 6 4.1 20.6
0 797.502 35 4.1 20.6
0 797.606 10 4.1 20.6
0 797.702 10 4.1 20.6
0 797.805 10 4.1 20.6
0 797.907 10 4.1 20.6
0 798.012 10 4.1 20.6
0 798.212 5 4.1 20.6
0 798.228 61 4.1 20.6
0 798.338 9 4.1 20.6
0 798.433 11 4.1 20.6
0 798.542 9 4.1 20.6
0 798.809 4 4.1 20.6
0 798.827 56 4.1 20.6
0 798.931 10 4.1 20.6
0 799.029 10 4.1 20.6
0 799.244 5 4.1 20.6
0 799.259 65 4.1 20.6
0 799.372 9 4.1 20.6
0 799.583 5 4.1 20.6
0 799.593 102 4.1 20.6
0 799.711 8 4.1 20.6
0 799.818 9 4.1 20.6
0 799.906 11 4.1 20.6
0 800.006 10 4.1 20.6
0 800.223 5 4.1 20.6
0 800.239 62 4.1 20.6
0 800.349 9 4.1 20.6
0 800.451 10 4.1 20.6
0 800.544 11 4.1 20.6
0 800.869 3 4.1 20.6
0 800.889 49 4.1 20.6
0 800.987 10 4.1 20.6
0 801.095 9 4.1 20.6
0 801.36 4 4.1 20.6
0 801.369 104 4.1 20.6
0 801.549 6 4.1 20.6
0 801.581 31 4.1 20.6
0 801.688 9 4.1 20.6
0 801.782 11 4.1 20.6
0 801.889 9 4.1 20.6
0 801.982 11 4.1 20.6
0 802.088 9 4.1 20.6
0 802.291 5 4.1 20.6
0 802.308 59 4.1 20.6
0 802.422 9 4.1 20.6
0 802.516 11 4.1 20.6
0 802.619 10 4.1 20.6
0 802.939 3 4.1 20.6
0 802.958 53 4.1 20.6
0 803.065 9 4.1 20.6
0 803.168 10 4.1 20.6
0 803.267 10 4.1 20.6
0 803.363 10 4.1 20.6
0 803.465 10 4.1 20.6
0 803.664 5 4.1 20.6
0 803.692 35 4.1 20.6
0 803.789 10 4.1 20.6
0 803.883 11 4.1 20.6
0 803.988 10 4.1 20.6
0 804.087 10 4.1 20.6
0 804.367 4 4.1 20.6
0 804.374 147 4.1 20.6
0 804.494 8 4.1 20.6
0 804.647 7 4.1 20.6
0 804.693 22 4.1 20.6
0 805.015 3 4.1 20.6
0 805.035 50 4.1 20.6
0 805.14 10 4.1 20.6
0 805.24 10 4.1 20.6
0 805.354 9 4.1 20.6
0 805.44 12 4.1 20.6
0 805.544 10 4.1 20.6
0 805.693 7 4.1 20.6
0 805.74 21 4.1 20.6
0 805.835 11 4.1 20.6
0 805.971 7 4.1 20.6
0 806.035 16 4.1 20.6
0 806.143 9 4.1 20.6
0 806.52 3 3.8 20.6
0 806.531 97 3.8 20.6
0 806.661 8 3.8 20.6
0 806.742 12 3.8 20.6
0 807.076 3 3.8 20.6
0 807.099 42 3.8 20.6
0 807.208 9 3.8 20.6
0 807.298 11 3.8 20.6
0 807.397 10 3.8 20.6
0 807.503 10 3.8 20.6
0 807.606 10 3.8 20.6
0 807.771 6 3.8 20.6
0 807.799 36 3.8 20.6
0 807.898 10 3.8 20.6
0 808.0 10 3.8 20.6
0 808.108 9 3.8 20.6
0 808.2 11 3.8 20.6
0 808.409 5 3.8 20.6
0 808.429 50 3.8 20.6
0 808.536 9 3.8 20.6
0 808.637 10 3.8 20.6
0 808.735 10 3.8 20.6
0 808.841 9 3.8 20.6
0 809.172 3 3.8 20.6
0 809.196 41 3.8 20.6
0 809.389 5 3.8 20.6
0 809.403 77 3.8 20.6
0 809.52 9 3.8 20.6
0 809.616 10 3.8 20.6
0 809.885 4 3.8 20.6
0 809.896 95 3.8 20.6
0 810.012 9 3.8 20.6
0 810.108 10 3.8 20.6
0 810.208 10 3.8 20.6
0 810.43 5 3.8 20.6
0 810.451 48 3.8 20.6
0 810.558 9 3.8 20.6
0 810.653 11 3.8 20.6
0 810.758 10 3.8 20.6
0 810.851 11 3.8 20.6
0 811.181 3 3.8 20.6
0 811.202 47 3.8 20.6
0 811.308 9 3.8 20.6
0 811.555 4 3.8 20.6
0 811.564 108 3.8 20.6
0 811.685 8 3.8 20.6
0 811.882 5 3.8 20.6
0 811.9 58 3.8 20.6
0 812.007 9 3.8 20.6
0 812.106 10 3.8 20.6
0 812.214 9 3.8 20.6
0 812.31 10 3.8 20.6
0 812.521 5 3.8 20.6
0 812.54 51 3.8 20.6
0 812.654 9 3.8 20.6
0 812.744 11 3.8 20.6
0 812.846 10 3.8 20.6
0 812.945 10 3.8 20.6
0 813.274 3 3.8 20.6
0 813.296 46 3.8 20.6
0 813.397 10 3.8 20.6
0 813.494 10 3.8 20.6
0 813.597 10 3.8 20.6
0 813.697 10 3.8 20.6
0 813.922 4 3.8 20.6
0 813.942 49 3.8 20.6
0 814.047 10 3.8 20.6
0 814.147 10 3.8 20.6
0 814.245 10 3.8 20.6
0 814.425 6 3.8 20.6
0 814.447 44 3.8 20.6
0 814.545 10 3.8 20.6
0 814.652 9 3.8 20.6
0 814.751 10 3.8 20.6
0 814.902 7 3.8 20.6
0 814.962 17 3.8 20.6
0 815.045 12 3.8 20.6
0 815.376 3 3.8 20.6
0 815.392 63 3.8 20.6
0 815.503 9 3.8 20.6
0 815.597 11 3.8 20.6
0 815.696 10 3.8 20.6
0 815.797 10 3.8 20.6
0 815.961 6 3.8 20.6
0 816.003 24 3.8 20.6
0 816.094 11 3.8 20.6
0 816.194 10 3.8 20.6
0 816.296 10 3.8 20.6
0 816.397 10 3.8 20.6
0 816.767 3 4.2 20.6
0 816.776 115 4.2 20.6
0 816.891 9 4.2 20.6
0 816.988 10 4.2 20.6
0 817.082 11 4.2 20.6
0 817.24 6 4.2 20.6
0 817.298 17 4.2 20.6
0 817.446 7 4.2 20.6
0 817.484 26 4.2 20.6
0 817.591 9 4.2 20.6
0 817.691 10 4.2 20.6
0 817.788 10 4.2 20.6
0 817.968 6 4.2 20.6
0 818.035 15 4.2 20.6
0 818.088 19 4.2 20.6
0 818.191 10 4.2 20.6
0 818.292 10 4.2 20.6
0 818.391 10 4.2 20.6
0 818.492 10 4.2 20.6
0 818.689 5 4.2 20.6
0 818.703 74 4.2 20.6
0 818.811 9 4.2 20.6
0 818.91 10 4.2 20.6
0 819.025 9 4.2 20.6
0 819.111 12 4.2 20.6
0 819.342 4 4.2 20.6
0 819.577 4 4.2 20.6
0 819.599 46 4.2 20.6
0 819.731 8 4.2 20.6
0 819.797 15 4.2 20.6
0 819.898 10 4.2 20.6
0 820.078 6 4.2 20.6
0 820.102 41 4.2 20.6
0 820.201 10 4.2 20.6
0 820.304 10 4.2 20.6
0 820.404 10 4.2 20.6
0 820.501 10 4.2 20.6
0 820.715 5 4.2 20.6
0 820.731 64 4.2 20.6
0 820.842 9 4.2 20.6
0 820.936 11 4.2 20.6
0 821.04 10 4.2 20.6
0 821.134 11 4.2 20.6
0 821.311 6 4.2 20.6
0 821.391 13 4.2 20.6
0 821.439 21 4.2 20.6
0 821.644 5 4.2 20.6
0 821.859 5 4.2 20.6
0 821.873 75 4.2 20.6
0 821.981 9 4.2 20.6
0 822.147 6 4.2 20.6
0 822.18 30 4.2 20.6
0 822.289 9 4.2 20.6
0 822.389 10 4.2 20.6
0 822.476 12 4.2 20.6
0 822.587 9 4.2 20.6
0 822.791 5 4.2 20.6
0 822.809 54 4.2 20.6
0 822.923 9 4.2 20.6
0 823.013 11 4.2 20.6
0 823.114 10 4.2 20.6
0 823.215 10 4.2 20.6
0 823.436 5 4.2 20.6
0 823.46 42 4.2 20.6
0 823.668 5 4.2 20.6
0 823.693 40 4.2 20.6
0 823.793 10 4.2 20.6
0 823.889 10 4.2 20.6
0 823.99 10 4.2 20.6
0 824.201 5 4.2 20.6
0 824.224 43 4.2 20.6
0 824.329 9 4.2 20.6
0 824.57 4 4.2 20.6
0 824.587 59 4.2 20.6
0 824.838 4 4.2 20.6
0 824.851 79 4.2 20.6
0 824.996 7 4.2 20.6
0 825.091 10 4.2 20.6
0 825.188 10 4.2 20.6
0 825.289 10 4.2 20.6
0 825.51 5 4.2 20.6
0 825.56 20 4.2 20.6
0 825.716 6 4.2 20.6
0 825.761 22 4.2 20.6
0 825.868 9 4.2 20.6
0 825.966 10 4.2 20.6
0 826.061 11 4.2 20.6
0 826.23 6 4.2 20.6
0 826.266 28 4.2 20.6
0 826.376 9 4.2 20.6
0 826.48 10 4.2 20.6
0 826.575 11 4.2 20.6
0 826.68 10 4.2 20.6
0 827.052 3 4.4 20.6
0 827.075 43 4.4 20.6
0 827.199 8 4.4 20.6
0 827.297 10 4.4 20.6
0 827.512 5 4.4 20.6
0 827.553 24 4.4 20.6
0 827.724 6 4.4 20.6
0 827.768 23 4.4 20.6
0 827.867 10 4.4 20.6
0 827.966 10 4.4 20.6
0 828.132 6 4.4 20.6
0 828.29 6 4.4 20.6
0 828.316 39 4.4 20.6
0 828.444 8 4.4 20.6
0 828.536 11 4.4 20.6
0 828.643 9 4.4 20.6
0 828.742 10 4.4 20.6
0 828.945 5 4.4 20.6
0 828.97 39 4.4 20.6
0 829.097 8 4.4 20.6
0 829.204 9 4.4 20.6
0 829.298 11 4.4 20.6
0 829.397 10 4.4 20.6
0 829.665 4 4.4 20.6
0 829.78 9 4.4 20.6
0 829.856 13 4.4 20.6
0 829.942 12 4.4 20.6
0 830.069 8 4.4 20.6
0 830.302 4 4.4 20.6
0 830.344 24 4.4 20.6
0 830.452 9 4.4 20.6
0 830.55 10 4.4 20.6
0 830.649 10 4.4 20.6
0 830.755 9 4.4 20.6
0 830.965 5 4.4 20.6
0 831.002 27 4.4 20.6
0 831.091 11 4.4 20.6
0 831.189 10 4.4 20.6
0 831.294 9 4.4 20.6
0 831.391 10 4.4 20.6
0 831.565 6 4.4 20.6
0 831.691 8 4.4 20.6
0 831.712 48 4.4 20.6
0 831.88 6 4.4 20.6
0 832.134 4 4.4 20.6
0 832.325 5 4.4 20.6
0 832.346 48 4.4 20.6
0 832.454 9 4.4 20.6
0 832.548 11 4.4 20.6
0 832.664 9 4.4 20.6
0 832.756 11 4.4 20.6
0 832.946 5 4.4 20.6
0 832.966 50 4.4 20.6
0 833.076 9 4.4 20.6
0 833.183 9 4.4 20.6
0 833.273 11 4.4 20.6
0 833.371 10 4.4 20.6
0 833.474 10 4.4 20.6
0 833.738 4 4.4 20.6
0 833.765 36 4.4 20.6
0 833.977 5 4.4 20.6
0 834.002 41 4.4 20.6
0 834.103 10 4.4 20.6
0 834.379 4 4.4 20.6
0 834.404 40 4.4 20.6
0 834.498 11 4.4 20.6
0 834.604 10 4.4 20.6
0 834.703 10 4.4 20.6
0 834.809 9 4.4 20.6
0 834.985 6 4.4 20.6
0 834.995 103 4.4 20.6
0 835.191 5 4.4 20.6
0 835.204 79 4.4 20.6
0 835.32 9 4.4 20.6
0 835.417 10 4.4 20.6
0 835.525 9 4.4 20.6
0 835.783 4 4.4 20.6
0 835.806 43 4.4 20.6
0 836.017 5 4.4 20.6
0 836.045 35 4.4 20.6
0 836.145 10 4.4 20.6
0 836.441 3 4.4 20.6
0 836.455 73 4.4 20.6
0 836.571 9 4.4 20.6
0 836.666 10 4.4 20.6
0 836.765 10 4.4 20.6
0 836.861 10 4.4 20.6
0 837.295 2 4.9 20.7
0 837.303 128 4.9 20.7
0 837.421 8 4.9 20.7
0 837.517 10 4.9 20.7
0 837.676 6 4.9 20.7
0 837.83 6 4.9 20.7
0 837.857 38 4.9 20.7
0 838.059 5 4.9 20.7
0 838.078 53 4.9 20.7
0 838.186 9 4.9 20.7
0 838.34 7 4.9 20.7
0 838.394 19 4.9 20.7
0 838.48 12 4.9 20.7
0 838.58 10 4.9 20.7
0 838.68 10 4.9 20.7
0 838.785 10 4.9 20.7
0 838.887 10 4.9 20.7
0 839.091 5 4.9 20.7
0 839.108 62 4.9 20.7
0 839.218 9 4.9 20.7
0 839.315 10 4.9 20.7
0 839.42 10 4.9 20.7
0 839.516 10 4.9 20.7
0 839.61 11 4.9 20.7
0 839.883 4 4.9 20.7
0 839.901 54 4.9 20.7
0 840.149 4 4.9 20.7
0 840.159 99 4.9 20.7
0 840.273 9 4.9 20.7
0 840.434 6 4.9 20.7
0 840.47 28 4.9 20.7
0 840.576 9 4.9 20.7
0 840.673 10 4.9 20.7
0 840.884 5 4.9 20.7
0 840.89 174 4.9 20.7
0 841.112 5 4.9 20.7
0 841.127 65 4.9 20.7
0 841.243 9 4.9 20.7
0 841.332 11 4.9 20.7
0 841.461 8 4.9 20.7
0 841.534 14 4.9 20.7
0 841.638 10 4.9 20.7
0 841.91 4 4.9 20.7
0 841.927 59 4.9 20.7
0 842.139 5 4.9 20.7
0 842.372 4 4.9 20.7
0 842.451 13 4.9 20.7
0 842.494 24 4.9 20.7
0 842.597 10 4.9 20.7
0 842.697 10 4.9 20.7
0 842.793 10 4.9 20.7
0 842.9 9 4.9 20.7
0 842.997 10 4.9 20.7
0 843.208 5 4.9 20.7
0 843.226 56 4.9 20.7
0 843.333 9 4.9 20.7
0 843.432 10 4.9 20.7
0 843.532 10 4.9 20.7
0 843.628 10 4.9 20.7
0 843.731 10 4.9 20.7
0 843.957 4 4.9 20.7
0 843.988 33 4.9 20.7
0 844.188 5 4.9 20.7
0 844.207 55 4.9 20.7
0 844.313 9 4.9 20.7
0 844.469 6 4.9 20.7
0 844.516 21 4.9 20.7
0 844.616 10 4.9 20.7
0 844.716 10 4.9 20.7
0 844.815 10 4.9 20.7
0 844.916 10 4.9 20.7
0 845.018 10 4.9 20.7
0 845.246 4 4.9 20.7
0 845.266 48 4.9 20.7
0 845.399 8 4.9 20.7
0 845.467 15 4.9 20.7
0 845.572 10 4.9 20.7
0 845.669 10 4.9 20.7
0 845.772 10 4.9 20.7
0 846.129 3 4.9 20.7
0 846.26 8 4.9 20.7
0 846.283 44 4.9 20.7
0 846.38 10 4.9 20.7
0 846.563 5 4.9 20.7
0 846.569 164 4.9 20.7
0 846.691 8 4.9 20.7
0 846.783 11 4.9 20.7
0 846.888 10 4.9 20.7
0 846.981 11 4.9 20.7
0 847.08 10 4.9 20.7
0 847.516 2 3.7 20.7
0 847.522 163 3.7 20.7
0 847.634 9 3.7 20.7
0 847.736 10 3.7 20.7
0 847.836 10 3.7 20.7
0 847.996 6 3.7 20.7
0 848.046 20 3.7 20.7
0 848.137 11 3.7 20.7
0 848.333 5 3.7 20.7
0 848.349 62 3.7 20.7
0 848.454 10 3.7 20.7
0 848.629 6 3.7 20.7
0 848.649 49 3.7 20.7
0 848.752 10 3.7 20.7
0 848.858 9 3.7 20.7
0 848.964 9 3.7 20.7
0 849.057 11 3.7 20.7
0 849.165 9 3.7 20.7
0 849.36 5 3.7 20.7
0 849.374 71 3.7 20.7
0 849.475 10 3.7 20.7
0 849.578 10 3.7 20.7
0 849.688 9 3.7 20.7
0 849.779 11 3.7 20.7
0 849.911 8 3.7 20.7
0 850.064 7 3.7 20.7
0 850.095 32 3.7 20.7
0 850.243 7 3.7 20.7
0 850.436 5 3.7 20.7
0 850.468 32 3.7 20.7
0 850.569 10 3.7 20.7
0 850.791 4 3.7 20.7
0 850.825 30 3.7 20.7
0 850.944 8 3.7 20.7
0 851.124 6 3.7 20.7
0 851.151 37 3.7 20.7
0 851.273 8 3.7 20.7
0 851.375 10 3.7 20.7
0 851.47 11 3.7 20.7
0 851.573 10 3.7 20.7
0 851.669 10 3.7 20.7
0 851.772 10 3.7 20.7
0 851.872 10 3.7 20.7
0 851.978 9 3.7 20.7
0 852.125 7 3.7 20.7
0 852.144 53 3.7 20.7
0 852.269 8 3.7 20.7
0 852.712 2 3.7 20.7
0 852.965 4 3.7 20.7
0 852.987 45 3.7 20.7
0 853.116 8 3.7 20.7
0 853.215 10 3.7 20.7
0 853.305 11 3.7 20.7
0 853.408 10 3.7 20.7
0 853.509 10 3.7 20.7
0 853.609 10 3.7 20.7
0 853.716 9 3.7 20.7
0 853.808 11 3.7 20.7
0 853.909 10 3.7 20.7
0 854.017 9 3.7 20.7
0 854.169 7 3.7 20.7
0 854.189 51 3.7 20.7
0 854.318 8 3.7 20.7
0 854.41 11 3.7 20.7
0 854.521 9 3.7 20.7
0 854.61 11 3.7 20.7
0 854.713 10 3.7 20.7
0 854.811 10 3.7 20.7
0 855.023 5 3.7 20.7
0 855.049 39 3.7 20.7
0 855.173 8 3.7 20.7
0 855.325 7 3.7 20.7
0 855.345 51 3.7 20.7
0 855.472 8 3.7 20.7
0 855.568 10 3.7 20.7
0 855.763 5 3.7 20.7
0 855.784 46 3.7 20.7
0 855.914 8 3.7 20.7
0 856.001 11 3.7 20.7
0 856.325 3 3.7 20.7
0 856.361 28 3.7 20.7
0 856.476 9 3.7 20.7
0 856.573 10 3.7 20.7
0 856.667 11 3.7 20.7
0 856.77 10 3.7 20.7
0 856.877 9 3.7 20.7
0 857.078 5 3.7 20.7
0 857.109 32 3.7 20.7
0 857.225 9 3.7 20.7
0 857.323 10 3.7 20.7
0 857.622 3 4.4 20.7
0 857.642 50 4.4 20.7
0 857.855 5 4.4 20.7
0 857.888 31 4.4 20.7
0 858.0 9 4.4 20.7
0 858.107 9 4.4 20.7
0 858.265 6 4.4 20.7
0 858.297 32 4.4 20.7
0 858.413 9 4.4 20.7
0 858.505 11 4.4 20.7
0 858.608 10 4.4 20.7
0 858.71 10 4.4 20.7
0 858.814 10 4.4 20.7
0 858.907 11 4.4 20.7
0 859.124 5 4.4 20.7
0 859.163 26 4.4 20.7
0 859.275 9 4.4 20.7
0 859.371 10 4.4 20.7
0 859.469 10 4.4 20.7
0 859.565 11 4.4 20.7
0 859.67 9 4.4 20.7
0 859.769 10 4.4 20.7
0 859.878 9 4.4 20.7
0 859.969 11 4.4 20.7
0 860.07 10 4.4 20.7
0 860.171 10 4.4 20.7
0 860.367 5 4.4 20.7
0 860.403 28 4.4 20.7
0 860.528 8 4.4 20.7
0 860.608 13 4.4 20.7
0 860.708 10 4.4 20.7
0 860.813 10 4.4 20.7
0 860.919 9 4.4 20.7
0 861.006 12 4.4 20.7
0 861.298 3 4.4 20.7
0 861.317 53 4.4 20.7
0 861.455 7 4.4 20.7
0 861.584 8 4.4 20.7
0 861.642 17 4.4 20.7
0 861.749 9 4.4 20.7
0 861.841 11 4.4 20.7
0 861.947 9 4.4 20.7
0 862.053 9 4.4 20.7
0 862.142 11 4.4 20.7
0 862.244 10 4.4 20.7
0 862.404 6 4.4 20.7
0 862.622 5 4.4 20.7
0 862.64 56 4.4 20.7
0 862.772 8 4.4 20.7
0 862.962 5 4.4 20.7
0 862.982 50 4.4 20.7
0 863.112 8 4.4 20.7
0 863.318 5 4.4 20.7
0 863.344 38 4.4 20.7
0 863.465 8 4.4 20.7
0 863.564 10 4.4 20.7
0 863.714 7 4.4 20.7
0 863.749 29 4.4 20.7
0 863.865 9 4.4 20.7
0 863.965 10 4.4 20.7
0 864.064 10 4.4 20.7
0 864.173 9 4.4 20.7
0 864.263 11 4.4 20.7
0 864.423 6 4.4 20.7
0 864.455 31 4.4 20.7
0 864.571 9 4.4 20.7
0 864.672 10 4.4 20.7
0 864.769 10 4.4 20.7
0 864.867 10 4.4 20.7
0 864.974 9 4.4 20.7
0 865.074 10 4.4 20.7
0 865.167 11 4.4 20.7
0 865.324 6 4.4 20.7
0 865.377 19 4.4 20.7
0 865.469 11 4.4 20.7
0 865.571 10 4.4 20.7
0 865.729 6 4.4 20.7
0 865.748 50 4.4 20.7
0 865.876 8 4.4 20.7
0 865.968 11 4.4 20.7
0 866.084 9 4.4 20.7
0 866.172 11 4.4 20.7
0 866.362 5 4.4 20.7
0 866.461 10 4.4 20.7
0 866.484 43 4.4 20.7
0 866.608 8 4.4 20.7
0 866.708 10 4.4 20.7
0 866.827 8 4.4 20.7
0 866.902 13 4.4 20.7
0 867.011 9 4.4 20.7
0 867.111 10 4.4 20.7
0 867.214 10 4.4 20.7
0 867.371 6 4.4 20.7
0 867.408 27 4.4 20.7
0 867.8 3 4.7 20.7
0 867.84 25 4.7 20.7
0 868.024 5 4.7 20.7
0 868.045 48 4.7 20.7
0 868.171 8 4.7 20.7
0 868.272 10 4.7 20.7
0 868.374 10 4.7 20.7
0 868.522 7 4.7 20.7
0 868.554 31 4.7 20.7
0 868.665 9 4.7 20.7
0 868.769 10 4.7 20.7
0 868.869 10 4.7 20.7
0 868.97 10 4.7 20.7
0 869.067 10 4.7 20.7
0 869.175 9 4.7 20.7
0 869.271 10 4.7 20.7
0 869.426 6 4.7 20.7
0 869.46 29 4.7 20.7
0 869.593 8 4.7 20.7
0 869.666 14 4.7 20.7
0 869.84 6 4.7 20.7
0 869.873 30 4.7 20.7
0 869.988 9 4.7 20.7
0 870.089 10 4.7 20.7
0 870.193 10 4.7 20.7
0 870.288 11 4.7 20.7
0 870.408 8 4.7 20.7
0 870.546 7 4.7 20.7
0 870.695 7 4.7 20.7
0 870.727 31 4.7 20.7
0 870.84 9 4.7 20.7
0 870.934 11 4.7 20.7
0 871.043 9 4.7 20.7
0 871.151 9 4.7 20.7
0 871.243 11 4.7 20.7
0 871.446 5 4.7 20.7
0 871.608 6 4.7 20.7
0 871.639 32 4.7 20.7
0 871.758 8 4.7 20.7
0 871.916 6 4.7 20.7
0 871.942 39 4.7 20.7
0 872.07 8 4.7 20.7
0 872.163 11 4.7 20.7
0 872.274 9 4.7 20.7
0 872.371 10 4.7 20.7
0 872.464 11 4.7 20.7
0 872.865 2 4.7 20.7
0 872.905 24 4.7 20.7
0 873.129 4 4.7 20.7
0 873.148 53 4.7 20.7
0 873.274 8 4.7 20.7
0 873.381 9 4.7 20.7
0 873.476 11 4.7 20.7
0 873.676 5 4.7 20.7
0 873.705 35 4.7 20.7
0 873.821 9 4.7 20.7
0 873.981 6 4.7 20.7
0 874.008 38 4.7 20.7
0 874.128 8 4.7 20.7
0 874.233 10 4.7 20.7
0 874.303 14 4.7 20.7
0 874.403 10 4.7 20.7
0 874.512 9 4.7 20.7
0 874.598 12 4.7 20.7
0 874.698 10 4.7 20.7
0 874.93 4 4.7 20.7
0 874.944 73 4.7 20.7
0 875.06 9 4.7 20.7
0 875.148 11 4.7 20.7
0 875.248 10 4.7 20.7
0 875.356 9 4.7 20.7
0 875.553 5 4.7 20.7
0 875.676 8 4.7 20.7
0 875.693 61 4.7 20.7
0 875.8 9 4.7 20.7
0 875.965 6 4.7 20.7
0 875.999 30 4.7 20.7
0 876.1 10 4.7 20.7
0 876.207 9 4.7 20.7
0 876.3 11 4.7 20.7
0 876.516 5 4.7 20.7
0 876.524 118 4.7 20.7
0 876.636 9 4.7 20.7
0 876.744 9 4.7 20.7
0 876.996 4 4.7 20.7
0 877.015 54 4.7 20.7
0 877.126 9 4.7 20.7
0 877.219 11 4.7 20.7
0 877.323 10 4.7 20.7
0 877.416 11 4.7 20.7
0 877.52 10 4.7 20.7
0 878.055 2 4.6 20.8
0 878.18 8 4.6 20.8
0 878.187 138 4.6 20.8
0 878.304 9 4.6 20.8
0 878.403 10 4.6 20.8
0 878.506 10 4.6 20.8
0 878.614 9 4.6 20.8
0 878.71 10 4.6 20.8
0 878.81 10 4.6 20.8
0 879.081 4 4.6 20.8
0 879.111 33 4.6 20.8
0 879.22 9 4.6 20.8
0 879.309 11 4.6 20.8
0 879.416 9 4.6 20.8
0 879.508 11 4.6 20.8
0 879.621 9 4.6 20.8
0 879.818 5 4.6 20.8
0 879.839 48 4.6 20.8
0 880.117 4 4.6 20.8
0 880.146 35 4.6 20.8
0 880.248 10 4.6 20.8
0 880.344 10 4.6 20.8
0 880.448 10 4.6 20.8
0 880.582 7 4.6 20.8
0 880.649 15 4.6 20.8
0 880.743 11 4.6 20.8
0 880.845 10 4.6 20.8
0 881.153 3 4.6 20.8
0 881.181 35 4.6 20.8
0 881.281 10 4.6 20.8
0 881.375 11 4.6 20.8
0 881.476 10 4.6 20.8
0 881.576 10 4.6 20.8
0 881.686 9 4.6 20.8
0 881.879 5 4.6 20.8
0 881.898 53 4.6 20.8
0 882.175 4 4.6 20.8
0 882.2 41 4.6 20.8
0 882.301 10 4.6 20.8
0 882.401 10 4.6 20.8
0 882.502 10 4.6 20.8
0 882.608 9 4.6 20.8
0 882.707 10 4.6 20.8
0 882.797 11 4.6 20.8
0 883.154 3 4.6 20.8
0 883.259 10 4.6 20.8
0 883.267 128 4.6 20.8
0 883.388 8 4.6 20.8
0 883.485 10 4.6 20.8
0 883.584 10 4.6 20.8
0 883.693 9 4.6 20.8
0 883.908 5 4.6 20.8
0 883.924 63 4.6 20.8
0 884.052 8 4.6 20.8
0 884.256 5 4.6 20.8
0 884.277 46 4.6 20.8
0 884.389 9 4.6 20.8
0 884.488 10 4.6 20.8
0 884.583 11 4.6 20.8
0 884.681 10 4.6 20.8
0 884.787 9 4.6 20.8
0 884.882 10 4.6 20.8
0 885.201 3 4.6 20.8
0 885.227 39 4.6 20.8
0 885.333 9 4.6 20.8
0 885.426 11 4.6 20.8
0 885.533 9 4.6 20.8
0 885.73 5 4.6 20.8
0 885.74 99 4.6 20.8
0 885.967 4 4.6 20.8
0 885.989 45 4.6 20.8
0 886.323 3 4.6 20.8
0 886.362 25 4.6 20.8
0 886.459 10 4.6 20.8
0 886.557 10 4.6 20.8
0 886.652 11 4.6 20.8
0 886.76 9 4.6 20.8
0 886.86 10 4.6 20.8
0 886.949 11 4.6 20.8
0 887.294 3 4.6 20.8
0 887.306 85 4.6 20.8
0 887.43 8 4.6 20.8
0 887.521 11 4.6 20.8
0 887.626 10 4.6 20.8
0 887.783 6 4.6 20.8
0 887.893 9 4.6 20.8
0 888.033 7 4.6 20.8
0 888.054 48 4.6 20.8
0 888.216 6 3.9 20.8
0 888.444 4 3.9 20.8
0 888.471 37 3.9 20.8
0 888.581 9 3.9 20.8
0 888.673 11 3.9 20.8
0 888.772 10 3.9 20.8
0 888.872 10 3.9 20.8
0 888.98 9 3.9 20.8
0 889.3 3 3.9 20.8
0 889.319 51 3.9 20.8
0 889.427 9 3.9 20.8
0 889.529 10 3.9 20.8
0 889.626 10 3.9 20.8
0 889.785 6 3.9 20.8
0 889.827 24 3.9 20.8
0 890.088 4 3.9 20.8
0 890.105 58 3.9 20.8
0 890.276 6 3.9 20.8
0 890.479 5 3.9 20.8
0 890.503 42 3.9 20.8
0 890.616 9 3.9 20.8
0 890.703 12 3.9 20.8
0 890.802 10 3.9 20.8
0 890.907 10 3.9 20.8
0 891.002 11 3.9 20.8
0 891.216 5 3.9 20.8
0 891.236 49 3.9 20.8
0 891.344 9 3.9 20.8
0 891.444 10 3.9 20.8
0 891.541 10 3.9 20.8
0 891.641 10 3.9 20.8
0 891.814 6 3.9 20.8
0 891.839 41 3.9 20.8
0 892.109 4 3.9 20.8
0 892.131 44 3.9 20.8
0 892.293 6 3.9 20.8
0 892.34 21 3.9 20.8
0 892.598 4 3.9 20.8
0 892.627 34 3.9 20.8
0 892.725 10 3.9 20.8
0 892.824 10 3.9 20.8
0 892.923 10 3.9 20.8
0 893.021 10 3.9 20.8
0 893.23 5 3.9 20.8
0 893.251 48 3.9 20.8
0 893.468 5 3.9 20.8
0 893.48 81 3.9 20.8
0 893.601 8 3.9 20.8
0 893.695 11 3.9 20.8
0 893.862 6 3.9 20.8
0 893.889 37 3.9 20.8
0 894.171 4 3.9 20.8
0 894.191 49 3.9 20.8
0 894.373 6 3.9 20.8
0 894.402 35 3.9 20.8
0 894.664 4 3.9 20.8
0 894.689 41 3.9 20.8
0 894.789 10 3.9 20.8
0 894.892 10 3.9 20.8
0 894.987 11 3.9 20.8
0 895.088 10 3.9 20.8
0 895.302 5 3.9 20.8
0 895.317 65 3.9 20.8
0 895.427 9 3.9 20.8
0 895.525 10 3.9 20.8
0 895.623 10 3.9 20.8
0 895.753 8 3.9 20.8
0 895.985 4 3.9 20.8
0 896.066 12 3.9 20.8
0 896.164 10 3.9 20.8
0 896.202 26 3.9 20.8
0 896.369 6 3.9 20.8
0 896.405 27 3.9 20.8
0 896.577 6 3.9 20.8
0 896.607 33 3.9 20.8
0 896.703 10 3.9 20.8
0 896.807 10 3.9 20.8
0 896.907 10 3.9 20.8
0 897.007 10 3.9 20.8
0 897.113 9 3.9 20.8
0 897.208 11 3.9 20.8
0 897.334 8 3.9 20.8
0 897.41 13 3.9 20.8
0 897.508 10 3.9 20.8
0 897.617 9 3.9 20.8
0 897.706 11 3.9 20.8
0 897.809 10 3.9 20.8
0 898.016 5 3.9 20.8
0 898.101 12 3.9 20.8
0 898.201 10 3.9 20.8
0 898.234 31 3.8 20.7
0 898.41 6 3.8 20.7
0 898.687 4 3.8 20.7
0 898.708 47 3.8 20.7
0 898.808 10 3.8 20.7
0 898.905 10 3.8 20.7
0 899.007 10 3.8 20.7
0 899.105 10 3.8 20.7
0 899.219 9 3.8 20.7
0 899.308 11 3.8 20.7
0 899.418 9 3.8 20.7
0 899.505 11 3.8 20.7
0 899.607 10 3.8 20.7
0 899.711 10 3.8 20.7
0 899.811 10 3.8 20.7
0 900.018 5 3.8 20.7
0 900.111 11 3.8 20.7
0 900.198 12 3.8 20.7
0 900.243 22 3.8 20.7
0 900.403 6 3.8 20.7
0 900.437 29 3.8 20.7
0 900.544 9 3.8 20.7
0 900.7 6 3.8 20.7
0 900.77 14 3.8 20.7
0 900.839 14 3.8 20.7
0 900.942 10 3.8 20.7
0 901.094 7 3.8 20.7
0 901.137 23 3.8 20.7
0 901.242 10 3.8 20.7
0 901.502 4 3.8 20.7
0 901.51 115 3.8 20.7
0 901.623 9 3.8 20.7
0 901.722 10 3.8 20.7
0 901.826 10 3.8 20.7
0 902.042 5 3.8 20.7
0 902.234 5 3.8 20.7
0 902.25 60 3.8 20.7
0 902.449 5 3.8 20.7
0 902.465 62 3.8 20.7
0 902.58 9 3.8 20.7
0 902.73 7 3.8 20.7
0 902.771 24 3.8 20.7
0 902.874 10 3.8 20.7
0 902.977 10 3.8 20.7
0 903.082 9 3.8 20.7
0 903.176 11 3.8 20.7
0 903.275 10 3.8 20.7
0 903.375 10 3.8 20.7
0 903.633 4 3.8 20.7
0 903.649 61 3.8 20.7
0 903.758 9 3.8 20.7
0 903.861 10 3.8 20.7
0 904.06 5 3.8 20.7
0 904.26 5 3.8 20.7
0 904.282 46 3.8 20.7
0 904.442 6 3.8 20.7
0 904.485 23 3.8 20.7
0 904.585 10 3.8 20.7
0 904.798 5 3.8 20.7
0 904.822 41 3.8 20.7
0 904.922 10 3.8 20.7
0 905.026 10 3.8 20.7
0 905.124 10 3.8 20.7
0 905.222 10 3.8 20.7
0 905.334 9 3.8 20.7
0 905.424 11 3.8 20.7
0 905.518 11 3.8 20.7
0 905.688 6 3.8 20.7
0 905.721 30 3.8 20.7
0 905.818 10 3.8 20.7
0 905.932 9 3.8 20.7
0 906.195 4 3.8 20.7
0 906.343 7 3.8 20.7
0 906.362 53 3.8 20.7
0 906.533 6 3.8 20.7
0 906.563 34 3.8 20.7
0 906.667 10 3.8 20.7
0 906.831 6 3.8 20.7
0 906.871 25 3.8 20.7
0 906.973 10 3.8 20.7
0 907.072 10 3.8 20.7
0 907.166 11 3.8 20.7
0 907.271 9 3.8 20.7
0 907.367 10 3.8 20.7
0 907.476 9 3.8 20.7
0 907.575 10 3.8 20.7
0 907.728 7 3.8 20.7
0 907.769 24 3.8 20.7
0 907.864 11 3.8 20.7
0 907.966 10 3.8 20.7
0 908.146 6 3.8 20.7
0 908.166 49 3.8 20.7
0 908.443 4 3.9 20.7
0 908.458 68 3.9 20.7
0 908.717 4 3.9 20.7
0 908.734 57 3.9 20.7
0 908.946 5 3.9 20.7
0 908.964 57 3.9 20.7
0 909.071 9 3.9 20.7
0 909.174 10 3.9 20.7
0 909.281 9 3.9 20.7
0 909.368 11 3.9 20.7
0 909.469 10 3.9 20.7
0 909.572 10 3.9 20.7
0 909.741 6 3.9 20.7
0 909.769 35 3.9 20.7
0 909.883 9 3.9 20.7
0 909.969 12 3.9 20.7
0 910.074 10 3.9 20.7
0 910.275 5 3.9 20.7
0 910.476 5 3.9 20.7
0 910.494 57 3.9 20.7
0 910.6 9 3.9 20.7
0 910.764 6 3.9 20.7
0 910.795 32 3.9 20.7
0 911.04 4 3.9 20.7
0 911.05 104 3.9 20.7
0 911.293 4 3.9 20.7
0 911.367 13 3.9 20.7
0 911.418 20 3.9 20.7
0 911.523 10 3.9 20.7
0 911.622 10 3.9 20.7
0 911.821 5 3.9 20.7
0 911.836 64 3.9 20.7
0 911.947 9 3.9 20.7
0 912.049 10 3.9 20.7
0 912.149 10 3.9 20.7
0 912.251 10 3.9 20.7
0 912.538 3 3.9 20.7
0 912.624 12 3.9 20.7
0 912.668 23 3.9 20.7
0 912.819 7 3.9 20.7
0 912.86 24 3.9 20.7
0 913.065 5 3.9 20.7
0 913.078 78 3.9 20.7
0 913.201 8 3.9 20.7
0 913.289 11 3.9 20.7
0 913.433 7 3.9 20.7
0 913.49 18 3.9 20.7
0 913.589 10 3.9 20.7
0 913.69 10 3.9 20.7
0 913.905 5 3.9 20.7
0 913.924 53 3.9 20.7
0 914.033 9 3.9 20.7
0 914.13 10 3.9 20.7
0 914.226 10 3.9 20.7
0 914.336 9 3.9 20.7
0 914.596 4 3.9 20.7
0 914.627 33 3.9 20.7
0 914.72 11 3.9 20.7
0 914.878 6 3.9 20.7
0 914.928 20 3.9 20.7
0 915.128 5 3.9 20.7
0 915.147 54 3.9 20.7
0 915.255 9 3.9 20.7
0 915.351 10 3.9 20.7
0 915.515 6 3.9 20.7
0 915.549 29 3.9 20.7
0 915.66 9 3.9 20.7
0 915.755 11 3.9 20.7
0 915.96 5 3.9 20.7
0 915.987 38 3.9 20.7
0 916.087 10 3.9 20.7
0 916.188 10 3.9 20.7
0 916.335 7 3.9 20.7
0 916.386 19 3.9 20.7
0 916.652 4 3.9 20.7
0 916.753 10 3.9 20.7
0 916.774 47 3.9 20.7
0 916.937 6 3.9 20.7
0 916.974 27 3.9 20.7
0 917.185 5 3.9 20.7
0 917.211 38 3.9 20.7
0 917.315 10 3.9 20.7
0 917.411 10 3.9 20.7
0 917.567 6 3.9 20.7
0 917.616 20 3.9 20.7
0 917.712 10 3.9 20.7
0 917.819 9 3.9 20.7
0 918.011 5 3.9 20.7
0 918.036 40 3.9 20.7
0 918.144 9 3.9 20.7
0 918.236 11 3.9 20.7
0 918.341 10 3.9 20.7
0 918.438 10 3.9 20.7
0 918.707 4 4.0 20.8
0 918.804 10 4.0 20.8
0 918.831 36 4.0 20.8
0 919.043 5 4.0 20.8
0 919.067 42 4.0 20.8
0 919.399 3 4.0 20.8
0 919.415 61 4.0 20.8
0 919.601 5 4.0 20.8
0 919.626 39 4.0 20.8
0 919.733 9 4.0 20.8
0 919.832 10 4.0 20.8
0 920.116 4 4.0 20.8
0 920.132 60 4.0 20.8
0 920.243 9 4.0 20.8
0 920.343 10 4.0 20.8
0 920.445 10 4.0 20.8
0 920.719 4 4.0 20.8
0 920.824 10 4.0 20.8
0 920.85 38 4.0 20.8
0 921.068 5 4.0 20.8
0 921.118 20 4.0 20.8
0 921.362 4 4.0 20.8
0 921.374 86 4.0 20.8
0 921.616 4 4.0 20.8
0 921.644 36 4.0 20.8
0 921.751 9 4.0 20.8
0 921.848 10 4.0 20.8
0 922.054 5 4.0 20.8
0 922.085 32 4.0 20.8
0 922.207 8 4.0 20.8
0 922.276 15 4.0 20.8
0 922.386 9 4.0 20.8
0 922.481 11 4.0 20.8
0 922.802 3 4.0 20.8
0 922.895 11 4.0 20.8
0 922.931 28 4.0 20.8
0 923.133 5 4.0 20.8
0 923.166 31 4.0 20.8
0 923.385 5 4.0 20.8
0 923.416 33 4.0 20.8
0 923.634 5 4.0 20.8
0 923.663 35 4.0 20.8
0 923.765 10 4.0 20.8
0 923.862 10 4.0 20.8
0 924.08 5 4.0 20.8
0 924.106 38 4.0 20.8
0 924.27 6 4.0 20.8
0 924.308 27 4.0 20.8
0 924.41 10 4.0 20.8
0 924.514 10 4.0 20.8
0 924.829 3 4.0 20.8
0 924.928 10 4.0 20.8
0 924.955 36 4.0 20.8
0 925.165 5 4.0 20.8
0 925.185 49 4.0 20.8
0 925.298 9 4.0 20.8
0 925.399 10 4.0 20.8
0 925.496 10 4.0 20.8
0 925.757 4 4.0 20.8
0 925.775 55 4.0 20.8
0 926.086 3 4.0 20.8
0 926.146 17 4.0 20.8
0 926.278 8 4.0 20.8
0 926.314 28 4.0 20.8
0 926.416 10 4.0 20.8
0 926.51 11 4.0 20.8
0 926.734 4 4.0 20.8
0 926.763 36 4.0 20.8
0 926.971 5 4.0 20.8
0 926.992 48 4.0 20.8
0 927.212 5 4.0 20.8
0 927.252 25 4.0 20.8
0 927.348 10 4.0 20.8
0 927.439 11 4.0 20.8
0 927.541 10 4.0 20.8
0 927.834 3 4.0 20.8
0 927.853 53 4.0 20.8
0 927.964 9 4.0 20.8
0 928.172 5 4.0 20.8
0 928.199 37 4.0 20.8
0 928.363 6 4.0 20.8
0 928.404 25 4.0 20.8
0 928.499 11 4.0 20.8
0 928.604 9 4.0 20.8
0 928.936 3 4.1 20.9
0 929.08 7 4.1 20.9
0 929.226 7 4.1 20.9
0 929.251 40 4.1 20.9
0 929.358 9 4.1 20.9
0 929.465 9 4.1 20.9
0 929.555 11 4.1 20.9
0 929.823 4 4.1 20.9
0 929.848 41 4.1 20.9
0 929.955 9 4.1 20.9
0 930.06 9 4.1 20.9
0 930.258 5 4.1 20.9
0 930.287 35 4.1 20.9
0 930.453 6 4.1 20.9
0 930.486 30 4.1 20.9
0 930.597 9 4.1 20.9
0 930.69 11 4.1 20.9
0 930.887 5 4.1 20.9
0 930.907 51 4.1 20.9
0 931.27 3 4.1 20.9
0 931.28 101 4.1 20.9
0 931.458 6 4.1 20.9
0 931.499 24 4.1 20.9
0 931.603 10 4.1 20.9
0 931.876 4 4.1 20.9
0 931.903 37 4.1 20.9
0 932.01 9 4.1 20.9
0 932.101 11 4.1 20.9
0 932.313 5 4.1 20.9
0 932.337 42 4.1 20.9
0 932.553 5 4.1 20.9
0 932.58 37 4.1 20.9
0 932.683 10 4.1 20.9
0 932.775 11 4.1 20.9
0 932.988 5 4.1 20.9
0 933.237 4 4.1 20.9
0 933.258 48 4.1 20.9
0 933.369 9 4.1 20.9
0 933.465 10 4.1 20.9
0 933.564 10 4.1 20.9
0 933.665 10 4.1 20.9
0 933.931 4 4.1 20.9
0 933.952 46 4.1 20.9
0 934.06 9 4.1 20.9
0 934.164 10 4.1 20.9
0 934.267 10 4.1 20.9
0 934.358 11 4.1 20.9
0 934.569 5 4.1 20.9
0 934.592 42 4.1 20.9
0 934.696 10 4.1 20.9
0 934.797 10 4.1 20.9
0 935.0 5 4.1 20.9
0 935.244 4 4.1 20.9
0 935.272 36 4.1 20.9
0 935.374 10 4.1 20.9
0 935.475 10 4.1 20.9
0 935.575 10 4.1 20.9
0 935.671 10 4.1 20.9
0 935.948 4 4.1 20.9
0 935.971 43 4.1 20.9
0 936.082 9 4.1 20.9
0 936.173 11 4.1 20.9
0 936.31 7 4.1 20.9
0 936.377 15 4.1 20.9
0 936.621 4 4.1 20.9
0 936.633 88 4.1 20.9
0 936.756 8 4.1 20.9
0 936.854 10 4.1 20.9
0 937.253 3 4.1 20.9
0 937.501 4 4.1 20.9
0 937.529 36 4.1 20.9
0 937.634 10 4.1 20.9
0 937.728 11 4.1 20.9
0 938.044 3 4.1 20.9
0 938.068 40 4.1 20.9
0 938.176 9 4.1 20.9
0 938.273 10 4.1 20.9
0 938.371 10 4.1 20.9
0 938.472 10 4.1 20.9
0 938.684 5 4.1 20.9
0 938.715 32 4.1 20.9
0 938.823 9 4.1 20.9
0 938.918 11 4.1 20.9
0 939.134 5 4.0 21.1
0 939.162 35 4.0 21.1
0 939.272 9 4.0 21.1
0 939.573 3 4.0 21.1
0 939.601 36 4.0 21.1
0 939.712 9 4.0 21.1
0 939.806 11 4.0 21.1
0 940.128 3 4.0 21.1
0 940.157 34 4.0 21.1
0 940.266 9 4.0 21.1
0 940.36 11 4.0 21.1
0 940.455 10 4.0 21.1
0 940.558 10 4.0 21.1
0 940.762 5 4.0 21.1
0 940.791 34 4.0 21.1
0 940.892 10 4.0 21.1
0 940.991 10 4.0 21.1
0 941.199 5 4.0 21.1
0 941.345 7 4.0 21.1
0 941.638 3 4.0 21.1
0 941.65 86 4.0 21.1
0 941.766 9 4.0 21.1
0 941.875 9 4.0 21.1
0 942.143 4 4.0 21.1
0 942.153 96 4.0 21.1
0 942.256 10 4.0 21.1
0 942.358 10 4.0 21.1
0 942.457 10 4.0 21.1
0 942.559 10 4.0 21.1
0 942.756 5 4.0 21.1
0 942.779 44 4.0 21.1
0 942.888 9 4.0 21.1
0 942.989 10 4.0 21.1
0 943.108 8 4.0 21.1
0 943.259 7 4.0 21.1
0 943.283 43 4.0 21.1
0 943.443 6 4.0 21.1
0 943.6 6 4.0 21.1
0 943.628 37 4.0 21.1
0 943.73 10 4.0 21.1
0 943.832 10 4.0 21.1
0 943.925 11 4.0 21.1
0 944.191 4 4.0 21.1
0 944.208 58 4.0 21.1
0 944.483 4 4.0 21.1
0 944.492 111 4.0 21.1
0 944.619 8 4.0 21.1
0 944.814 5 4.0 21.1
0 944.842 36 4.0 21.1
0 944.94 10 4.0 21.1
0 945.044 10 4.0 21.1
0 945.139 11 4.0 21.1
0 945.344 5 4.0 21.1
0 945.359 66 4.0 21.1
0 945.523 6 4.0 21.1
0 945.576 19 4.0 21.1
0 945.671 10 4.0 21.1
0 945.769 10 4.0 21.1
0 945.87 10 4.0 21.1
0 945.969 10 4.0 21.1
0 946.231 4 4.0 21.1
0 946.25 54 4.0 21.1
0 946.386 7 4.0 21.1
0 946.456 14 4.0 21.1
0 946.556 10 4.0 21.1
0 946.701 7 4.0 21.1
0 946.87 6 4.0 21.1
0 946.894 43 4.0 21.1
0 947.001 9 4.0 21.1
0 947.093 11 4.0 21.1
0 947.196 10 4.0 21.1
0 947.693 2 4.0 21.1
0 947.779 12 4.0 21.1
0 947.816 28 4.0 21.1
0 947.92 10 4.0 21.1
0 948.016 10 4.0 21.1
0 948.327 3 4.0 21.1
0 948.357 33 4.0 21.1
0 948.451 11 4.0 21.1
0 948.545 11 4.0 21.1
0 948.645 10 4.0 21.1
0 948.871 4 4.0 21.1
0 948.89 51 4.0 21.1
0 948.996 9 4.0 21.1
0 949.088 11 4.0 21.1
0 949.196 9 4.8 21.2
0 949.356 6 4.8 21.2
0 949.396 25 4.8 21.2
0 949.722 3 4.8 21.2
0 949.808 12 4.8 21.2
0 949.841 30 4.8 21.2
0 949.951 9 4.8 21.2
0 950.04 11 4.8 21.2
0 950.3 4 4.8 21.2
0 950.319 52 4.8 21.2
0 950.601 4 4.8 21.2
0 950.611 95 4.8 21.2
0 950.721 9 4.8 21.2
0 950.817 10 4.8 21.2
0 950.921 10 4.8 21.2
0 951.022 10 4.8 21.2
0 951.134 9 4.8 21.2
0 951.223 11 4.8 21.2
0 951.32 10 4.8 21.2
0 951.423 10 4.8 21.2
0 951.523 10 4.8 21.2
0 951.633 9 4.8 21.2
0 951.826 5 4.8 21.2
0 951.9 14 4.8 21.2
0 951.948 21 4.8 21.2
0 952.045 10 4.8 21.2
0 952.327 4 4.8 21.2
0 952.34 79 4.8 21.2
0 952.441 10 4.8 21.2
0 952.544 10 4.8 21.2
0 952.652 9 4.8 21.2
0 952.745 11 4.8 21.2
0 952.857 9 4.8 21.2
0 952.941 12 4.8 21.2
0 953.044 10 4.8 21.2
0 953.142 10 4.8 21.2
0 953.249 9 4.8 21.2
0 953.342 11 4.8 21.2
0 953.452 9 4.8 21.2
0 953.547 11 4.8 21.2
0 953.646 10 4.8 21.2
0 953.802 6 4.8 21.2
0 953.906 10 4.8 21.2
0 953.953 21 4.8 21.2
0 954.049 10 4.8 21.2
0 954.147 10 4.8 21.2
0 954.246 10 4.8 21.2
0 954.405 6 4.8 21.2
0 954.458 19 4.8 21.2
0 954.551 11 4.8 21.2
0 954.649 10 4.8 21.2
0 954.91 4 4.8 21.2
0 954.92 108 4.8 21.2
0 955.038 8 4.8 21.2
0 955.13 11 4.8 21.2
0 955.228 10 4.8 21.2
0 955.327 10 4.8 21.2
0 955.43 10 4.8 21.2
0 955.527 10 4.8 21.2
0 955.639 9 4.8 21.2
0 955.729 11 4.8 21.2
0 955.883 7 4.8 21.2
0 956.032 7 4.8 21.2
0 956.043 91 4.8 21.2
0 956.16 9 4.8 21.2
0 956.25 11 4.8 21.2
0 956.41 6 4.8 21.2
0 956.485 13 4.8 21.2
0 956.551 15 4.8 21.2
0 956.661 9 4.8 21.2
0 956.752 11 4.8 21.2
0 956.934 5 4.8 21.2
0 956.943 112 4.8 21.2
0 957.055 9 4.8 21.2
0 957.148 11 4.8 21.2
0 957.265 9 4.8 21.2
0 957.354 11 4.8 21.2
0 957.452 10 4.8 21.2
0 957.548 10 4.8 21.2
0 957.652 10 4.8 21.2
0 957.752 10 4.8 21.2
0 957.921 6 4.8 21.2
0 958.063 7 4.8 21.2
0 958.074 92 4.8 21.2
0 958.184 9 4.8 21.2
0 958.28 10 4.8 21.2
0 958.452 6 4.8 21.2
0 958.479 37 4.8 21.2
0 958.581 10 4.8 21.2
0 958.683 10 4.8 21.2
0 958.78 10 4.8 21.2
0 958.884 10 4.8 21.2
0 958.99 9 4.8 21.2
0 959.082 11 4.8 21.2
0 959.184 10 4.8 21.2
0 959.279 11 3.8 21.1
0 959.384 9 3.8 21.1
0 959.494 9 3.8 21.1
0 959.583 11 3.8 21.1
0 959.683 10 3.8 21.1
0 959.781 10 3.8 21.1
0 959.945 6 3.8 21.1
0 960.098 7 3.8 21.1
0 960.111 79 3.8 21.1
0 960.218 9 3.8 21.1
0 960.316 10 3.8 21.1
0 960.477 6 3.8 21.1
0 960.515 26 3.8 21.1
0 960.625 9 3.8 21.1
0 960.716 11 3.8 21.1
0 960.818 10 3.8 21.1
0 960.917 10 3.8 21.1
0 961.019 10 3.8 21.1
0 961.116 10 3.8 21.1
0 961.225 9 3.8 21.1
0 961.319 11 3.8 21.1
0 961.416 10 3.8 21.1
0 961.549 8 3.8 21.1
0 961.618 14 3.8 21.1
0 961.728 9 3.8 21.1
0 961.819 11 3.8 21.1
0 962.003 5 3.8 21.1
0 962.121 8 3.8 21.1
0 962.135 73 3.8 21.1
0 962.249 9 3.8 21.1
0 962.34 11 3.8 21.1
0 962.499 6 3.8 21.1
0 962.541 24 3.8 21.1
0 962.645 10 3.8 21.1
0 962.736 11 3.8 21.1
0 962.852 9 3.8 21.1
0 962.94 11 3.8 21.1
0 963.042 10 3.8 21.1
0 963.144 10 3.8 21.1
0 963.241 10 3.8 21.1
0 963.341 10 3.8 21.1
0 963.485 7 3.8 21.1
0 963.544 17 3.8 21.1
0 963.643 10 3.8 21.1
0 963.743 10 3.8 21.1
0 963.844 10 3.8 21.1
0 964.011 6 3.8 21.1
0 964.151 7 3.8 21.1
0 964.165 69 3.8 21.1
0 964.27 10 3.8 21.1
0 964.371 10 3.8 21.1
0 964.738 3 3.8 21.1
0 964.755 57 3.8 21.1
0 964.86 9 3.8 21.1
0 964.951 11 3.8 21.1
0 965.062 9 3.8 21.1
0 965.159 10 3.8 21.1
0 965.264 10 3.8 21.1
0 965.361 10 3.8 21.1
0 965.459 10 3.8 21.1
0 965.558 10 3.8 21.1
0 965.663 10 3.8 21.1
0 965.766 10 3.8 21.1
0 965.855 11 3.8 21.1
0 966.018 6 3.8 21.1
0 966.17 7 3.8 21.1
0 966.189 54 3.8 21.1
0 966.3 9 3.8 21.1
0 966.392 11 3.8 21.1
0 966.627 4 3.8 21.1
0 966.637 104 3.8 21.1
0 966.811 6 3.8 21.1
0 966.846 28 3.8 21.1
0 966.948 10 3.8 21.1
0 967.079 8 3.8 21.1
0 967.145 15 3.8 21.1
0 967.25 10 3.8 21.1
0 967.353 10 3.8 21.1
0 967.452 10 3.8 21.1
0 967.551 10 3.8 21.1
0 967.644 11 3.8 21.1
0 967.75 9 3.8 21.1
0 967.856 9 3.8 21.1
0 967.951 11 3.8 21.1
0 968.303 3 3.8 21.1
0 968.327 42 3.8 21.1
0 968.436 9 3.8 21.1
0 968.664 4 3.8 21.1
0 968.678 73 3.8 21.1
0 968.846 6 3.8 21.1
0 968.888 23 3.8 21.1
0 968.995 9 3.8 21.1
0 969.088 11 3.8 21.1
0 969.188 10 3.8 21.1
0 969.285 10 4.0 21.1
0 969.39 10 4.0 21.1
0 969.494 10 4.0 21.1
0 969.593 10 4.0 21.1
0 969.688 10 4.0 21.1
0 969.783 11 4.0 21.1
0 969.89 9 4.0 21.1
0 969.989 10 4.0 21.1
0 970.094 10 4.0 21.1
0 970.459 3 4.0 21.1
0 970.486 38 4.0 21.1
0 970.706 5 4.0 21.1
0 970.72 70 4.0 21.1
0 970.885 6 4.0 21.1
0 970.925 25 4.0 21.1
0 971.028 10 4.0 21.1
0 971.127 10 4.0 21.1
0 971.234 9 4.0 21.1
0 971.325 11 4.0 21.1
0 971.43 10 4.0 21.1
0 971.525 10 4.0 21.1
0 971.629 10 4.0 21.1
0 971.733 10 4.0 21.1
0 971.943 5 4.0 21.1
0 971.953 104 4.0 21.1
0 972.122 6 4.0 21.1
0 972.167 22 4.0 21.1
0 972.332 6 4.0 21.1
0 972.465 8 4.0 21.1
0 972.479 71 4.0 21.1
0 972.589 9 4.0 21.1
0 972.794 5 4.0 21.1
0 972.81 60 4.0 21.1
0 972.984 6 4.0 21.1
0 973.015 32 4.0 21.1
0 973.114 10 4.0 21.1
0 973.218 10 4.0 21.1
0 973.311 11 4.0 21.1
0 973.416 10 4.0 21.1
0 973.522 9 4.0 21.1
0 973.616 11 4.0 21.1
0 973.72 10 4.0 21.1
0 973.812 11 4.0 21.1
0 973.916 10 4.0 21.1
0 974.017 10 4.0 21.1
0 974.119 10 4.0 21.1
0 974.222 10 4.0 21.1
0 974.481 4 4.0 21.1
0 974.496 65 4.0 21.1
0 974.607 9 4.0 21.1
0 974.811 5 4.0 21.1
0 974.832 50 4.0 21.1
0 974.988 6 4.0 21.1
0 975.031 23 4.0 21.1
0 975.132 10 4.0 21.1
0 975.232 10 4.0 21.1
0 975.345 9 4.0 21.1
0 975.433 11 4.0 21.1
0 975.532 10 4.0 21.1
0 975.635 10 4.0 21.1
0 975.733 10 4.0 21.1
0 975.832 10 4.0 21.1
0 975.944 9 4.0 21.1
0 976.034 11 4.0 21.1
0 976.134 10 4.0 21.1
0 976.237 10 4.0 21.1
0 976.509 4 4.0 21.1
0 976.533 41 4.0 21.1
0 976.66 8 4.0 21.1
0 976.837 6 4.0 21.1
0 977.175 3 4.0 21.1
0 977.187 83 4.0 21.1
0 977.3 9 4.0 21.1
0 977.397 10 4.0 21.1
0 977.498 10 4.0 21.1
0 977.603 10 4.0 21.1
0 977.7 10 4.0 21.1
0 977.798 10 4.0 21.1
0 977.899 10 4.0 21.1
0 977.997 10 4.0 21.1
0 978.107 9 4.0 21.1
0 978.204 10 4.0 21.1
0 978.299 10 4.0 21.1
0 978.522 4 4.0 21.1
0 978.543 46 4.0 21.1
0 978.655 9 4.0 21.1
0 978.855 5 4.0 21.1
0 978.869 73 4.0 21.1
0 978.979 9 4.0 21.1
0 979.184 5 4.0 21.1
0 979.205 49 4.0 21.1
0 979.302 10 3.7 21.1
0 979.406 10 3.7 21.1
0 979.505 10 3.7 21.1
0 979.606 10 3.7 21.1
0 979.71 10 3.7 21.1
0 979.803 11 3.7 21.1
0 979.907 10 3.7 21.1
0 980.006 10 3.7 21.1
0 980.107 10 3.7 21.1
0 980.214 9 3.7 21.1
0 980.303 11 3.7 21.1
0 980.577 4 3.7 21.1
0 980.594 58 3.7 21.1
0 980.702 9 3.7 21.1
0 980.808 9 3.7 21.1
0 980.903 11 3.7 21.1
0 981.0 10 3.7 21.1
0 981.203 5 3.7 21.1
0 981.221 55 3.7 21.1
0 981.335 9 3.7 21.1
0 981.422 12 3.7 21.1
0 981.525 10 3.7 21.1
0 981.63 10 3.7 21.1
0 981.812 5 3.7 21.1
0 981.823 91 3.7 21.1
0 982.094 4 3.7 21.1
0 982.108 73 3.7 21.1
0 982.281 6 3.7 21.1
0 982.321 25 3.7 21.1
0 982.803 2 3.7 21.1
0 982.813 105 3.7 21.1
0 982.922 9 3.7 21.1
0 983.028 9 3.7 21.1
0 983.226 5 3.7 21.1
0 983.247 48 3.7 21.1
0 983.357 9 3.7 21.1
0 983.451 11 3.7 21.1
0 983.549 10 3.7 21.1
0 983.657 9 3.7 21.1
0 983.746 11 3.7 21.1
0 983.934 5 3.7 21.1
0 983.944 105 3.7 21.1
0 984.062 8 3.7 21.1
0 984.158 10 3.7 21.1
0 984.268 9 3.7 21.1
0 984.357 11 3.7 21.1
0 984.684 3 3.7 21.1
0 984.704 50 3.7 21.1
0 984.809 10 3.7 21.1
0 984.906 10 3.7 21.1
0 985.003 10 3.7 21.1
0 985.108 10 3.7 21.1
0 985.314 5 3.7 21.1
0 985.337 43 3.7 21.1
0 985.443 9 3.7 21.1
0 985.535 11 3.7 21.1
0 985.721 5 3.7 21.1
0 985.735 71 3.7 21.1
0 985.91 6 3.7 21.1
0 985.944 29 3.7 21.1
0 986.125 6 3.7 21.1
0 986.134 106 3.7 21.1
0 986.255 8 3.7 21.1
0 986.355 10 3.7 21.1
0 986.454 10 3.7 21.1
0 986.764 3 3.7 21.1
0 986.784 48 3.7 21.1
0 986.893 9 3.7 21.1
0 987.025 8 3.7 21.1
0 987.098 14 3.7 21.1
0 987.192 11 3.7 21.1
0 987.564 3 3.7 21.1
0 987.582 55 3.7 21.1
0 987.741 6 3.7 21.1
0 987.912 6 3.7 21.1
0 987.938 39 3.7 21.1
0 988.038 10 3.7 21.1
0 988.2 6 3.7 21.1
0 988.235 28 3.7 21.1
0 988.339 10 3.7 21.1
0 988.45 9 3.7 21.1
0 988.535 12 3.7 21.1
0 988.927 3 3.7 21.1
0 988.941 74 3.7 21.1
0 989.06 8 3.7 21.1
0 989.149 11 3.7 21.1
0 989.25 10 3.7 21.1
0 989.469 5 4.0 21.2
0 989.49 47 4.0 21.2
0 989.655 6 4.0 21.2
0 989.695 25 4.0 21.2
0 989.85 6 4.0 21.2
0 989.947 10 4.0 21.2
0 989.995 21 4.0 21.2
0 990.096 10 4.0 21.2
0 990.258 6 4.0 21.2
0 990.297 26 4.0 21.2
0 990.394 10 4.0 21.2
0 990.502 9 4.0 21.2
0 990.602 10 4.0 21.2
0 990.798 5 4.0 21.2
0 990.815 58 4.0 21.2
0 990.982 6 4.0 21.2
0 991.027 22 4.0 21.2
0 991.125 10 4.0 21.2
0 991.221 10 4.0 21.2
0 991.327 9 4.0 21.2
0 991.522 5 4.0 21.2
0 991.545 42 4.0 21.2
0 991.703 6 4.0 21.2
0 991.747 22 4.0 21.2
0 991.973 4 4.0 21.2
0 992.022 20 4.0 21.2
0 992.122 10 4.0 21.2
0 992.197 13 4.0 21.2
0 992.359 6 4.0 21.2
0 992.4 24 4.0 21.2
0 992.529 8 4.0 21.2
0 992.602 14 4.0 21.2
0 992.857 4 4.0 21.2
0 992.875 57 4.0 21.2
0 993.052 6 4.0 21.2
0 993.08 36 4.0 21.2
0 993.214 7 4.0 21.2
0 993.292 13 4.0 21.2
0 993.39 10 4.0 21.2
0 993.592 5 4.0 21.2
0 993.614 45 4.0 21.2
0 993.829 5 4.0 21.2
0 994.03 5 4.0 21.2
0 994.054 43 4.0 21.2
0 994.165 9 4.0 21.2
0 994.256 11 4.0 21.2
0 994.423 6 4.0 21.2
0 994.469 22 4.0 21.2
0 994.572 10 4.0 21.2
0 994.664 11 4.0 21.2
0 994.867 5 4.0 21.2
0 994.889 44 4.0 21.2
0 995.06 6 4.0 21.2
0 995.098 27 4.0 21.2
0 995.195 10 4.0 21.2
0 995.296 10 4.0 21.2
0 995.397 10 4.0 21.2
0 995.601 5 4.0 21.2
0 995.64 25 4.0 21.2
0 995.836 5 4.0 21.2
0 996.038 5 4.0 21.2
0 996.056 55 4.0 21.2
0 996.179 8 4.0 21.2
0 996.262 12 4.0 21.2
0 996.421 6 4.0 21.2
0 996.479 17 4.0 21.2
0 996.568 11 4.0 21.2
0 996.66 11 4.0 21.2
0 996.876 5 4.0 21.2
0 996.896 49 4.0 21.2
0 997.106 5 4.0 21.2
0 997.127 47 4.0 21.2
0 997.265 7 4.0 21.2
0 997.334 14 4.0 21.2
0 997.445 9 4.0 21.2
0 997.681 4 4.0 21.2
0 997.69 106 4.0 21.2
0 997.913 4 4.0 21.2
0 998.16 4 4.0 21.2
0 998.23 14 4.0 21.2
0 998.292 16 4.0 21.2
0 998.444 7 4.0 21.2
0 998.491 21 4.0 21.2
0 998.593 10 4.0 21.2
0 998.689 10 4.0 21.2
0 998.897 5 4.0 21.2
0 998.918 49 4.0 21.2
0 999.026 9 4.0 21.2
0 999.183 6 4.0 21.2
0 999.22 27 4.0 21.2
0 999.328 9 4.0 21.2
0 999.427 10 4.0 21.2
0 999.524 10 4.0 21.1
0 999.623 10 4.0 21.1
0 999.732 9 4.0 21.1
0 999.923 5 4.0 21.1
0 1000.163 4 4.0 21.1
0 1000.251 11 4.0 21.1
0 1000.298 21 4.0 21.1
0 1000.445 7 4.0 21.1
0 1000.488 23 4.0 21.1
0 1000.603 9 4.0 21.1
0 1000.695 11 4.0 21.1
0 1000.896 5 4.0 21.1
0 1000.916 49 4.0 21.1
0 1001.022 9 4.0 21.1
0 1001.123 10 4.0 21.1
0 1001.336 5 4.0 21.1
0 1001.353 60 4.0 21.1
0 1001.469 9 4.0 21.1
0 1001.565 10 4.0 21.1
0 1001.666 10 4.0 21.1
0 1001.764 10 4.0 21.1
0 1001.972 5 4.0 21.1
0 1002.261 3 4.0 21.1
0 1002.294 31 4.0 21.1
0 1002.462 6 4.0 21.1
0 1002.486 41 4.0 21.1
0 1002.591 10 4.0 21.1
0 1002.692 10 4.0 21.1
0 1002.906 5 4.0 21.1
0 1002.925 53 4.0 21.1
0 1003.038 9 4.0 21.1
0 1003.135 10 4.0 21.1
0 1003.345 5 4.0 21.1
0 1003.368 43 4.0 21.1
0 1003.48 9 4.0 21.1
0 1003.568 11 4.0 21.1
0 1003.67 10 4.0 21.1
0 1003.766 10 4.0 21.1
0 1003.974 5 4.0 21.1
0 1004.308 3 4.0 21.1
0 1004.328 50 4.0 21.1
0 1004.501 6 4.0 21.1
0 1004.532 32 4.0 21.1
0 1004.638 9 4.0 21.1
0 1004.734 10 4.0 21.1
0 1004.839 10 4.0 21.1
0 1004.932 11 4.0 21.1
0 1005.039 9 4.0 21.1
0 1005.134 11 4.0 21.1
0 1005.341 5 4.0 21.1
0 1005.356 67 4.0 21.1
0 1005.467 9 4.0 21.1
0 1005.566 10 4.0 21.1
0 1005.678 9 4.0 21.1
0 1005.767 11 4.0 21.1
0 1005.98 5 4.0 21.1
0 1006.116 7 4.0 21.1
0 1006.136 50 4.0 21.1
0 1006.348 5 4.0 21.1
0 1006.379 33 4.0 21.1
0 1006.536 6 4.0 21.1
0 1006.568 31 4.0 21.1
0 1006.68 9 4.0 21.1
0 1006.771 11 4.0 21.1
0 1006.88 9 4.0 21.1
0 1006.974 11 4.0 21.1
0 1007.075 10 4.0 21.1
0 1007.225 7 4.0 21.1
0 1007.348 8 4.0 21.1
0 1007.372 41 4.0 21.1
0 1007.482 9 4.0 21.1
0 1007.578 10 4.0 21.1
0 1007.679 10 4.0 21.1
0 1007.806 8 4.0 21.1
0 1007.888 12 4.0 21.1
0 1007.983 11 4.0 21.1
0 1008.181 5 4.0 21.1
0 1008.196 65 4.0 21.1
0 1008.413 5 4.0 21.1
0 1008.431 56 4.0 21.1
0 1008.61 6 4.0 21.1
0 1008.631 46 4.0 21.1
0 1008.742 9 4.0 21.1
0 1008.836 11 4.0 21.1
0 1008.932 10 4.0 21.1
0 1009.034 10 4.0 21.1
0 1009.142 9 4.0 21.1
0 1009.238 10 4.0 21.1
0 1009.471 4 4.0 21.1
0 1009.479 130 4.0 21.1
0 1009.593 9 3.9 21.1
0 1009.698 10 3.9 21.1
0 1009.79 11 3.9 21.1
0 1009.894 10 3.9 21.1
0 1009.999 10 3.9 21.1
0 1010.154 6 3.9 21.1
0 1010.195 25 3.9 21.1
0 1010.302 9 3.9 21.1
0 1010.493 5 3.9 21.1
0 1010.511 58 3.9 21.1
0 1010.679 6 3.9 21.1
0 1010.713 30 3.9 21.1
0 1010.825 9 3.9 21.1
0 1010.914 11 3.9 21.1
0 1011.02 9 3.9 21.1
0 1011.115 11 3.9 21.1
0 1011.219 10 3.9 21.1
0 1011.321 10 3.9 21.1
0 1011.474 7 3.9 21.1
0 1011.512 26 3.9 21.1
0 1011.617 9 3.9 21.1
0 1011.713 10 3.9 21.1
0 1011.812 10 3.9 21.1
0 1011.922 9 3.9 21.1
0 1012.012 11 3.9 21.1
0 1012.169 6 3.9 21.1
0 1012.213 22 3.9 21.1
0 1012.312 10 3.9 21.1
0 1012.529 5 3.9 21.1
0 1012.54 89 3.9 21.1
0 1012.707 6 3.9 21.1
0 1012.747 25 3.9 21.1
0 1012.91 6 3.9 21.1
0 1012.952 24 3.9 21.1
0 1013.052 10 3.9 21.1
0 1013.145 11 3.9 21.1
0 1013.247 10 3.9 21.1
0 1013.349 10 3.9 21.1
0 1013.511 6 3.9 21.1
0 1013.548 27 3.9 21.1
0 1013.651 10 3.9 21.1
0 1013.746 11 3.9 21.1
0 1013.852 9 3.9 21.1
0 1013.95 10 3.9 21.1
0 1014.051 10 3.9 21.1
0 1014.211 6 3.9 21.1
0 1014.25 26 3.9 21.1
0 1014.353 10 3.9 21.1
0 1014.599 4 3.9 21.1
0 1014.61 99 3.9 21.1
0 1014.775 6 3.9 21.1
0 1014.816 24 3.9 21.1
0 1014.922 9 3.9 21.1
0 1015.02 10 3.9 21.1
0 1015.121 10 3.9 21.1
0 1015.213 11 3.9 21.1
0 1015.315 10 3.9 21.1
0 1015.417 10 3.9 21.1
0 1015.576 6 3.9 21.1
0 1015.615 26 3.9 21.1
0 1015.721 9 3.9 21.1
0 1015.822 10 3.9 21.1
0 1015.918 10 3.9 21.1
0 1016.02 10 3.9 21.1
0 1016.124 10 3.9 21.1
0 1016.283 6 3.9 21.1
0 1016.317 29 3.9 21.1
0 1016.421 10 3.9 21.1
0 1016.523 10 3.9 21.1
0 1016.617 11 3.9 21.1
0 1016.787 6 3.9 21.1
0 1016.818 32 3.9 21.1
0 1016.918 10 3.9 21.1
0 1017.026 9 3.9 21.1
0 1017.119 11 3.9 21.1
0 1017.22 10 3.9 21.1
0 1017.326 9 3.9 21.1
0 1017.419 11 3.9 21.1
0 1017.642 4 3.9 21.1
0 1017.647 182 3.9 21.1
0 1017.761 9 3.9 21.1
0 1017.867 9 3.9 21.1
0 1017.99 8 3.9 21.1
0 1018.062 14 3.9 21.1
0 1018.161 10 3.9 21.1
0 1018.374 5 3.9 21.1
0 1018.389 64 3.9 21.1
0 1018.496 9 3.9 21.1
0 1018.595 10 3.9 21.1
0 1018.702 9 3.9 21.1
0 1018.849 7 3.9 21.1
0 1018.909 17 3.9 21.1
0 1018.994 12 3.9 21.1
0 1019.095 10 3.9 21.1
0 1019.191 10 3.9 21.1
0 1019.296 10 3.9 21.1
0 1019.394 10 3.9 21.1
0 1019.497 10 3.9 21.1
0 1019.659 6 3.3 21.1
0 1019.777 8 3.3 21.1
0 1019.784 137 3.3 21.1
0 1019.9 9 3.3 21.1
0 1020.0 10 3.3 21.1
0 1020.1 10 3.3 21.1
0 1020.198 10 3.3 21.1
0 1020.404 5 3.3 21.1
0 1020.417 78 3.3 21.1
0 1020.532 9 3.3 21.1
0 1020.626 11 3.3 21.1
0 1020.736 9 3.3 21.1
0 1020.884 7 3.3 21.1
0 1020.927 23 3.3 21.1
0 1021.033 9 3.3 21.1
0 1021.124 11 3.3 21.1
0 1021.225 10 3.3 21.1
0 1021.327 10 3.3 21.1
0 1021.424 10 3.3 21.1
0 1021.54 9 3.3 21.1
0 1021.723 5 3.3 21.1
0 1021.74 62 3.3 21.1
0 1021.902 6 3.3 21.1
0 1021.942 25 3.3 21.1
0 1022.046 10 3.3 21.1
0 1022.144 10 3.3 21.1
0 1022.245 10 3.3 21.1
0 1022.444 5 3.3 21.1
0 1022.46 65 3.3 21.1
0 1022.575 9 3.3 21.1
0 1022.693 9 3.3 21.1
0 1022.77 13 3.3 21.1
0 1022.957 5 3.3 21.1
0 1022.984 36 3.3 21.1
0 1023.088 10 3.3 21.1
0 1023.177 11 3.3 21.1
0 1023.28 10 3.3 21.1
0 1023.377 10 3.3 21.1
0 1023.476 10 3.3 21.1
0 1023.583 9 3.3 21.1
0 1023.787 5 3.3 21.1
0 1023.802 64 3.3 21.1
0 1023.964 6 3.3 21.1
0 1024.006 24 3.3 21.1
0 1024.111 10 3.3 21.1
0 1024.206 11 3.3 21.1
0 1024.315 9 3.3 21.1
0 1024.512 5 3.3 21.1
0 1024.525 77 3.3 21.1
0 1024.642 9 3.3 21.1
0 1024.733 11 3.3 21.1
0 1024.837 10 3.3 21.1
0 1024.988 7 3.3 21.1
0 1025.03 24 3.3 21.1
0 1025.134 10 3.3 21.1
0 1025.239 9 3.3 21.1
0 1025.339 10 3.3 21.1
0 1025.434 10 3.3 21.1
0 1025.538 10 3.3 21.1
0 1025.634 10 3.3 21.1
0 1025.807 6 3.3 21.1
0 1025.832 40 3.3 21.1
0 1026.008 6 3.3 21.1
0 1026.033 39 3.3 21.1
0 1026.137 10 3.3 21.1
0 1026.233 10 3.3 21.1
0 1026.338 10 3.3 21.1
0 1026.54 5 3.3 21.1
0 1026.561 48 3.3 21.1
0 1026.664 10 3.3 21.1
0 1026.838 6 3.3 21.1
0 1026.856 55 3.3 21.1
0 1027.021 6 3.3 21.1
0 1027.066 22 3.3 21.1
0 1027.162 10 3.3 21.1
0 1027.264 10 3.3 21.1
0 1027.366 10 3.3 21.1
0 1027.463 10 3.3 21.1
0 1027.569 9 3.3 21.1
0 1027.664 10 3.3 21.1
0 1027.869 5 3.3 21.1
0 1027.891 46 3.3 21.1
0 1028.075 5 3.3 21.1
0 1028.088 76 3.3 21.1
0 1028.199 9 3.3 21.1
0 1028.293 11 3.3 21.1
0 1028.403 9 3.3 21.1
0 1028.61 5 3.3 21.1
0 1028.626 66 3.3 21.1
0 1028.735 9 3.3 21.1
0 1028.892 6 3.3 21.1
0 1028.938 22 3.3 21.1
0 1029.088 7 3.3 21.1
0 1029.216 8 3.3 21.1
0 1029.225 111 3.3 21.1
0 1029.342 9 3.3 21.1
0 1029.441 10 3.3 21.1
0 1029.541 10 3.3 21.1
0 1029.642 10 3.3 21.1
0 1029.749 9 3.4 21.1
0 1029.907 6 3.4 21.1
0 1029.945 26 3.4 21.1
0 1030.102 6 3.4 21.1
0 1030.141 26 3.4 21.1
0 1030.241 10 3.4 21.1
0 1030.344 10 3.4 21.1
0 1030.446 10 3.4 21.1
0 1030.641 5 3.4 21.1
0 1030.659 56 3.4 21.1
0 1030.762 10 3.4 21.1
0 1030.939 6 3.4 21.1
0 1030.969 33 3.4 21.1
0 1031.128 6 3.4 21.1
0 1031.166 26 3.4 21.1
0 1031.318 7 3.4 21.1
0 1031.369 20 3.4 21.1
0 1031.476 9 3.4 21.1
0 1031.57 11 3.4 21.1
0 1031.664 11 3.4 21.1
0 1031.762 10 3.4 21.1
0 1031.987 4 3.4 21.1
0 1032.009 47 3.4 21.1
0 1032.171 6 3.4 21.1
0 1032.211 25 3.4 21.1
0 1032.316 10 3.4 21.1
0 1032.413 10 3.4 21.1
0 1032.52 9 3.4 21.1
0 1032.714 5 3.4 21.1
0 1032.731 58 3.4 21.1
0 1032.845 9 3.4 21.1
0 1033.078 4 3.4 21.1
0 1033.155 13 3.4 21.1
0 1033.204 20 3.4 21.1
0 1033.36 6 3.4 21.1
0 1033.404 23 3.4 21.1
0 1033.504 10 3.4 21.1
0 1033.612 9 3.4 21.1
0 1033.703 11 3.4 21.1
0 1033.799 10 3.4 21.1
0 1034.008 5 3.4 21.1
0 1034.026 59 3.4 21.1
0 1034.208 5 3.4 21.1
0 1034.226 55 3.4 21.1
0 1034.328 10 3.4 21.1
0 1034.521 5 3.4 21.1
0 1034.53 115 3.4 21.1
0 1034.789 4 3.4 21.1
0 1034.805 66 3.4 21.1
0 1034.914 9 3.4 21.1
0 1035.18 4 3.4 21.1
0 1035.198 58 3.4 21.1
0 1035.37 6 3.4 21.1
0 1035.402 31 3.4 21.1
0 1035.502 10 3.4 21.1
0 1035.603 10 3.4 21.1
0 1035.704 10 3.4 21.1
0 1035.809 9 3.4 21.1
0 1035.913 10 3.4 21.1
0 1036.012 10 3.4 21.1
0 1036.107 11 3.4 21.1
0 1036.306 5 3.4 21.1
0 1036.329 42 3.4 21.1
0 1036.434 10 3.4 21.1
0 1036.528 11 3.4 21.1
0 1036.624 10 3.4 21.1
0 1036.841 5 3.4 21.1
0 1036.855 69 3.4 21.1
0 1036.965 9 3.4 21.1
0 1037.23 4 3.4 21.1
0 1037.251 48 3.4 21.1
0 1037.421 6 3.4 21.1
0 1037.452 32 3.4 21.1
0 1037.553 10 3.4 21.1
0 1037.652 10 3.4 21.1
0 1037.834 6 3.4 21.1
0 1037.842 118 3.4 21.1
0 1037.967 8 3.4 21.1
0 1038.142 6 3.4 21.1
0 1038.15 132 3.4 21.1
0 1038.378 4 3.4 21.1
0 1038.4 46 3.4 21.1
0 1038.512 9 3.4 21.1
0 1038.606 11 3.4 21.1
0 1038.707 10 3.4 21.1
0 1038.911 5 3.4 21.1
0 1038.931 51 3.4 21.1
0 1039.044 9 3.4 21.1
0 1039.3 4 3.4 21.1
0 1039.318 58 3.4 21.1
0 1039.484 6 3.4 21.1
0 1039.614 8 3.4 21.1
0 1039.623 105 3.4 21.1
0 1039.74 9 3.4 21.1
0 1039.9 6 4.0 21.2
0 1039.939 25 4.0 21.2
0 1040.036 10 4.0 21.2
0 1040.142 9 4.0 21.2
0 1040.236 11 4.0 21.2
0 1040.443 5 4.0 21.2
0 1040.463 50 4.0 21.2
0 1040.571 9 4.0 21.2
0 1040.673 10 4.0 21.2
0 1040.767 11 4.0 21.2
0 1040.977 5 4.0 21.2
0 1040.995 54 4.0 21.2
0 1041.109 9 4.0 21.2
0 1041.369 4 4.0 21.2
0 1041.554 5 4.0 21.2
0 1041.57 61 4.0 21.2
0 1041.675 9 4.0 21.2
0 1041.775 10 4.0 21.2
0 1041.941 6 4.0 21.2
0 1041.975 29 4.0 21.2
0 1042.079 10 4.0 21.2
0 1042.175 10 4.0 21.2
0 1042.277 10 4.0 21.2
0 1042.437 6 4.0 21.2
0 1042.484 21 4.0 21.2
0 1042.583 10 4.0 21.2
0 1042.677 11 4.0 21.2
0 1042.777 10 4.0 21.2
0 1042.878 10 4.0 21.2
0 1043.096 5 4.0 21.2
0 1043.11 70 4.0 21.2
0 1043.389 4 4.0 21.2
0 1043.414 40 4.0 21.2
0 1043.572 6 4.0 21.2
0 1043.615 24 4.0 21.2
0 1043.72 9 4.0 21.2
0 1043.814 11 4.0 21.2
0 1043.969 6 4.0 21.2
0 1044.012 23 4.0 21.2
0 1044.117 10 4.0 21.2
0 1044.213 10 4.0 21.2
0 1044.309 10 4.0 21.2
0 1044.52 5 4.0 21.2
0 1044.681 6 4.0 21.2
0 1044.697 62 4.0 21.2
0 1044.806 9 4.0 21.2
0 1044.918 9 4.0 21.2
0 1045.013 11 4.0 21.2
0 1045.159 7 4.0 21.2
0 1045.213 18 4.0 21.2
0 1045.469 4 4.0 21.2
0 1045.492 43 4.0 21.2
0 1045.657 6 4.0 21.2
0 1045.693 28 4.0 21.2
0 1045.802 9 4.0 21.2
0 1045.98 6 4.0 21.2
0 1046.068 11 4.0 21.2
0 1046.106 26 4.0 21.2
0 1046.208 10 4.0 21.2
0 1046.313 10 4.0 21.2
0 1046.406 11 4.0 21.2
0 1046.611 5 4.0 21.2
0 1046.631 50 4.0 21.2
0 1046.74 9 4.0 21.2
0 1046.845 10 4.0 21.2
0 1046.939 11 4.0 21.2
0 1047.036 10 4.0 21.2
0 1047.198 6 4.0 21.2
0 1047.233 28 4.0 21.2
0 1047.511 4 4.0 21.2
0 1047.532 48 4.0 21.2
0 1047.743 5 4.0 21.2
0 1047.761 54 4.0 21.2
0 1047.869 9 4.0 21.2
0 1048.033 6 4.0 21.2
0 1048.173 7 4.0 21.2
0 1048.185 81 4.0 21.2
0 1048.301 9 4.0 21.2
0 1048.43 8 4.0 21.2
0 1048.498 15 4.0 21.2
0 1048.713 5 4.0 21.2
0 1048.734 47 4.0 21.2
0 1048.843 9 4.0 21.2
0 1048.935 11 4.0 21.2
0 1049.044 9 4.0 21.2
0 1049.136 11 4.0 21.2
0 1049.307 6 4.0 21.2
0 1049.337 34 4.0 21.2
0 1049.614 4 4.0 21.2
0 1049.911 3 4.2 21.2
0 1049.938 37 4.2 21.2
0 1050.099 6 4.2 21.2
0 1050.201 10 4.2 21.2
0 1050.233 31 4.2 21.2
0 1050.339 9 4.2 21.2
0 1050.448 9 4.2 21.2
0 1050.54 11 4.2 21.2
0 1050.743 5 4.2 21.2
0 1050.759 60 4.2 21.2
0 1050.868 9 4.2 21.2
0 1050.973 10 4.2 21.2
0 1051.067 11 4.2 21.2
0 1051.172 9 4.2 21.2
0 1051.323 7 4.2 21.2
0 1051.365 24 4.2 21.2
0 1051.476 9 4.2 21.2
0 1051.675 5 4.2 21.2
0 1051.695 51 4.2 21.2
0 1051.915 5 4.2 21.2
0 1051.934 51 4.2 21.2
0 1052.348 2 4.2 21.2
0 1052.368 50 4.2 21.2
0 1052.475 9 4.2 21.2
0 1052.577 10 4.2 21.2
0 1052.673 10 4.2 21.2
0 1052.772 10 4.2 21.2
0 1052.88 9 4.2 21.2
0 1052.975 11 4.2 21.2
0 1053.072 10 4.2 21.2
0 1053.207 7 4.2 21.2
0 1053.334 8 4.2 21.2
0 1053.376 24 4.2 21.2
0 1053.509 8 4.2 21.2
0 1053.673 6 4.2 21.2
0 1053.692 52 4.2 21.2
0 1053.804 9 4.2 21.2
0 1054.015 5 4.2 21.2
0 1054.032 56 4.2 21.2
0 1054.14 9 4.2 21.2
0 1054.448 3 4.2 21.2
0 1054.476 35 4.2 21.2
0 1054.578 10 4.2 21.2
0 1054.672 11 4.2 21.2
0 1054.772 10 4.2 21.2
0 1054.872 10 4.2 21.2
0 1055.017 7 4.2 21.2
0 1055.201 5 4.2 21.2
0 1055.211 105 4.2 21.2
0 1055.383 6 4.2 21.2
0 1055.43 21 4.2 21.2
0 1055.531 10 4.2 21.2
0 1055.737 5 4.2 21.2
0 1055.759 46 4.2 21.2
0 1055.864 10 4.2 21.2
0 1056.066 5 4.2 21.2
0 1056.094 36 4.2 21.2
0 1056.192 10 4.2 21.2
0 1056.511 3 4.2 21.2
0 1056.529 56 4.2 21.2
0 1056.641 9 4.2 21.2
0 1056.734 11 4.2 21.2
0 1056.838 10 4.2 21.2
0 1056.938 10 4.2 21.2
0 1057.043 10 4.2 21.2
0 1057.133 11 4.2 21.2
0 1057.241 9 4.2 21.2
0 1057.402 6 4.2 21.2
0 1057.438 28 4.2 21.2
0 1057.543 10 4.2 21.2
0 1057.752 5 4.2 21.2
0 1057.777 40 4.2 21.2
0 1057.88 10 4.2 21.2
0 1058.09 5 4.2 21.2
0 1058.114 41 4.2 21.2
0 1058.208 11 4.2 21.2
0 1058.575 3 4.2 21.2
0 1058.584 106 4.2 21.2
0 1058.708 8 4.2 21.2
0 1058.803 11 4.2 21.2
0 1058.905 10 4.2 21.2
0 1059.004 10 4.2 21.2
0 1059.103 10 4.2 21.2
0 1059.2 10 4.2 21.2
0 1059.306 9 4.2 21.2
0 1059.502 5 4.2 21.2
0 1059.527 39 4.2 21.2
0 1059.635 9 4.2 21.2
0 1059.855 5 4.2 21.2
0 1059.885 34 4.2 21.2
0 1060.093 5 4.0 21.1
0 1060.117 42 4.0 21.1
0 1060.219 10 4.0 21.1
0 1060.432 5 4.0 21.1
0 1060.565 7 4.0 21.1
0 1060.585 51 4.0 21.1
0 1060.694 9 4.0 21.1
0 1060.785 11 4.0 21.1
0 1060.889 10 4.0 21.1
0 1061.004 9 4.0 21.1
0 1061.088 12 4.0 21.1
0 1061.193 10 4.0 21.1
0 1061.289 10 4.0 21.1
0 1061.388 10 4.0 21.1
0 1061.599 5 4.0 21.1
0 1061.62 48 4.0 21.1
0 1061.832 5 4.0 21.1
0 1061.852 51 4.0 21.1
0 1061.955 10 4.0 21.1
0 1062.052 10 4.0 21.1
0 1062.165 9 4.0 21.1
0 1062.26 11 4.0 21.1
0 1062.569 3 4.0 21.1
0 1062.59 49 4.0 21.1
0 1062.703 9 4.0 21.1
0 1062.794 11 4.0 21.1
0 1062.891 10 4.0 21.1
0 1062.99 10 4.0 21.1
0 1063.09 10 4.0 21.1
0 1063.193 10 4.0 21.1
0 1063.354 6 4.0 21.1
0 1063.397 23 4.0 21.1
0 1063.642 4 4.0 21.1
0 1063.655 77 4.0 21.1
0 1063.883 4 4.0 21.1
0 1063.898 63 4.0 21.1
0 1064.004 9 4.0 21.1
0 1064.101 10 4.0 21.1
0 1064.204 10 4.0 21.1
0 1064.309 10 4.0 21.1
0 1064.754 2 4.0 21.1
0 1064.764 106 4.0 21.1
0 1064.878 9 4.0 21.1
0 1064.976 10 4.0 21.1
0 1065.081 9 4.0 21.1
0 1065.206 8 4.0 21.1
0 1065.283 13 4.0 21.1
0 1065.378 10 4.0 21.1
0 1065.477 10 4.0 21.1
0 1065.687 5 4.0 21.1
0 1065.706 52 4.0 21.1
0 1065.814 9 4.0 21.1
0 1065.912 10 4.0 21.1
0 1066.009 10 4.0 21.1
0 1066.112 10 4.0 21.1
0 1066.208 10 4.0 21.1
0 1066.31 10 4.0 21.1
0 1066.626 3 4.0 21.1
0 1066.647 49 4.0 21.1
0 1066.748 10 4.0 21.1
0 1066.845 10 4.0 21.1
0 1067.091 4 4.0 21.1
0 1067.1 111 4.0 21.1
0 1067.22 8 4.0 21.1
0 1067.313 11 4.0 21.1
0 1067.41 10 4.0 21.1
0 1067.516 9 4.0 21.1
0 1067.724 5 4.0 21.1
0 1067.742 55 4.0 21.1
0 1067.844 10 4.0 21.1
0 1067.943 10 4.0 21.1
0 1068.227 4 4.0 21.1
0 1068.241 70 4.0 21.1
0 1068.377 7 4.0 21.1
0 1068.441 16 4.0 21.1
0 1068.662 5 4.0 21.1
0 1068.672 95 4.0 21.1
0 1068.787 9 4.0 21.1
0 1068.878 11 4.0 21.1
0 1068.979 10 4.0 21.1
0 1069.08 10 4.0 21.1
0 1069.177 10 4.0 21.1
0 1069.289 9 4.0 21.1
0 1069.381 11 4.0 21.1
0 1069.476 11 4.0 21.1
0 1069.577 10 4.0 21.1
0 1069.801 4 4.0 21.1
0 1069.82 54 4.0 21.1
0 1069.918 10 4.0 21.1
0 1070.015 10 4.0 21.1
0 1070.117 10 4.4 21.2
0 1070.217 10 4.4 21.2
0 1070.321 10 4.4 21.2
0 1070.421 10 4.4 21.2
0 1070.518 10 4.4 21.2
0 1070.619 10 4.4 21.2
0 1070.72 10 4.4 21.2
0 1070.823 10 4.4 21.2
0 1070.92 10 4.4 21.2
0 1071.017 10 4.4 21.2
0 1071.12 10 4.4 21.2
0 1071.379 4 4.4 21.2
0 1071.39 94 4.4 21.2
0 1071.499 9 4.4 21.2
0 1071.597 10 4.4 21.2
0 1071.807 5 4.4 21.2
0 1071.817 104 4.4 21.2
0 1071.931 9 4.4 21.2
0 1072.024 11 4.4 21.2
0 1072.122 10 4.4 21.2
0 1072.22 10 4.4 21.2
0 1072.322 10 4.4 21.2
0 1072.43 9 4.4 21.2
0 1072.519 11 4.4 21.2
0 1072.623 10 4.4 21.2
0 1072.718 10 4.4 21.2
0 1072.819 10 4.4 21.2
0 1072.919 10 4.4 21.2
0 1073.029 9 4.4 21.2
0 1073.118 11 4.4 21.2
0 1073.222 10 4.4 21.2
0 1073.32 10 4.4 21.2
0 1073.604 4 4.4 21.2
0 1073.614 102 4.4 21.2
0 1073.748 7 4.4 21.2
0 1073.819 14 4.4 21.2
0 1073.916 10 4.4 21.2
0 1074.015 10 4.4 21.2
0 1074.128 9 4.4 21.2
0 1074.216 11 4.4 21.2
0 1074.32 10 4.4 21.2
0 1074.416 10 4.4 21.2
0 1074.517 10 4.4 21.2
0 1074.624 9 4.4 21.2
0 1074.721 10 4.4 21.2
0 1074.821 10 4.4 21.2
0 1074.917 10 4.4 21.2
0 1075.016 10 4.4 21.2
0 1075.117 10 4.4 21.2
0 1075.258 7 4.4 21.2
0 1075.324 15 4.4 21.2
0 1075.418 11 4.4 21.2
0 1075.518 10 4.4 21.2
0 1075.62 10 4.4 21.2
0 1075.718 10 4.4 21.2
0 1075.832 9 4.4 21.2
0 1075.919 11 4.4 21.2
0 1076.019 10 4.4 21.2
0 1076.119 10 4.4 21.2
0 1076.219 10 4.4 21.2
0 1076.332 9 4.4 21.2
0 1076.419 11 4.4 21.2
0 1076.518 10 4.4 21.2
0 1076.619 10 4.4 21.2
0 1076.717 10 4.4 21.2
0 1076.834 9 4.4 21.2
0 1076.92 12 4.4 21.2
0 1077.018 10 4.4 21.2
0 1077.12 10 4.4 21.2
0 1077.218 10 4.4 21.2
0 1077.334 9 4.4 21.2
0 1077.421 12 4.4 21.2
0 1077.52 10 4.4 21.2
0 1077.624 10 4.4 21.2
0 1077.72 10 4.4 21.2
0 1077.837 9 4.4 21.2
0 1077.922 12 4.4 21.2
0 1078.021 10 4.4 21.2
0 1078.12 10 4.4 21.2
0 1078.222 10 4.4 21.2
0 1078.323 10 4.4 21.2
0 1078.435 9 4.4 21.2
0 1078.523 11 4.4 21.2
0 1078.7 6 4.4 21.2
0 1078.753 19 4.4 21.2
0 1078.825 14 4.4 21.2
0 1078.938 9 4.4 21.2
0 1079.021 12 4.4 21.2
0 1079.121 10 4.4 21.2
0 1079.223 10 4.4 21.2
0 1079.325 10 4.4 21.2
0 1079.434 9 4.4 21.2
0 1079.532 10 4.4 21.2
0 1079.626 11 4.4 21.2
0 1079.727 10 4.4 21.2
0 1079.828 10 4.4 21.2
0 1079.935 9 4.4 21.2
0 1080.025 11 4.4 21.2
0 1080.129 10 3.5 21.0
0 1080.225 10 3.5 21.0
0 1080.357 8 3.5 21.0
0 1080.429 14 3.5 21.0
0 1080.532 10 3.5 21.0
0 1080.629 10 3.5 21.0
0 1080.725 10 3.5 21.0
0 1080.826 10 3.5 21.0
0 1080.929 10 3.5 21.0
0 1081.032 10 3.5 21.0
0 1081.126 11 3.5 21.0
0 1081.23 10 3.5 21.0
0 1081.328 10 3.5 21.0
0 1081.431 10 3.5 21.0
0 1081.536 9 3.5 21.0
0 1081.629 11 3.5 21.0
0 1081.731 10 3.5 21.0
0 1081.903 6 3.5 21.0
0 1081.926 44 3.5 21.0
0 1082.041 9 3.5 21.0
0 1082.132 11 3.5 21.0
0 1082.235 10 3.5 21.0
0 1082.332 10 3.5 21.0
0 1082.43 10 3.5 21.0
0 1082.544 9 3.5 21.0
0 1082.633 11 3.5 21.0
0 1082.732 10 3.5 21.0
0 1082.834 10 3.5 21.0
0 1082.931 10 3.5 21.0
0 1083.031 10 3.5 21.0
0 1083.145 9 3.5 21.0
0 1083.232 12 3.5 21.0
0 1083.329 10 3.5 21.0
0 1083.435 9 3.5 21.0
0 1083.533 10 3.5 21.0
0 1083.67 7 3.5 21.0
0 1083.805 7 3.5 21.0
0 1083.832 37 3.5 21.0
0 1083.996 6 3.5 21.0
0 1084.035 26 3.5 21.0
0 1084.14 10 3.5 21.0
0 1084.239 10 3.5 21.0
0 1084.332 11 3.5 21.0
0 1084.433 10 3.5 21.0
0 1084.536 10 3.5 21.0
0 1084.635 10 3.5 21.0
0 1084.741 9 3.5 21.0
0 1084.833 11 3.5 21.0
0 1084.934 10 3.5 21.0
0 1085.038 10 3.5 21.0
0 1085.135 10 3.5 21.0
0 1085.244 9 3.5 21.0
0 1085.335 11 3.5 21.0
0 1085.434 10 3.5 21.0
0 1085.535 10 3.5 21.0
0 1085.635 10 3.5 21.0
0 1085.746 9 3.5 21.0
0 1085.838 11 3.5 21.0
0 1085.997 6 3.5 21.0
0 1086.035 26 3.5 21.0
0 1086.136 10 3.5 21.0
0 1086.247 9 3.5 21.0
0 1086.346 10 3.5 21.0
0 1086.437 11 3.5 21.0
0 1086.537 10 3.5 21.0
0 1086.639 10 3.5 21.0
0 1086.739 10 3.5 21.0
0 1086.849 9 3.5 21.0
0 1086.94 11 3.5 21.0
0 1087.035 11 3.5 21.0
0 1087.14 10 3.5 21.0
0 1087.239 10 3.5 21.0
0 1087.337 10 3.5 21.0
0 1087.446 9 3.5 21.0
0 1087.537 11 3.5 21.0
0 1087.641 10 3.5 21.0
0 1087.741 10 3.5 21.0
0 1087.838 10 3.5 21.0
0 1087.963 8 3.5 21.0
0 1088.038 13 3.5 21.0
0 1088.141 10 3.5 21.0
0 1088.238 10 3.5 21.0
0 1088.338 10 3.5 21.0
0 1088.44 10 3.5 21.0
0 1088.55 9 3.5 21.0
0 1088.642 11 3.5 21.0
0 1088.775 8 3.5 21.0
0 1088.869 11 3.5 21.0
0 1088.941 14 3.5 21.0
0 1089.039 10 3.5 21.0
0 1089.152 9 3.5 21.0
0 1089.24 11 3.5 21.0
0 1089.341 10 3.5 21.0
0 1089.442 10 3.5 21.0
0 1089.539 10 3.5 21.0
0 1089.654 9 3.5 21.0
0 1089.744 11 3.5 21.0
0 1089.919 6 3.5 21.0
0 1089.999 12 3.5 21.0
0 1090.044 22 3.5 21.0
0 1090.142 10 3.0 21.1
0 1090.255 9 3.0 21.1
0 1090.349 11 3.0 21.1
0 1090.447 10 3.0 21.1
0 1090.544 10 3.0 21.1
0 1090.642 10 3.0 21.1
0 1090.756 9 3.0 21.1
0 1090.847 11 3.0 21.1
0 1090.945 10 3.0 21.1
0 1091.046 10 3.0 21.1
0 1091.146 10 3.0 21.1
0 1091.267 8 3.0 21.1
0 1091.349 12 3.0 21.1
0 1091.445 10 3.0 21.1
0 1091.544 10 3.0 21.1
0 1091.643 10 3.0 21.1
0 1091.746 10 3.0 21.1
0 1091.856 9 3.0 21.1
0 1092.068 5 3.0 21.1
0 1092.078 99 3.0 21.1
0 1092.338 4 3.0 21.1
0 1092.344 160 3.0 21.1
0 1092.467 8 3.0 21.1
0 1092.555 11 3.0 21.1
0 1092.81 4 3.0 21.1
0 1092.815 199 3.0 21.1
0 1092.93 9 3.0 21.1
0 1093.036 9 3.0 21.1
0 1093.126 11 3.0 21.1
0 1093.225 10 3.0 21.1
0 1093.326 10 3.0 21.1
0 1093.425 10 3.0 21.1
0 1093.541 9 3.0 21.1
0 1093.629 11 3.0 21.1
0 1093.73 10 3.0 21.1
0 1093.829 10 3.0 21.1
0 1093.959 8 3.0 21.1
0 1094.154 5 3.0 21.1
0 1094.248 11 3.0 21.1
0 1094.264 64 3.0 21.1
0 1094.431 6 3.0 21.1
0 1094.47 26 3.0 21.1
0 1094.575 9 3.0 21.1
0 1094.683 9 3.0 21.1
0 1094.774 11 3.0 21.1
0 1094.928 6 3.0 21.1
0 1094.971 23 3.0 21.1
0 1095.073 10 3.0 21.1
0 1095.186 9 3.0 21.1
0 1095.271 12 3.0 21.1
0 1095.405 7 3.0 21.1
0 1095.472 15 3.0 21.1
0 1095.575 10 3.0 21.1
0 1095.675 10 3.0 21.1
0 1095.786 9 3.0 21.1
0 1095.875 11 3.0 21.1
0 1095.971 10 3.0 21.1
0 1096.146 6 3.0 21.1
0 1096.18 29 3.0 21.1
0 1096.356 6 3.0 21.1
0 1096.435 13 3.0 21.1
0 1096.476 24 3.0 21.1
0 1096.581 10 3.0 21.1
0 1096.678 10 3.0 21.1
0 1096.78 10 3.0 21.1
0 1096.942 6 3.0 21.1
0 1096.976 29 3.0 21.1
0 1097.079 10 3.0 21.1
0 1097.175 10 3.0 21.1
0 1097.277 10 3.0 21.1
0 1097.382 9 3.0 21.1
0 1097.482 10 3.0 21.1
0 1097.58 10 3.0 21.1
0 1097.846 4 3.0 21.1
0 1097.855 114 3.0 21.1
0 1097.973 9 3.0 21.1
0 1098.073 10 3.0 21.1
0 1098.325 4 3.0 21.1
0 1098.406 12 3.0 21.1
0 1098.509 10 3.0 21.1
0 1098.551 24 3.0 21.1
0 1098.656 10 3.0 21.1
0 1098.777 8 3.0 21.1
0 1098.881 10 3.0 21.1
0 1099.041 6 3.0 21.1
0 1099.053 89 3.0 21.1
0 1099.172 8 3.0 21.1
0 1099.267 11 3.0 21.1
0 1099.363 10 3.0 21.1
0 1099.463 10 3.0 21.1
0 1099.57 9 3.0 21.1
0 1099.661 11 3.0 21.1
0 1099.77 9 3.0 21.1
0 1099.919 7 3.0 21.1
0 1099.963 23 3.0 21.1
0 1100.063 10 3.0 21.1
0 1100.167 10 3.7 21.1
0 1100.524 3 3.7 21.1
0 1100.6 13 3.7 21.1
0 1100.643 23 3.7 21.1
0 1100.746 10 3.7 21.1
0 1100.843 10 3.7 21.1
0 1100.946 10 3.7 21.1
0 1101.106 6 3.7 21.1
0 1101.141 28 3.7 21.1
0 1101.245 10 3.7 21.1
0 1101.358 9 3.7 21.1
0 1101.443 12 3.7 21.1
0 1101.538 10 3.7 21.1
0 1101.648 9 3.7 21.1
0 1101.748 10 3.7 21.1
0 1101.846 10 3.7 21.1
0 1102.007 6 3.7 21.1
0 1102.046 26 3.7 21.1
0 1102.157 9 3.7 21.1
0 1102.252 11 3.7 21.1
0 1102.565 3 3.7 21.1
0 1102.662 10 3.7 21.1
0 1102.686 43 3.7 21.1
0 1102.79 10 3.7 21.1
0 1102.888 10 3.7 21.1
0 1102.988 10 3.7 21.1
0 1103.146 6 3.7 21.1
0 1103.197 20 3.7 21.1
0 1103.295 10 3.7 21.1
0 1103.386 11 3.7 21.1
0 1103.494 9 3.7 21.1
0 1103.592 10 3.7 21.1
0 1103.702 9 3.7 21.1
0 1103.788 12 3.7 21.1
0 1103.921 8 3.7 21.1
0 1104.131 5 3.7 21.1
0 1104.138 138 3.7 21.1
0 1104.264 8 3.7 21.1
0 1104.582 3 3.7 21.1
0 1104.661 13 3.7 21.1
0 1104.702 24 3.7 21.1
0 1104.811 9 3.7 21.1
0 1104.906 11 3.7 21.1
0 1105.015 9 3.7 21.1
0 1105.161 7 3.7 21.1
0 1105.204 23 3.7 21.1
0 1105.315 9 3.7 21.1
0 1105.404 11 3.7 21.1
0 1105.537 8 3.7 21.1
0 1105.611 14 3.7 21.1
0 1105.706 11 3.7 21.1
0 1105.816 9 3.7 21.1
0 1105.907 11 3.7 21.1
0 1106.118 5 3.7 21.1
0 1106.135 56 3.7 21.1
0 1106.243 9 3.7 21.1
0 1106.346 10 3.7 21.1
0 1106.673 3 3.7 21.1
0 1106.761 11 3.7 21.1
0 1106.796 28 3.7 21.1
0 1106.903 9 3.7 21.1
0 1106.993 11 3.7 21.1
0 1107.096 10 3.7 21.1
0 1107.253 6 3.7 21.1
0 1107.296 23 3.7 21.1
0 1107.404 9 3.7 21.1
0 1107.495 11 3.7 21.1
0 1107.596 10 3.7 21.1
0 1107.801 5 3.7 21.1
0 1107.815 72 3.7 21.1
0 1107.936 8 3.7 21.1
0 1108.133 5 3.7 21.1
0 1108.157 41 3.7 21.1
0 1108.259 10 3.7 21.1
0 1108.357 10 3.7 21.1
0 1108.701 3 3.7 21.1
0 1108.785 12 3.7 21.1
0 1108.856 14 3.7 21.1
0 1108.951 11 3.7 21.1
0 1109.028 13 3.7 21.1
0 1109.128 10 3.7 21.1
0 1109.293 6 3.7 21.1
0 1109.323 33 3.7 21.1
0 1109.43 9 3.7 21.1
0 1109.526 10 3.7 21.1
0 1109.625 10 3.7 21.1
0 1109.728 10 3.7 21.1
0 1109.891 6 3.7 21.1
0 1109.927 28 3.7 21.1
0 1110.136 5 3.7 21.1
0 1110.159 44 3.7 21.1
0 1110.268 9 3.9 21.1
0 1110.355 11 3.9 21.1
0 1110.588 4 3.9 21.1
0 1110.772 5 3.9 21.1
0 1110.852 12 3.9 21.1
0 1110.898 22 3.9 21.1
0 1111.004 9 3.9 21.1
0 1111.109 10 3.9 21.1
0 1111.195 12 3.9 21.1
0 1111.36 6 3.9 21.1
0 1111.396 28 3.9 21.1
0 1111.498 10 3.9 21.1
0 1111.596 10 3.9 21.1
0 1111.707 9 3.9 21.1
0 1111.801 11 3.9 21.1
0 1111.956 6 3.9 21.1
0 1111.994 26 3.9 21.1
0 1112.211 5 3.9 21.1
0 1112.235 41 3.9 21.1
0 1112.339 10 3.9 21.1
0 1112.435 10 3.9 21.1
0 1112.823 3 3.9 21.1
0 1112.912 11 3.9 21.1
0 1112.948 28 3.9 21.1
0 1113.049 10 3.9 21.1
0 1113.141 11 3.9 21.1
0 1113.255 9 3.9 21.1
0 1113.423 6 3.9 21.1
0 1113.447 42 3.9 21.1
0 1113.549 10 3.9 21.1
0 1113.652 10 3.9 21.1
0 1113.748 10 3.9 21.1
0 1113.857 9 3.9 21.1
0 1114.031 6 3.9 21.1
0 1114.056 40 3.9 21.1
0 1114.36 3 3.9 21.1
0 1114.372 87 3.9 21.1
0 1114.498 8 3.9 21.1
0 1114.869 3 3.9 21.1
0 1114.965 10 3.9 21.1
0 1114.996 32 3.9 21.1
0 1115.095 10 3.9 21.1
0 1115.197 10 3.9 21.1
0 1115.303 9 3.9 21.1
0 1115.506 5 3.9 21.1
0 1115.529 44 3.9 21.1
0 1115.637 9 3.9 21.1
0 1115.735 10 3.9 21.1
0 1115.831 10 3.9 21.1
0 1115.937 9 3.9 21.1
0 1116.102 6 3.9 21.1
0 1116.13 35 3.9 21.1
0 1116.338 5 3.9 21.1
0 1116.422 12 3.9 21.1
0 1116.466 23 3.9 21.1
0 1116.569 10 3.9 21.1
0 1116.672 10 3.9 21.1
0 1116.969 3 3.9 21.1
0 1117.06 11 3.9 21.1
0 1117.1 25 3.9 21.1
0 1117.195 11 3.9 21.1
0 1117.604 2 3.9 21.1
0 1117.628 42 3.9 21.1
0 1117.832 5 3.9 21.1
0 1117.841 109 3.9 21.1
0 1117.958 9 3.9 21.1
0 1118.118 6 3.9 21.1
0 1118.158 25 3.9 21.1
0 1118.433 4 3.9 21.1
0 1118.453 49 3.9 21.1
0 1118.561 9 3.9 21.1
0 1118.66 10 3.9 21.1
0 1118.758 10 3.9 21.1
0 1119.141 3 3.9 21.1
0 1119.226 12 3.9 21.1
0 1119.27 23 3.9 21.1
0 1119.393 8 3.9 21.1
0 1119.47 13 3.9 21.1
0 1119.678 5 3.9 21.1
0 1119.702 42 3.9 21.1
0 1119.811 9 3.9 21.1
0 1119.966 6 3.9 21.1
0 1120.006 25 3.9 21.1
0 1120.172 6 3.9 21.1
0 1120.218 22 3.9 21.1
0 1120.472 4 3.9 21.1
0 1120.495 43 3.9 21.1
0 1120.598 10 3.9 21.1
0 1120.701 10 3.9 21.1
0 1120.796 11 3.9 21.1
0 1121.118 3 3.9 21.1
0 1121.147 35 3.9 21.1
0 1121.316 6 3.9 21.1
0 1121.344 35 3.9 21.1
0 1121.448 10 3.9 21.1
0 1121.553 10 3.9 21.1
0 1121.698 7 3.9 21.1
0 1121.749 19 3.9 21.1
0 1121.844 11 3.9 21.1
0 1122.009 6 3.9 21.1
0 1122.047 26 3.9 21.1
0 1122.251 5 3.9 21.1
0 1122.269 54 3.9 21.1
0 1122.665 3 3.9 21.1
0 1122.685 50 3.9 21.1
0 1122.792 9 3.9 21.1
0 1122.894 10 3.9 21.1
0 1123.212 3 3.9 21.1
0 1123.246 29 3.9 21.1
0 1123.399 7 3.9 21.1
0 1123.434 29 3.9 21.1
0 1123.539 9 3.9 21.1
0 1123.647 9 3.9 21.1
0 1123.808 6 3.9 21.1
0 1123.838 33 3.9 21.1
0 1123.943 10 3.9 21.1
0 1124.106 6 3.9 21.1
0 1124.172 15 3.9 21.1
0 1124.355 5 3.9 21.1
0 1124.464 9 3.9 21.1
0 1124.48 63 3.9 21.1
0 1124.799 3 3.9 21.1
0 1124.825 38 3.9 21.1
0 1124.943 8 3.9 21.1
0 1125.255 3 3.9 21.1
0 1125.278 42 3.9 21.1
0 1125.448 6 3.9 21.1
0 1125.477 34 3.9 21.1
0 1125.58 10 3.9 21.1
0 1125.685 9 3.9 21.1
0 1125.846 6 3.9 21.1
0 1125.879 30 3.9 21.1
0 1125.995 9 3.9 21.1
0 1126.143 7 3.9 21.1
0 1126.179 28 3.9 21.1
0 1126.389 5 3.9 21.1
0 1126.414 41 3.9 21.1
0 1126.587 6 3.9 21.1
0 1126.837 4 3.9 21.1
0 1126.863 38 3.9 21.1
0 1126.966 10 3.9 21.1
0 1127.07 10 3.9 21.1
0 1127.272 5 3.9 21.1
0 1127.299 38 3.9 21.1
0 1127.551 4 3.9 21.1
0 1127.586 29 3.9 21.1
0 1127.685 10 3.9 21.1
0 1127.782 10 3.9 21.1
0 1127.941 6 3.9 21.1
0 1127.978 27 3.9 21.1
0 1128.153 6 3.9 21.1
0 1128.182 36 3.9 21.1
0 1128.285 10 3.9 21.1
0 1128.491 5 3.9 21.1
0 1128.516 40 3.9 21.1
0 1128.746 4 3.9 21.1
0 1128.883 7 3.9 21.1
0 1128.915 31 3.9 21.1
0 1129.015 10 3.9 21.1
0 1129.308 3 3.9 21.1
0 1129.45 7 3.9 21.1
0 1129.587 7 3.9 21.1
0 1129.61 43 3.9 21.1
0 1129.716 9 3.9 21.1
0 1129.817 10 3.9 21.1
0 1130.028 5 3.9 21.1
0 1130.045 56 3.9 21.1
0 1130.217 6 3.9 21.1
0 1130.255 27 3.9 21.1
0 1130.348 11 3.9 21.1
0 1130.614 4 4.3 21.1
0 1130.797 5 4.3 21.1
0 1131.0 5 4.3 21.1
0 1131.009 114 4.3 21.1
0 1131.133 8 4.3 21.1
0 1131.228 10 4.3 21.1
0 1131.398 6 4.3 21.1
0 1131.428 34 4.3 21.1
0 1131.624 5 4.3 21.1
0 1131.648 41 4.3 21.1
0 1131.75 10 4.3 21.1
0 1131.853 10 4.3 21.1
0 1132.014 6 4.3 21.1
0 1132.047 30 4.3 21.1
0 1132.157 9 4.3 21.1
0 1132.31 7 4.3 21.1
0 1132.343 31 4.3 21.1
0 1132.6 4 4.3 21.1
0 1132.622 45 4.3 21.1
0 1132.737 9 4.3 21.1
0 1132.984 4 4.3 21.1
0 1133.061 13 4.3 21.1
0 1133.155 11 4.3 21.1
0 1133.223 15 4.3 21.1
0 1133.325 10 4.3 21.1
0 1133.468 7 4.3 21.1
0 1133.508 25 4.3 21.1
0 1133.723 5 4.3 21.1
0 1133.749 37 4.3 21.1
0 1133.86 9 4.3 21.1
0 1133.949 11 4.3 21.1
0 1134.103 7 4.3 21.1
0 1134.151 21 4.3 21.1
0 1134.25 10 4.3 21.1
0 1134.579 3 4.3 21.1
0 1134.721 7 4.3 21.1
0 1134.748 38 4.3 21.1
0 1135.077 3 4.3 21.1
0 1135.143 15 4.3 21.1
0 1135.212 14 4.3 21.1
0 1135.309 10 4.3 21.1
0 1135.403 11 4.3 21.1
0 1135.562 6 4.3 21.1
0 1135.642 13 4.3 21.1
0 1135.819 6 4.3 21.1
0 1135.836 58 4.3 21.1
0 1135.95 9 4.3 21.1
0 1136.045 11 4.3 21.1
0 1136.16 9 4.3 21.1
0 1136.245 12 4.3 21.1
0 1136.351 9 4.3 21.1
0 1136.503 7 4.3 21.1
0 1136.55 21 4.3 21.1
0 1136.701 7 4.3 21.1
0 1136.746 22 4.3 21.1
0 1136.854 9 4.3 21.1
0 1137.222 3 4.3 21.1
0 1137.249 37 4.3 21.1
0 1137.357 9 4.3 21.1
0 1137.448 11 4.3 21.1
0 1137.641 5 4.3 21.1
0 1137.675 29 4.3 21.1
0 1137.887 5 4.3 21.1
0 1137.908 49 4.3 21.1
0 1138.026 8 4.3 21.1
0 1138.116 11 4.3 21.1
0 1138.368 4 4.3 21.1
0 1138.381 74 4.3 21.1
0 1138.606 4 4.3 21.1
0 1138.631 41 4.3 21.1
0 1138.797 6 4.3 21.1
0 1138.832 29 4.3 21.1
0 1138.944 9 4.3 21.1
0 1139.314 3 4.3 21.1
0 1139.345 32 4.3 21.1
0 1139.613 4 4.3 21.1
0 1139.699 12 4.3 21.1
0 1139.754 18 4.3 21.1
0 1139.955 5 4.3 21.1
0 1139.982 37 4.3 21.1
0 1140.091 9 4.3 21.1
0 1140.263 6 4.3 21.1
0 1140.368 10 4.3 21.1
0 1140.392 42 4.3 21.1
0 1140.69 3 4.7 21.1
0 1140.716 38 4.7 21.1
0 1140.888 6 4.7 21.1
0 1140.924 28 4.7 21.1
0 1141.025 10 4.7 21.1
0 1141.445 2 4.7 21.1
0 1141.477 31 4.7 21.1
0 1141.584 9 4.7 21.1
0 1141.793 5 4.7 21.1
0 1141.819 38 4.7 21.1
0 1142.033 5 4.7 21.1
0 1142.062 35 4.7 21.1
0 1142.176 9 4.7 21.1
0 1142.268 11 4.7 21.1
0 1142.467 5 4.7 21.1
0 1142.486 53 4.7 21.1
0 1142.716 4 4.7 21.1
0 1142.752 28 4.7 21.1
0 1142.916 6 4.7 21.1
0 1142.945 34 4.7 21.1
0 1143.054 9 4.7 21.1
0 1143.473 2 4.7 21.1
0 1143.593 8 4.7 21.1
0 1143.606 75 4.7 21.1
0 1143.844 4 4.7 21.1
0 1143.881 27 4.7 21.1
0 1144.089 5 4.7 21.1
0 1144.129 24 4.7 21.1
0 1144.227 10 4.7 21.1
0 1144.316 11 4.7 21.1
0 1144.536 5 4.7 21.1
0 1144.566 34 4.7 21.1
0 1144.787 5 4.7 21.1
0 1144.816 34 4.7 21.1
0 1144.994 6 4.7 21.1
0 1145.026 31 4.7 21.1
0 1145.138 9 4.7 21.1
0 1145.358 5 4.7 21.1
0 1145.501 7 4.7 21.1
0 1145.53 34 4.7 21.1
0 1145.644 9 4.7 21.1
0 1145.862 5 4.7 21.1
0 1145.89 37 4.7 21.1
0 1146.103 5 4.7 21.1
0 1146.133 34 4.7 21.1
0 1146.251 8 4.7 21.1
0 1146.338 12 4.7 21.1
0 1146.537 5 4.7 21.1
0 1146.571 30 4.7 21.1
0 1146.67 10 4.7 21.1
0 1146.89 5 4.7 21.1
0 1146.914 42 4.7 21.1
0 1147.122 5 4.7 21.1
0 1147.148 38 4.7 21.1
0 1147.256 9 4.7 21.1
0 1147.58 3 4.7 21.1
0 1147.639 17 4.7 21.1
0 1147.715 13 4.7 21.1
0 1147.928 5 4.7 21.1
0 1147.964 28 4.7 21.1
0 1148.174 5 4.7 21.1
0 1148.194 50 4.7 21.1
0 1148.312 9 4.7 21.1
0 1148.402 11 4.7 21.1
0 1148.622 5 4.7 21.1
0 1148.659 27 4.7 21.1
0 1148.764 10 4.7 21.1
0 1148.961 5 4.7 21.1
0 1148.986 40 4.7 21.1
0 1149.201 5 4.7 21.1
0 1149.233 31 4.7 21.1
0 1149.342 9 4.7 21.1
0 1149.654 3 4.7 21.1
0 1149.702 21 4.7 21.1
0 1149.793 11 4.7 21.1
0 1150.042 4 4.7 21.1
0 1150.085 23 4.7 21.1
0 1150.171 12 4.7 21.1
0 1150.276 10 4.7 21.1
0 1150.376 10 4.7 21.1
0 1150.478 10 4.7 21.1
0 1150.681 5 4.7 21.1
0 1150.7 53 4.5 21.1
0 1150.813 9 4.5 21.1
0 1151.018 5 4.5 21.1
0 1151.04 44 4.5 21.1
0 1151.259 5 4.5 21.1
0 1151.283 41 4.5 21.1
0 1151.393 9 4.5 21.1
0 1151.702 3 4.5 21.1
0 1151.731 35 4.5 21.1
0 1151.837 9 4.5 21.1
0 1151.933 10 4.5 21.1
0 1152.165 4 4.5 21.1
0 1152.19 40 4.5 21.1
0 1152.3 9 4.5 21.1
0 1152.398 10 4.5 21.1
0 1152.497 10 4.5 21.1
0 1152.705 5 4.5 21.1
0 1152.83 8 4.5 21.1
0 1152.843 78 4.5 21.1
0 1153.064 5 4.5 21.1
0 1153.086 45 4.5 21.1
0 1153.395 3 4.5 21.1
0 1153.421 39 4.5 21.1
0 1153.753 3 4.5 21.1
0 1153.782 35 4.5 21.1
0 1153.888 9 4.5 21.1
0 1153.985 10 4.5 21.1
0 1154.255 4 4.5 21.1
0 1154.281 38 4.5 21.1
0 1154.387 9 4.5 21.1
0 1154.488 10 4.5 21.1
0 1154.588 10 4.5 21.1
0 1154.814 4 4.5 21.1
0 1154.843 35 4.5 21.1
0 1154.946 10 4.5 21.1
0 1155.158 5 4.5 21.1
0 1155.179 48 4.5 21.1
0 1155.399 5 4.5 21.1
0 1155.424 40 4.5 21.1
0 1155.531 9 4.5 21.1
0 1155.633 10 4.5 21.1
0 1155.832 5 4.5 21.1
0 1155.861 35 4.5 21.1
0 1155.967 9 4.5 21.1
0 1156.066 10 4.5 21.1
0 1156.38 3 4.5 21.1
0 1156.408 35 4.5 21.1
0 1156.51 10 4.5 21.1
0 1156.611 10 4.5 21.1
0 1156.824 5 4.5 21.1
0 1156.846 46 4.5 21.1
0 1156.96 9 4.5 21.1
0 1157.159 5 4.5 21.1
0 1157.176 60 4.5 21.1
0 1157.289 9 4.5 21.1
0 1157.498 5 4.5 21.1
0 1157.525 37 4.5 21.1
0 1157.633 9 4.5 21.1
0 1157.726 11 4.5 21.1
0 1157.94 5 4.5 21.1
0 1157.967 36 4.5 21.1
0 1158.073 9 4.5 21.1
0 1158.379 3 4.5 21.1
0 1158.4 47 4.5 21.1
0 1158.511 9 4.5 21.1
0 1158.608 10 4.5 21.1
0 1158.713 9 4.5 21.1
0 1158.915 5 4.5 21.1
0 1158.937 47 4.5 21.1
0 1159.051 9 4.5 21.1
0 1159.243 5 4.5 21.1
0 1159.258 67 4.5 21.1
0 1159.371 9 4.5 21.1
0 1159.575 5 4.5 21.1
0 1159.604 34 4.5 21.1
0 1159.704 10 4.5 21.1
0 1159.847 7 4.5 21.1
0 1159.903 18 4.5 21.1
0 1160.002 10 4.5 21.1
0 1160.105 10 4.5 21.1
0 1160.415 3 4.5 21.1
0 1160.448 30 4.5 21.1
0 1160.547 10 4.5 21.1
0 1160.644 10 4.5 21.1
0 1160.745 10 4.3 21.1
0 1160.951 5 4.3 21.1
0 1160.976 40 4.3 21.1
0 1161.084 9 4.3 21.1
0 1161.295 5 4.3 21.1
0 1161.32 40 4.3 21.1
0 1161.42 10 4.3 21.1
0 1161.63 5 4.3 21.1
0 1161.658 35 4.3 21.1
0 1161.766 9 4.3 21.1
0 1161.857 11 4.3 21.1
0 1161.955 10 4.3 21.1
0 1162.058 10 4.3 21.1
0 1162.16 10 4.3 21.1
0 1162.426 4 4.3 21.1
0 1162.454 35 4.3 21.1
0 1162.554 10 4.3 21.1
0 1162.655 10 4.3 21.1
0 1162.758 10 4.3 21.1
0 1162.96 5 4.3 21.1
0 1162.979 54 4.3 21.1
0 1163.084 10 4.3 21.1
0 1163.292 5 4.3 21.1
0 1163.308 61 4.3 21.1
0 1163.419 9 4.3 21.1
0 1163.737 3 4.3 21.1
0 1163.764 38 4.3 21.1
0 1163.865 10 4.3 21.1
0 1163.958 11 4.3 21.1
0 1164.06 10 4.3 21.1
0 1164.171 9 4.3 21.1
0 1164.326 6 4.3 21.1
0 1164.357 32 4.3 21.1
0 1164.522 6 4.3 21.1
0 1164.562 25 4.3 21.1
0 1164.663 10 4.3 21.1
0 1164.766 10 4.3 21.1
0 1164.907 7 4.3 21.1
0 1164.962 18 4.3 21.1
0 1165.062 10 4.3 21.1
0 1165.162 10 4.3 21.1
0 1165.36 5 4.3 21.1
0 1165.384 41 4.3 21.1
0 1165.486 10 4.3 21.1
0 1165.582 10 4.3 21.1
0 1165.784 5 4.3 21.1
0 1165.801 60 4.3 21.1
0 1165.918 9 4.3 21.1
0 1166.005 11 4.3 21.1
0 1166.108 10 4.3 21.1
0 1166.205 10 4.3 21.1
0 1166.408 5 4.3 21.1
0 1166.432 41 4.3 21.1
0 1166.597 6 4.3 21.1
0 1166.631 29 4.3 21.1
0 1166.729 10 4.3 21.1
0 1166.829 10 4.3 21.1
0 1166.943 9 4.3 21.1
0 1167.031 11 4.3 21.1
0 1167.133 10 4.3 21.1
0 1167.231 10 4.3 21.1
0 1167.436 5 4.3 21.1
0 1167.463 37 4.3 21.1
0 1167.559 10 4.3 21.1
0 1167.656 10 4.3 21.1
0 1167.868 5 4.3 21.1
0 1167.885 59 4.3 21.1
0 1168.004 8 4.3 21.1
0 1168.158 6 4.3 21.1
0 1168.185 37 4.3 21.1
0 1168.294 9 4.3 21.1
0 1168.494 5 4.3 21.1
0 1168.522 36 4.3 21.1
0 1168.679 6 4.3 21.1
0 1168.718 25 4.3 21.1
0 1168.819 10 4.3 21.1
0 1168.92 10 4.3 21.1
0 1169.023 10 4.3 21.1
0 1169.12 10 4.3 21.1
0 1169.221 10 4.3 21.1
0 1169.315 11 4.3 21.1
0 1169.531 5 4.3 21.1
0 1169.548 57 4.3 21.1
0 1169.654 9 4.3 21.1
0 1169.748 11 4.3 21.1
0 1170.046 3 4.3 21.1
0 1170.073 38 4.3 21.1
0 1170.23 6 4.3 21.1
0 1170.27 25 4.3 21.1
0 1170.368 10 4.3 21.1
0 1170.575 5 4.3 21.1
0 1170.604 35 4.3 21.1
0 1170.753 7 4.0 21.1
0 1170.799 22 4.0 21.1
0 1170.898 10 4.0 21.1
0 1170.996 10 4.0 21.1
0 1171.107 9 4.0 21.1
0 1171.198 11 4.0 21.1
0 1171.3 10 4.0 21.1
0 1171.399 10 4.0 21.1
0 1171.595 5 4.0 21.1
0 1171.703 9 4.0 21.1
0 1171.716 78 4.0 21.1
0 1171.841 8 4.0 21.1
0 1172.092 4 4.0 21.1
0 1172.111 53 4.0 21.1
0 1172.284 6 4.0 21.1
0 1172.312 35 4.0 21.1
0 1172.422 9 4.0 21.1
0 1172.627 5 4.0 21.1
0 1172.648 48 4.0 21.1
0 1172.816 6 4.0 21.1
0 1172.853 27 4.0 21.1
0 1172.953 10 4.0 21.1
0 1173.053 10 4.0 21.1
0 1173.148 10 4.0 21.1
0 1173.253 10 4.0 21.1
0 1173.361 9 4.0 21.1
0 1173.453 11 4.0 21.1
0 1173.658 5 4.0 21.1
0 1173.798 7 4.0 21.1
0 1173.822 42 4.0 21.1
0 1174.105 4 4.0 21.1
0 1174.129 41 4.0 21.1
0 1174.291 6 4.0 21.1
0 1174.329 26 4.0 21.1
0 1174.432 10 4.0 21.1
0 1174.596 6 4.0 21.1
0 1174.628 31 4.0 21.1
0 1174.732 10 4.0 21.1
0 1174.932 5 4.0 21.1
0 1175.0 15 4.0 21.1
0 1175.1 10 4.0 21.1
0 1175.164 16 4.0 21.1
0 1175.262 10 4.0 21.1
0 1175.363 10 4.0 21.1
0 1175.471 9 4.0 21.1
0 1175.562 11 4.0 21.1
0 1175.668 9 4.0 21.1
0 1175.879 5 4.0 21.1
0 1175.894 67 4.0 21.1
0 1176.164 4 4.0 21.1
0 1176.191 37 4.0 21.1
0 1176.35 6 4.0 21.1
0 1176.383 30 4.0 21.1
0 1176.486 10 4.0 21.1
0 1176.63 7 4.0 21.1
0 1176.695 15 4.0 21.1
0 1176.784 11 4.0 21.1
0 1176.995 5 4.0 21.1
0 1177.012 58 4.0 21.1
0 1177.121 9 4.0 21.1
0 1177.226 9 4.0 21.1
0 1177.316 11 4.0 21.1
0 1177.419 10 4.0 21.1
0 1177.517 10 4.0 21.1
0 1177.624 9 4.0 21.1
0 1177.715 11 4.0 21.1
0 1177.942 4 4.0 21.1
0 1177.96 54 4.0 21.1
0 1178.22 4 4.0 21.1
0 1178.254 30 4.0 21.1
0 1178.398 7 4.0 21.1
0 1178.448 20 4.0 21.1
0 1178.544 11 4.0 21.1
0 1178.645 10 4.0 21.1
0 1178.746 10 4.0 21.1
0 1178.844 10 4.0 21.1
0 1179.056 5 4.0 21.1
0 1179.08 41 4.0 21.1
0 1179.179 10 4.0 21.1
0 1179.28 10 4.0 21.1
0 1179.375 10 4.0 21.1
0 1179.478 10 4.0 21.1
0 1179.588 9 4.0 21.1
0 1179.68 11 4.0 21.1
0 1179.779 10 4.0 21.1
0 1180.005 4 4.0 21.1
0 1180.023 54 4.0 21.1
0 1180.339 3 4.0 21.1
0 1180.427 11 4.0 21.1
0 1180.46 30 4.0 21.1
0 1180.565 10 4.0 21.1
0 1180.664 10 4.0 21.1
0 1180.772 9 4.0 21.1
0 1180.87 10 4.0 21.1
0 1181.024 7 4.0 21.1
0 1181.062 26 4.0 21.1
0 1181.164 10 4.0 21.1
0 1181.262 10 4.0 21.1
0 1181.373 9 4.0 21.1
0 1181.465 11 4.0 21.1
0 1181.565 10 4.0 21.1
0 1181.692 8 4.0 21.1
0 1181.77 13 4.0 21.1
0 1181.865 11 4.0 21.1
0 1182.084 5 4.0 21.1
0 1182.103 52 4.0 21.1
0 1182.37 4 4.0 21.1
0 1182.505 7 4.0 21.1
0 1182.523 54 4.0 21.1
0 1182.635 9 4.0 21.1
0 1182.727 11 4.0 21.1
0 1182.827 10 4.0 21.1
0 1182.932 9 4.0 21.1
0 1183.137 5 4.0 21.1
0 1183.163 38 4.0 21.1
0 1183.263 10 4.0 21.1
0 1183.361 10 4.0 21.1
0 1183.463 10 4.0 21.1
0 1183.563 10 4.0 21.1
0 1183.668 10 4.0 21.1
0 1183.766 10 4.0 21.1
0 1183.863 10 4.0 21.1
0 1184.019 6 4.0 21.1
0 1184.121 10 4.0 21.1
0 1184.173 19 4.0 21.1
0 1184.415 4 4.0 21.1
0 1184.549 7 4.0 21.1
0 1184.575 39 4.0 21.1
0 1184.685 9 4.0 21.1
0 1184.773 11 4.0 21.1
0 1184.872 10 4.0 21.1
0 1184.971 10 4.0 21.1
0 1185.186 5 4.0 21.1
0 1185.215 33 4.0 21.1
0 1185.343 8 4.0 21.1
0 1185.406 16 4.0 21.1
0 1185.51 10 4.0 21.1
0 1185.612 10 4.0 21.1
0 1185.718 9 4.0 21.1
0 1185.808 11 4.0 21.1
0 1185.912 10 4.0 21.1
0 1186.134 5 4.0 21.1
0 1186.154 49 4.0 21.1
0 1186.268 9 4.0 21.1
0 1186.528 4 4.0 21.1
0 1186.656 8 4.0 21.1
0 1186.68 42 4.0 21.1
0 1186.794 9 4.0 21.1
0 1186.884 11 4.0 21.1
0 1186.98 11 4.0 21.1
0 1187.185 5 4.0 21.1
0 1187.209 42 4.0 21.1
0 1187.322 9 4.0 21.1
0 1187.412 11 4.0 21.1
0 1187.512 10 4.0 21.1
0 1187.609 10 4.0 21.1
0 1187.706 10 4.0 21.1
0 1187.808 10 4.0 21.1
0 1187.919 9 4.0 21.1
0 1188.063 7 4.0 21.1
0 1188.172 9 4.0 21.1
0 1188.21 26 4.0 21.1
0 1188.313 10 4.0 21.1
0 1188.591 4 4.0 21.1
0 1188.73 7 4.0 21.1
0 1188.752 47 4.0 21.1
0 1188.857 9 4.0 21.1
0 1188.96 10 4.0 21.1
0 1189.057 10 4.0 21.1
0 1189.269 5 4.0 21.1
0 1189.295 38 4.0 21.1
0 1189.399 10 4.0 21.1
0 1189.494 10 4.0 21.1
0 1189.598 10 4.0 21.1
0 1189.691 11 4.0 21.1
0 1189.799 9 4.0 21.1
0 1189.894 11 4.0 21.1
0 1190.008 9 4.0 21.1
0 1190.263 4 4.0 21.1
0 1190.284 47 4.0 21.1
0 1190.423 7 4.0 21.1
0 1190.661 4 4.0 21.1
0 1190.803 7 4.4 21.1
0 1190.823 49 4.4 21.1
0 1190.933 9 4.4 21.1
0 1191.027 11 4.4 21.1
0 1191.131 10 4.4 21.1
0 1191.231 10 4.4 21.1
0 1191.33 10 4.4 21.1
0 1191.431 10 4.4 21.1
0 1191.529 10 4.4 21.1
0 1191.632 10 4.4 21.1
0 1191.764 8 4.4 21.1
0 1191.834 14 4.4 21.1
0 1191.93 10 4.4 21.1
0 1192.033 10 4.4 21.1
0 1192.346 3 4.4 21.1
0 1192.371 39 4.4 21.1
0 1192.473 10 4.4 21.1
0 1192.785 3 4.4 21.1
0 1192.931 7 4.4 21.1
0 1192.951 50 4.4 21.1
0 1193.052 10 4.4 21.1
0 1193.156 10 4.4 21.1
0 1193.253 10 4.4 21.1
0 1193.356 10 4.4 21.1
0 1193.467 9 4.4 21.1
0 1193.56 11 4.4 21.1
0 1193.658 10 4.4 21.1
0 1193.75 11 4.4 21.1
0 1193.859 9 4.4 21.1
0 1193.953 11 4.4 21.1
0 1194.06 9 4.4 21.1
0 1194.364 3 4.4 21.1
0 1194.378 70 4.4 21.1
0 1194.486 9 4.4 21.1
0 1194.703 5 4.4 21.1
0 1194.726 44 4.4 21.1
0 1194.937 5 4.4 21.1
0 1194.959 46 4.4 21.1
0 1195.074 9 4.4 21.1
0 1195.163 11 4.4 21.1
0 1195.334 6 4.4 21.1
0 1195.35 65 4.4 21.1
0 1195.461 9 4.4 21.1
0 1195.56 10 4.4 21.1
0 1195.663 10 4.4 21.1
0 1195.768 9 4.4 21.1
0 1195.865 10 4.4 21.1
0 1195.96 11 4.4 21.1
0 1196.062 10 4.4 21.1
0 1196.377 3 4.4 21.1
0 1196.391 73 4.4 21.1
0 1196.502 9 4.4 21.1
0 1196.706 5 4.4 21.1
0 1196.723 58 4.4 21.1
0 1196.974 4 4.4 21.1
0 1196.983 109 4.4 21.1
0 1197.178 5 4.4 21.1
0 1197.185 141 4.4 21.1
0 1197.299 9 4.4 21.1
0 1197.4 10 4.4 21.1
0 1197.517 9 4.4 21.1
0 1197.601 12 4.4 21.1
0 1197.693 11 4.4 21.1
0 1197.805 9 4.4 21.1
0 1197.986 6 4.4 21.1
0 1197.995 103 4.4 21.1
0 1198.116 8 4.4 21.1
0 1198.413 3 4.4 21.1
0 1198.431 53 4.4 21.1
0 1198.539 9 4.4 21.1
0 1198.831 3 4.4 21.1
0 1199.028 5 4.4 21.1
0 1199.037 111 4.4 21.1
0 1199.157 8 4.4 21.1
0 1199.309 7 4.4 21.1
0 1199.364 18 4.4 21.1
0 1199.454 11 4.4 21.1
0 1199.566 9 4.4 21.1
0 1199.656 11 4.4 21.1
0 1199.751 10 4.4 21.1
0 1199.853 10 4.4 21.1
0 1199.958 10 4.4 21.1
0 1200.125 6 4.4 21.1
0 1200.152 37 4.4 21.1
0 1200.497 3 4.4 21.1
0 1200.504 137 4.4 21.1
0 1200.628 8 4.4 21.1
0 1200.892 4 4.2 21.1
0 1200.918 38 4.2 21.1
0 1201.027 9 4.2 21.1
0 1201.118 11 4.2 21.1
0 1201.219 10 4.2 21.1
0 1201.377 6 4.2 21.1
0 1201.417 25 4.2 21.1
0 1201.515 10 4.2 21.1
0 1201.625 9 4.2 21.1
0 1201.716 11 4.2 21.1
0 1201.82 10 4.2 21.1
0 1201.912 11 4.2 21.1
0 1202.052 7 4.2 21.1
0 1202.184 8 4.2 21.1
0 1202.218 30 4.2 21.1
0 1202.528 3 4.2 21.1
0 1202.546 56 4.2 21.1
0 1202.656 9 4.2 21.1
0 1202.931 4 4.2 21.1
0 1202.958 37 4.2 21.1
0 1203.056 10 4.2 21.1
0 1203.158 10 4.2 21.1
0 1203.265 9 4.2 21.1
0 1203.428 6 4.2 21.1
0 1203.459 32 4.2 21.1
0 1203.55 11 4.2 21.1
0 1203.668 9 4.2 21.1
0 1203.758 11 4.2 21.1
0 1203.86 10 4.2 21.1
0 1203.965 10 4.2 21.1
0 1204.058 11 4.2 21.1
0 1204.264 5 4.2 21.1
0 1204.289 40 4.2 21.1
0 1204.631 3 4.2 21.1
0 1204.666 28 4.2 21.1
0 1204.947 4 4.2 21.1
0 1204.999 19 4.2 21.1
0 1205.099 10 4.2 21.1
0 1205.194 11 4.2 21.1
0 1205.296 10 4.2 21.1
0 1205.455 6 4.2 21.1
0 1205.529 14 4.2 21.1
0 1205.607 13 4.2 21.1
0 1205.704 10 4.2 21.1
0 1205.802 10 4.2 21.1
0 1205.902 10 4.2 21.1
0 1206.009 9 4.2 21.1
0 1206.108 10 4.2 21.1
0 1206.311 5 4.2 21.1
0 1206.357 22 4.2 21.1
0 1206.567 5 4.2 21.1
0 1206.596 34 4.2 21.1
0 1206.722 8 4.2 21.1
0 1206.986 4 4.2 21.1
0 1207.197 5 4.2 21.1
0 1207.224 36 4.2 21.1
0 1207.35 8 4.2 21.1
0 1207.512 6 4.2 21.1
0 1207.55 26 4.2 21.1
0 1207.661 9 4.2 21.1
0 1207.765 10 4.2 21.1
0 1207.86 11 4.2 21.1
0 1207.961 10 4.2 21.1
0 1208.061 10 4.2 21.1
0 1208.159 10 4.2 21.1
0 1208.369 5 4.2 21.1
0 1208.415 22 4.2 21.1
0 1208.525 9 4.2 21.1
0 1208.621 10 4.2 21.1
0 1208.718 10 4.2 21.1
0 1209.001 4 4.2 21.1
0 1209.042 24 4.2 21.1
0 1209.15 9 4.2 21.1
0 1209.256 9 4.2 21.1
0 1209.349 11 4.2 21.1
0 1209.52 6 4.2 21.1
0 1209.561 25 4.2 21.1
0 1209.672 9 4.2 21.1
0 1209.768 10 4.2 21.1
0 1209.877 9 4.2 21.1
0 1210.064 5 4.2 21.1
0 1210.074 104 4.2 21.1
0 1210.19 9 4.2 21.1
0 1210.384 5 4.2 21.1
0 1210.402 55 4.2 21.1
0 1210.505 10 4.2 21.1
0 1210.823 3 4.2 21.1
0 1210.901 13 4.4 21.1
0 1210.941 25 4.4 21.1
0 1211.042 10 4.4 21.1
0 1211.144 10 4.4 21.1
0 1211.241 10 4.4 21.1
0 1211.352 9 4.4 21.1
0 1211.446 11 4.4 21.1
0 1211.607 6 4.4 21.1
0 1211.645 27 4.4 21.1
0 1211.741 10 4.4 21.1
0 1211.847 9 4.4 21.1
0 1211.945 10 4.4 21.1
0 1212.046 10 4.4 21.1
0 1212.323 4 4.4 21.1
0 1212.451 8 4.4 21.1
0 1212.468 60 4.4 21.1
0 1212.574 9 4.4 21.1
0 1212.67 10 4.4 21.1
0 1212.773 10 4.4 21.1
0 1212.933 6 4.4 21.1
0 1212.982 20 4.4 21.1
0 1213.076 11 4.4 21.1
0 1213.175 10 4.4 21.1
0 1213.277 10 4.4 21.1
0 1213.375 10 4.4 21.1
0 1213.484 9 4.4 21.1
0 1213.631 7 4.4 21.1
0 1213.674 23 4.4 21.1
0 1213.774 10 4.4 21.1
0 1213.873 10 4.4 21.1
0 1213.975 10 4.4 21.1
0 1214.08 10 4.4 21.1
0 1214.235 6 4.4 21.1
0 1214.274 25 4.4 21.1
0 1214.534 4 4.4 21.1
0 1214.557 43 4.4 21.1
0 1214.667 9 4.4 21.1
0 1214.76 11 4.4 21.1
0 1214.858 10 4.4 21.1
0 1215.066 5 4.4 21.1
0 1215.079 75 4.4 21.1
0 1215.195 9 4.4 21.1
0 1215.292 10 4.4 21.1
0 1215.484 5 4.4 21.1
0 1215.495 94 4.4 21.1
0 1215.671 6 4.4 21.1
0 1215.716 22 4.4 21.1
0 1215.895 6 4.4 21.1
0 1215.905 105 4.4 21.1
0 1216.019 9 4.4 21.1
0 1216.122 10 4.4 21.1
0 1216.291 6 4.4 21.1
0 1216.319 35 4.4 21.1
0 1216.581 4 4.4 21.1
0 1216.603 45 4.4 21.1
0 1216.708 10 4.4 21.1
0 1216.816 9 4.4 21.1
0 1216.911 11 4.4 21.1
0 1217.112 5 4.4 21.1
0 1217.133 48 4.4 21.1
0 1217.24 9 4.4 21.1
0 1217.349 9 4.4 21.1
0 1217.437 11 4.4 21.1
0 1217.595 6 4.4 21.1
0 1217.74 7 4.4 21.1
0 1217.753 77 4.4 21.1
0 1217.955 5 4.4 21.1
0 1217.966 95 4.4 21.1
0 1218.089 8 4.4 21.1
0 1218.18 11 4.4 21.1
0 1218.343 6 4.4 21.1
0 1218.384 25 4.4 21.1
0 1218.667 4 4.4 21.1
0 1218.687 50 4.4 21.1
0 1218.795 9 4.4 21.1
0 1218.895 10 4.4 21.1
0 1218.994 10 4.4 21.1
0 1219.196 5 4.4 21.1
0 1219.211 65 4.4 21.1
0 1219.32 9 4.4 21.1
0 1219.42 10 4.4 21.1
0 1219.528 9 4.4 21.1
0 1219.686 6 4.4 21.1
0 1219.83 7 4.4 21.1
0 1219.848 56 4.4 21.1
0 1220.016 6 4.4 21.1
0 1220.055 25 4.4 21.1
0 1220.149 11 4.4 21.1
0 1220.255 9 4.4 21.1
0 1220.421 6 4.4 21.1
0 1220.451 34 4.4 21.1
0 1220.564 9 4.4 21.1
0 1220.713 7 4.4 21.1
0 1220.755 24 4.4 21.1
0 1220.937 5 4.3 21.1
0 1220.953 64 4.3 21.1
0 1221.271 3 4.3 21.1
0 1221.292 48 4.3 21.1
0 1221.403 9 4.3 21.1
0 1221.511 9 4.3 21.1
0 1221.595 12 4.3 21.1
0 1221.761 6 4.3 21.1
0 1221.91 7 4.3 21.1
0 1221.935 40 4.3 21.1
0 1222.1 6 4.3 21.1
0 1222.136 28 4.3 21.1
0 1222.234 10 4.3 21.1
0 1222.337 10 4.3 21.1
0 1222.55 5 4.3 21.1
0 1222.575 39 4.3 21.1
0 1222.743 6 4.3 21.1
0 1222.777 29 4.3 21.1
0 1222.88 10 4.3 21.1
0 1222.974 11 4.3 21.1
0 1223.076 10 4.3 21.1
0 1223.542 2 4.3 21.1
0 1223.556 75 4.3 21.1
0 1223.675 8 4.3 21.1
0 1223.827 7 4.3 21.1
0 1223.973 7 4.3 21.1
0 1223.997 42 4.3 21.1
0 1224.163 6 4.3 21.1
0 1224.2 27 4.3 21.1
0 1224.294 11 4.3 21.1
0 1224.399 9 4.3 21.1
0 1224.603 5 4.3 21.1
0 1224.625 45 4.3 21.1
0 1224.791 6 4.3 21.1
0 1224.826 29 4.3 21.1
0 1224.93 10 4.3 21.1
0 1225.029 10 4.3 21.1
0 1225.133 10 4.3 21.1
0 1225.404 4 4.3 21.1
0 1225.427 43 4.3 21.1
0 1225.545 8 4.3 21.1
0 1225.636 11 4.3 21.1
0 1225.733 10 4.3 21.1
0 1225.922 5 4.3 21.1
0 1226.059 7 4.3 21.1
0 1226.083 42 4.3 21.1
0 1226.254 6 4.3 21.1
0 1226.283 34 4.3 21.1
0 1226.381 10 4.3 21.1
0 1226.488 9 4.3 21.1
0 1226.691 5 4.3 21.1
0 1226.718 37 4.3 21.1
0 1226.879 6 4.3 21.1
0 1226.916 27 4.3 21.1
0 1227.02 10 4.3 21.1
0 1227.12 10 4.3 21.1
0 1227.223 10 4.3 21.1
0 1227.476 4 4.3 21.1
0 1227.498 47 4.3 21.1
0 1227.642 7 4.3 21.1
0 1227.7 17 4.3 21.1
0 1227.803 10 4.3 21.1
0 1227.963 6 4.3 21.1
0 1228.116 7 4.3 21.1
0 1228.138 46 4.3 21.1
0 1228.302 6 4.3 21.1
0 1228.349 21 4.3 21.1
0 1228.441 11 4.3 21.1
0 1228.552 9 4.3 21.1
0 1228.757 5 4.3 21.1
0 1228.776 51 4.3 21.1
0 1228.994 5 4.3 21.1
0 1229.014 50 4.3 21.1
0 1229.114 10 4.3 21.1
0 1229.22 9 4.3 21.1
0 1229.5 4 4.3 21.1
0 1229.524 42 4.3 21.1
0 1229.624 10 4.3 21.1
0 1229.722 10 4.3 21.1
0 1229.822 10 4.3 21.1
0 1229.994 6 4.3 21.1
0 1230.138 7 4.3 21.1
0 1230.158 49 4.3 21.1
0 1230.323 6 4.3 21.1
0 1230.367 23 4.3 21.1
0 1230.463 10 4.3 21.1
0 1230.568 10 4.3 21.1
0 1231.076 2 4.3 21.1
0 1231.094 56 4.3 21.1
0 1231.207 9 4.3 21.1
0 1231.301 11 4.3 21.1
0 1231.454 7 4.3 21.1
0 1231.5 22 4.3 21.1
0 1231.615 9 4.3 21.1
0 1231.704 11 4.3 21.1
0 1231.802 10 4.3 21.1
0 1231.901 10 4.3 21.1
0 1232.063 6 4.3 21.1
0 1232.236 6 4.3 21.1
0 1232.332 10 4.3 21.1
0 1232.383 20 4.3 21.1
0 1232.484 10 4.3 21.1
0 1232.587 10 4.3 21.1
0 1232.685 10 4.3 21.1
0 1232.798 9 4.3 21.1
0 1233.149 3 4.3 21.1
0 1233.192 23 4.3 21.1
0 1233.309 9 4.3 21.1
0 1233.4 11 4.3 21.1
0 1233.556 6 4.3 21.1
0 1233.581 40 4.3 21.1
0 1233.701 8 4.3 21.1
0 1233.812 9 4.3 21.1
0 1233.911 10 4.3 21.1
0 1234.124 5 4.3 21.1
0 1234.145 47 4.3 21.1
0 1234.555 2 4.3 21.1
0 1234.566 97 4.3 21.1
0 1234.681 9 4.3 21.1
0 1234.78 10 4.3 21.1
0 1235.209 2 4.3 21.1
0 1235.229 51 4.3 21.1
0 1235.336 9 4.3 21.1
0 1235.431 10 4.3 21.1
0 1235.764 3 4.3 21.1
0 1235.774 92 4.3 21.1
0 1235.885 9 4.3 21.1
0 1235.983 10 4.3 21.1
0 1236.275 3 4.3 21.1
0 1236.292 58 4.3 21.1
0 1236.399 9 4.3 21.1
0 1236.497 10 4.3 21.1
0 1236.662 6 4.3 21.1
0 1236.698 27 4.3 21.1
0 1236.81 9 4.3 21.1
0 1237.001 5 4.3 21.1
0 1237.021 50 4.3 21.1
0 1237.233 5 4.3 21.1
0 1237.25 57 4.3 21.1
0 1237.374 8 4.3 21.1
0 1237.455 12 4.3 21.1
0 1237.616 6 4.3 21.1
0 1237.656 25 4.3 21.1
0 1237.79 7 4.3 21.1
0 1237.857 15 4.3 21.1
0 1237.971 9 4.3 21.1
0 1238.055 12 4.3 21.1
0 1238.322 4 4.3 21.1
0 1238.34 57 4.3 21.1
0 1238.444 10 4.3 21.1
0 1238.552 9 4.3 21.1
0 1238.705 7 4.3 21.1
0 1238.744 25 4.3 21.1
0 1238.839 11 4.3 21.1
0 1239.041 5 4.3 21.1
0 1239.072 33 4.3 21.1
0 1239.274 5 4.3 21.1
0 1239.456 6 4.3 21.1
0 1239.464 122 4.3 21.1
0 1239.649 5 4.3 21.1
0 1239.676 37 4.3 21.1
0 1239.782 9 4.3 21.1
0 1239.88 10 4.3 21.1
0 1239.977 10 4.3 21.1
0 1240.077 10 4.3 21.1
0 1240.197 8 4.3 21.1
0 1240.383 5 4.3 21.1
0 1240.404 49 4.3 21.1
0 1240.511 9 4.3 21.1
0 1240.822 3 4.3 21.1
0 1240.847 40 4.3 21.1
0 1241.054 5 4.3 21.1
0 1241.068 69 4.3 21.1
0 1241.357 3 4.7 21.1
0 1241.37 75 4.7 21.1
0 1241.483 9 4.7 21.1
0 1241.636 7 4.7 21.1
0 1241.686 20 4.7 21.1
0 1241.783 10 4.7 21.1
0 1241.892 9 4.7 21.1
0 1241.984 11 4.7 21.1
0 1242.08 10 4.7 21.1
0 1242.182 10 4.7 21.1
0 1242.451 4 4.7 21.1
0 1242.475 41 4.7 21.1
0 1242.583 9 4.7 21.1
0 1242.676 11 4.7 21.1
0 1242.882 5 4.7 21.1
0 1242.9 55 4.7 21.1
0 1243.123 4 4.7 21.1
0 1243.142 52 4.7 21.1
0 1243.382 4 4.7 21.1
0 1243.417 29 4.7 21.1
0 1243.538 8 4.7 21.1
0 1243.693 6 4.7 21.1
0 1243.719 39 4.7 21.1
0 1243.83 9 4.7 21.1
0 1243.943 9 4.7 21.1
0 1244.049 9 4.7 21.1
0 1244.143 11 4.7 21.1
0 1244.25 9 4.7 21.1
0 1244.661 2 4.7 21.1
0 1244.704 23 4.7 21.1
0 1244.942 4 4.7 21.1
0 1244.99 21 4.7 21.1
0 1245.2 5 4.7 21.1
0 1245.228 36 4.7 21.1
0 1245.356 8 4.7 21.1
0 1245.45 11 4.7 21.1
0 1245.548 10 4.7 21.1
0 1245.888 3 4.7 21.1
0 1245.923 28 4.7 21.1
0 1246.051 8 4.7 21.1
0 1246.141 11 4.7 21.1
0 1246.242 10 4.7 21.1
0 1246.428 5 4.7 21.1
0 1246.477 21 4.7 21.1
0 1246.791 3 4.7 21.1
0 1246.958 6 4.7 21.1
0 1247.018 17 4.7 21.1
0 1247.221 5 4.7 21.1
0 1247.265 22 4.7 21.1
0 1247.388 8 4.7 21.1
0 1247.476 11 4.7 21.1
0 1247.58 10 4.7 21.1
0 1247.784 5 4.7 21.1
0 1247.818 29 4.7 21.1
0 1247.986 6 4.7 21.1
0 1248.015 35 4.7 21.1
0 1248.153 7 4.7 21.1
0 1248.243 11 4.7 21.1
0 1248.346 10 4.7 21.1
0 1248.44 11 4.7 21.1
0 1248.542 10 4.7 21.1
0 1248.962 2 4.7 21.1
0 1249.012 20 4.7 21.1
0 1249.231 5 4.7 21.1
0 1249.272 24 4.7 21.1
0 1249.556 4 4.7 21.1
0 1249.593 27 4.7 21.1
0 1249.839 4 4.7 21.1
0 1249.88 25 4.7 21.1
0 1249.993 9 4.7 21.1
0 1250.097 10 4.7 21.1
0 1250.192 11 4.7 21.1
0 1250.291 10 4.7 21.1
0 1250.394 10 4.7 21.1
0 1250.496 10 4.7 21.1
0 1250.594 10 4.7 21.1
0 1251.014 2 4.7 21.1
0 1251.23 5 4.7 21.1
0 1251.277 21 4.7 21.1
0 1251.387 9 4.9 21.1
0 1251.622 4 4.9 21.1
0 1251.659 27 4.9 21.1
0 1251.89 4 4.9 21.1
0 1251.921 32 4.9 21.1
0 1252.044 8 4.9 21.1
0 1252.143 10 4.9 21.1
0 1252.239 10 4.9 21.1
0 1252.34 10 4.9 21.1
0 1252.445 10 4.9 21.1
0 1252.557 9 4.9 21.1
0 1252.651 11 4.9 21.1
0 1253.058 2 4.9 21.1
0 1253.11 19 4.9 21.1
0 1253.212 10 4.9 21.1
0 1253.309 10 4.9 21.1
0 1253.381 14 4.9 21.1
0 1253.485 10 4.9 21.1
0 1253.583 10 4.9 21.1
0 1253.678 10 4.9 21.1
0 1253.883 5 4.9 21.1
0 1253.894 89 4.9 21.1
0 1254.002 9 4.9 21.1
0 1254.109 9 4.9 21.1
0 1254.206 10 4.9 21.1
0 1254.303 10 4.9 21.1
0 1254.58 4 4.9 21.1
0 1254.587 158 4.9 21.1
0 1254.709 8 4.9 21.1
0 1254.912 5 4.9 21.1
0 1254.93 55 4.9 21.1
0 1255.142 5 4.9 21.1
0 1255.155 80 4.9 21.1
0 1255.28 8 4.9 21.1
0 1255.361 12 4.9 21.1
0 1255.461 10 4.9 21.1
0 1255.559 10 4.9 21.1
0 1255.667 9 4.9 21.1
0 1255.765 10 4.9 21.1
0 1255.975 5 4.9 21.1
0 1255.989 75 4.9 21.1
0 1256.244 4 4.9 21.1
0 1256.25 166 4.9 21.1
0 1256.366 9 4.9 21.1
0 1256.835 2 4.9 21.1
0 1256.953 8 4.9 21.1
0 1256.971 55 4.9 21.1
0 1257.191 5 4.9 21.1
0 1257.211 51 4.9 21.1
0 1257.31 10 4.9 21.1
0 1257.409 10 4.9 21.1
0 1257.511 10 4.9 21.1
0 1257.609 10 4.9 21.1
0 1257.712 10 4.9 21.1
0 1257.803 11 4.9 21.1
0 1258.016 5 4.9 21.1
0 1258.026 96 4.9 21.1
0 1258.134 9 4.9 21.1
0 1258.236 10 4.9 21.1
0 1258.334 10 4.9 21.1
0 1258.432 10 4.9 21.1
0 1258.741 3 4.9 21.1
0 1258.749 134 4.9 21.1
0 1259.0 4 4.9 21.1
0 1259.03 33 4.9 21.1
0 1259.15 8 4.9 21.1
0 1259.244 11 4.9 21.1
0 1259.354 9 4.9 21.1
0 1259.594 4 4.9 21.1
0 1259.629 28 4.9 21.1
0 1259.739 9 4.9 21.1
0 1259.838 10 4.9 21.1
0 1260.047 5 4.9 21.1
0 1260.07 43 4.9 21.1
0 1260.198 8 4.9 21.1
0 1260.29 11 4.9 21.1
0 1260.395 10 4.9 21.1
0 1260.492 10 4.9 21.1
0 1260.601 9 4.9 21.1
0 1260.694 11 4.9 21.1
0 1260.794 10 4.9 21.1
0 1260.891 10 4.9 21.1
0 1260.992 10 4.9 21.1
0 1261.095 10 4.9 21.1
0 1261.336 4 4.9 21.1
0 1261.364 36 4.9 21.1
0 1261.485 8 4.4 21.1
0 1261.967 2 4.4 21.1
0 1262.123 6 4.4 21.1
0 1262.145 46 4.4 21.1
0 1262.271 8 4.4 21.1
0 1262.366 11 4.4 21.1
0 1262.47 10 4.4 21.1
0 1262.576 9 4.4 21.1
0 1262.677 10 4.4 21.1
0 1262.769 11 4.4 21.1
0 1262.87 10 4.4 21.1
0 1262.974 10 4.4 21.1
0 1263.071 10 4.4 21.1
0 1263.192 8 4.4 21.1
0 1263.276 12 4.4 21.1
0 1263.369 11 4.4 21.1
0 1263.6 4 4.4 21.1
0 1263.612 88 4.4 21.1
0 1263.717 9 4.4 21.1
0 1263.822 10 4.4 21.1
0 1263.918 10 4.4 21.1
0 1264.136 5 4.4 21.1
0 1264.148 85 4.4 21.1
0 1264.253 9 4.4 21.1
0 1264.358 10 4.4 21.1
0 1264.618 4 4.4 21.1
0 1264.621 256 4.4 21.1
0 1264.741 8 4.4 21.1
0 1264.834 11 4.4 21.1
0 1264.94 9 4.4 21.1
0 1265.034 11 4.4 21.1
0 1265.134 10 4.4 21.1
0 1265.234 10 4.4 21.1
0 1265.34 9 4.4 21.1
0 1265.444 10 4.4 21.1
0 1265.536 11 4.4 21.1
0 1265.697 6 4.4 21.1
0 1265.733 28 4.4 21.1
0 1265.839 9 4.4 21.1
0 1265.933 11 4.4 21.1
0 1266.146 5 4.4 21.1
0 1266.157 95 4.4 21.1
0 1266.432 4 4.4 21.1
0 1266.44 130 4.4 21.1
0 1266.546 9 4.4 21.1
0 1267.042 2 4.4 21.1
0 1267.047 205 4.4 21.1
0 1267.161 9 4.4 21.1
0 1267.259 10 4.4 21.1
0 1267.362 10 4.4 21.1
0 1267.459 10 4.4 21.1
0 1267.56 10 4.4 21.1
0 1267.717 6 4.4 21.1
0 1267.76 23 4.4 21.1
0 1267.858 10 4.4 21.1
0 1267.966 9 4.4 21.1
0 1268.164 5 4.4 21.1
0 1268.173 108 4.4 21.1
0 1268.281 9 4.4 21.1
0 1268.378 10 4.4 21.1
0 1268.484 9 4.4 21.1
0 1268.579 10 4.4 21.1
0 1268.681 10 4.4 21.1
0 1268.779 10 4.4 21.1
0 1268.879 10 4.4 21.1
0 1268.984 9 4.4 21.1
0 1269.081 10 4.4 21.1
0 1269.183 10 4.4 21.1
0 1269.277 11 4.4 21.1
0 1269.38 10 4.4 21.1
0 1269.645 4 4.4 21.1
0 1269.65 208 4.4 21.1
0 1269.822 6 4.4 21.1
0 1269.861 26 4.4 21.1
0 1269.961 10 4.4 21.1
0 1270.178 5 4.4 21.1
0 1270.186 128 4.4 21.1
0 1270.289 10 4.4 21.1
0 1270.405 9 4.4 21.1
0 1270.495 11 4.4 21.1
0 1270.588 11 4.4 21.1
0 1270.697 9 4.4 21.1
0 1270.789 11 4.4 21.1
0 1270.896 9 4.4 21.1
0 1270.989 11 4.4 21.1
0 1271.092 10 4.4 21.1
0 1271.196 10 4.4 21.1
0 1271.436 4 4.4 21.1
0 1271.439 298 4.4 21.1
0 1271.549 9 4.0 21.1
0 1271.646 10 4.0 21.1
0 1272.145 2 4.0 21.1
0 1272.149 234 4.0 21.1
0 1272.434 4 4.0 21.1
0 1272.439 210 4.0 21.1
0 1272.553 9 4.0 21.1
0 1272.65 10 4.0 21.1
0 1272.752 10 4.0 21.1
0 1272.848 10 4.0 21.1
0 1272.953 10 4.0 21.1
0 1273.046 11 4.0 21.1
0 1273.155 9 4.0 21.1
0 1273.281 8 4.0 21.1
0 1273.35 15 4.0 21.1
0 1273.455 10 4.0 21.1
0 1273.701 4 4.0 21.1
0 1273.711 98 4.0 21.1
0 1273.816 10 4.0 21.1
0 1273.974 6 4.0 21.1
0 1274.024 20 4.0 21.1
0 1274.116 11 4.0 21.1
0 1274.22 10 4.0 21.1
0 1274.316 10 4.0 21.1
0 1274.417 10 4.0 21.1
0 1274.69 4 4.0 21.1
0 1274.693 294 4.0 21.1
0 1274.808 9 4.0 21.1
0 1274.903 11 4.0 21.1
0 1275.004 10 4.0 21.1
0 1275.103 10 4.0 21.1
0 1275.209 9 4.0 21.1
0 1275.303 11 4.0 21.1
0 1275.412 9 4.0 21.1
0 1275.505 11 4.0 21.1
0 1275.603 10 4.0 21.1
0 1275.768 6 4.0 21.1
0 1275.813 22 4.0 21.1
0 1276.051 4 4.0 21.1
0 1276.067 60 4.0 21.1
0 1276.17 10 4.0 21.1
0 1276.364 5 4.0 21.1
0 1276.59 4 4.0 21.1
0 1276.597 143 4.0 21.1
0 1276.711 9 4.0 21.1
0 1277.242 2 4.0 21.1
0 1277.259 59 4.0 21.1
0 1277.559 3 4.0 21.1
0 1277.564 174 4.0 21.1
0 1277.677 9 4.0 21.1
0 1277.891 5 4.0 21.1
0 1277.903 78 4.0 21.1
0 1278.125 5 4.0 21.1
0 1278.139 73 4.0 21.1
0 1278.245 9 4.0 21.1
0 1278.417 6 4.0 21.1
0 1278.441 42 4.0 21.1
0 1278.537 11 4.0 21.1
0 1278.648 9 4.0 21.1
0 1278.745 10 4.0 21.1
0 1278.846 10 4.0 21.1
0 1278.95 10 4.0 21.1
0 1279.045 11 4.0 21.1
0 1279.153 9 4.0 21.1
0 1279.247 11 4.0 21.1
0 1279.348 10 4.0 21.1
0 1279.454 9 4.0 21.1
0 1279.737 4 4.0 21.1
0 1279.746 105 4.0 21.1
0 1279.97 4 4.0 21.1
0 1279.984 70 4.0 21.1
0 1280.2 5 4.0 21.1
0 1280.211 91 4.0 21.1
0 1280.324 9 4.0 21.1
0 1280.494 6 4.0 21.1
0 1280.522 35 4.0 21.1
0 1280.621 10 4.0 21.1
0 1280.717 10 4.0 21.1
0 1280.822 10 4.0 21.1
0 1280.925 10 4.0 21.1
0 1281.025 10 4.0 21.1
0 1281.123 10 4.0 21.1
0 1281.218 11 4.0 21.1
0 1281.324 9 4.0 21.1
0 1281.419 11 4.0 21.1
0 1281.531 9 4.0 21.1
0 1281.622 11 4.5 21.1
0 1281.719 10 4.5 21.1
0 1281.822 10 4.5 21.1
0 1282.024 5 4.5 21.1
0 1282.045 46 4.5 21.1
0 1282.318 4 4.5 21.1
0 1282.327 105 4.5 21.1
0 1282.493 6 4.5 21.1
0 1282.536 23 4.5 21.1
0 1282.648 9 4.5 21.1
0 1282.738 11 4.5 21.1
0 1282.837 10 4.5 21.1
0 1282.94 10 4.5 21.1
0 1283.035 11 4.5 21.1
0 1283.158 8 4.5 21.1
0 1283.238 12 4.5 21.1
0 1283.339 10 4.5 21.1
0 1283.441 10 4.5 21.1
0 1283.538 10 4.5 21.1
0 1283.639 10 4.5 21.1
0 1283.747 9 4.5 21.1
0 1283.84 11 4.5 21.1
0 1284.047 5 4.5 21.1
0 1284.06 78 4.5 21.1
0 1284.287 4 4.5 21.1
0 1284.307 51 4.5 21.1
0 1284.409 10 4.5 21.1
0 1284.574 6 4.5 21.1
0 1284.603 35 4.5 21.1
0 1284.707 10 4.5 21.1
0 1284.818 9 4.5 21.1
0 1284.91 11 4.5 21.1
0 1285.011 10 4.5 21.1
0 1285.107 10 4.5 21.1
0 1285.21 10 4.5 21.1
0 1285.322 9 4.5 21.1
0 1285.41 11 4.5 21.1
0 1285.511 10 4.5 21.1
0 1285.61 10 4.5 21.1
0 1285.712 10 4.5 21.1
0 1285.816 10 4.5 21.1
0 1285.915 10 4.5 21.1
0 1286.118 5 4.5 21.1
0 1286.136 54 4.5 21.1
0 1286.357 5 4.5 21.1
0 1286.382 41 4.5 21.1
0 1286.489 9 4.5 21.1
0 1286.689 5 4.5 21.1
0 1286.705 61 4.5 21.1
0 1286.814 9 4.5 21.1
0 1286.913 10 4.5 21.1
0 1287.017 10 4.5 21.1
0 1287.115 10 4.5 21.1
0 1287.211 10 4.5 21.1
0 1287.398 5 4.5 21.1
0 1287.412 75 4.5 21.1
0 1287.529 9 4.5 21.1
0 1287.621 11 4.5 21.1
0 1287.723 10 4.5 21.1
0 1287.82 10 4.5 21.1
0 1287.922 10 4.5 21.1
0 1288.135 5 4.5 21.1
0 1288.153 55 4.5 21.1
0 1288.426 4 4.5 21.1
0 1288.492 15 4.5 21.1
0 1288.548 18 4.5 21.1
0 1288.76 5 4.5 21.1
0 1288.78 49 4.5 21.1
0 1288.894 9 4.5 21.1
0 1288.989 11 4.5 21.1
0 1289.084 10 4.5 21.1
0 1289.181 10 4.5 21.1
0 1289.291 9 4.5 21.1
0 1289.387 11 4.5 21.1
0 1289.486 10 4.5 21.1
0 1289.588 10 4.5 21.1
0 1289.685 10 4.5 21.1
0 1289.784 10 4.5 21.1
0 1289.887 10 4.5 21.1
0 1289.986 10 4.5 21.1
0 1290.193 5 4.5 21.1
0 1290.215 46 4.5 21.1
0 1290.541 3 4.5 21.1
0 1290.564 43 4.5 21.1
0 1290.786 5 4.5 21.1
0 1290.81 42 4.5 21.1
0 1290.918 9 4.5 21.1
0 1291.01 11 4.5 21.1
0 1291.118 9 4.5 21.1
0 1291.213 11 4.5 21.1
0 1291.314 10 4.5 21.1
0 1291.407 11 4.5 21.1
0 1291.512 10 4.5 21.1
0 1291.614 10 4.5 21.1
0 1291.72 9 4.0 21.1
0 1291.805 12 4.0 21.1
0 1291.914 9 4.0 21.1
0 1292.008 11 4.0 21.1
0 1292.224 5 4.0 21.1
0 1292.242 56 4.0 21.1
0 1292.593 3 4.0 21.1
0 1292.602 106 4.0 21.1
0 1292.823 5 4.0 21.1
0 1292.84 58 4.0 21.1
0 1292.94 10 4.0 21.1
0 1293.039 10 4.0 21.1
0 1293.145 9 4.0 21.1
0 1293.242 10 4.0 21.1
0 1293.355 9 4.0 21.1
0 1293.441 12 4.0 21.1
0 1293.577 7 4.0 21.1
0 1293.647 14 4.0 21.1
0 1293.744 10 4.0 21.1
0 1293.939 5 4.0 21.1
0 1293.95 92 4.0 21.1
0 1294.065 9 4.0 21.1
0 1294.165 10 4.0 21.1
0 1294.261 10 4.0 21.1
0 1294.583 3 4.0 21.1
0 1294.607 42 4.0 21.1
0 1294.704 10 4.0 21.1
0 1294.91 5 4.0 21.1
0 1294.925 65 4.0 21.1
0 1295.037 9 4.0 21.1
0 1295.14 10 4.0 21.1
0 1295.231 11 4.0 21.1
0 1295.331 10 4.0 21.1
0 1295.432 10 4.0 21.1
0 1295.528 10 4.0 21.1
0 1295.632 10 4.0 21.1
0 1295.739 9 4.0 21.1
0 1295.833 11 4.0 21.1
0 1295.932 10 4.0 21.1
0 1296.032 10 4.0 21.1
0 1296.133 10 4.0 21.1
0 1296.243 9 4.0 21.1
0 1296.331 11 4.0 21.1
0 1296.638 3 4.0 21.1
0 1296.657 53 4.0 21.1
0 1296.773 9 4.0 21.1
0 1296.955 5 4.0 21.1
0 1296.971 65 4.0 21.1
0 1297.078 9 4.0 21.1
0 1297.177 10 4.0 21.1
0 1297.287 9 4.0 21.1
0 1297.377 11 4.0 21.1
0 1297.471 11 4.0 21.1
0 1297.609 7 4.0 21.1
0 1297.678 15 4.0 21.1
0 1297.776 10 4.0 21.1
0 1297.888 9 4.0 21.1
0 1297.979 11 4.0 21.1
0 1298.078 10 4.0 21.1
0 1298.182 10 4.0 21.1
0 1298.281 10 4.0 21.1
0 1298.381 10 4.0 21.1
0 1298.7 3 4.0 21.1
0 1298.72 51 4.0 21.1
0 1298.822 10 4.0 21.1
0 1299.135 3 4.0 21.1
0 1299.153 54 4.0 21.1
0 1299.26 9 4.0 21.1
0 1299.353 11 4.0 21.1
0 1299.464 9 4.0 21.1
0 1299.554 11 4.0 21.1
0 1299.65 10 4.0 21.1
0 1299.763 9 4.0 21.1
0 1299.858 11 4.0 21.1
0 1299.959 10 4.0 21.1
0 1300.054 11 4.0 21.1
0 1300.154 10 4.0 21.1
0 1300.255 10 4.0 21.1
0 1300.368 9 4.0 21.1
0 1300.46 11 4.0 21.1
0 1300.775 3 4.0 21.1
0 1300.79 66 4.0 21.1
0 1300.899 9 4.0 21.1
0 1300.995 10 4.0 21.1
0 1301.094 10 4.0 21.1
0 1301.191 10 4.0 21.1
0 1301.391 5 4.0 21.1
0 1301.404 76 4.0 21.1
0 1301.508 10 4.0 21.1
0 1301.607 10 4.0 21.1
0 1301.711 10 4.0 21.1
0 1301.913 5 3.5 21.1
0 1301.922 106 3.5 21.1
0 1302.035 9 3.5 21.1
0 1302.128 11 3.5 21.1
0 1302.231 10 3.5 21.1
0 1302.328 10 3.5 21.1
0 1302.437 9 3.5 21.1
0 1302.53 11 3.5 21.1
0 1302.69 6 3.5 21.1
0 1302.836 7 3.5 21.1
0 1302.846 104 3.5 21.1
0 1302.957 9 3.5 21.1
0 1303.045 11 3.5 21.1
0 1303.239 5 3.5 21.1
0 1303.249 101 3.5 21.1
0 1303.357 9 3.5 21.1
0 1303.462 10 3.5 21.1
0 1303.553 11 3.5 21.1
0 1303.656 10 3.5 21.1
0 1303.794 7 3.5 21.1
0 1303.853 17 3.5 21.1
0 1304.053 5 3.5 21.1
0 1304.062 102 3.5 21.1
0 1304.267 5 3.5 21.1
0 1304.276 105 3.5 21.1
0 1304.382 9 3.5 21.1
0 1304.481 10 3.5 21.1
0 1304.588 9 3.5 21.1
0 1304.683 10 3.5 21.1
0 1304.78 10 3.5 21.1
0 1304.881 10 3.5 21.1
0 1304.984 10 3.5 21.1
0 1305.089 10 3.5 21.1
0 1305.178 11 3.5 21.1
0 1305.343 6 3.5 21.1
0 1305.382 26 3.5 21.1
0 1305.483 10 3.5 21.1
0 1305.578 11 3.5 21.1
0 1305.691 9 3.5 21.1
0 1305.784 11 3.5 21.1
0 1305.961 6 3.5 21.1
0 1305.975 74 3.5 21.1
0 1306.086 9 3.5 21.1
0 1306.192 9 3.5 21.1
0 1306.288 10 3.5 21.1
0 1306.384 10 3.5 21.1
0 1306.484 10 3.5 21.1
0 1306.587 10 3.5 21.1
0 1306.688 10 3.5 21.1
0 1306.796 9 3.5 21.1
0 1306.999 5 3.5 21.1
0 1307.08 12 3.5 21.1
0 1307.117 27 3.5 21.1
0 1307.219 10 3.5 21.1
0 1307.382 6 3.5 21.1
0 1307.416 30 3.5 21.1
0 1307.518 10 3.5 21.1
0 1307.615 10 3.5 21.1
0 1307.777 6 3.5 21.1
0 1307.818 25 3.5 21.1
0 1307.923 9 3.5 21.1
0 1308.075 7 3.5 21.1
0 1308.121 22 3.5 21.1
0 1308.221 10 3.5 21.1
0 1308.318 10 3.5 21.1
0 1308.425 9 3.5 21.1
0 1308.519 11 3.5 21.1
0 1308.615 10 3.5 21.1
0 1308.727 9 3.5 21.1
0 1308.857 8 3.5 21.1
0 1308.921 16 3.5 21.1
0 1309.136 5 3.5 21.1
0 1309.318 6 3.5 21.1
0 1309.434 9 3.5 21.1
0 1309.447 73 3.5 21.1
0 1309.548 10 3.5 21.1
0 1309.656 9 3.5 21.1
0 1309.753 10 3.5 21.1
0 1309.857 10 3.5 21.1
0 1309.956 10 3.5 21.1
0 1310.116 6 3.5 21.1
0 1310.157 24 3.5 21.1
0 1310.254 10 3.5 21.1
0 1310.358 10 3.5 21.1
0 1310.46 10 3.5 21.1
0 1310.551 11 3.5 21.1
0 1310.658 9 3.5 21.1
0 1310.753 11 3.5 21.1
0 1310.849 10 3.5 21.1
0 1310.962 9 3.5 21.1
0 1311.053 11 3.5 21.1
0 1311.215 6 3.5 21.1
0 1311.256 24 3.5 21.1
0 1311.464 5 3.5 21.1
0 1311.48 61 3.5 21.1
0 1311.581 10 3.5 21.1
0 1311.681 10 3.5 21.1
0 1311.785 10 3.5 21.1
0 1311.881 10 3.5 21.1
0 1312.16 4 4.3 21.2
0 1312.171 92 4.3 21.2
0 1312.278 9 4.3 21.2
0 1312.386 9 4.3 21.2
0 1312.484 10 4.3 21.2
0 1312.584 10 4.3 21.2
0 1312.68 10 4.3 21.2
0 1312.854 6 4.3 21.2
0 1312.872 55 4.3 21.2
0 1312.982 9 4.3 21.2
0 1313.082 10 4.3 21.2
0 1313.239 6 4.3 21.2
0 1313.278 25 4.3 21.2
0 1313.494 5 4.3 21.2
0 1313.507 77 4.3 21.2
0 1313.618 9 4.3 21.2
0 1313.712 11 4.3 21.2
0 1313.901 5 4.3 21.2
0 1313.915 69 4.3 21.2
0 1314.202 3 4.3 21.2
0 1314.315 9 4.3 21.2
0 1314.321 168 4.3 21.2
0 1314.439 8 4.3 21.2
0 1314.531 11 4.3 21.2
0 1314.634 10 4.3 21.2
0 1314.729 10 4.3 21.2
0 1314.833 10 4.3 21.2
0 1315.024 5 4.3 21.2
0 1315.032 130 4.3 21.2
0 1315.146 9 4.3 21.2
0 1315.309 6 4.3 21.2
0 1315.352 23 4.3 21.2
0 1315.561 5 4.3 21.2
0 1315.576 67 4.3 21.2
0 1315.68 10 4.3 21.2
0 1315.779 10 4.3 21.2
0 1315.896 9 4.3 21.2
0 1316.038 7 4.3 21.2
0 1316.087 21 4.3 21.2
0 1316.245 6 4.3 21.2
0 1316.282 27 4.3 21.2
0 1316.388 9 4.3 21.2
0 1316.483 11 4.3 21.2
0 1316.588 9 4.3 21.2
0 1316.683 11 4.3 21.2
0 1316.783 10 4.3 21.2
0 1316.889 9 4.3 21.2
0 1316.982 11 4.3 21.2
0 1317.253 4 4.3 21.2
0 1317.331 13 4.3 21.2
0 1317.374 24 4.3 21.2
0 1317.578 5 4.3 21.2
0 1317.596 58 4.3 21.2
0 1317.698 10 4.3 21.2
0 1317.801 10 4.3 21.2
0 1317.984 5 4.3 21.2
0 1318.0 61 4.3 21.2
0 1318.11 9 4.3 21.2
0 1318.263 7 4.3 21.2
0 1318.306 24 4.3 21.2
0 1318.4 11 4.3 21.2
0 1318.51 9 4.3 21.2
0 1318.605 11 4.3 21.2
0 1318.709 10 4.3 21.2
0 1318.808 10 4.3 21.2
0 1318.936 8 4.3 21.2
0 1319.009 14 4.3 21.2
0 1319.373 3 4.3 21.2
0 1319.456 12 4.3 21.2
0 1319.6 7 4.3 21.2
0 1319.62 51 4.3 21.2
0 1319.722 10 4.3 21.2
0 1319.819 10 4.3 21.2
0 1319.926 9 4.3 21.2
0 1320.09 6 4.3 21.2
0 1320.122 30 4.3 21.2
0 1320.284 6 4.3 21.2
0 1320.32 28 4.3 21.2
0 1320.42 10 4.3 21.2
0 1320.528 9 4.3 21.2
0 1320.624 10 4.3 21.2
0 1320.72 10 4.3 21.2
0 1320.825 9 4.3 21.2
0 1320.92 11 4.3 21.2
0 1321.023 10 4.3 21.2
0 1321.19 6 4.3 21.2
0 1321.22 33 4.3 21.2
0 1321.321 10 4.3 21.2
0 1321.488 6 4.3 21.2
0 1321.63 7 4.3 21.2
0 1321.647 58 4.3 21.2
0 1321.757 9 4.3 21.2
0 1321.846 11 4.3 21.2
0 1321.947 10 4.3 21.2
0 1322.112 6 4.3 21.2
0 1322.319 5 4.3 21.2
0 1322.337 55 4.3 21.2
0 1322.441 10 4.3 21.2
0 1322.535 11 4.3 21.2
0 1322.646 9 4.3 21.2
0 1322.743 10 4.3 21.2
0 1322.883 7 4.3 21.2
0 1323.0 9 4.3 21.2
0 1323.036 28 4.3 21.2
0 1323.203 6 4.3 21.2
0 1323.244 24 4.3 21.2
0 1323.347 10 4.3 21.2
0 1323.496 7 4.3 21.2
0 1323.759 4 4.3 21.2
0 1323.766 163 4.3 21.2
0 1323.884 8 4.3 21.2
0 1323.978 11 4.3 21.2
0 1324.138 6 4.3 21.2
0 1324.497 3 4.3 21.2
0 1324.516 54 4.3 21.2
0 1324.617 10 4.3 21.2
0 1324.719 10 4.3 21.2
0 1324.821 10 4.3 21.2
0 1324.915 11 4.3 21.2
0 1325.028 9 4.3 21.2
0 1325.119 11 4.3 21.2
0 1325.327 5 4.3 21.2
0 1325.342 65 4.3 21.2
0 1325.499 6 4.3 21.2
0 1325.552 19 4.3 21.2
0 1325.641 11 4.3 21.2
0 1325.745 10 4.3 21.2
0 1325.849 10 4.3 21.2
0 1325.954 10 4.3 21.2
0 1326.052 10 4.3 21.2
0 1326.205 7 4.3 21.2
0 1326.246 24 4.3 21.2
0 1326.343 10 4.3 21.2
0 1326.506 6 4.3 21.2
0 1326.553 21 4.3 21.2
0 1326.646 11 4.3 21.2
0 1326.747 10 4.3 21.2
0 1326.848 10 4.3 21.2
0 1326.949 10 4.3 21.2
0 1327.06 9 4.3 21.2
0 1327.146 12 4.3 21.2
0 1327.527 3 4.3 21.2
0 1327.611 12 4.3 21.2
0 1327.646 29 4.3 21.2
0 1327.745 10 4.3 21.2
0 1327.844 10 4.3 21.2
0 1328.062 5 4.3 21.2
0 1328.067 191 4.3 21.2
0 1328.327 4 4.3 21.2
0 1328.335 136 4.3 21.2
0 1328.51 6 4.3 21.2
0 1328.545 29 4.3 21.2
0 1328.77 4 4.3 21.2
0 1328.779 108 4.3 21.2
0 1328.897 8 4.3 21.2
0 1329.019 8 4.3 21.2
0 1329.094 13 4.3 21.2
0 1329.441 3 4.3 21.2
0 1329.568 8 4.3 21.2
0 1329.638 14 4.3 21.2
0 1329.686 21 4.3 21.2
0 1329.787 10 4.3 21.2
0 1329.891 10 4.3 21.2
0 1329.996 9 4.3 21.2
0 1330.092 10 4.3 21.2
0 1330.25 6 4.3 21.2
0 1330.289 26 4.3 21.2
0 1330.442 7 4.3 21.2
0 1330.553 9 4.3 21.2
0 1330.596 23 4.3 21.2
0 1330.69 11 4.3 21.2
0 1330.794 10 4.3 21.2
0 1330.891 10 4.3 21.2
0 1330.994 10 4.3 21.2
0 1331.097 10 4.3 21.2
0 1331.196 10 4.3 21.2
0 1331.29 11 4.3 21.2
0 1331.391 10 4.3 21.2
0 1331.601 5 4.3 21.2
0 1331.69 11 4.3 21.2
0 1331.731 24 4.3 21.2
0 1331.825 11 4.3 21.2
0 1331.932 9 4.3 21.2
0 1332.023 11 4.3 21.2
0 1332.128 10 4.3 21.2
0 1332.339 5 4.2 21.2
0 1332.354 69 4.2 21.2
0 1332.786 2 4.2 21.2
0 1332.805 53 4.2 21.2
0 1332.921 9 4.2 21.2
0 1333.009 11 4.2 21.2
0 1333.264 4 4.2 21.2
0 1333.28 63 4.2 21.2
0 1333.394 9 4.2 21.2
0 1333.492 10 4.2 21.2
0 1333.733 4 4.2 21.2
0 1333.755 47 4.2 21.2
0 1333.86 10 4.2 21.2
0 1333.961 10 4.2 21.2
0 1334.06 10 4.2 21.2
0 1334.158 10 4.2 21.2
0 1334.444 3 4.2 21.2
0 1334.454 103 4.2 21.2
0 1334.639 5 4.2 21.2
0 1334.666 37 4.2 21.2
0 1334.88 5 4.2 21.2
0 1334.906 39 4.2 21.2
0 1335.011 10 4.2 21.2
0 1335.109 10 4.2 21.2
0 1335.218 9 4.2 21.2
0 1335.372 6 4.2 21.2
0 1335.405 31 4.2 21.2
0 1335.506 10 4.2 21.2
0 1335.724 5 4.2 21.2
0 1335.746 45 4.2 21.2
0 1335.957 5 4.2 21.2
0 1335.978 49 4.2 21.2
0 1336.092 9 4.2 21.2
0 1336.182 11 4.2 21.2
0 1336.388 5 4.2 21.2
0 1336.406 57 4.2 21.2
0 1336.524 8 4.2 21.2
0 1336.67 7 4.2 21.2
0 1336.712 24 4.2 21.2
0 1336.923 5 4.2 21.2
0 1336.949 39 4.2 21.2
0 1337.048 10 4.2 21.2
0 1337.148 10 4.2 21.2
0 1337.257 9 4.2 21.2
0 1337.408 7 4.2 21.2
0 1337.462 18 4.2 21.2
0 1337.597 7 4.2 21.2
0 1337.773 6 4.2 21.2
0 1337.793 49 4.2 21.2
0 1338.086 3 4.2 21.2
0 1338.105 53 4.2 21.2
0 1338.217 9 4.2 21.2
0 1338.424 5 4.2 21.2
0 1338.438 70 4.2 21.2
0 1338.554 9 4.2 21.2
0 1338.715 6 4.2 21.2
0 1338.809 11 4.2 21.2
0 1338.964 6 4.2 21.2
0 1338.984 51 4.2 21.2
0 1339.107 8 4.2 21.2
0 1339.192 12 4.2 21.2
0 1339.302 9 4.2 21.2
0 1339.562 4 4.2 21.2
0 1339.586 43 4.2 21.2
0 1339.805 5 4.2 21.2
0 1339.826 48 4.2 21.2
0 1340.036 5 4.2 21.2
0 1340.057 46 4.2 21.2
0 1340.167 9 4.2 21.2
0 1340.263 10 4.2 21.2
0 1340.431 6 4.2 21.2
0 1340.46 34 4.2 21.2
0 1340.556 10 4.2 21.2
0 1340.767 5 4.2 21.2
0 1340.791 42 4.2 21.2
0 1341.006 5 4.2 21.2
0 1341.03 42 4.2 21.2
0 1341.141 9 4.2 21.2
0 1341.242 10 4.2 21.2
0 1341.33 11 4.2 21.2
0 1341.432 10 4.2 21.2
0 1341.602 6 4.2 21.2
0 1341.631 34 4.2 21.2
0 1341.839 5 4.2 21.2
0 1341.857 54 4.2 21.2
0 1342.082 4 4.2 21.2
0 1342.101 54 4.2 21.2
0 1342.299 5 4.2 21.2
0 1342.311 84 4.2 21.2
0 1342.532 5 4.5 21.2
0 1342.635 10 4.5 21.2
0 1342.65 65 4.5 21.2
0 1342.864 5 4.5 21.2
0 1342.884 51 4.5 21.2
0 1343.103 5 4.5 21.2
0 1343.13 38 4.5 21.2
0 1343.247 9 4.5 21.2
0 1343.324 13 4.5 21.2
0 1343.435 9 4.5 21.2
0 1343.529 11 4.5 21.2
0 1343.739 5 4.5 21.2
0 1343.77 32 4.5 21.2
0 1343.869 10 4.5 21.2
0 1343.965 10 4.5 21.2
0 1344.174 5 4.5 21.2
0 1344.195 48 4.5 21.2
0 1344.371 6 4.5 21.2
0 1344.396 40 4.5 21.2
0 1344.608 5 4.5 21.2
0 1344.63 45 4.5 21.2
0 1344.736 9 4.5 21.2
0 1344.945 5 4.5 21.2
0 1344.968 44 4.5 21.2
0 1345.184 5 4.5 21.2
0 1345.202 55 4.5 21.2
0 1345.315 9 4.5 21.2
0 1345.412 10 4.5 21.2
0 1345.618 5 4.5 21.2
0 1345.752 8 4.5 21.2
0 1345.774 44 4.5 21.2
0 1345.885 9 4.5 21.2
0 1345.982 10 4.5 21.2
0 1346.206 4 4.5 21.2
0 1346.231 39 4.5 21.2
0 1346.395 6 4.5 21.2
0 1346.432 27 4.5 21.2
0 1346.643 5 4.5 21.2
0 1346.666 43 4.5 21.2
0 1346.784 8 4.5 21.2
0 1346.983 5 4.5 21.2
0 1347.007 42 4.5 21.2
0 1347.224 5 4.5 21.2
0 1347.244 48 4.5 21.2
0 1347.359 9 4.5 21.2
0 1347.45 11 4.5 21.2
0 1347.551 10 4.5 21.2
0 1347.757 5 4.5 21.2
0 1347.784 38 4.5 21.2
0 1347.891 9 4.5 21.2
0 1347.98 11 4.5 21.2
0 1348.253 4 4.5 21.2
0 1348.262 123 4.5 21.2
0 1348.44 6 4.5 21.2
0 1348.476 28 4.5 21.2
0 1348.693 5 4.5 21.2
0 1348.708 68 4.5 21.2
0 1348.816 9 4.5 21.2
0 1349.025 5 4.5 21.2
0 1349.038 79 4.5 21.2
0 1349.149 9 4.5 21.2
0 1349.247 10 4.5 21.2
0 1349.348 10 4.5 21.2
0 1349.569 5 4.5 21.2
0 1349.583 72 4.5 21.2
0 1349.801 5 4.5 21.2
0 1349.82 53 4.5 21.2
0 1349.926 9 4.5 21.2
0 1350.021 10 4.5 21.2
0 1350.244 4 4.5 21.2
0 1350.255 95 4.5 21.2
0 1350.365 9 4.5 21.2
0 1350.524 6 4.5 21.2
0 1350.564 25 4.5 21.2
0 1350.663 10 4.5 21.2
0 1350.772 9 4.5 21.2
0 1350.87 10 4.5 21.2
0 1351.074 5 4.5 21.2
0 1351.086 79 4.5 21.2
0 1351.193 9 4.5 21.2
0 1351.298 10 4.5 21.2
0 1351.388 11 4.5 21.2
0 1351.496 9 4.5 21.2
0 1351.594 10 4.5 21.2
0 1351.881 3 4.5 21.2
0 1351.994 9 4.5 21.2
0 1352.008 69 4.5 21.2
0 1352.114 9 4.5 21.2
0 1352.213 10 4.5 21.2
0 1352.311 10 4.5 21.2
0 1352.416 10 4.5 21.2
0 1352.588 6 4.4 21.2
0 1352.612 41 4.4 21.2
0 1352.716 10 4.4 21.2
0 1352.812 10 4.4 21.2
0 1352.919 9 4.4 21.2
0 1353.133 5 4.4 21.2
0 1353.145 78 4.4 21.2
0 1353.406 4 4.4 21.2
0 1353.415 105 4.4 21.2
0 1353.604 5 4.4 21.2
0 1353.614 105 4.4 21.2
0 1353.732 8 4.4 21.2
0 1353.922 5 4.4 21.2
0 1353.939 57 4.4 21.2
0 1354.1 6 4.4 21.2
0 1354.136 27 4.4 21.2
0 1354.244 9 4.4 21.2
0 1354.374 8 4.4 21.2
0 1354.444 14 4.4 21.2
0 1354.564 8 4.4 21.2
0 1354.644 13 4.4 21.2
0 1354.748 10 4.4 21.2
0 1354.842 11 4.4 21.2
0 1354.942 10 4.4 21.2
0 1355.047 9 4.4 21.2
0 1355.143 10 4.4 21.2
0 1355.256 9 4.4 21.2
0 1355.343 12 4.4 21.2
0 1355.522 6 4.4 21.2
0 1355.544 46 4.4 21.2
0 1355.65 9 4.4 21.2
0 1355.76 9 4.4 21.2
0 1355.941 6 4.4 21.2
0 1355.961 50 4.4 21.2
0 1356.121 6 4.4 21.2
0 1356.163 24 4.4 21.2
0 1356.268 10 4.4 21.2
0 1356.369 10 4.4 21.2
0 1356.461 11 4.4 21.2
0 1356.668 5 4.4 21.2
0 1356.69 45 4.4 21.2
0 1356.8 9 4.4 21.2
0 1356.897 10 4.4 21.2
0 1356.995 10 4.4 21.2
0 1357.087 11 4.4 21.2
0 1357.196 9 4.4 21.2
0 1357.291 11 4.4 21.2
0 1357.492 5 4.4 21.2
0 1357.578 12 4.4 21.2
0 1357.614 28 4.4 21.2
0 1357.722 9 4.4 21.2
0 1357.813 11 4.4 21.2
0 1358.022 5 4.4 21.2
0 1358.047 41 4.4 21.2
0 1358.202 6 4.4 21.2
0 1358.245 23 4.4 21.2
0 1358.343 10 4.4 21.2
0 1358.502 6 4.4 21.2
0 1358.548 22 4.4 21.2
0 1358.746 5 4.4 21.2
0 1358.763 59 4.4 21.2
0 1358.868 10 4.4 21.2
0 1358.968 10 4.4 21.2
0 1359.072 10 4.4 21.2
0 1359.163 11 4.4 21.2
0 1359.271 9 4.4 21.2
0 1359.398 8 4.4 21.2
0 1359.465 15 4.4 21.2
0 1359.69 4 4.4 21.2
0 1359.705 70 4.4 21.2
0 1359.816 9 4.4 21.2
0 1359.908 11 4.4 21.2
0 1360.009 10 4.4 21.2
0 1360.109 10 4.4 21.2
0 1360.272 6 4.4 21.2
0 1360.31 26 4.4 21.2
0 1360.416 9 4.4 21.2
0 1360.511 11 4.4 21.2
0 1360.612 10 4.4 21.2
0 1360.824 5 4.4 21.2
0 1360.922 10 4.4 21.2
0 1360.938 63 4.4 21.2
0 1361.043 9 4.4 21.2
0 1361.147 10 4.4 21.2
0 1361.247 10 4.4 21.2
0 1361.351 10 4.4 21.2
0 1361.45 10 4.4 21.2
0 1361.547 10 4.4 21.2
0 1361.767 5 4.4 21.2
0 1361.786 52 4.4 21.2
0 1361.897 9 4.4 21.2
0 1361.999 10 4.4 21.2
0 1362.09 11 4.4 21.2
0 1362.187 10 4.4 21.2
0 1362.349 6 4.4 21.2
0 1362.387 26 4.4 21.2
0 1362.497 9 4.4 21.2
0 1362.593 10 4.4 21.2
0 1362.688 11 4.4 21.2
0 1362.895 5 4.4 21.2
0 1362.976 12 4.4 21.2
0 1363.029 19 4.4 21.2
0 1363.119 11 4.4 21.2
0 1363.215 10 4.4 21.2
0 1363.315 10 4.4 21.2
0 1363.409 11 4.4 21.2
0 1363.602 5 4.4 21.2
0 1363.623 48 4.4 21.2
0 1363.832 5 4.4 21.2
0 1363.945 9 4.4 21.2
0 1363.956 98 4.4 21.2
0 1364.072 9 4.4 21.2
0 1364.179 9 4.4 21.2
0 1364.276 10 4.4 21.2
0 1364.462 5 4.4 21.2
0 1364.472 104 4.4 21.2
0 1364.585 9 4.4 21.2
0 1364.691 9 4.4 21.2
0 1364.781 11 4.4 21.2
0 1364.999 5 4.4 21.2
0 1365.091 11 4.4 21.2
0 1365.119 36 4.4 21.2
0 1365.232 9 4.4 21.2
0 1365.324 11 4.4 21.2
0 1365.428 10 4.4 21.2
0 1365.521 11 4.4 21.2
0 1365.623 10 4.4 21.2
0 1365.724 10 4.4 21.2
0 1365.991 4 4.4 21.2
0 1366.005 73 4.4 21.2
0 1366.116 9 4.4 21.2
0 1366.214 10 4.4 21.2
0 1366.328 9 4.4 21.2
0 1366.481 7 4.4 21.2
0 1366.521 26 4.4 21.2
0 1366.614 11 4.4 21.2
0 1366.716 10 4.4 21.2
0 1366.816 10 4.4 21.2
0 1367.025 5 4.4 21.2
0 1367.154 8 4.4 21.2
0 1367.171 58 4.4 21.2
0 1367.281 9 4.4 21.2
0 1367.379 10 4.4 21.2
0 1367.48 10 4.4 21.2
0 1367.585 9 4.4 21.2
0 1367.682 10 4.4 21.2
0 1367.775 11 4.4 21.2
0 1368.054 4 4.4 21.2
0 1368.075 48 4.4 21.2
0 1368.189 9 4.4 21.2
0 1368.28 11 4.4 21.2
0 1368.375 10 4.4 21.2
0 1368.627 4 4.4 21.2
0 1368.636 104 4.4 21.2
0 1368.76 8 4.4 21.2
0 1368.85 11 4.4 21.2
0 1369.062 5 4.4 21.2
0 1369.196 7 4.4 21.2
0 1369.222 38 4.4 21.2
0 1369.326 10 4.4 21.2
0 1369.415 11 4.4 21.2
0 1369.525 9 4.4 21.2
0 1369.628 10 4.4 21.2
0 1369.723 10 4.4 21.2
0 1369.82 10 4.4 21.2
0 1370.107 3 4.4 21.2
0 1370.129 45 4.4 21.2
0 1370.236 9 4.4 21.2
0 1370.33 11 4.4 21.2
0 1370.427 10 4.4 21.2
0 1370.648 5 4.4 21.2
0 1370.768 8 4.4 21.2
0 1370.782 69 4.4 21.2
0 1370.898 9 4.4 21.2
0 1371.105 5 4.4 21.2
0 1371.243 7 4.4 21.2
0 1371.264 49 4.4 21.2
0 1371.372 9 4.4 21.2
0 1371.467 11 4.4 21.2
0 1371.57 10 4.4 21.2
0 1371.667 10 4.4 21.2
0 1371.776 9 4.4 21.2
0 1371.867 11 4.4 21.2
0 1372.144 4 4.4 21.2
0 1372.163 55 4.4 21.2
0 1372.268 10 4.4 21.2
0 1372.374 9 4.4 21.2
0 1372.471 10 4.4 21.2
0 1372.797 3 4.6 21.2
0 1372.886 11 4.6 21.2
0 1372.92 29 4.6 21.2
0 1373.021 10 4.6 21.2
0 1373.121 10 4.6 21.2
0 1373.331 5 4.6 21.2
0 1373.351 51 4.6 21.2
0 1373.463 9 4.6 21.2
0 1373.553 11 4.6 21.2
0 1373.697 7 4.6 21.2
0 1373.756 17 4.6 21.2
0 1373.852 10 4.6 21.2
0 1373.972 8 4.6 21.2
0 1374.231 4 4.6 21.2
0 1374.25 52 4.6 21.2
0 1374.355 9 4.6 21.2
0 1374.455 10 4.6 21.2
0 1374.565 9 4.6 21.2
0 1374.764 5 4.6 21.2
0 1374.783 54 4.6 21.2
0 1374.957 6 4.6 21.2
0 1374.987 34 4.6 21.2
0 1375.105 8 4.6 21.2
0 1375.192 11 4.6 21.2
0 1375.394 5 4.6 21.2
0 1375.414 50 4.6 21.2
0 1375.522 9 4.6 21.2
0 1375.625 10 4.6 21.2
0 1375.72 11 4.6 21.2
0 1375.827 9 4.6 21.2
0 1375.919 11 4.6 21.2
0 1376.024 10 4.6 21.2
0 1376.301 4 4.6 21.2
0 1376.322 47 4.6 21.2
0 1376.423 10 4.6 21.2
0 1376.531 9 4.6 21.2
0 1376.627 10 4.6 21.2
0 1376.838 5 4.6 21.2
0 1376.855 58 4.6 21.2
0 1377.02 6 4.6 21.2
0 1377.061 25 4.6 21.2
0 1377.163 10 4.6 21.2
0 1377.263 10 4.6 21.2
0 1377.466 5 4.6 21.2
0 1377.484 58 4.6 21.2
0 1377.587 10 4.6 21.2
0 1377.694 9 4.6 21.2
0 1377.793 10 4.6 21.2
0 1377.888 11 4.6 21.2
0 1378.0 9 4.6 21.2
0 1378.093 11 4.6 21.2
0 1378.364 4 4.6 21.2
0 1378.385 47 4.6 21.2
0 1378.491 9 4.6 21.2
0 1378.628 7 4.6 21.2
0 1378.725 10 4.6 21.2
0 1378.894 6 4.6 21.2
0 1378.918 43 4.6 21.2
0 1379.077 6 4.6 21.2
0 1379.122 22 4.6 21.2
0 1379.229 9 4.6 21.2
0 1379.316 11 4.6 21.2
0 1379.536 5 4.6 21.2
0 1379.557 49 4.6 21.2
0 1379.7 7 4.6 21.2
0 1379.767 15 4.6 21.2
0 1379.864 10 4.6 21.2
0 1379.972 9 4.6 21.2
0 1380.062 11 4.6 21.2
0 1380.161 10 4.6 21.2
0 1380.491 3 4.6 21.2
0 1380.515 43 4.6 21.2
0 1380.616 10 4.6 21.2
0 1380.716 10 4.6 21.2
0 1380.935 5 4.6 21.2
0 1380.96 40 4.6 21.2
0 1381.123 6 4.6 21.2
0 1381.153 34 4.6 21.2
0 1381.268 9 4.6 21.2
0 1381.352 12 4.6 21.2
0 1381.572 5 4.6 21.2
0 1381.59 56 4.6 21.2
0 1381.702 9 4.6 21.2
0 1381.794 11 4.6 21.2
0 1381.894 10 4.6 21.2
0 1381.993 10 4.6 21.2
0 1382.094 10 4.6 21.2
0 1382.195 10 4.6 21.2
0 1382.534 3 4.6 21.2
0 1382.553 54 4.6 21.2
0 1382.661 9 4.6 21.2
0 1382.757 10 4.6 21.2
0 1382.972 5 4.1 21.2
0 1382.989 58 4.1 21.2
0 1383.155 6 4.1 21.2
0 1383.201 22 4.1 21.2
0 1383.292 11 4.1 21.2
0 1383.398 9 4.1 21.2
0 1383.494 10 4.1 21.2
0 1383.591 10 4.1 21.2
0 1383.702 9 4.1 21.2
0 1383.797 11 4.1 21.2
0 1383.972 6 4.1 21.2
0 1383.988 63 4.1 21.2
0 1384.099 9 4.1 21.2
0 1384.208 9 4.1 21.2
0 1384.355 7 4.1 21.2
0 1384.613 4 4.1 21.2
0 1384.639 39 4.1 21.2
0 1384.749 9 4.1 21.2
0 1384.869 8 4.1 21.2
0 1384.969 10 4.1 21.2
0 1385.077 9 4.1 21.2
0 1385.227 7 4.1 21.2
0 1385.265 26 4.1 21.2
0 1385.384 8 4.1 21.2
0 1385.482 10 4.1 21.2
0 1385.584 10 4.1 21.2
0 1385.689 10 4.1 21.2
0 1385.795 9 4.1 21.2
0 1385.877 12 4.1 21.2
0 1385.98 10 4.1 21.2
0 1386.145 6 4.1 21.2
0 1386.176 32 4.1 21.2
0 1386.307 8 4.1 21.2
0 1386.897 2 4.1 21.2
0 1386.954 18 4.1 21.2
0 1387.063 9 4.1 21.2
0 1387.15 11 4.1 21.2
0 1387.312 6 4.1 21.2
0 1387.34 36 4.1 21.2
0 1387.474 8 4.1 21.2
0 1387.563 11 4.1 21.2
0 1387.67 9 4.1 21.2
0 1387.768 10 4.1 21.2
0 1387.862 11 4.1 21.2
0 1387.969 9 4.1 21.2
0 1388.068 10 4.1 21.2
0 1388.222 6 4.1 21.2
0 1388.256 30 4.1 21.2
0 1388.378 8 4.1 21.2
0 1388.592 5 4.1 21.2
0 1388.628 27 4.1 21.2
0 1389.058 2 4.1 21.2
0 1389.097 25 4.1 21.2
0 1389.208 9 4.1 21.2
0 1389.361 7 4.1 21.2
0 1389.391 33 4.1 21.2
0 1389.512 8 4.1 21.2
0 1389.623 9 4.1 21.2
0 1389.712 11 4.1 21.2
0 1389.817 9 4.1 21.2
0 1389.916 10 4.1 21.2
0 1390.015 10 4.1 21.2
0 1390.2 5 4.1 21.2
0 1390.323 8 4.1 21.2
0 1390.354 32 4.1 21.2
0 1390.485 8 4.1 21.2
0 1390.681 5 4.1 21.2
0 1390.716 29 4.1 21.2
0 1391.056 3 4.1 21.2
0 1391.113 17 4.1 21.2
0 1391.22 9 4.1 21.2
0 1391.309 11 4.1 21.2
0 1391.469 6 4.1 21.2
0 1391.502 30 4.1 21.2
0 1391.624 8 4.1 21.2
0 1391.733 9 4.1 21.2
0 1391.823 11 4.1 21.2
0 1391.93 9 4.1 21.2
0 1392.031 10 4.1 21.2
0 1392.127 10 4.1 21.2
0 1392.29 6 4.1 21.2
0 1392.412 8 4.1 21.2
0 1392.442 33 4.1 21.2
0 1392.563 8 4.1 21.2
0 1392.768 5 4.1 21.2
0 1392.802 30 4.1 21.2
0 1393.134 3 5.0 21.2
0 1393.183 21 5.0 21.2
0 1393.29 9 5.0 21.2
0 1393.393 10 5.0 21.2
0 1393.548 6 5.0 21.2
0 1393.585 28 5.0 21.2
0 1393.709 8 5.0 21.2
0 1393.801 11 5.0 21.2
0 1393.907 9 5.0 21.2
0 1394.035 8 5.0 21.2
0 1394.096 16 5.0 21.2
0 1394.208 9 5.0 21.2
0 1394.358 7 5.0 21.2
0 1394.528 6 5.0 21.2
0 1394.559 33 5.0 21.2
0 1394.792 4 5.0 21.2
0 1394.85 17 5.0 21.2
0 1395.061 5 5.0 21.2
0 1395.11 21 5.0 21.2
0 1395.224 9 5.0 21.2
0 1395.314 11 5.0 21.2
0 1395.424 9 5.0 21.2
0 1395.63 5 5.0 21.2
0 1395.674 23 5.0 21.2
0 1395.783 9 5.0 21.2
0 1395.885 10 5.0 21.2
0 1395.981 10 5.0 21.2
0 1396.09 9 5.0 21.2
0 1396.186 10 5.0 21.2
0 1396.287 10 5.0 21.2
0 1396.441 6 5.0 21.2
0 1396.56 8 5.0 21.2
0 1396.6 25 5.0 21.2
0 1396.825 4 5.0 21.2
0 1396.838 76 5.0 21.2
0 1396.953 9 5.0 21.2
0 1397.064 9 5.0 21.2
0 1397.148 12 5.0 21.2
0 1397.248 10 5.0 21.2
0 1397.351 10 5.0 21.2
0 1397.448 10 5.0 21.2
0 1397.649 5 5.0 21.2
0 1397.663 72 5.0 21.2
0 1397.774 9 5.0 21.2
0 1397.878 10 5.0 21.2
0 1397.967 11 5.0 21.2
0 1398.134 6 5.0 21.2
0 1398.162 36 5.0 21.2
0 1398.269 9 5.0 21.2
0 1398.379 9 5.0 21.2
0 1398.587 5 5.0 21.2
0 1398.6 78 5.0 21.2
0 1398.82 5 5.0 21.2
0 1398.831 85 5.0 21.2
0 1398.951 8 5.0 21.2
0 1399.105 6 5.0 21.2
0 1399.132 38 5.0 21.2
0 1399.24 9 5.0 21.2
0 1399.341 10 5.0 21.2
0 1399.434 11 5.0 21.2
0 1399.549 9 5.0 21.2
0 1399.742 5 5.0 21.2
0 1399.756 69 5.0 21.2
0 1399.901 7 5.0 21.2
0 1399.96 17 5.0 21.2
0 1400.064 10 5.0 21.2
0 1400.158 11 5.0 21.2
0 1400.26 10 5.0 21.2
0 1400.357 10 5.0 21.2
0 1400.461 10 5.0 21.2
0 1400.681 5 5.0 21.2
0 1400.695 69 5.0 21.2
0 1400.8 10 5.0 21.2
0 1400.9 10 5.0 21.2
0 1401.0 10 5.0 21.2
0 1401.099 10 5.0 21.2
0 1401.211 9 5.0 21.2
0 1401.385 6 5.0 21.2
