ID TIME pos
3 1.206 [0, 0] [-0.3781447599733927, 0.43012187328727475] [[0, 0], [0, 0], [0, 0], [0, 0], [0, 0], [0, 0], [0, 0], [0, 0], [0, 0], [0, 0], [0, 0], [0, 0], [0, 0], [0, 0], [0, 0]]
3 6.213 [0, 0] [-0.3781447599733927, 0.43012187328727475] [[0, 0], [0, 0], [0, 0], [0, 0], [0, 0], [0, 0], [0, 0], [0, 0], [0, 0], [0, 0], [0, 0], [0, 0], [0, 0], [0, 0], [-0.4270799999999999, -0.30762]]
3 11.221 [0, 0] [-0.3781447599733927, 0.43012187328727475] [[0, 0], [0, 0], [0, 0], [0, 0], [0, 0], [0, 0], [0, 0], [0, 0], [0, 0], [0, 0], [0, 0], [0, 0], [0, 0], [0, 0], [-0.4270799999999999, -0.30762]]
3 16.229 [0, 0] [-0.3781447599733927, 0.43012187328727475] [[0, 0], [0, 0], [0, 0], [0, 0], [0, 0], [0, 0], [0, 0], [0, 0], [0, 0], [0, 0], [0, 0], [0, 0], [0, 0], [0, 0], [-0.4270799999999999, -0.30762]]
3 21.236 [0, 0] [-0.3781447599733927, 0.43012187328727475] [[0, 0], [0, 0], [0, 0], [0, 0], [0, 0], [0, 0], [0, 0], [0, 0], [0, 0], [0, 0], [0, 0], [0, 0], [0, 0], [0, 0], [-0.4270799999999999, -0.30762]]
3 26.243 [0, 0] [-0.3781447599733927, 0.43012187328727475] [[0, 0], [0, 0], [0, 0], [0, 0], [0, 0], [0, 0], [0, 0], [0, 0], [0, 0], [0, 0], [0, 0], [0, 0], [0, 0], [0, 0], [-0.4270799999999999, -0.30762]]
3 31.25 [0, 0] [-0.3781447599733927, 0.43012187328727475] [[0, 0], [0, 0], [0, 0], [0, 0], [0, 0], [0, 0], [0, 0], [0, 0], [0, 0], [0, 0], [0, 0], [0, 0], [0, 0], [0, 0], [-0.4270799999999999, -0.30762]]
3 36.257 [0, 0] [-0.3781447599733927, 0.43012187328727475] [[0, 0], [0, 0], [0, 0], [0, 0], [0, 0], [0, 0], [0, 0], [0, 0], [0, 0], [0, 0], [0, 0], [0, 0], [0, 0], [0, 0], [-0.4270799999999999, -0.30762]]
3 41.264 [0, 0] [-0.3781447599733927, 0.43012187328727475] [[0, 0], [0, 0], [0, 0], [0, 0], [0, 0], [0, 0], [0, 0], [0, 0], [0, 0], [0, 0], [0, 0], [0, 0], [0, 0], [0, 0], [-0.4270799999999999, -0.30762]]
3 46.271 [0, 0] [-0.3781447599733927, 0.43012187328727475] [[0, 0], [0, 0], [0, 0], [0, 0], [0, 0], [0, 0], [0, 0], [0, 0], [0, 0], [0, 0], [0, 0], [0, 0], [0, 0], [0, 0], [-0.4270799999999999, -0.30762]]
3 51.278 [0, 0] [-0.3781447599733927, 0.43012187328727475] [[0, 0], [0, 0], [0, 0], [0, 0], [0, 0], [0, 0], [0, 0], [0, 0], [0, 0], [0, 0], [0, 0], [0, 0], [0, 0], [0, 0], [-0.4270799999999999, -0.30762]]
3 56.285 [0, 0] [-0.3781447599733927, 0.43012187328727475] [[0, 0], [0, 0], [0, 0], [0, 0], [0, 0], [0, 0], [0, 0], [0, 0], [0, 0], [0, 0], [0, 0], [0, 0], [0, 0], [0, 0], [-0.4270799999999999, -0.30762]]
3 61.293 [0, 0] [-0.3781447599733927, 0.43012187328727475] [[0, 0], [0, 0], [0, 0], [0, 0], [0, 0], [0, 0], [0, 0], [0, 0], [0, 0], [0, 0], [0, 0], [0, 0], [0, 0], [0, 0], [-0.4270799999999999, -0.30762]]
3 66.3 [0, 0] [-0.3781447599733927, 0.43012187328727475] [[0, 0], [0, 0], [0, 0], [0, 0], [0, 0], [0, 0], [0, 0], [0, 0], [0, 0], [0, 0], [0, 0], [0, 0], [0, 0], [0, 0], [-0.4270799999999999, -0.30762]]
3 71.308 [0, 0] [-0.3781447599733927, 0.43012187328727475] [[0, 0], [0, 0], [0, 0], [0, 0], [0, 0], [0, 0], [0, 0], [0, 0], [0, 0], [0, 0], [-0.2228699999999999, 0.5240100000000001], [0, 0], [0, 0], [0, 0], [-0.4270799999999999, -0.30762]]
3 76.315 [0, 0] [-0.3781447599733927, 0.43012187328727475] [[0, 0], [0, 0], [0, 0], [0, 0], [0, 0], [0, 0], [0, 0], [0, 0], [0, 0], [0, 0], [-0.2228699999999999, 0.5240100000000001], [0, 0], [0, 0], [0, 0], [-0.4270799999999999, -0.30762]]
3 81.323 [0, 0] [-0.3781447599733927, 0.43012187328727475] [[0, 0], [0, 0], [0, 0], [0, 0], [0, 0], [0, 0], [0, 0], [0, 0], [0, 0], [0, 0], [-0.2228699999999999, 0.5240100000000001], [0, 0], [0, 0], [0, 0], [-0.4270799999999999, -0.30762]]
3 86.33 [0, 0] [-0.3781447599733927, 0.43012187328727475] [[0, 0], [0, 0], [0, 0], [0, 0], [0, 0], [0, 0], [0, 0], [0, 0], [0, 0], [0, 0], [-0.2228699999999999, 0.5240100000000001], [0, 0], [0, 0], [-0.52067, 0.052669999999999995], [-0.4270799999999999, -0.30762]]
3 91.339 [0, 0] [-0.3781447599733927, 0.43012187328727475] [[0, 0], [0, 0], [0, 0], [0, 0], [0, 0], [0, 0], [0, 0], [0, 0], [0, 0], [0, 0], [-0.2228699999999999, 0.5240100000000001], [0, 0], [0, 0], [-0.52067, 0.052669999999999995], [-0.4270799999999999, -0.30762]]
3 96.346 [0, 0] [-0.3781447599733927, 0.43012187328727475] [[0, 0], [0, 0], [0, 0], [0, 0], [0, 0], [0, 0], [0, 0], [0, 0], [0, 0], [0, 0], [-0.2228699999999999, 0.5240100000000001], [0, 0], [0, 0], [-0.52067, 0.052669999999999995], [-0.4270799999999999, -0.30762]]
3 101.353 [0, 0] [-0.3781447599733927, 0.43012187328727475] [[0, 0], [0, 0], [0, 0], [0, 0], [0, 0], [0, 0], [0, 0], [0, 0], [0, 0], [0, 0], [-0.2228699999999999, 0.5240100000000001], [0, 0], [0, 0], [-0.52067, 0.052669999999999995], [-0.4270799999999999, -0.30762]]
3 106.361 [0, 0] [-0.3781447599733927, 0.43012187328727475] [[0, 0], [0, 0], [0, 0], [0, 0], [0, 0], [0, 0], [0, 0], [0, 0], [0, 0], [0, 0], [-0.2228699999999999, 0.5240100000000001], [0, 0], [0, 0], [-0.52067, 0.052669999999999995], [-0.4270799999999999, -0.30762]]
3 111.369 [0, 0] [-0.3781447599733927, 0.43012187328727475] [[0, 0], [0, 0], [0, 0], [0, 0], [0, 0], [0, 0], [0, 0], [0, 0], [0, 0], [0, 0], [-0.2228699999999999, 0.5240100000000001], [0, 0], [0, 0], [-0.52067, 0.052669999999999995], [-0.4270799999999999, -0.30762]]
3 116.376 [0, 0] [-0.3781447599733927, 0.43012187328727475] [[0, 0], [0, 0], [0, 0], [0, 0], [0, 0], [0, 0], [0, 0], [0, 0], [0, 0], [0, 0], [-0.2228699999999999, 0.5240100000000001], [0, 0], [0, 0], [-0.52067, 0.052669999999999995], [-0.4270799999999999, -0.30762]]
3 121.384 [0, 0] [-0.3781447599733927, 0.43012187328727475] [[0, 0], [0, 0], [0, 0], [0, 0], [0, 0], [0, 0], [0, 0], [0, 0], [0, 0], [0, 0], [-0.2228699999999999, 0.5240100000000001], [0, 0], [0, 0], [-0.52067, 0.052669999999999995], [-0.4270799999999999, -0.30762]]
3 126.491 [0, 0] [-0.3781447599733927, 0.43012187328727475] [[0, 0], [0, 0], [0, 0], [0, 0], [0, 0], [0, 0], [0, 0], [0, 0], [0, 0], [0, 0], [-0.2228699999999999, 0.5240100000000001], [0, 0], [0, 0], [-0.52067, 0.052669999999999995], [-0.4270799999999999, -0.30762]]
3 131.499 [0, 0] [-0.3781447599733927, 0.43012187328727475] [[0, 0], [0, 0], [0, 0], [0, 0], [0, 0], [0, 0], [0, 0], [0, 0], [0, 0], [0, 0], [-0.2228699999999999, 0.5240100000000001], [0, 0], [0, 0], [-0.52067, 0.052669999999999995], [-0.4270799999999999, -0.30762]]
3 136.606 [0, 0] [-0.3781447599733927, 0.43012187328727475] [[0, 0], [0, 0], [0, 0], [0, 0], [0, 0], [0, 0], [0, 0], [0, 0], [0, 0], [0, 0], [-0.2228699999999999, 0.5240100000000001], [0, 0], [0, 0], [-0.52067, 0.052669999999999995], [-0.4270799999999999, -0.30762]]
3 141.613 [0, 0] [-0.3781447599733927, 0.43012187328727475] [[0, 0], [0, 0], [0, 0], [0, 0], [0, 0], [0, 0], [0, 0], [0, 0], [0, 0], [0, 0], [-0.2228699999999999, 0.5240100000000001], [0, 0], [0, 0], [-0.52067, 0.052669999999999995], [-0.4270799999999999, -0.30762]]
3 146.622 [0, 0] [-0.3781447599733927, 0.43012187328727475] [[0, 0], [0, 0], [0, 0], [0, 0], [0, 0], [0, 0], [0, 0], [0, 0], [0, 0], [0, 0], [-0.2228699999999999, 0.5240100000000001], [0, 0], [0, 0], [-0.52067, 0.052669999999999995], [-0.4270799999999999, -0.30762]]
3 151.629 [0, 0] [-0.3781447599733927, 0.43012187328727475] [[0, 0], [-0.4654400000000001, 0.15695000000000014], [0, 0], [0, 0], [0, 0], [0, 0], [0, 0], [0, 0], [0, 0], [0, 0], [-0.2228699999999999, 0.5240100000000001], [0, 0], [0, 0], [-0.52067, 0.052669999999999995], [-0.4270799999999999, -0.30762]]
3 156.636 [0, 0] [-0.3781447599733927, 0.43012187328727475] [[0, 0], [-0.4654400000000001, 0.15695000000000014], [0, 0], [0, 0], [0, 0], [0, 0], [0, 0], [0, 0], [0, 0], [0, 0], [-0.2228699999999999, 0.5240100000000001], [0, 0], [0, 0], [-0.52067, 0.052669999999999995], [-0.4270799999999999, -0.30762]]
3 161.644 [0, 0] [-0.3781447599733927, 0.43012187328727475] [[0, 0], [-0.4654400000000001, 0.15695000000000014], [0, 0], [0, 0], [0, 0], [0, 0], [0, 0], [0, 0], [0, 0], [0, 0], [-0.2228699999999999, 0.5240100000000001], [0, 0], [0, 0], [-0.52067, 0.052669999999999995], [-0.4270799999999999, -0.30762]]
3 166.651 [0, 0] [-0.3781447599733927, 0.43012187328727475] [[0, 0], [-0.4654400000000001, 0.15695000000000014], [0, 0], [0, 0], [0, 0], [0, 0], [0, 0], [0, 0], [0, 0], [0, 0], [-0.2228699999999999, 0.5240100000000001], [0, 0], [0, 0], [-0.52067, 0.052669999999999995], [-0.4270799999999999, -0.30762]]
3 171.659 [0, 0] [-0.3781447599733927, 0.43012187328727475] [[-0.44096, 0.1031200000000001], [-0.4654400000000001, 0.15695000000000014], [0, 0], [0, 0], [0, 0], [0, 0], [0, 0], [0, 0], [0, 0], [0, 0], [-0.2228699999999999, 0.5240100000000001], [0, 0], [0, 0], [-0.52067, 0.052669999999999995], [-0.4270799999999999, -0.30762]]
3 176.667 [0, 0] [-0.3781447599733927, 0.43012187328727475] [[-0.44096, 0.1031200000000001], [-0.4654400000000001, 0.15695000000000014], [0, 0], [0, 0], [0, 0], [0, 0], [0, 0], [0, 0], [0, 0], [0, 0], [-0.2228699999999999, 0.5240100000000001], [0, 0], [0, 0], [-0.40578000000000003, 0.19135999999999997], [-0.4270799999999999, -0.30762]]
3 181.674 [0, 0] [-0.3781447599733927, 0.43012187328727475] [[-0.44096, 0.10313000000000017], [-0.4654400000000001, 0.15695000000000014], [0, 0], [0, 0], [0, 0], [0, 0], [0, 0], [0, 0], [0, 0], [0, 0], [-0.2228699999999999, 0.5240100000000001], [0, 0], [0, 0], [-0.40578000000000003, 0.19135999999999997], [-0.4270799999999999, -0.30762]]
3 186.682 [0, 0] [-0.3781447599733927, 0.43012187328727475] [[-0.44096, 0.10313000000000017], [-0.4654400000000001, 0.15695000000000014], [0, 0], [0, 0], [0, 0], [0, 0], [0, 0], [0, 0], [0, 0], [0, 0], [-0.2228699999999999, 0.5240100000000001], [0, 0], [0, 0], [-0.40578000000000003, 0.19135999999999997], [-0.4270799999999999, -0.30762]]
3 191.689 [0, 0] [-0.3781447599733927, 0.43012187328727475] [[-0.44096, 0.10313000000000017], [-0.4654400000000001, 0.15695000000000014], [0, 0], [0, 0], [0, 0], [0, 0], [0, 0], [0, 0], [0, 0], [0, 0], [-0.2228699999999999, 0.5240100000000001], [0, 0], [0, 0], [-0.40578000000000003, 0.19135999999999997], [-0.4270799999999999, -0.30762]]
3 196.697 [0, 0] [-0.3781447599733927, 0.43012187328727475] [[-0.44096, 0.10313000000000017], [-0.4654400000000001, 0.15695000000000014], [0, 0], [0, 0], [0, 0], [0, 0], [0, 0], [0, 0], [0, 0], [0, 0], [-0.2228699999999999, 0.5240100000000001], [0, 0], [0, 0], [-0.40578000000000003, 0.19135999999999997], [-0.4270799999999999, -0.30762]]
3 201.705 [0, 0] [-0.3781447599733927, 0.43012187328727475] [[-0.44096, 0.10313000000000017], [-0.4654400000000001, 0.15695000000000014], [0, 0], [0, 0], [0, 0], [0, 0], [0, 0], [0, 0], [0, 0], [0, 0], [-0.2228699999999999, 0.5240100000000001], [0, 0], [0, 0], [-0.40578000000000003, 0.19135999999999997], [-0.4270799999999999, -0.30762]]
3 206.713 [0, 0] [-0.3781447599733927, 0.43012187328727475] [[-0.44096, 0.10313000000000017], [-0.4654400000000001, 0.15695000000000014], [0, 0], [0, 0], [0, 0], [0, 0], [0, 0], [0, 0], [0, 0], [0, 0], [-0.2228699999999999, 0.5240100000000001], [0, 0], [0, 0], [-0.40578000000000003, 0.19135999999999997], [-0.4270799999999999, -0.30762]]
3 211.721 [0, 0] [-0.3781447599733927, 0.43012187328727475] [[-0.44096, 0.10313000000000017], [-0.4654400000000001, 0.15695000000000014], [0, 0], [0, 0], [0, 0], [0, 0], [0, 0], [0, 0], [0, 0], [0, 0], [-0.2228699999999999, 0.5240100000000001], [0, 0], [0, 0], [-0.40578000000000003, 0.19135999999999997], [-0.4270799999999999, -0.30762]]
3 216.728 [0, 0] [-0.3781447599733927, 0.43012187328727475] [[-0.44096, 0.10313000000000017], [-0.4654400000000001, 0.15695000000000014], [0, 0], [0, 0], [0, 0], [0, 0], [0, 0], [0, 0], [0, 0], [0, 0], [-0.2228699999999999, 0.5240100000000001], [0, 0], [0, 0], [-0.40578000000000003, 0.19135999999999997], [-0.4270799999999999, -0.30762]]
3 221.736 [0, 0] [-0.3781447599733927, 0.43012187328727475] [[-0.44096, 0.10313000000000017], [-0.4654400000000001, 0.15695000000000014], [0, 0], [0, 0], [0, 0], [0, 0], [-0.14344, 0.35790999999999995], [0, 0], [0, 0], [0, 0], [-0.44641, 0.07425000000000015], [0, 0], [0, 0], [-0.40578000000000003, 0.19135999999999997], [-0.4270799999999999, -0.30762]]
3 226.744 [0, 0] [-0.3781447599733927, 0.43012187328727475] [[-0.44096, 0.10313000000000017], [-0.4654400000000001, 0.15695000000000014], [0, 0], [0, 0], [0, 0], [0, 0], [-0.14344, 0.35790999999999995], [0, 0], [0, 0], [0, 0], [-0.44641, 0.07425000000000015], [0, 0], [0, 0], [-0.40578000000000003, 0.19135999999999997], [-0.4270799999999999, -0.30762]]
3 231.751 [0, 0] [-0.3781447599733927, 0.43012187328727475] [[-0.44096, 0.10313000000000017], [-0.4654400000000001, 0.15695000000000014], [0, 0], [0, 0], [0, 0], [0, 0], [-0.14344, 0.35790999999999995], [0, 0], [0, 0], [0, 0], [-0.44641, 0.07425000000000015], [0, 0], [-0.44808000000000003, 0.004049999999999887], [-0.40578000000000003, 0.19135999999999997], [-0.4270799999999999, -0.30762]]
3 236.759 [0, 0] [-0.3781447599733927, 0.43012187328727475] [[-0.44096, 0.10313000000000017], [-0.4654400000000001, 0.15695000000000014], [0, 0], [0, 0], [0, 0], [0, 0], [-0.14344, 0.35790999999999995], [0, 0], [0, 0], [0, 0], [-0.44641, 0.07425000000000015], [0, 0], [-0.44808000000000003, 0.004049999999999887], [-0.40578000000000003, 0.19135999999999997], [-0.4270799999999999, -0.30762]]
3 241.766 [0, 0] [-0.3781447599733927, 0.43012187328727475] [[-0.44096, 0.10313000000000017], [-0.4654400000000001, 0.15695000000000014], [0, 0], [0, 0], [0, 0], [0, 0], [-0.14344, 0.35790999999999995], [0, 0], [0, 0], [0, 0], [-0.44641, 0.07425000000000015], [0, 0], [-0.44808000000000003, 0.004049999999999887], [-0.40578000000000003, 0.19135999999999997], [-0.4270799999999999, -0.30762]]
3 246.774 [0, 0] [-0.3781447599733927, 0.43012187328727475] [[-0.44096, 0.10313000000000017], [-0.4654400000000001, 0.15695000000000014], [0, 0], [0, 0], [0, 0], [0, 0], [-0.14344, 0.35790999999999995], [0, 0], [0, 0], [0, 0], [-0.44641, 0.07425000000000015], [0, 0], [-0.44808000000000003, 0.004049999999999887], [-0.40578000000000003, 0.19135999999999997], [-0.4270799999999999, -0.30762]]
3 251.781 [-0.3088280844803822, 0.3327517774903163] [-0.3781447599733927, 0.43012187328727475] [[-0.44096, 0.10313000000000017], [-0.4654400000000001, 0.15695000000000014], [0, 0], [0, 0], [0, 0], [0, 0], [-0.14344, 0.35790999999999995], [0, 0], [0, 0], [0, 0], [-0.44641, 0.07425000000000015], [0, 0], [-0.44808000000000003, 0.004049999999999887], [-0.40578000000000003, 0.19135999999999997], [-0.4270799999999999, -0.30762]]
3 256.788 [-0.4206505352387504, 0.20448324392333048] [-0.3781447599733927, 0.43012187328727475] [[-0.44096, 0.10313000000000017], [-0.4472400000000001, 0.04789000000000021], [0, 0], [0, 0], [0, 0], [0, 0], [-0.42002000000000006, 0.3140200000000002], [0, 0], [0, 0], [-0.4482600000000001, 0.05921000000000021], [-0.44641, 0.07425000000000015], [0, 0], [-0.44808000000000003, 0.004049999999999887], [-0.40578000000000003, 0.19135999999999997], [-0.4270799999999999, -0.30762]]
3 261.795 [-0.4243896782570691, 0.200647083246019] [-0.3781447599733927, 0.43012187328727475] [[-0.44096, 0.10313000000000017], [-0.44730000000000003, 0.048109999999999875], [0, 0], [0, 0], [0, 0], [0, 0], [-0.42643999999999993, 0.30744000000000016], [0, 0], [0, 0], [-0.44826999999999995, 0.05921999999999983], [-0.44641, 0.07425000000000015], [0, 0], [-0.44808000000000003, 0.004049999999999887], [-0.40578000000000003, 0.19135999999999997], [-0.4270799999999999, -0.30762]]
3 266.803 [-0.4243933297639229, 0.20064333699535752] [-0.3781447599733927, 0.43012187328727475] [[-0.44096, 0.10313000000000017], [-0.44730000000000003, 0.048109999999999875], [0, 0], [0, 0], [0, 0], [0, 0], [-0.42643999999999993, 0.30744000000000016], [0, 0], [0, 0], [-0.44826999999999995, 0.05921999999999983], [-0.44641, 0.07425000000000015], [0, 0], [-0.44808000000000003, 0.004049999999999887], [-0.40578000000000003, 0.19135999999999997], [-0.4270799999999999, -0.30762]]
3 271.811 [-0.4243933333298476, 0.20064333333690965] [-0.3781447599733927, 0.43012187328727475] [[-0.44096, 0.10313000000000017], [-0.44730000000000003, 0.048109999999999875], [0, 0], [0, 0], [0, 0], [0, 0], [-0.42643999999999993, 0.30744000000000016], [0, 0], [0, 0], [-0.44826999999999995, 0.05921999999999983], [-0.44641, 0.07425000000000015], [0, 0], [-0.44808000000000003, 0.004049999999999887], [-0.40578000000000003, 0.19135999999999997], [-0.4270799999999999, -0.30762]]
3 276.818 [-0.42439333333332996, 0.20064333333333692] [-0.3781447599733927, 0.43012187328727475] [[-0.44096, 0.10313000000000017], [-0.44730000000000003, 0.048109999999999875], [0, 0], [0, 0], [0, 0], [0, 0], [-0.42643999999999993, 0.30744000000000016], [0, 0], [0, 0], [-0.44826999999999995, 0.05921999999999983], [-0.44641, 0.07425000000000015], [0, 0], [-0.44808000000000003, 0.004049999999999887], [-0.40578000000000003, 0.19135999999999997], [-0.4270799999999999, -0.30762]]
3 281.826 [-0.4243933333333333, 0.20064333333333345] [-0.3781447599733927, 0.43012187328727475] [[-0.44096, 0.10313000000000017], [-0.44730000000000003, 0.048109999999999875], [0, 0], [0, 0], [0, 0], [0, 0], [-0.42643999999999993, 0.30744000000000016], [0, 0], [0, 0], [-0.44826999999999995, 0.05921999999999983], [-0.44641, 0.07425000000000015], [0, 0], [-0.44808000000000003, 0.004049999999999887], [-0.40578000000000003, 0.19135999999999997], [-0.4270799999999999, -0.30762]]
3 286.833 [-0.4243933333333333, 0.20064333333333345] [-0.3781447599733927, 0.43012187328727475] [[-0.44096, 0.10313000000000017], [-0.44730000000000003, 0.048109999999999875], [0, 0], [0, 0], [0, 0], [0, 0], [-0.42643999999999993, 0.30744000000000016], [0, 0], [0, 0], [-0.44826999999999995, 0.05921999999999983], [-0.44641, 0.07425000000000015], [0, 0], [-0.44808000000000003, 0.004049999999999887], [-0.40578000000000003, 0.19135999999999997], [-0.4270799999999999, -0.30762]]
3 291.84 [-0.4243933333333333, 0.20064333333333345] [-0.3781447599733927, 0.43012187328727475] [[-0.44096, 0.10313000000000017], [-0.44730000000000003, 0.048109999999999875], [0, 0], [0, 0], [0, 0], [0, 0], [-0.42643999999999993, 0.30744000000000016], [0, 0], [0, 0], [-0.44826999999999995, 0.05921999999999983], [-0.44641, 0.07425000000000015], [0, 0], [-0.44808000000000003, 0.004049999999999887], [-0.40578000000000003, 0.19135999999999997], [-0.4270799999999999, -0.30762]]
3 296.848 [-0.42879666666666666, 0.17536466666666678] [-0.3781447599733927, 0.43012187328727475] [[-0.44096, 0.10313000000000017], [-0.44730000000000003, 0.048109999999999875], [0, 0], [-0.47609999999999997, 0.43164999999999987], [0, 0], [0, 0], [-0.42643999999999993, 0.30744000000000016], [0, 0], [0, 0], [-0.44826999999999995, 0.05921999999999983], [-0.44641, 0.07425000000000015], [0, 0], [-0.44808000000000003, 0.004049999999999887], [-0.40578000000000003, 0.19135999999999997], [-0.4270799999999999, -0.30762]]
3 301.855 [-0.44571629333333335, 0.07125667989333334] [-0.3781447599733927, 0.43012187328727475] [[-0.44096, 0.10313000000000017], [-0.44730000000000003, 0.048109999999999875], [0, 0], [-0.47609999999999997, 0.43164999999999987], [0, 0], [0, 0], [-0.42643999999999993, 0.30744000000000016], [0, 0], [0, 0], [-0.44826999999999995, 0.05921999999999983], [-0.44641, 0.07425000000000015], [0, 0], [-0.44808000000000003, 0.004049999999999887], [-0.40578000000000003, 0.19135999999999997], [-0.4270799999999999, -0.30762]]
3 306.862 [-0.4457349940138666, 0.07117752533756587] [-0.3781447599733927, 0.43012187328727475] [[-0.44096, 0.10313000000000017], [-0.44730000000000003, 0.048109999999999875], [0, 0], [-0.47609999999999997, 0.43164999999999987], [0, 0], [0, 0], [-0.42643999999999993, 0.30744000000000016], [0, 0], [0, 0], [-0.44826999999999995, 0.05921999999999983], [-0.44641, 0.07425000000000015], [0, 0], [-0.44808000000000003, 0.004049999999999887], [-0.40578000000000003, 0.19135999999999997], [-0.4270799999999999, -0.30762]]
3 311.87 [-0.44573499999808447, 0.07117750000810803] [-0.3781447599733927, 0.43012187328727475] [[-0.44096, 0.10313000000000017], [-0.44730000000000003, 0.048109999999999875], [0, 0], [-0.47609999999999997, 0.43164999999999987], [0, 0], [0, 0], [-0.42643999999999993, 0.30744000000000016], [0, 0], [0, 0], [-0.44826999999999995, 0.05921999999999983], [-0.44641, 0.07425000000000015], [0, 0], [-0.44808000000000003, 0.004049999999999887], [-0.40578000000000003, 0.19135999999999997], [-0.4270799999999999, -0.30762]]
3 316.877 [-0.44579374999999954, 0.07028604166666849] [-0.3781447599733927, 0.43012187328727475] [[-0.44096, 0.10313000000000017], [-0.44730000000000003, 0.048109999999999875], [0, 0], [-0.47609999999999997, 0.43164999999999987], [0, 0], [0, 0], [-0.42643999999999993, 0.30744000000000016], [0, 0], [0, 0], [-0.44826999999999995, 0.05921999999999983], [-0.44641, 0.07425000000000015], [-0.44605000000000006, 0.0666500000000001], [-0.44808000000000003, 0.004049999999999887], [-0.40578000000000003, 0.19135999999999997], [-0.4270799999999999, -0.30762]]
3 321.884 [-0.44536449893904323, 0.06953093441893866] [-0.3781447599733927, 0.43012187328727475] [[-0.44096, 0.10313000000000017], [-0.44730000000000003, 0.048109999999999875], [0, 0], [-0.47609999999999997, 0.43164999999999987], [0, 0], [0, 0], [-0.42643999999999993, 0.30744000000000016], [0, 0], [0, 0], [-0.4461599999999999, 0.05550999999999995], [-0.44641, 0.07425000000000015], [-0.4459900000000001, 0.0666500000000001], [-0.44808000000000003, 0.004049999999999887], [-0.40578000000000003, 0.19135999999999997], [-0.4270799999999999, -0.30762]]
3 326.892 [-0.44536400006416393, 0.0695300001201671] [-0.3781447599733927, 0.43012187328727475] [[-0.44096, 0.10313000000000017], [-0.44730000000000003, 0.048109999999999875], [0, 0], [-0.47609999999999997, 0.43164999999999987], [0, 0], [0, 0], [-0.42643999999999993, 0.30744000000000016], [0, 0], [0, 0], [-0.4461599999999999, 0.05550999999999995], [-0.44641, 0.07425000000000015], [-0.4459900000000001, 0.0666500000000001], [-0.44808000000000003, 0.004049999999999887], [-0.40578000000000003, 0.19135999999999997], [-0.4270799999999999, -0.30762]]
3 331.9 [-0.44536400000000825, 0.06953000000001551] [-0.3781447599733927, 0.43012187328727475] [[-0.44096, 0.10313000000000017], [-0.44730000000000003, 0.048109999999999875], [0, 0], [-0.47609999999999997, 0.43164999999999987], [0, 0], [0, 0], [-0.42643999999999993, 0.30744000000000016], [0, 0], [0, 0], [-0.4461599999999999, 0.05550999999999995], [-0.44641, 0.07425000000000015], [-0.4459900000000001, 0.0666500000000001], [-0.44808000000000003, 0.004049999999999887], [-0.40578000000000003, 0.19135999999999997], [-0.4270799999999999, -0.30762]]
3 336.908 [-0.446370936728395, 0.06133179012345678] [-0.3781447599733927, 0.43012187328727475] [[-0.44096, 0.10313000000000017], [-0.44730000000000003, 0.048109999999999875], [0, 0], [-0.47609999999999997, 0.43164999999999987], [0, 0], [0, 0], [-0.42643999999999993, 0.30744000000000016], [0, 0], [0, 0], [-0.4461599999999999, 0.05550999999999995], [-0.44641, 0.07425000000000015], [-0.4458599999999999, 0.06754000000000016], [-0.44808000000000003, 0.004049999999999887], [-0.44612000000000007, 0.06131999999999982], [-0.4270799999999999, -0.30762]]
3 341.915 [-0.44636822974868223, 0.06107278683107582] [-0.3781447599733927, 0.43012187328727475] [[-0.44096, 0.10313000000000017], [-0.44730000000000003, 0.048109999999999875], [0, 0], [-0.47609999999999997, 0.43164999999999987], [0, 0], [0, 0], [-0.42643999999999993, 0.30744000000000016], [-0.4463299999999999, 0.06083000000000016], [0, 0], [-0.4461599999999999, 0.05550999999999995], [-0.44641, 0.07425000000000015], [-0.4458599999999999, 0.06754000000000016], [-0.44808000000000003, 0.004049999999999887], [-0.44614, 0.0600900000000002], [-0.4270799999999999, -0.30762]]
3 346.923 [-0.4461636953786963, 0.060728540654895614] [-0.3781447599733927, 0.43012187328727475] [[-0.44096, 0.10313000000000017], [-0.4461900000000001, 0.06172000000000022], [0, 0], [-0.47609999999999997, 0.43164999999999987], [0, 0], [0, 0], [-0.4462600000000001, 0.06125999999999987], [-0.44621, 0.06120999999999999], [0, 0], [-0.4461599999999999, 0.05550999999999995], [-0.44641, 0.07425000000000015], [-0.44601, 0.0629599999999999], [-0.44808000000000003, 0.004049999999999887], [-0.4461299999999999, 0.05983999999999989], [-0.4270799999999999, -0.30762]]
3 351.93 [-0.4461847381266959, 0.06038253695130929] [-0.3781447599733927, 0.43012187328727475] [[-0.44096, 0.10313000000000017], [-0.44625000000000004, 0.061510000000000176], [0, 0], [-0.47609999999999997, 0.43164999999999987], [0, 0], [0, 0], [-0.4462600000000001, 0.06125999999999987], [-0.4462600000000001, 0.06137000000000015], [0, 0], [-0.4461599999999999, 0.05550999999999995], [-0.44641, 0.07425000000000015], [-0.44605000000000006, 0.06280000000000019], [-0.44808000000000003, 0.004049999999999887], [-0.4461299999999999, 0.05983999999999989], [-0.4270799999999999, -0.30762]]
3 356.938 [-0.44620494108039077, 0.061310548731894454] [-0.3781447599733927, 0.43012187328727475] [[-0.44096, 0.10313000000000017], [-0.4462900000000001, 0.061469999999999914], [0, 0], [-0.47609999999999997, 0.43164999999999987], [0, 0], [0, 0], [-0.4462600000000001, 0.06125999999999987], [-0.44626999999999994, 0.06145999999999985], [0, 0], [-0.4462299999999999, 0.06111999999999984], [-0.44641, 0.07425000000000015], [-0.44605000000000006, 0.06280000000000019], [-0.44808000000000003, 0.004049999999999887], [-0.4461299999999999, 0.05983999999999989], [-0.4270799999999999, -0.30762]]
3 361.946 [-0.4462049999964943, 0.06135165648531749] [-0.3781447599733927, 0.43012187328727475] [[-0.44096, 0.10313000000000017], [-0.4462900000000001, 0.06159999999999988], [0, 0], [-0.47609999999999997, 0.43164999999999987], [0, 0], [0, 0], [-0.4462600000000001, 0.06125999999999987], [-0.44626999999999994, 0.061469999999999914], [0, 0], [-0.4462299999999999, 0.06113999999999997], [-0.44641, 0.07425000000000015], [-0.44605000000000006, 0.06280000000000019], [-0.44808000000000003, 0.004049999999999887], [-0.4461299999999999, 0.05983999999999989], [-0.4270799999999999, -0.30762]]
3 366.953 [-0.4462049999999998, 0.06135166666606084] [-0.3781447599733927, 0.43012187328727475] [[-0.44096, 0.10313000000000017], [-0.4462900000000001, 0.06159999999999988], [0, 0], [-0.47609999999999997, 0.43164999999999987], [0, 0], [0, 0], [-0.4462600000000001, 0.06125999999999987], [-0.44626999999999994, 0.061469999999999914], [0, 0], [-0.4462299999999999, 0.06113999999999997], [-0.44641, 0.07425000000000015], [-0.44605000000000006, 0.06280000000000019], [-0.44808000000000003, 0.004049999999999887], [-0.4461299999999999, 0.05983999999999989], [-0.4270799999999999, -0.30762]]
3 371.961 [-0.44620499999999996, 0.06135166666666658] [-0.3781447599733927, 0.43012187328727475] [[-0.44096, 0.10313000000000017], [-0.4462900000000001, 0.06159999999999988], [0, 0], [-0.47609999999999997, 0.43164999999999987], [0, 0], [0, 0], [-0.4462600000000001, 0.06125999999999987], [-0.44626999999999994, 0.061469999999999914], [0, 0], [-0.4462299999999999, 0.06113999999999997], [-0.44641, 0.07425000000000015], [-0.44605000000000006, 0.06280000000000019], [-0.44808000000000003, 0.004049999999999887], [-0.4461299999999999, 0.05983999999999989], [-0.4270799999999999, -0.30762]]
3 376.969 [-0.44620499999999996, 0.061351666666666624] [-0.3781447599733927, 0.43012187328727475] [[-0.44096, 0.10313000000000017], [-0.4462900000000001, 0.06159999999999988], [0, 0], [-0.47609999999999997, 0.43164999999999987], [0, 0], [0, 0], [-0.4462600000000001, 0.06125999999999987], [-0.44626999999999994, 0.061469999999999914], [0, 0], [-0.4462299999999999, 0.06113999999999997], [-0.44641, 0.07425000000000015], [-0.44605000000000006, 0.06280000000000019], [-0.44808000000000003, 0.004049999999999887], [-0.4461299999999999, 0.05983999999999989], [-0.4270799999999999, -0.30762]]
3 381.976 [-0.44620499999999996, 0.061351666666666624] [-0.3781447599733927, 0.43012187328727475] [[-0.44096, 0.10313000000000017], [-0.4462900000000001, 0.06159999999999988], [0, 0], [-0.47609999999999997, 0.43164999999999987], [0, 0], [0, 0], [-0.4462600000000001, 0.06125999999999987], [-0.44626999999999994, 0.061469999999999914], [0, 0], [-0.4462299999999999, 0.06113999999999997], [-0.44641, 0.07425000000000015], [-0.44605000000000006, 0.06280000000000019], [-0.44808000000000003, 0.004049999999999887], [-0.4461299999999999, 0.05983999999999989], [-0.4270799999999999, -0.30762]]
3 386.984 [-0.44620499999999996, 0.061351666666666624] [-0.3781447599733927, 0.43012187328727475] [[-0.44096, 0.10313000000000017], [-0.4462900000000001, 0.06159999999999988], [0, 0], [-0.47609999999999997, 0.43164999999999987], [0, 0], [0, 0], [-0.4462600000000001, 0.06125999999999987], [-0.44626999999999994, 0.061469999999999914], [0, 0], [-0.4462299999999999, 0.06113999999999997], [-0.44641, 0.07425000000000015], [-0.44605000000000006, 0.06280000000000019], [-0.44808000000000003, 0.004049999999999887], [-0.4461299999999999, 0.05983999999999989], [-0.4270799999999999, -0.30762]]
3 391.991 [-0.44620499999999996, 0.061351666666666624] [-0.3781447599733927, 0.43012187328727475] [[-0.44096, 0.10313000000000017], [-0.4462900000000001, 0.06159999999999988], [0, 0], [-0.47609999999999997, 0.43164999999999987], [0, 0], [0, 0], [-0.4462600000000001, 0.06125999999999987], [-0.44626999999999994, 0.061469999999999914], [0, 0], [-0.4462299999999999, 0.06113999999999997], [-0.44641, 0.07425000000000015], [-0.44605000000000006, 0.06280000000000019], [-0.44808000000000003, 0.004049999999999887], [-0.4461299999999999, 0.05983999999999989], [-0.4270799999999999, -0.30762]]
3 396.999 [-0.44620499999999996, 0.061351666666666624] [-0.3781447599733927, 0.43012187328727475] [[-0.44096, 0.10313000000000017], [-0.4462900000000001, 0.06159999999999988], [0, 0], [-0.47609999999999997, 0.43164999999999987], [0, 0], [0, 0], [-0.4462600000000001, 0.06125999999999987], [-0.44626999999999994, 0.061469999999999914], [0, 0], [-0.4462299999999999, 0.06113999999999997], [-0.44641, 0.07425000000000015], [-0.44605000000000006, 0.06280000000000019], [-0.44808000000000003, 0.004049999999999887], [-0.4461299999999999, 0.05983999999999989], [-0.4270799999999999, -0.30762]]
3 402.007 [-0.44620499999999996, 0.06135333263917808] [-0.3781447599733927, 0.43012187328727475] [[-0.44096, 0.10313000000000017], [-0.4462900000000001, 0.06160999999999994], [0, 0], [-0.47609999999999997, 0.43164999999999987], [0, 0], [0, 0], [-0.4462600000000001, 0.06125999999999987], [-0.44626999999999994, 0.061469999999999914], [0, 0], [-0.4462299999999999, 0.06113999999999997], [-0.44641, 0.07425000000000015], [-0.44605000000000006, 0.06280000000000019], [-0.44808000000000003, 0.004049999999999887], [-0.4461299999999999, 0.05983999999999989], [-0.4270799999999999, -0.30762]]
3 407.014 [-0.44618642857142854, 0.061319601554866314] [-0.3781447599733927, 0.43012187328727475] [[-0.44096, 0.10313000000000017], [-0.44623999999999997, 0.06145999999999985], [0, 0], [-0.47609999999999997, 0.43164999999999987], [0, 0], [0, 0], [-0.4461900000000001, 0.06117999999999979], [-0.44626999999999994, 0.061469999999999914], [0, 0], [-0.4462299999999999, 0.06113999999999997], [-0.44641, 0.07425000000000015], [-0.44605000000000006, 0.06280000000000019], [-0.44808000000000003, 0.004049999999999887], [-0.4461299999999999, 0.05983999999999989], [-0.4270799999999999, -0.30762]]
3 412.022 [-0.44618190554105863, 0.061306430035196965] [-0.3781447599733927, 0.43012187328727475] [[-0.44096, 0.10313000000000017], [-0.4462299999999999, 0.06142000000000003], [0, 0], [-0.47609999999999997, 0.43164999999999987], [0, 0], [0, 0], [-0.4461900000000001, 0.0611600000000001], [-0.44626999999999994, 0.061469999999999914], [0, 0], [-0.44622000000000006, 0.06115000000000004], [-0.44641, 0.07425000000000015], [-0.44605000000000006, 0.06280000000000019], [-0.44808000000000003, 0.004049999999999887], [-0.4461299999999999, 0.05983999999999989], [-0.4270799999999999, -0.30762]]
3 417.028 [-0.4461816666808795, 0.06130500008508571] [-0.3781447599733927, 0.43012187328727475] [[-0.44096, 0.10313000000000017], [-0.4462299999999999, 0.06142000000000003], [0, 0], [-0.47609999999999997, 0.43164999999999987], [0, 0], [0, 0], [-0.4461900000000001, 0.0611600000000001], [-0.44626999999999994, 0.061469999999999914], [0, 0], [-0.44622000000000006, 0.06113999999999997], [-0.44641, 0.07425000000000015], [-0.44605000000000006, 0.06280000000000019], [-0.44808000000000003, 0.004049999999999887], [-0.4461299999999999, 0.05983999999999989], [-0.4270799999999999, -0.30762]]
3 422.032 [-0.44618166666666753, 0.0613099937526082] [-0.3781447599733927, 0.43012187328727475] [[-0.44096, 0.10313000000000017], [-0.4462299999999999, 0.06142000000000003], [0, 0], [-0.47609999999999997, 0.43164999999999987], [0, 0], [0, 0], [-0.4461900000000001, 0.0611600000000001], [-0.44626999999999994, 0.061469999999999914], [0, 0], [-0.44622000000000006, 0.06117000000000017], [-0.44641, 0.07425000000000015], [-0.44605000000000006, 0.06280000000000019], [-0.44808000000000003, 0.004049999999999887], [-0.4461299999999999, 0.05983999999999989], [-0.4270799999999999, -0.30762]]
3 427.043 [-0.44618166666666675, 0.061309999999628335] [-0.3781447599733927, 0.43012187328727475] [[-0.44096, 0.10313000000000017], [-0.4462299999999999, 0.06142000000000003], [0, 0], [-0.47609999999999997, 0.43164999999999987], [0, 0], [0, 0], [-0.4461900000000001, 0.0611600000000001], [-0.44626999999999994, 0.061469999999999914], [0, 0], [-0.44622000000000006, 0.06117000000000017], [-0.44641, 0.07425000000000015], [-0.44605000000000006, 0.06280000000000019], [-0.44808000000000003, 0.004049999999999887], [-0.4461299999999999, 0.05983999999999989], [-0.4270799999999999, -0.30762]]
3 432.049 [-0.44618166666666675, 0.06131000000000003] [-0.3781447599733927, 0.43012187328727475] [[-0.44096, 0.10313000000000017], [-0.4462299999999999, 0.06142000000000003], [0, 0], [-0.47609999999999997, 0.43164999999999987], [0, 0], [0, 0], [-0.4461900000000001, 0.0611600000000001], [-0.44626999999999994, 0.061469999999999914], [0, 0], [-0.44622000000000006, 0.06117000000000017], [-0.44641, 0.07425000000000015], [-0.44605000000000006, 0.06280000000000019], [-0.44808000000000003, 0.004049999999999887], [-0.4461299999999999, 0.05983999999999989], [-0.4270799999999999, -0.30762]]
3 437.056 [-0.44618166666666675, 0.061310000000000045] [-0.3781447599733927, 0.43012187328727475] [[-0.44096, 0.10313000000000017], [-0.4462299999999999, 0.06142000000000003], [0, 0], [-0.47609999999999997, 0.43164999999999987], [0, 0], [0, 0], [-0.4461900000000001, 0.0611600000000001], [-0.44626999999999994, 0.061469999999999914], [0, 0], [-0.44622000000000006, 0.06117000000000017], [-0.44641, 0.07425000000000015], [-0.44605000000000006, 0.06280000000000019], [-0.44808000000000003, 0.004049999999999887], [-0.4461299999999999, 0.05983999999999989], [-0.4270799999999999, -0.30762]]
3 442.064 [-0.44618166666666675, 0.061310000000000045] [-0.3781447599733927, 0.43012187328727475] [[-0.44096, 0.10313000000000017], [-0.4462299999999999, 0.06142000000000003], [0, 0], [-0.47609999999999997, 0.43164999999999987], [0, 0], [0, 0], [-0.4461900000000001, 0.0611600000000001], [-0.44626999999999994, 0.061469999999999914], [0, 0], [-0.44622000000000006, 0.06117000000000017], [-0.44641, 0.07425000000000015], [-0.44605000000000006, 0.06280000000000019], [-0.44808000000000003, 0.004049999999999887], [-0.4461299999999999, 0.05983999999999989], [-0.4270799999999999, -0.30762]]
3 447.071 [-0.44618166666666675, 0.061310000000000045] [-0.3781447599733927, 0.43012187328727475] [[-0.44096, 0.10313000000000017], [-0.4462299999999999, 0.06142000000000003], [0, 0], [-0.47609999999999997, 0.43164999999999987], [0, 0], [0, 0], [-0.4461900000000001, 0.0611600000000001], [-0.44626999999999994, 0.061469999999999914], [0, 0], [-0.44622000000000006, 0.06117000000000017], [-0.44641, 0.07425000000000015], [-0.44605000000000006, 0.06280000000000019], [-0.44808000000000003, 0.004049999999999887], [-0.4461299999999999, 0.05983999999999989], [-0.4270799999999999, -0.30762]]
3 452.078 [-0.44618166666666675, 0.061310000000000045] [-0.3781447599733927, 0.43012187328727475] [[-0.44096, 0.10313000000000017], [-0.4462299999999999, 0.06142000000000003], [0, 0], [-0.47609999999999997, 0.43164999999999987], [0, 0], [0, 0], [-0.4461900000000001, 0.0611600000000001], [-0.44626999999999994, 0.061469999999999914], [0, 0], [-0.44622000000000006, 0.06117000000000017], [-0.44641, 0.07425000000000015], [-0.44605000000000006, 0.06280000000000019], [-0.44808000000000003, 0.004049999999999887], [-0.4461299999999999, 0.05983999999999989], [-0.4270799999999999, -0.30762]]
3 457.085 [-0.44618166666666675, 0.061310000000000045] [-0.3781447599733927, 0.43012187328727475] [[-0.44096, 0.10313000000000017], [-0.4462299999999999, 0.06142000000000003], [0, 0], [-0.47609999999999997, 0.43164999999999987], [0, 0], [0, 0], [-0.4461900000000001, 0.0611600000000001], [-0.44626999999999994, 0.061469999999999914], [0, 0], [-0.44622000000000006, 0.06117000000000017], [-0.44641, 0.07425000000000015], [-0.44605000000000006, 0.06280000000000019], [-0.44808000000000003, 0.004049999999999887], [-0.4461299999999999, 0.05983999999999989], [-0.4270799999999999, -0.30762]]
3 462.092 [-0.44618166666666675, 0.061310000000000045] [-0.3781447599733927, 0.43012187328727475] [[-0.44096, 0.10313000000000017], [-0.4462299999999999, 0.06142000000000003], [0, 0], [-0.47609999999999997, 0.43164999999999987], [0, 0], [0, 0], [-0.4461900000000001, 0.0611600000000001], [-0.44626999999999994, 0.061469999999999914], [0, 0], [-0.44622000000000006, 0.06117000000000017], [-0.44641, 0.07425000000000015], [-0.44605000000000006, 0.06280000000000019], [-0.44808000000000003, 0.004049999999999887], [-0.4461299999999999, 0.05983999999999989], [-0.4270799999999999, -0.30762]]
3 467.1 [-0.4462192176870748, 0.061026530612244875] [-0.3781447599733927, 0.43012187328727475] [[-0.44096, 0.10313000000000017], [-0.4462299999999999, 0.06142000000000003], [0, 0], [-0.44623999999999997, 0.06106999999999996], [0, 0], [0, 0], [-0.4462299999999999, 0.061189999999999856], [-0.44626999999999994, 0.061469999999999914], [0, 0], [-0.44622000000000006, 0.06117000000000017], [-0.44641, 0.07425000000000015], [-0.44605000000000006, 0.06280000000000019], [-0.44808000000000003, 0.004049999999999887], [-0.4461299999999999, 0.05983999999999989], [-0.4270799999999999, -0.30762]]
3 472.107 [-0.44621002494304074, 0.06100343883683066] [-0.3781447599733927, 0.43012187328727475] [[-0.44096, 0.10313000000000017], [-0.4462299999999999, 0.06142000000000003], [0, 0], [-0.44619999999999993, 0.061040000000000205], [0, 0], [0, 0], [-0.44621, 0.06108000000000002], [-0.44626999999999994, 0.061469999999999914], [0, 0], [-0.44622000000000006, 0.06117000000000017], [-0.44641, 0.07425000000000015], [-0.44605000000000006, 0.06280000000000019], [-0.44808000000000003, 0.004049999999999887], [-0.4461299999999999, 0.05983999999999989], [-0.4270799999999999, -0.30762]]
3 477.116 [-0.446210000001484, 0.06100499931212212] [-0.3781447599733927, 0.43012187328727475] [[-0.44096, 0.10313000000000017], [-0.4462299999999999, 0.06142000000000003], [0, 0], [-0.44619999999999993, 0.06104999999999983], [0, 0], [0, 0], [-0.44621, 0.06108000000000002], [-0.44626999999999994, 0.061469999999999914], [0, 0], [-0.44622000000000006, 0.06117000000000017], [-0.44641, 0.07425000000000015], [-0.44605000000000006, 0.06280000000000019], [-0.44808000000000003, 0.004049999999999887], [-0.4461299999999999, 0.05983999999999989], [-0.4270799999999999, -0.30762]]
3 482.123 [-0.4462266656750165, 0.06122331260780105] [-0.3781447599733927, 0.43012187328727475] [[-0.44096, 0.10313000000000017], [-0.4462299999999999, 0.06142000000000003], [0, 0], [-0.44619999999999993, 0.06104999999999983], [0, 0], [0, 0], [-0.44622000000000006, 0.06111999999999984], [-0.44626999999999994, 0.061469999999999914], [0, 0], [-0.44622000000000006, 0.06117000000000017], [-0.44641, 0.07425000000000015], [-0.44605000000000006, 0.06280000000000019], [-0.44808000000000003, 0.004049999999999887], [-0.44622000000000006, 0.06111000000000022], [-0.4270799999999999, -0.30762]]
3 487.13 [-0.4462166672615978, 0.06115167806941207] [-0.3781447599733927, 0.43012187328727475] [[-0.44096, 0.10313000000000017], [-0.4462299999999999, 0.06142000000000003], [0, 0], [-0.44619999999999993, 0.06104999999999983], [0, 0], [0, 0], [-0.44622000000000006, 0.06108000000000002], [-0.44621, 0.06108000000000002], [0, 0], [-0.44622000000000006, 0.06117000000000017], [-0.44641, 0.07425000000000015], [-0.44605000000000006, 0.06280000000000019], [-0.44808000000000003, 0.004049999999999887], [-0.44622000000000006, 0.06111000000000022], [-0.4270799999999999, -0.30762]]
3 492.138 [-0.44621291684023645, 0.061139375347671276] [-0.3781447599733927, 0.43012187328727475] [[-0.44096, 0.10313000000000017], [-0.4462299999999999, 0.06142000000000003], [0, 0], [-0.44619999999999993, 0.06104999999999983], [-0.44621, 0.061100000000000154], [0, 0], [-0.44622000000000006, 0.06108000000000002], [-0.44621, 0.06108000000000002], [0, 0], [-0.44619999999999993, 0.06112999999999991], [-0.44641, 0.07425000000000015], [-0.44605000000000006, 0.06280000000000019], [-0.44808000000000003, 0.004049999999999887], [-0.44622000000000006, 0.06111000000000022], [-0.4270799999999999, -0.30762]]
3 497.146 [-0.44621393136342896, 0.06113482145310515] [-0.3781447599733927, 0.43012187328727475] [[-0.44096, 0.10313000000000017], [-0.4462299999999999, 0.06142000000000003], [0, 0], [-0.44619999999999993, 0.06104999999999983], [-0.44621, 0.061100000000000154], [0, 0], [-0.44622000000000006, 0.06109000000000009], [-0.44621, 0.06108000000000002], [0, 0], [-0.44621, 0.06109000000000009], [-0.44641, 0.07425000000000015], [-0.44605000000000006, 0.06280000000000019], [-0.44808000000000003, 0.004049999999999887], [-0.44622000000000006, 0.06111000000000022], [-0.4270799999999999, -0.30762]]
3 502.154 [-0.4462125066052123, 0.06112370816023955] [-0.3781447599733927, 0.43012187328727475] [[-0.44096, 0.10313000000000017], [-0.4462299999999999, 0.06142000000000003], [0, 0], [-0.44619999999999993, 0.06104999999999983], [-0.44621, 0.06109000000000009], [-0.44621, 0.06108000000000002], [-0.44621, 0.06108000000000002], [-0.44621, 0.06108000000000002], [0, 0], [-0.44621, 0.06108000000000002], [-0.44641, 0.07425000000000015], [-0.44605000000000006, 0.06280000000000019], [-0.44808000000000003, 0.004049999999999887], [-0.44622000000000006, 0.06111000000000022], [-0.4270799999999999, -0.30762]]
3 507.161 [-0.44621250000011187, 0.061123749999291474] [-0.3781447599733927, 0.43012187328727475] [[-0.44096, 0.10313000000000017], [-0.4462299999999999, 0.06142000000000003], [0, 0], [-0.44619999999999993, 0.06104999999999983], [-0.44621, 0.06109000000000009], [-0.44621, 0.06108000000000002], [-0.44621, 0.06108000000000002], [-0.44621, 0.06108000000000002], [0, 0], [-0.44621, 0.06108000000000002], [-0.44641, 0.07425000000000015], [-0.44605000000000006, 0.06280000000000019], [-0.44808000000000003, 0.004049999999999887], [-0.44622000000000006, 0.06111000000000022], [-0.4270799999999999, -0.30762]]
3 512.169 [-0.44621249999999996, 0.06112375000000002] [-0.3781447599733927, 0.43012187328727475] [[-0.44096, 0.10313000000000017], [-0.4462299999999999, 0.06142000000000003], [0, 0], [-0.44619999999999993, 0.06104999999999983], [-0.44621, 0.06109000000000009], [-0.44621, 0.06108000000000002], [-0.44621, 0.06108000000000002], [-0.44621, 0.06108000000000002], [0, 0], [-0.44621, 0.06108000000000002], [-0.44641, 0.07425000000000015], [-0.44605000000000006, 0.06280000000000019], [-0.44808000000000003, 0.004049999999999887], [-0.44622000000000006, 0.06111000000000022], [-0.4270799999999999, -0.30762]]
3 517.176 [-0.4462102777777777, 0.06108041666666671] [-0.3781447599733927, 0.43012187328727475] [[-0.44621, 0.06103000000000014], [-0.4462299999999999, 0.06142000000000003], [0, 0], [-0.44619999999999993, 0.06104999999999983], [-0.44621, 0.06109000000000009], [-0.44621, 0.06108000000000002], [-0.44621, 0.06108000000000002], [-0.44621, 0.06108000000000002], [0, 0], [-0.44621, 0.06108000000000002], [-0.44641, 0.07425000000000015], [-0.44605000000000006, 0.06280000000000019], [-0.44808000000000003, 0.004049999999999887], [-0.44622000000000006, 0.06111000000000022], [-0.4270799999999999, -0.30762]]
3 522.183 [-0.4462112345726054, 0.06107611137219377] [-0.3781447599733927, 0.43012187328727475] [[-0.44621, 0.06103000000000014], [-0.4462299999999999, 0.06142000000000003], [0, 0], [-0.44621, 0.06105999999999989], [-0.44621, 0.06109000000000009], [-0.44621, 0.06108000000000002], [-0.44621, 0.06108000000000002], [-0.44621, 0.06108000000000002], [0, 0], [-0.44621, 0.06108000000000002], [-0.44641, 0.07425000000000015], [-0.44605000000000006, 0.06280000000000019], [-0.44808000000000003, 0.004049999999999887], [-0.44622000000000006, 0.06111000000000022], [-0.4270799999999999, -0.30762]]
3 527.19 [-0.44621124999973866, 0.061073750039990084] [-0.3781447599733927, 0.43012187328727475] [[-0.44621, 0.06101000000000001], [-0.4462299999999999, 0.06142000000000003], [0, 0], [-0.44621, 0.06105999999999989], [-0.44621, 0.06109000000000009], [-0.44621, 0.06108000000000002], [-0.44621, 0.06108000000000002], [-0.44621, 0.06108000000000002], [0, 0], [-0.44621, 0.06108000000000002], [-0.44641, 0.07425000000000015], [-0.44605000000000006, 0.06280000000000019], [-0.44808000000000003, 0.004049999999999887], [-0.44622000000000006, 0.06111000000000022], [-0.4270799999999999, -0.30762]]
3 532.198 [-0.44621124999999995, 0.06107250002116957] [-0.3781447599733927, 0.43012187328727475] [[-0.44621, 0.06101000000000001], [-0.4462299999999999, 0.06142000000000003], [0, 0], [-0.44621, 0.06105999999999989], [-0.44621, 0.06109000000000009], [-0.44621, 0.06108000000000002], [-0.44621, 0.06106999999999996], [-0.44621, 0.06108000000000002], [0, 0], [-0.44621, 0.06108000000000002], [-0.44641, 0.07425000000000015], [-0.44605000000000006, 0.06280000000000019], [-0.44808000000000003, 0.004049999999999887], [-0.44622000000000006, 0.06111000000000022], [-0.4270799999999999, -0.30762]]
3 537.205 [-0.4462149994284408, 0.06107499961896093] [-0.3781447599733927, 0.43012187328727475] [[-0.44622000000000006, 0.06103000000000014], [-0.4462299999999999, 0.06142000000000003], [0, 0], [-0.44622000000000006, 0.06105999999999989], [-0.44621, 0.06109000000000009], [-0.44621, 0.06108000000000002], [-0.44622000000000006, 0.06106999999999996], [-0.44621, 0.06108000000000002], [0, 0], [-0.44621, 0.06108000000000002], [-0.44641, 0.07425000000000015], [-0.44605000000000006, 0.06280000000000019], [-0.44808000000000003, 0.004049999999999887], [-0.44622000000000006, 0.06111000000000022], [-0.4270799999999999, -0.30762]]
3 542.212 [-0.4462149999999903, 0.061074999999993586] [-0.3781447599733927, 0.43012187328727475] [[-0.44622000000000006, 0.06103000000000014], [-0.4462299999999999, 0.06142000000000003], [0, 0], [-0.44622000000000006, 0.06105999999999989], [-0.44621, 0.06109000000000009], [-0.44621, 0.06108000000000002], [-0.44622000000000006, 0.06106999999999996], [-0.44621, 0.06108000000000002], [0, 0], [-0.44621, 0.06108000000000002], [-0.44641, 0.07425000000000015], [-0.44605000000000006, 0.06280000000000019], [-0.44808000000000003, 0.004049999999999887], [-0.44622000000000006, 0.06111000000000022], [-0.4270799999999999, -0.30762]]
3 547.219 [-0.4462150000000002, 0.061076248285322404] [-0.3781447599733927, 0.43012187328727475] [[-0.44622000000000006, 0.061040000000000205], [-0.4462299999999999, 0.06142000000000003], [0, 0], [-0.44622000000000006, 0.06105999999999989], [-0.44621, 0.06109000000000009], [-0.44621, 0.06108000000000002], [-0.44622000000000006, 0.06106999999999996], [-0.44621, 0.06108000000000002], [0, 0], [-0.44621, 0.06108000000000002], [-0.44641, 0.07425000000000015], [-0.44605000000000006, 0.06280000000000019], [-0.44808000000000003, 0.004049999999999887], [-0.44622000000000006, 0.06111000000000022], [-0.4270799999999999, -0.30762]]
3 552.227 [-0.4462150000000002, 0.061076249999971015] [-0.3781447599733927, 0.43012187328727475] [[-0.44622000000000006, 0.061040000000000205], [-0.4462299999999999, 0.06142000000000003], [0, 0], [-0.44622000000000006, 0.06105999999999989], [-0.44621, 0.06109000000000009], [-0.44621, 0.06108000000000002], [-0.44622000000000006, 0.06106999999999996], [-0.44621, 0.06108000000000002], [0, 0], [-0.44621, 0.06108000000000002], [-0.44641, 0.07425000000000015], [-0.44605000000000006, 0.06280000000000019], [-0.44808000000000003, 0.004049999999999887], [-0.44622000000000006, 0.06111000000000022], [-0.4270799999999999, -0.30762]]
3 557.235 [-0.4462150000000002, 0.061081188271604976] [-0.3781447599733927, 0.43012187328727475] [[-0.44622000000000006, 0.061040000000000205], [-0.44622000000000006, 0.06108000000000002], [0, 0], [-0.44622000000000006, 0.06105999999999989], [-0.44621, 0.06109000000000009], [-0.44621, 0.06108000000000002], [-0.44622000000000006, 0.06106999999999996], [-0.44621, 0.06108000000000002], [0, 0], [-0.44621, 0.06108000000000002], [-0.44641, 0.07425000000000015], [-0.44605000000000006, 0.06280000000000019], [-0.44808000000000003, 0.004049999999999887], [-0.44622000000000006, 0.06111000000000022], [-0.4270799999999999, -0.30762]]
3 562.243 [-0.4462150000000002, 0.06108124999895465] [-0.3781447599733927, 0.43012187328727475] [[-0.44622000000000006, 0.061040000000000205], [-0.44622000000000006, 0.06108000000000002], [0, 0], [-0.44622000000000006, 0.06105999999999989], [-0.44621, 0.06109000000000009], [-0.44621, 0.06108000000000002], [-0.44622000000000006, 0.06106999999999996], [-0.44621, 0.06108000000000002], [0, 0], [-0.44621, 0.06108000000000002], [-0.44641, 0.07425000000000015], [-0.44605000000000006, 0.06280000000000019], [-0.44808000000000003, 0.004049999999999887], [-0.44622000000000006, 0.06111000000000022], [-0.4270799999999999, -0.30762]]
3 567.25 [-0.4462150000000002, 0.06108125000000001] [-0.3781447599733927, 0.43012187328727475] [[-0.44622000000000006, 0.061040000000000205], [-0.44622000000000006, 0.06108000000000002], [0, 0], [-0.44622000000000006, 0.06105999999999989], [-0.44621, 0.06109000000000009], [-0.44621, 0.06108000000000002], [-0.44622000000000006, 0.06106999999999996], [-0.44621, 0.06108000000000002], [0, 0], [-0.44621, 0.06108000000000002], [-0.44641, 0.07425000000000015], [-0.44605000000000006, 0.06280000000000019], [-0.44808000000000003, 0.004049999999999887], [-0.44622000000000006, 0.06111000000000022], [-0.4270799999999999, -0.30762]]
3 572.258 [-0.4462150000000002, 0.061081250000000024] [-0.3781447599733927, 0.43012187328727475] [[-0.44622000000000006, 0.061040000000000205], [-0.44622000000000006, 0.06108000000000002], [0, 0], [-0.44622000000000006, 0.06105999999999989], [-0.44621, 0.06109000000000009], [-0.44621, 0.06108000000000002], [-0.44622000000000006, 0.06106999999999996], [-0.44621, 0.06108000000000002], [0, 0], [-0.44621, 0.06108000000000002], [-0.44641, 0.07425000000000015], [-0.44605000000000006, 0.06280000000000019], [-0.44808000000000003, 0.004049999999999887], [-0.44622000000000006, 0.06111000000000022], [-0.4270799999999999, -0.30762]]
3 577.266 [-0.4462150000000002, 0.061081250000000024] [-0.3781447599733927, 0.43012187328727475] [[-0.44622000000000006, 0.061040000000000205], [-0.44622000000000006, 0.06108000000000002], [0, 0], [-0.44622000000000006, 0.06105999999999989], [-0.44621, 0.06109000000000009], [-0.44621, 0.06108000000000002], [-0.44622000000000006, 0.06106999999999996], [-0.44621, 0.06108000000000002], [0, 0], [-0.44621, 0.06108000000000002], [-0.44641, 0.07425000000000015], [-0.44605000000000006, 0.06280000000000019], [-0.44808000000000003, 0.004049999999999887], [-0.44622000000000006, 0.06111000000000022], [-0.4270799999999999, -0.30762]]
3 582.273 [-0.4462150000000002, 0.061081250000000024] [-0.3781447599733927, 0.43012187328727475] [[-0.44622000000000006, 0.061040000000000205], [-0.44622000000000006, 0.06108000000000002], [0, 0], [-0.44622000000000006, 0.06105999999999989], [-0.44621, 0.06109000000000009], [-0.44621, 0.06108000000000002], [-0.44622000000000006, 0.06106999999999996], [-0.44621, 0.06108000000000002], [0, 0], [-0.44621, 0.06108000000000002], [-0.44641, 0.07425000000000015], [-0.44605000000000006, 0.06280000000000019], [-0.44808000000000003, 0.004049999999999887], [-0.44622000000000006, 0.06111000000000022], [-0.4270799999999999, -0.30762]]
3 587.28 [-0.4462150000000002, 0.061081250000000024] [-0.3781447599733927, 0.43012187328727475] [[-0.44622000000000006, 0.061040000000000205], [-0.44622000000000006, 0.06108000000000002], [0, 0], [-0.44622000000000006, 0.06105999999999989], [-0.44621, 0.06109000000000009], [-0.44621, 0.06108000000000002], [-0.44622000000000006, 0.06106999999999996], [-0.44621, 0.06108000000000002], [0, 0], [-0.44621, 0.06108000000000002], [-0.44641, 0.07425000000000015], [-0.44605000000000006, 0.06280000000000019], [-0.44808000000000003, 0.004049999999999887], [-0.44622000000000006, 0.06111000000000022], [-0.4270799999999999, -0.30762]]
3 592.288 [-0.44621749961896057, 0.061075000952598685] [-0.3781447599733927, 0.43012187328727475] [[-0.44622000000000006, 0.061040000000000205], [-0.44622000000000006, 0.06108000000000002], [0, 0], [-0.44622000000000006, 0.06105999999999989], [-0.44621, 0.06109000000000009], [-0.44621, 0.06108000000000002], [-0.44622000000000006, 0.06106999999999996], [-0.44621, 0.06108000000000002], [0, 0], [-0.44622000000000006, 0.06106999999999996], [-0.44641, 0.07425000000000015], [-0.44605000000000006, 0.06280000000000019], [-0.4462299999999999, 0.06106999999999996], [-0.44622000000000006, 0.06111000000000022], [-0.4270799999999999, -0.30762]]
3 597.296 [-0.44621749999999355, 0.06107500000001612] [-0.3781447599733927, 0.43012187328727475] [[-0.44622000000000006, 0.061040000000000205], [-0.44622000000000006, 0.06108000000000002], [0, 0], [-0.44622000000000006, 0.06105999999999989], [-0.44621, 0.06109000000000009], [-0.44621, 0.06108000000000002], [-0.44622000000000006, 0.06106999999999996], [-0.44621, 0.06108000000000002], [0, 0], [-0.44622000000000006, 0.06106999999999996], [-0.44641, 0.07425000000000015], [-0.44605000000000006, 0.06280000000000019], [-0.4462299999999999, 0.06106999999999996], [-0.44622000000000006, 0.06111000000000022], [-0.4270799999999999, -0.30762]]
3 602.304 [-0.4462175000000001, 0.06107499999999999] [-0.3781447599733927, 0.43012187328727475] [[-0.44622000000000006, 0.061040000000000205], [-0.44622000000000006, 0.06108000000000002], [0, 0], [-0.44622000000000006, 0.06105999999999989], [-0.44621, 0.06109000000000009], [-0.44621, 0.06108000000000002], [-0.44622000000000006, 0.06106999999999996], [-0.44621, 0.06108000000000002], [0, 0], [-0.44622000000000006, 0.06106999999999996], [-0.44641, 0.07425000000000015], [-0.44605000000000006, 0.06280000000000019], [-0.4462299999999999, 0.06106999999999996], [-0.44622000000000006, 0.06111000000000022], [-0.4270799999999999, -0.30762]]
3 607.312 [-0.4462175000000001, 0.06107499999999999] [-0.3781447599733927, 0.43012187328727475] [[-0.44622000000000006, 0.061040000000000205], [-0.44622000000000006, 0.06108000000000002], [0, 0], [-0.44622000000000006, 0.06105999999999989], [-0.44621, 0.06109000000000009], [-0.44621, 0.06108000000000002], [-0.44622000000000006, 0.06106999999999996], [-0.44621, 0.06108000000000002], [0, 0], [-0.44622000000000006, 0.06106999999999996], [-0.44641, 0.07425000000000015], [-0.44605000000000006, 0.06280000000000019], [-0.4462299999999999, 0.06106999999999996], [-0.44622000000000006, 0.06111000000000022], [-0.4270799999999999, -0.30762]]
3 612.319 [-0.4462175000000001, 0.06107499999999999] [-0.3781447599733927, 0.43012187328727475] [[-0.44622000000000006, 0.061040000000000205], [-0.44622000000000006, 0.06108000000000002], [0, 0], [-0.44622000000000006, 0.06105999999999989], [-0.44621, 0.06109000000000009], [-0.44621, 0.06108000000000002], [-0.44622000000000006, 0.06106999999999996], [-0.44621, 0.06108000000000002], [0, 0], [-0.44622000000000006, 0.06106999999999996], [-0.44641, 0.07425000000000015], [-0.44605000000000006, 0.06280000000000019], [-0.4462299999999999, 0.06106999999999996], [-0.44622000000000006, 0.06111000000000022], [-0.4270799999999999, -0.30762]]
3 617.325 [-0.44621873456790123, 0.06107499999999999] [-0.3781447599733927, 0.43012187328727475] [[-0.44622000000000006, 0.061040000000000205], [-0.44622000000000006, 0.06108000000000002], [0, 0], [-0.4462299999999999, 0.06105999999999989], [-0.44621, 0.06109000000000009], [-0.44621, 0.06108000000000002], [-0.44622000000000006, 0.06106999999999996], [-0.44621, 0.06108000000000002], [0, 0], [-0.44622000000000006, 0.06106999999999996], [-0.44641, 0.07425000000000015], [-0.44605000000000006, 0.06280000000000019], [-0.4462299999999999, 0.06106999999999996], [-0.44622000000000006, 0.06111000000000022], [-0.4270799999999999, -0.30762]]
3 622.332 [-0.44621874999973865, 0.06107499999999999] [-0.3781447599733927, 0.43012187328727475] [[-0.44622000000000006, 0.061040000000000205], [-0.44622000000000006, 0.06108000000000002], [0, 0], [-0.4462299999999999, 0.06105999999999989], [-0.44621, 0.06109000000000009], [-0.44621, 0.06108000000000002], [-0.44622000000000006, 0.06106999999999996], [-0.44621, 0.06108000000000002], [0, 0], [-0.44622000000000006, 0.06106999999999996], [-0.44641, 0.07425000000000015], [-0.44605000000000006, 0.06280000000000019], [-0.4462299999999999, 0.06106999999999996], [-0.44622000000000006, 0.06111000000000022], [-0.4270799999999999, -0.30762]]
3 627.34 [-0.44621875, 0.06107499999999999] [-0.3781447599733927, 0.43012187328727475] [[-0.44622000000000006, 0.061040000000000205], [-0.44622000000000006, 0.06108000000000002], [0, 0], [-0.4462299999999999, 0.06105999999999989], [-0.44621, 0.06109000000000009], [-0.44621, 0.06108000000000002], [-0.44622000000000006, 0.06106999999999996], [-0.44621, 0.06108000000000002], [0, 0], [-0.44622000000000006, 0.06106999999999996], [-0.44641, 0.07425000000000015], [-0.44605000000000006, 0.06280000000000019], [-0.4462299999999999, 0.06106999999999996], [-0.44622000000000006, 0.06111000000000022], [-0.4270799999999999, -0.30762]]
3 632.348 [-0.44621875, 0.06107499999999999] [-0.3781447599733927, 0.43012187328727475] [[-0.44622000000000006, 0.061040000000000205], [-0.44622000000000006, 0.06108000000000002], [0, 0], [-0.4462299999999999, 0.06105999999999989], [-0.44621, 0.06109000000000009], [-0.44621, 0.06108000000000002], [-0.44622000000000006, 0.06106999999999996], [-0.44621, 0.06108000000000002], [0, 0], [-0.44622000000000006, 0.06106999999999996], [-0.44641, 0.07425000000000015], [-0.44605000000000006, 0.06280000000000019], [-0.4462299999999999, 0.06106999999999996], [-0.44622000000000006, 0.06111000000000022], [-0.4270799999999999, -0.30762]]
3 637.355 [-0.44621998456790124, 0.06107388888888887] [-0.3781447599733927, 0.43012187328727475] [[-0.44622000000000006, 0.061040000000000205], [-0.44622000000000006, 0.06106999999999996], [0, 0], [-0.4462299999999999, 0.06105999999999989], [-0.44621, 0.06109000000000009], [-0.44621, 0.06108000000000002], [-0.44622000000000006, 0.06106999999999996], [-0.44621, 0.06108000000000002], [0, 0], [-0.4462299999999999, 0.06106999999999996], [-0.44641, 0.07425000000000015], [-0.44605000000000006, 0.06280000000000019], [-0.4462299999999999, 0.06106999999999996], [-0.44622000000000006, 0.06111000000000022], [-0.4270799999999999, -0.30762]]
3 642.363 [-0.44622499314102804, 0.06107000514638498] [-0.3781447599733927, 0.43012187328727475] [[-0.4462299999999999, 0.06106999999999996], [-0.44622000000000006, 0.06106999999999996], [0, 0], [-0.4462299999999999, 0.06105999999999989], [-0.44621, 0.06109000000000009], [-0.44621, 0.06108000000000002], [-0.44622000000000006, 0.06106999999999996], [-0.4462299999999999, 0.06106999999999996], [0, 0], [-0.4462299999999999, 0.06106999999999996], [-0.44641, 0.07425000000000015], [-0.44605000000000006, 0.06280000000000019], [-0.4462299999999999, 0.06106999999999996], [-0.44622000000000006, 0.06111000000000022], [-0.4270799999999999, -0.30762]]
3 647.37 [-0.44622499999988385, 0.06107000000008711] [-0.3781447599733927, 0.43012187328727475] [[-0.4462299999999999, 0.06106999999999996], [-0.44622000000000006, 0.06106999999999996], [0, 0], [-0.4462299999999999, 0.06105999999999989], [-0.44621, 0.06109000000000009], [-0.44621, 0.06108000000000002], [-0.44622000000000006, 0.06106999999999996], [-0.4462299999999999, 0.06106999999999996], [0, 0], [-0.4462299999999999, 0.06106999999999996], [-0.44641, 0.07425000000000015], [-0.44605000000000006, 0.06280000000000019], [-0.4462299999999999, 0.06106999999999996], [-0.44622000000000006, 0.06111000000000022], [-0.4270799999999999, -0.30762]]
3 652.377 [-0.446225, 0.06106999999999996] [-0.3781447599733927, 0.43012187328727475] [[-0.4462299999999999, 0.06106999999999996], [-0.44622000000000006, 0.06106999999999996], [0, 0], [-0.4462299999999999, 0.06105999999999989], [-0.44621, 0.06109000000000009], [-0.44621, 0.06108000000000002], [-0.44622000000000006, 0.06106999999999996], [-0.4462299999999999, 0.06106999999999996], [0, 0], [-0.4462299999999999, 0.06106999999999996], [-0.44641, 0.07425000000000015], [-0.44605000000000006, 0.06280000000000019], [-0.4462299999999999, 0.06106999999999996], [-0.44622000000000006, 0.06111000000000022], [-0.4270799999999999, -0.30762]]
3 657.386 [-0.44622624997883104, 0.06106999999999996] [-0.3781447599733927, 0.43012187328727475] [[-0.4462299999999999, 0.06106999999999996], [-0.4462299999999999, 0.06106999999999996], [0, 0], [-0.4462299999999999, 0.06105999999999989], [-0.44621, 0.06109000000000009], [-0.44621, 0.06108000000000002], [-0.44622000000000006, 0.06106999999999996], [-0.4462299999999999, 0.06106999999999996], [0, 0], [-0.4462299999999999, 0.06106999999999996], [-0.44641, 0.07425000000000015], [-0.44605000000000006, 0.06280000000000019], [-0.4462299999999999, 0.06106999999999996], [-0.44622000000000006, 0.06111000000000022], [-0.4270799999999999, -0.30762]]
3 662.393 [-0.4462262499999996, 0.06106999999999996] [-0.3781447599733927, 0.43012187328727475] [[-0.4462299999999999, 0.06106999999999996], [-0.4462299999999999, 0.06106999999999996], [0, 0], [-0.4462299999999999, 0.06105999999999989], [-0.44621, 0.06109000000000009], [-0.44621, 0.06108000000000002], [-0.44622000000000006, 0.06106999999999996], [-0.4462299999999999, 0.06106999999999996], [0, 0], [-0.4462299999999999, 0.06106999999999996], [-0.44641, 0.07425000000000015], [-0.44605000000000006, 0.06280000000000019], [-0.4462299999999999, 0.06106999999999996], [-0.44622000000000006, 0.06111000000000022], [-0.4270799999999999, -0.30762]]
3 667.4 [-0.4462262499999999, 0.06106999999999996] [-0.3781447599733927, 0.43012187328727475] [[-0.4462299999999999, 0.06106999999999996], [-0.4462299999999999, 0.06106999999999996], [0, 0], [-0.4462299999999999, 0.06105999999999989], [-0.44621, 0.06109000000000009], [-0.44621, 0.06108000000000002], [-0.44622000000000006, 0.06106999999999996], [-0.4462299999999999, 0.06106999999999996], [0, 0], [-0.4462299999999999, 0.06106999999999996], [-0.44641, 0.07425000000000015], [-0.44605000000000006, 0.06280000000000019], [-0.4462299999999999, 0.06106999999999996], [-0.44622000000000006, 0.06111000000000022], [-0.4270799999999999, -0.30762]]
3 672.408 [-0.4462262499999999, 0.06106999999999996] [-0.3781447599733927, 0.43012187328727475] [[-0.4462299999999999, 0.06106999999999996], [-0.4462299999999999, 0.06106999999999996], [0, 0], [-0.4462299999999999, 0.06105999999999989], [-0.44621, 0.06109000000000009], [-0.44621, 0.06108000000000002], [-0.44622000000000006, 0.06106999999999996], [-0.4462299999999999, 0.06106999999999996], [0, 0], [-0.4462299999999999, 0.06106999999999996], [-0.44641, 0.07425000000000015], [-0.44605000000000006, 0.06280000000000019], [-0.4462299999999999, 0.06106999999999996], [-0.44622000000000006, 0.06111000000000022], [-0.4270799999999999, -0.30762]]
3 677.415 [-0.4462284722222221, 0.06106888888888884] [-0.3781447599733927, 0.43012187328727475] [[-0.4462299999999999, 0.06106999999999996], [-0.4462299999999999, 0.06106999999999996], [0, 0], [-0.4462299999999999, 0.06105999999999989], [-0.44621, 0.06109000000000009], [-0.44621, 0.06108000000000002], [-0.44622000000000006, 0.06106999999999996], [-0.4462299999999999, 0.06106999999999996], [0, 0], [-0.4462299999999999, 0.06106999999999996], [-0.44641, 0.07425000000000015], [-0.4462299999999999, 0.06106999999999996], [-0.4462299999999999, 0.06106999999999996], [-0.44622000000000006, 0.06111000000000022], [-0.4270799999999999, -0.30762]]
3 682.424 [-0.4462287499952957, 0.06106875000235205] [-0.3781447599733927, 0.43012187328727475] [[-0.4462299999999999, 0.06106999999999996], [-0.4462299999999999, 0.06106999999999996], [0, 0], [-0.4462299999999999, 0.06105999999999989], [-0.44621, 0.06109000000000009], [-0.44621, 0.06108000000000002], [-0.44622000000000006, 0.06106999999999996], [-0.4462299999999999, 0.06106999999999996], [0, 0], [-0.4462299999999999, 0.06106999999999996], [-0.44641, 0.07425000000000015], [-0.4462299999999999, 0.06106999999999996], [-0.4462299999999999, 0.06106999999999996], [-0.44622000000000006, 0.06111000000000022], [-0.4270799999999999, -0.30762]]
3 687.431 [-0.4462287499999999, 0.06106874999999999] [-0.3781447599733927, 0.43012187328727475] [[-0.4462299999999999, 0.06106999999999996], [-0.4462299999999999, 0.06106999999999996], [0, 0], [-0.4462299999999999, 0.06105999999999989], [-0.44621, 0.06109000000000009], [-0.44621, 0.06108000000000002], [-0.44622000000000006, 0.06106999999999996], [-0.4462299999999999, 0.06106999999999996], [0, 0], [-0.4462299999999999, 0.06106999999999996], [-0.44641, 0.07425000000000015], [-0.4462299999999999, 0.06106999999999996], [-0.4462299999999999, 0.06106999999999996], [-0.44622000000000006, 0.06111000000000022], [-0.4270799999999999, -0.30762]]
3 692.438 [-0.4462287499999999, 0.061068749999999956] [-0.3781447599733927, 0.43012187328727475] [[-0.4462299999999999, 0.06106999999999996], [-0.4462299999999999, 0.06106999999999996], [0, 0], [-0.4462299999999999, 0.06105999999999989], [-0.44621, 0.06109000000000009], [-0.44621, 0.06108000000000002], [-0.44622000000000006, 0.06106999999999996], [-0.4462299999999999, 0.06106999999999996], [0, 0], [-0.4462299999999999, 0.06106999999999996], [-0.44641, 0.07425000000000015], [-0.4462299999999999, 0.06106999999999996], [-0.4462299999999999, 0.06106999999999996], [-0.44622000000000006, 0.06111000000000022], [-0.4270799999999999, -0.30762]]
3 697.445 [-0.4462287499999999, 0.061068749999999956] [-0.3781447599733927, 0.43012187328727475] [[-0.4462299999999999, 0.06106999999999996], [-0.4462299999999999, 0.06106999999999996], [0, 0], [-0.4462299999999999, 0.06105999999999989], [-0.44621, 0.06109000000000009], [-0.44621, 0.06108000000000002], [-0.44622000000000006, 0.06106999999999996], [-0.4462299999999999, 0.06106999999999996], [0, 0], [-0.4462299999999999, 0.06106999999999996], [-0.44641, 0.07425000000000015], [-0.4462299999999999, 0.06106999999999996], [-0.4462299999999999, 0.06106999999999996], [-0.44622000000000006, 0.06111000000000022], [-0.4270799999999999, -0.30762]]
3 702.452 [-0.4462287499999999, 0.061068749999999956] [-0.3781447599733927, 0.43012187328727475] [[-0.4462299999999999, 0.06106999999999996], [-0.4462299999999999, 0.06106999999999996], [0, 0], [-0.4462299999999999, 0.06105999999999989], [-0.44621, 0.06109000000000009], [-0.44621, 0.06108000000000002], [-0.44622000000000006, 0.06106999999999996], [-0.4462299999999999, 0.06106999999999996], [0, 0], [-0.4462299999999999, 0.06106999999999996], [-0.44641, 0.07425000000000015], [-0.4462299999999999, 0.06106999999999996], [-0.4462299999999999, 0.06106999999999996], [-0.44622000000000006, 0.06111000000000022], [-0.4270799999999999, -0.30762]]
3 707.459 [-0.4462287499999999, 0.061068749999999956] [-0.3781447599733927, 0.43012187328727475] [[-0.4462299999999999, 0.06106999999999996], [-0.4462299999999999, 0.06106999999999996], [0, 0], [-0.4462299999999999, 0.06105999999999989], [-0.44621, 0.06109000000000009], [-0.44621, 0.06108000000000002], [-0.44622000000000006, 0.06106999999999996], [-0.4462299999999999, 0.06106999999999996], [0, 0], [-0.4462299999999999, 0.06106999999999996], [-0.44641, 0.07425000000000015], [-0.4462299999999999, 0.06106999999999996], [-0.4462299999999999, 0.06106999999999996], [-0.44622000000000006, 0.06111000000000022], [-0.4270799999999999, -0.30762]]
3 712.466 [-0.4462287499999999, 0.061068749999999956] [-0.3781447599733927, 0.43012187328727475] [[-0.4462299999999999, 0.06106999999999996], [-0.4462299999999999, 0.06106999999999996], [0, 0], [-0.4462299999999999, 0.06105999999999989], [-0.44621, 0.06109000000000009], [-0.44621, 0.06108000000000002], [-0.44622000000000006, 0.06106999999999996], [-0.4462299999999999, 0.06106999999999996], [0, 0], [-0.4462299999999999, 0.06106999999999996], [-0.44641, 0.07425000000000015], [-0.4462299999999999, 0.06106999999999996], [-0.4462299999999999, 0.06106999999999996], [-0.44622000000000006, 0.06111000000000022], [-0.4270799999999999, -0.30762]]
3 717.474 [-0.4462287499999999, 0.061068749999999956] [-0.3781447599733927, 0.43012187328727475] [[-0.4462299999999999, 0.06106999999999996], [-0.4462299999999999, 0.06106999999999996], [0, 0], [-0.4462299999999999, 0.06105999999999989], [-0.44621, 0.06109000000000009], [-0.44621, 0.06108000000000002], [-0.44622000000000006, 0.06106999999999996], [-0.4462299999999999, 0.06106999999999996], [0, 0], [-0.4462299999999999, 0.06106999999999996], [-0.44641, 0.07425000000000015], [-0.4462299999999999, 0.06106999999999996], [-0.4462299999999999, 0.06106999999999996], [-0.44622000000000006, 0.06111000000000022], [-0.4270799999999999, -0.30762]]
3 722.482 [-0.4462287499999999, 0.061068749999999956] [-0.3781447599733927, 0.43012187328727475] [[-0.4462299999999999, 0.06106999999999996], [-0.4462299999999999, 0.06106999999999996], [0, 0], [-0.4462299999999999, 0.06105999999999989], [-0.44621, 0.06109000000000009], [-0.44621, 0.06108000000000002], [-0.44622000000000006, 0.06106999999999996], [-0.4462299999999999, 0.06106999999999996], [0, 0], [-0.4462299999999999, 0.06106999999999996], [-0.44641, 0.07425000000000015], [-0.4462299999999999, 0.06106999999999996], [-0.4462299999999999, 0.06106999999999996], [-0.44622000000000006, 0.06111000000000022], [-0.4270799999999999, -0.30762]]
3 727.489 [-0.4462287499999999, 0.061068749999999956] [-0.3781447599733927, 0.43012187328727475] [[-0.4462299999999999, 0.06106999999999996], [-0.4462299999999999, 0.06106999999999996], [0, 0], [-0.4462299999999999, 0.06105999999999989], [-0.44621, 0.06109000000000009], [-0.44621, 0.06108000000000002], [-0.44622000000000006, 0.06106999999999996], [-0.4462299999999999, 0.06106999999999996], [0, 0], [-0.4462299999999999, 0.06106999999999996], [-0.44641, 0.07425000000000015], [-0.4462299999999999, 0.06106999999999996], [-0.4462299999999999, 0.06106999999999996], [-0.44622000000000006, 0.06111000000000022], [-0.4270799999999999, -0.30762]]
3 732.497 [-0.4462287499999999, 0.061068749999999956] [-0.3781447599733927, 0.43012187328727475] [[-0.4462299999999999, 0.06106999999999996], [-0.4462299999999999, 0.06106999999999996], [0, 0], [-0.4462299999999999, 0.06105999999999989], [-0.44621, 0.06109000000000009], [-0.44621, 0.06108000000000002], [-0.44622000000000006, 0.06106999999999996], [-0.4462299999999999, 0.06106999999999996], [0, 0], [-0.4462299999999999, 0.06106999999999996], [-0.44641, 0.07425000000000015], [-0.4462299999999999, 0.06106999999999996], [-0.4462299999999999, 0.06106999999999996], [-0.44622000000000006, 0.06111000000000022], [-0.4270799999999999, -0.30762]]
3 737.504 [-0.4462287499999999, 0.061068749999999956] [-0.3781447599733927, 0.43012187328727475] [[-0.4462299999999999, 0.06106999999999996], [-0.4462299999999999, 0.06106999999999996], [0, 0], [-0.4462299999999999, 0.06105999999999989], [-0.44621, 0.06109000000000009], [-0.44621, 0.06108000000000002], [-0.44622000000000006, 0.06106999999999996], [-0.4462299999999999, 0.06106999999999996], [0, 0], [-0.4462299999999999, 0.06106999999999996], [-0.44641, 0.07425000000000015], [-0.4462299999999999, 0.06106999999999996], [-0.4462299999999999, 0.06106999999999996], [-0.44622000000000006, 0.06111000000000022], [-0.4270799999999999, -0.30762]]
