ID TIME pos
8 30.175 [[-0.08048200050096435, 0.6295372924618768], [-0.14004676041617284, -0.7682818373220397], [-0.6171161105289689, 0.28985952474492416]] [(-58340, 39275, 1676792057, 0, 3, 15000000000000000000, 10000000000000000000, 1, '0x5c5f829C4c3E8C4AB97390cb053a456616c27Ea3', 0, -60793, 42542)]
8 60.258 [[-0.08048200050096435, 0.6295372924618768], [-0.14004676041617284, -0.7682818373220397], [-0.6171161105289689, 0.28985952474492416]] [(-59385, 35573, 1676792057, 0, 9, 45000000000000000000, 30000000000000000000, 1, '0x5c5f829C4c3E8C4AB97390cb053a456616c27Ea3', 0, -62141, 36489)]
8 90.463 [[-0.08048200050096435, 0.6295372924618768], [-0.14004676041617284, -0.7682818373220397], [-0.6171161105289689, 0.28985952474492416]] [(-58853, 34885, 1676792135, 1, 10, 50000000000000000000, 35000000000000000000, 1, '0x5c5f829C4c3E8C4AB97390cb053a456616c27Ea3', 0, -60987, 35376), (-60426, 29256, 1676792113, 0, 4, 20000000000000000000, 10000000000000000000, 1, '0x26CbcaC5281B6E159bc3e6C7400AF25fA46F246B', 1, -67073, 26149)]
8 120.575 [[-0.08048200050096435, 0.6295372924618768], [-0.14004676041617284, -0.7682818373220397], [-0.6171161105289689, 0.28985952474492416]] [(-58853, 34885, 1676792167, 1, 10, 50000000000000000000, 35000000000000000000, 1, '0x5c5f829C4c3E8C4AB97390cb053a456616c27Ea3', 0, -60987, 35376), (-61177, 29866, 1676792113, 0, 8, 38571428571428572000, 19285714285714286000, 1, '0x26CbcaC5281B6E159bc3e6C7400AF25fA46F246B', 1, -66878, 29660)]
8 150.627 [[-0.08048200050096435, 0.6295372924618768], [-0.14004676041617284, -0.7682818373220397], [-0.6171161105289689, 0.28985952474492416]] [(-58853, 34885, 1676792189, 1, 10, 50000000000000000000, 35000000000000000000, 1, '0x5c5f829C4c3E8C4AB97390cb053a456616c27Ea3', 0, -60987, 35376), (-61970, 29047, 1676792189, 1, 10, 47857142857142858000, 28571428571428572000, 1, '0x26CbcaC5281B6E159bc3e6C7400AF25fA46F246B', 1, -65533, 28514), (-66104, 27465, 1676792183, 0, 2, 10535714285714286000, 10535714285714286000, 1, '0xA4b1B07974bF67f04EC51bEcABF4aD62106B1Dd0', 1, -66104, 27465), (45512, -42787, 1676792189, 0, 1, 5000000000000000000, 5000000000000000000, 0, '0xc72B1b70e69D270544369132d53529e37Be87742', 0, 45512, -42787)]
8 181.073 [[-0.08048200050096435, 0.6295372924618768], [-0.14004676041617284, -0.7682818373220397], [-0.6171161105289689, 0.28985952474492416]] [(-58853, 34885, 1676792225, 1, 10, 50000000000000000000, 35000000000000000000, 1, '0x5c5f829C4c3E8C4AB97390cb053a456616c27Ea3', 0, -60987, 35376), (-61970, 29047, 1676792225, 1, 10, 47857142857142858000, 28571428571428572000, 1, '0x26CbcaC5281B6E159bc3e6C7400AF25fA46F246B', 1, -65533, 28514), (-67331, 27080, 1676792183, 0, 5, 25625000000000000000, 25625000000000000000, 1, '0xA4b1B07974bF67f04EC51bEcABF4aD62106B1Dd0', 1, -67331, 27080), (45512, -42787, 1676792189, 0, 1, 5000000000000000000, 5000000000000000000, 0, '0xc72B1b70e69D270544369132d53529e37Be87742', 0, 45512, -42787)]
8 211.487 [[-0.08048200050096435, 0.6295372924618768], [-0.14004676041617284, -0.7682818373220397], [-0.6171161105289689, 0.28985952474492416]] [(-58853, 34885, 1676792257, 1, 10, 50000000000000000000, 35000000000000000000, 1, '0x5c5f829C4c3E8C4AB97390cb053a456616c27Ea3', 0, -60987, 35376), (-61970, 29047, 1676792257, 1, 10, 47857142857142858000, 28571428571428572000, 1, '0x26CbcaC5281B6E159bc3e6C7400AF25fA46F246B', 1, -65533, 28514), (-66168, 29214, 1676792257, 1, 10, 48705357142857144000, 44151785714285715000, 1, '0xA4b1B07974bF67f04EC51bEcABF4aD62106B1Dd0', 1, -66154, 29294), (45512, -42787, 1676792189, 0, 1, 5000000000000000000, 5000000000000000000, 0, '0xc72B1b70e69D270544369132d53529e37Be87742', 0, 45512, -42787), (-6469, 61429, 1676792239, 0, 1, 6339285714285714000, 6339285714285714000, 1, '0x633462025cF12D347C0dF50B2114E65aa364f0a6', 0, -6469, 61429), (-64709, 29577, 1676792255, 0, 2, 8616071428571429000, 8616071428571429000, 1, '0x26CbcaC5281B6E159bc3e6C7400AF25fA46F246B', 1, -64709, 29577)]
8 241.58 [[-0.08048200050096435, 0.6295372924618768], [-0.14004676041617284, -0.7682818373220397], [-0.6171161105289689, 0.28985952474492416]] [(-58853, 34885, 1676792289, 1, 10, 50000000000000000000, 35000000000000000000, 1, '0x5c5f829C4c3E8C4AB97390cb053a456616c27Ea3', 0, -60987, 35376), (-61970, 29047, 1676792289, 1, 10, 47857142857142858000, 28571428571428572000, 1, '0x26CbcaC5281B6E159bc3e6C7400AF25fA46F246B', 1, -65533, 28514), (-66168, 29214, 1676792289, 1, 10, 48705357142857144000, 44151785714285715000, 1, '0xA4b1B07974bF67f04EC51bEcABF4aD62106B1Dd0', 1, -66154, 29294), (45499, -42104, 1676792189, 0, 2, 10662202380952381000, 5000000000000000000, 0, '0xc72B1b70e69D270544369132d53529e37Be87742', 0, 45512, -42787), (-6469, 61429, 1676792239, 0, 1, 6339285714285714000, 6339285714285714000, 1, '0x633462025cF12D347C0dF50B2114E65aa364f0a6', 0, -6469, 61429), (-60250, 32177, 1676792255, 0, 3, 14151785714285715000, 14151785714285715000, 1, '0x26CbcaC5281B6E159bc3e6C7400AF25fA46F246B', 1, -60250, 32177)]
8 271.667 [[-0.08048200050096435, 0.6295372924618768], [-0.14004676041617284, -0.7682818373220397], [-0.6171161105289689, 0.28985952474492416]] [(-58853, 34885, 1676792311, 1, 10, 50000000000000000000, 35000000000000000000, 1, '0x5c5f829C4c3E8C4AB97390cb053a456616c27Ea3', 0, -60987, 35376), (-61970, 29047, 1676792311, 1, 10, 47857142857142858000, 28571428571428572000, 1, '0x26CbcaC5281B6E159bc3e6C7400AF25fA46F246B', 1, -65533, 28514), (-66168, 29214, 1676792311, 1, 10, 48705357142857144000, 44151785714285715000, 1, '0xA4b1B07974bF67f04EC51bEcABF4aD62106B1Dd0', 1, -66154, 29294), (45499, -42104, 1676792189, 0, 2, 10662202380952381000, 5000000000000000000, 0, '0xc72B1b70e69D270544369132d53529e37Be87742', 0, 45512, -42787), (-6990, 64728, 1676792239, 0, 2, 12142857142857143000, 12142857142857143000, 1, '0x633462025cF12D347C0dF50B2114E65aa364f0a6', 0, -6990, 64728), (-66172, 33854, 1676792255, 0, 5, 22842261904761905000, 22842261904761905000, 1, '0x26CbcaC5281B6E159bc3e6C7400AF25fA46F246B', 1, -66172, 33854)]
8 301.712 [[-0.08048200050096435, 0.6295372924618768], [-0.14004676041617284, -0.7682818373220397], [-0.6171161105289689, 0.28985952474492416]] [(-58853, 34885, 1676792347, 1, 10, 50000000000000000000, 35000000000000000000, 1, '0x5c5f829C4c3E8C4AB97390cb053a456616c27Ea3', 0, -60987, 35376), (-61970, 29047, 1676792347, 1, 10, 47857142857142858000, 28571428571428572000, 1, '0x26CbcaC5281B6E159bc3e6C7400AF25fA46F246B', 1, -65533, 28514), (-66168, 29214, 1676792347, 1, 10, 48705357142857144000, 44151785714285715000, 1, '0xA4b1B07974bF67f04EC51bEcABF4aD62106B1Dd0', 1, -66154, 29294), (45625, -41800, 1676792189, 0, 5, 23013392857142857000, 5000000000000000000, 0, '0xc72B1b70e69D270544369132d53529e37Be87742', 0, 45512, -42787), (-4933, 63641, 1676792239, 0, 5, 26703869047619047000, 26703869047619047000, 1, '0x633462025cF12D347C0dF50B2114E65aa364f0a6', 0, -4933, 63641), (-66172, 33854, 1676792255, 0, 5, 22842261904761905000, 22842261904761905000, 1, '0x26CbcaC5281B6E159bc3e6C7400AF25fA46F246B', 1, -66172, 33854)]
8 331.824 [[-0.08048200050096435, 0.6295372924618768], [-0.14004676041617284, -0.7682818373220397], [-0.6171161105289689, 0.28985952474492416]] [(-58853, 34885, 1676792377, 1, 10, 50000000000000000000, 35000000000000000000, 1, '0x5c5f829C4c3E8C4AB97390cb053a456616c27Ea3', 0, -60987, 35376), (-61970, 29047, 1676792377, 1, 10, 47857142857142858000, 28571428571428572000, 1, '0x26CbcaC5281B6E159bc3e6C7400AF25fA46F246B', 1, -65533, 28514), (-66168, 29214, 1676792377, 1, 10, 48705357142857144000, 44151785714285715000, 1, '0xA4b1B07974bF67f04EC51bEcABF4aD62106B1Dd0', 1, -66154, 29294), (45606, -41600, 1676792189, 0, 6, 27425595238095237500, 5000000000000000000, 0, '0xc72B1b70e69D270544369132d53529e37Be87742', 0, 45512, -42787), (-4785, 64545, 1676792239, 0, 6, 32366071428571428000, 32366071428571428000, 1, '0x633462025cF12D347C0dF50B2114E65aa364f0a6', 0, -4785, 64545), (-66110, 32036, 1676792255, 0, 6, 27968750000000000000, 27968750000000000000, 1, '0x26CbcaC5281B6E159bc3e6C7400AF25fA46F246B', 1, -66110, 32036), (-39006, 54962, 1676792351, 0, 1, 5662202380952381000, 5662202380952381000, 0, '0x0fa9077350FC3Ee6924743e1AD9b735c657C455E', 0, -39006, 54962)]
8 361.843 [[-0.08048200050096435, 0.6295372924618768], [-0.14004676041617284, -0.7682818373220397], [-0.6171161105289689, 0.28985952474492416]] [(-58853, 34885, 1676792409, 1, 10, 50000000000000000000, 35000000000000000000, 1, '0x5c5f829C4c3E8C4AB97390cb053a456616c27Ea3', 0, -60987, 35376), (-61970, 29047, 1676792409, 1, 10, 47857142857142858000, 28571428571428572000, 1, '0x26CbcaC5281B6E159bc3e6C7400AF25fA46F246B', 1, -65533, 28514), (-66168, 29214, 1676792409, 1, 10, 48705357142857144000, 44151785714285715000, 1, '0xA4b1B07974bF67f04EC51bEcABF4aD62106B1Dd0', 1, -66154, 29294), (45628, -41816, 1676792189, 0, 8, 36376488095238094500, 5000000000000000000, 0, '0xc72B1b70e69D270544369132d53529e37Be87742', 0, 45512, -42787), (-4785, 64545, 1676792239, 0, 6, 32366071428571428000, 32366071428571428000, 1, '0x633462025cF12D347C0dF50B2114E65aa364f0a6', 0, -4785, 64545), (-66110, 32036, 1676792255, 0, 6, 27968750000000000000, 27968750000000000000, 1, '0x26CbcaC5281B6E159bc3e6C7400AF25fA46F246B', 1, -66110, 32036), (-38755, 54822, 1676792351, 0, 2, 11324404761904762000, 5662202380952381000, 0, '0x0fa9077350FC3Ee6924743e1AD9b735c657C455E', 0, -39006, 54962)]
8 392.254 [[-0.08048200050096435, 0.6295372924618768], [-0.14004676041617284, -0.7682818373220397], [-0.6171161105289689, 0.28985952474492416]] [(-58853, 34885, 1676792431, 1, 10, 50000000000000000000, 35000000000000000000, 1, '0x5c5f829C4c3E8C4AB97390cb053a456616c27Ea3', 0, -60987, 35376), (-61970, 29047, 1676792431, 1, 10, 47857142857142858000, 28571428571428572000, 1, '0x26CbcaC5281B6E159bc3e6C7400AF25fA46F246B', 1, -65533, 28514), (-66168, 29214, 1676792431, 1, 10, 48705357142857144000, 44151785714285715000, 1, '0xA4b1B07974bF67f04EC51bEcABF4aD62106B1Dd0', 1, -66154, 29294), (45505, -41675, 1676792189, 0, 9, 41056547619047618500, 5000000000000000000, 0, '0xc72B1b70e69D270544369132d53529e37Be87742', 0, 45512, -42787), (-6311, 64138, 1676792239, 0, 8, 41770833333333332000, 41770833333333332000, 1, '0x633462025cF12D347C0dF50B2114E65aa364f0a6', 0, -6311, 64138), (-65054, 32838, 1676792255, 0, 7, 34434523809523810000, 34434523809523810000, 1, '0x26CbcaC5281B6E159bc3e6C7400AF25fA46F246B', 1, -65054, 32838), (-38755, 54822, 1676792351, 0, 2, 11324404761904762000, 5662202380952381000, 0, '0x0fa9077350FC3Ee6924743e1AD9b735c657C455E', 0, -39006, 54962)]
8 422.262 [[-0.08048200050096435, 0.6295372924618768], [-0.14004676041617284, -0.7682818373220397], [-0.6171161105289689, 0.28985952474492416]] [(-58853, 34885, 1676792471, 1, 10, 50000000000000000000, 35000000000000000000, 1, '0x5c5f829C4c3E8C4AB97390cb053a456616c27Ea3', 0, -60987, 35376), (-61970, 29047, 1676792471, 1, 10, 47857142857142858000, 28571428571428572000, 1, '0x26CbcaC5281B6E159bc3e6C7400AF25fA46F246B', 1, -65533, 28514), (-66168, 29214, 1676792471, 1, 10, 48705357142857144000, 44151785714285715000, 1, '0xA4b1B07974bF67f04EC51bEcABF4aD62106B1Dd0', 1, -66154, 29294), (45490, -41768, 1676792189, 2, 10, 47395833333333332500, 5000000000000000000, 0, '0xc72B1b70e69D270544369132d53529e37Be87742', 0, 45512, -42787), (-6413, 64099, 1676792471, 1, 10, 48737599206349205000, 48737599206349205000, 1, '0x633462025cF12D347C0dF50B2114E65aa364f0a6', 0, -6413, 64099), (-64753, 30615, 1676792255, 0, 8, 39561011904761905000, 39561011904761905000, 1, '0x26CbcaC5281B6E159bc3e6C7400AF25fA46F246B', 1, -64753, 30615), (-38755, 54822, 1676792351, 0, 2, 11324404761904762000, 5662202380952381000, 0, '0x0fa9077350FC3Ee6924743e1AD9b735c657C455E', 0, -39006, 54962)]
8 452.585 [[-0.08048200050096435, 0.6295372924618768], [-0.14004676041617284, -0.7682818373220397], [-0.6171161105289689, 0.28985952474492416]] [(-58853, 34885, 1676792499, 1, 10, 50000000000000000000, 35000000000000000000, 1, '0x5c5f829C4c3E8C4AB97390cb053a456616c27Ea3', 0, -60987, 35376), (-61970, 29047, 1676792499, 1, 10, 47857142857142858000, 28571428571428572000, 1, '0x26CbcaC5281B6E159bc3e6C7400AF25fA46F246B', 1, -65533, 28514), (-66168, 29214, 1676792499, 1, 10, 48705357142857144000, 44151785714285715000, 1, '0xA4b1B07974bF67f04EC51bEcABF4aD62106B1Dd0', 1, -66154, 29294), (45490, -41768, 1676792189, 2, 10, 47395833333333332500, 5000000000000000000, 0, '0xc72B1b70e69D270544369132d53529e37Be87742', 0, 45512, -42787), (-6413, 64099, 1676792499, 1, 10, 48737599206349205000, 48737599206349205000, 1, '0x633462025cF12D347C0dF50B2114E65aa364f0a6', 0, -6413, 64099), (-64753, 30615, 1676792255, 0, 8, 39561011904761905000, 39561011904761905000, 1, '0x26CbcaC5281B6E159bc3e6C7400AF25fA46F246B', 1, -64753, 30615), (-38583, 55182, 1676792351, 0, 4, 20553075396825396500, 5662202380952381000, 0, '0x0fa9077350FC3Ee6924743e1AD9b735c657C455E', 0, -39006, 54962), (45526, -40971, 1676792489, 0, 2, 10354662698412700000, 4553571428571429000, 0, '0xc72B1b70e69D270544369132d53529e37Be87742', 0, 44702, -41234)]
8 482.922 [[-0.08048200050096435, 0.6295372924618768], [-0.14004676041617284, -0.7682818373220397], [-0.6171161105289689, 0.28985952474492416]] [(-58853, 34885, 1676792521, 1, 10, 50000000000000000000, 35000000000000000000, 1, '0x5c5f829C4c3E8C4AB97390cb053a456616c27Ea3', 0, -60987, 35376), (-61970, 29047, 1676792521, 1, 10, 47857142857142858000, 28571428571428572000, 1, '0x26CbcaC5281B6E159bc3e6C7400AF25fA46F246B', 1, -65533, 28514), (-66168, 29214, 1676792521, 1, 10, 48705357142857144000, 44151785714285715000, 1, '0xA4b1B07974bF67f04EC51bEcABF4aD62106B1Dd0', 1, -66154, 29294), (45490, -41768, 1676792189, 2, 10, 47395833333333332500, 5000000000000000000, 0, '0xc72B1b70e69D270544369132d53529e37Be87742', 0, 45512, -42787), (-6413, 64099, 1676792521, 1, 10, 48737599206349205000, 48737599206349205000, 1, '0x633462025cF12D347C0dF50B2114E65aa364f0a6', 0, -6413, 64099), (-64753, 30615, 1676792255, 0, 8, 39561011904761905000, 39561011904761905000, 1, '0x26CbcaC5281B6E159bc3e6C7400AF25fA46F246B', 1, -64753, 30615), (-38504, 55146, 1676792351, 0, 6, 29382440476190475500, 5662202380952381000, 0, '0x0fa9077350FC3Ee6924743e1AD9b735c657C455E', 0, -39006, 54962), (45526, -40971, 1676792489, 0, 2, 10354662698412700000, 4553571428571429000, 0, '0xc72B1b70e69D270544369132d53529e37Be87742', 0, 44702, -41234), (-8225, 63038, 1676792515, 0, 1, 4818948412698413000, 4818948412698413000, 1, '0xa79160bC038C07678C145f1B5220be15bAdB13d7', 1, -8225, 63038)]
8 512.987 [[-0.08048200050096435, 0.6295372924618768], [-0.14004676041617284, -0.7682818373220397], [-0.6171161105289689, 0.28985952474492416]] [(-58853, 34885, 1676792557, 1, 10, 50000000000000000000, 35000000000000000000, 1, '0x5c5f829C4c3E8C4AB97390cb053a456616c27Ea3', 0, -60987, 35376), (-61970, 29047, 1676792557, 1, 10, 47857142857142858000, 28571428571428572000, 1, '0x26CbcaC5281B6E159bc3e6C7400AF25fA46F246B', 1, -65533, 28514), (-66168, 29214, 1676792557, 1, 10, 48705357142857144000, 44151785714285715000, 1, '0xA4b1B07974bF67f04EC51bEcABF4aD62106B1Dd0', 1, -66154, 29294), (45490, -41768, 1676792189, 2, 10, 47395833333333332500, 5000000000000000000, 0, '0xc72B1b70e69D270544369132d53529e37Be87742', 0, 45512, -42787), (-6413, 64099, 1676792557, 1, 10, 48737599206349205000, 48737599206349205000, 1, '0x633462025cF12D347C0dF50B2114E65aa364f0a6', 0, -6413, 64099), (-65423, 31057, 1676792255, 0, 9, 45362103174603176000, 45362103174603176000, 1, '0x26CbcaC5281B6E159bc3e6C7400AF25fA46F246B', 1, -65423, 31057), (-38762, 55220, 1676792351, 0, 9, 43938492063492062500, 5662202380952381000, 0, '0x0fa9077350FC3Ee6924743e1AD9b735c657C455E', 0, -39006, 54962), (45909, -40952, 1676792489, 0, 3, 13908730158730160000, 4553571428571429000, 0, '0xc72B1b70e69D270544369132d53529e37Be87742', 0, 44702, -41234), (-14870, 68170, 1676792515, 0, 3, 16959325396825397000, 16959325396825397000, 1, '0xa79160bC038C07678C145f1B5220be15bAdB13d7', 1, -14870, 68170)]
8 543.094 [[-0.08048200050096435, 0.6295372924618768], [-0.14004676041617284, -0.7682818373220397], [-0.6171161105289689, 0.28985952474492416]] [(-58853, 34885, 1676792591, 1, 10, 50000000000000000000, 35000000000000000000, 1, '0x5c5f829C4c3E8C4AB97390cb053a456616c27Ea3', 0, -60987, 35376), (-61970, 29047, 1676792591, 1, 10, 47857142857142858000, 28571428571428572000, 1, '0x26CbcaC5281B6E159bc3e6C7400AF25fA46F246B', 1, -65533, 28514), (-66168, 29214, 1676792591, 1, 10, 48705357142857144000, 44151785714285715000, 1, '0xA4b1B07974bF67f04EC51bEcABF4aD62106B1Dd0', 1, -66154, 29294), (45490, -41768, 1676792189, 2, 10, 47395833333333332500, 5000000000000000000, 0, '0xc72B1b70e69D270544369132d53529e37Be87742', 0, 45512, -42787), (-6413, 64099, 1676792591, 1, 10, 48737599206349205000, 48737599206349205000, 1, '0x633462025cF12D347C0dF50B2114E65aa364f0a6', 0, -6413, 64099), (-65423, 31057, 1676792255, 0, 9, 45362103174603176000, 45362103174603176000, 1, '0x26CbcaC5281B6E159bc3e6C7400AF25fA46F246B', 1, -65423, 31057), (-38720, 54983, 1676792351, 2, 10, 49064980158730157500, 5662202380952381000, 0, '0x0fa9077350FC3Ee6924743e1AD9b735c657C455E', 0, -39006, 54962), (46177, -40808, 1676792489, 0, 4, 18294270833333335000, 4553571428571429000, 0, '0xc72B1b70e69D270544369132d53529e37Be87742', 0, 44702, -41234), (-13202, 70281, 1676792515, 0, 4, 21510416666666667000, 21510416666666667000, 1, '0xa79160bC038C07678C145f1B5220be15bAdB13d7', 1, -13202, 70281)]
8 573.154 [[-0.08048200050096435, 0.6295372924618768], [-0.14004676041617284, -0.7682818373220397], [-0.6171161105289689, 0.28985952474492416]] [(-58853, 34885, 1676792615, 1, 10, 50000000000000000000, 35000000000000000000, 1, '0x5c5f829C4c3E8C4AB97390cb053a456616c27Ea3', 0, -60987, 35376), (-61970, 29047, 1676792615, 1, 10, 47857142857142858000, 28571428571428572000, 1, '0x26CbcaC5281B6E159bc3e6C7400AF25fA46F246B', 1, -65533, 28514), (-66168, 29214, 1676792615, 1, 10, 48705357142857144000, 44151785714285715000, 1, '0xA4b1B07974bF67f04EC51bEcABF4aD62106B1Dd0', 1, -66154, 29294), (45490, -41768, 1676792189, 2, 10, 47395833333333332500, 5000000000000000000, 0, '0xc72B1b70e69D270544369132d53529e37Be87742', 0, 45512, -42787), (-6413, 64099, 1676792615, 1, 10, 48737599206349205000, 48737599206349205000, 1, '0x633462025cF12D347C0dF50B2114E65aa364f0a6', 0, -6413, 64099), (-65423, 31057, 1676792255, 0, 9, 45362103174603176000, 45362103174603176000, 1, '0x26CbcaC5281B6E159bc3e6C7400AF25fA46F246B', 1, -65423, 31057), (-38720, 54983, 1676792351, 2, 10, 49064980158730157500, 5662202380952381000, 0, '0x0fa9077350FC3Ee6924743e1AD9b735c657C455E', 0, -39006, 54962), (46145, -40931, 1676792489, 0, 4, 18294270833333335000, 4553571428571429000, 0, '0xc72B1b70e69D270544369132d53529e37Be87742', 0, 44702, -41234), (-12141, 69587, 1676792515, 0, 5, 28145874669312169000, 28145874669312169000, 1, '0xa79160bC038C07678C145f1B5220be15bAdB13d7', 1, -12141, 69587)]
8 603.171 [[-0.08048200050096435, 0.6295372924618768], [-0.14004676041617284, -0.7682818373220397], [-0.6171161105289689, 0.28985952474492416]] [(-58853, 34885, 1676792641, 1, 10, 50000000000000000000, 35000000000000000000, 1, '0x5c5f829C4c3E8C4AB97390cb053a456616c27Ea3', 0, -60987, 35376), (-61970, 29047, 1676792641, 1, 10, 47857142857142858000, 28571428571428572000, 1, '0x26CbcaC5281B6E159bc3e6C7400AF25fA46F246B', 1, -65533, 28514), (-66168, 29214, 1676792641, 1, 10, 48705357142857144000, 44151785714285715000, 1, '0xA4b1B07974bF67f04EC51bEcABF4aD62106B1Dd0', 1, -66154, 29294), (45490, -41768, 1676792189, 2, 10, 47395833333333332500, 5000000000000000000, 0, '0xc72B1b70e69D270544369132d53529e37Be87742', 0, 45512, -42787), (-6413, 64099, 1676792641, 1, 10, 48737599206349205000, 48737599206349205000, 1, '0x633462025cF12D347C0dF50B2114E65aa364f0a6', 0, -6413, 64099), (-65286, 30894, 1676792641, 1, 10, 49073454034391536000, 49073454034391536000, 1, '0x26CbcaC5281B6E159bc3e6C7400AF25fA46F246B', 1, -65286, 30894), (-38720, 54983, 1676792351, 2, 10, 49064980158730157500, 5662202380952381000, 0, '0x0fa9077350FC3Ee6924743e1AD9b735c657C455E', 0, -39006, 54962), (45870, -40809, 1676792489, 0, 5, 23578042328042329000, 4553571428571429000, 0, '0xc72B1b70e69D270544369132d53529e37Be87742', 0, 44702, -41234), (-10756, 70288, 1676792515, 0, 7, 37865203373015872000, 37865203373015872000, 1, '0xa79160bC038C07678C145f1B5220be15bAdB13d7', 1, -10756, 70288)]
8 633.215 [[-0.08048200050096435, 0.6295372924618768], [-0.14004676041617284, -0.7682818373220397], [-0.6171161105289689, 0.28985952474492416]] [(-58853, 34885, 1676792679, 1, 10, 50000000000000000000, 35000000000000000000, 1, '0x5c5f829C4c3E8C4AB97390cb053a456616c27Ea3', 0, -60987, 35376), (-61970, 29047, 1676792679, 1, 10, 47857142857142858000, 28571428571428572000, 1, '0x26CbcaC5281B6E159bc3e6C7400AF25fA46F246B', 1, -65533, 28514), (-66168, 29214, 1676792679, 1, 10, 48705357142857144000, 44151785714285715000, 1, '0xA4b1B07974bF67f04EC51bEcABF4aD62106B1Dd0', 1, -66154, 29294), (45490, -41768, 1676792189, 2, 10, 47395833333333332500, 5000000000000000000, 0, '0xc72B1b70e69D270544369132d53529e37Be87742', 0, 45512, -42787), (-6413, 64099, 1676792679, 1, 10, 48737599206349205000, 48737599206349205000, 1, '0x633462025cF12D347C0dF50B2114E65aa364f0a6', 0, -6413, 64099), (-65286, 30894, 1676792679, 1, 10, 49073454034391536000, 49073454034391536000, 1, '0x26CbcaC5281B6E159bc3e6C7400AF25fA46F246B', 1, -65286, 30894), (-38720, 54983, 1676792351, 2, 10, 49064980158730157500, 5662202380952381000, 0, '0x0fa9077350FC3Ee6924743e1AD9b735c657C455E', 0, -39006, 54962), (46098, -40606, 1676792489, 0, 8, 38937251984126985000, 4553571428571429000, 0, '0xc72B1b70e69D270544369132d53529e37Be87742', 0, 44702, -41234), (-10973, 69359, 1676792515, 0, 8, 43668774801587301000, 43668774801587301000, 1, '0xa79160bC038C07678C145f1B5220be15bAdB13d7', 1, -10973, 69359), (-13389, 50331, 1676792665, 0, 1, 3108672288359788400, 3108672288359788400, 1, '0x036D6B4DA0b4Eeb9d312E958c2937D9016765F50', 1, -13389, 50331), (-71063, 34223, 1676792679, 0, 1, 4385540674603175000, 4385540674603175000, 1, '0x0fa9077350FC3Ee6924743e1AD9b735c657C455E', 1, -71063, 34223)]
8 663.38 [[-0.08048200050096435, 0.6295372924618768], [-0.14004676041617284, -0.7682818373220397], [-0.6171161105289689, 0.28985952474492416]] [(-58853, 34885, 1676792711, 1, 10, 50000000000000000000, 35000000000000000000, 1, '0x5c5f829C4c3E8C4AB97390cb053a456616c27Ea3', 0, -60987, 35376), (-61970, 29047, 1676792711, 1, 10, 47857142857142858000, 28571428571428572000, 1, '0x26CbcaC5281B6E159bc3e6C7400AF25fA46F246B', 1, -65533, 28514), (-66168, 29214, 1676792711, 1, 10, 48705357142857144000, 44151785714285715000, 1, '0xA4b1B07974bF67f04EC51bEcABF4aD62106B1Dd0', 1, -66154, 29294), (45490, -41768, 1676792189, 2, 10, 47395833333333332500, 5000000000000000000, 0, '0xc72B1b70e69D270544369132d53529e37Be87742', 0, 45512, -42787), (-6413, 64099, 1676792711, 1, 10, 48737599206349205000, 48737599206349205000, 1, '0x633462025cF12D347C0dF50B2114E65aa364f0a6', 0, -6413, 64099), (-65286, 30894, 1676792711, 1, 10, 49073454034391536000, 49073454034391536000, 1, '0x26CbcaC5281B6E159bc3e6C7400AF25fA46F246B', 1, -65286, 30894), (-38720, 54983, 1676792351, 2, 10, 49064980158730157500, 5662202380952381000, 0, '0x0fa9077350FC3Ee6924743e1AD9b735c657C455E', 0, -39006, 54962), (46098, -40606, 1676792489, 0, 8, 38937251984126985000, 4553571428571429000, 0, '0xc72B1b70e69D270544369132d53529e37Be87742', 0, 44702, -41234), (-10973, 69359, 1676792515, 0, 8, 43668774801587301000, 43668774801587301000, 1, '0xa79160bC038C07678C145f1B5220be15bAdB13d7', 1, -10973, 69359), (-10464, 61269, 1676792665, 0, 4, 18581969246031746400, 18581969246031746400, 1, '0x036D6B4DA0b4Eeb9d312E958c2937D9016765F50', 1, -10464, 61269), (-65824, 33467, 1676792679, 0, 2, 10217427248677248500, 10217427248677248500, 1, '0x0fa9077350FC3Ee6924743e1AD9b735c657C455E', 1, -65824, 33467)]
8 693.637 [[-0.08048200050096435, 0.6295372924618768], [-0.14004676041617284, -0.7682818373220397], [-0.6171161105289689, 0.28985952474492416]] [(-58853, 34885, 1676792735, 1, 10, 50000000000000000000, 35000000000000000000, 1, '0x5c5f829C4c3E8C4AB97390cb053a456616c27Ea3', 0, -60987, 35376), (-61970, 29047, 1676792735, 1, 10, 47857142857142858000, 28571428571428572000, 1, '0x26CbcaC5281B6E159bc3e6C7400AF25fA46F246B', 1, -65533, 28514), (-66168, 29214, 1676792735, 1, 10, 48705357142857144000, 44151785714285715000, 1, '0xA4b1B07974bF67f04EC51bEcABF4aD62106B1Dd0', 1, -66154, 29294), (45490, -41768, 1676792189, 2, 10, 47395833333333332500, 5000000000000000000, 0, '0xc72B1b70e69D270544369132d53529e37Be87742', 0, 45512, -42787), (-6413, 64099, 1676792735, 1, 10, 48737599206349205000, 48737599206349205000, 1, '0x633462025cF12D347C0dF50B2114E65aa364f0a6', 0, -6413, 64099), (-65286, 30894, 1676792735, 1, 10, 49073454034391536000, 49073454034391536000, 1, '0x26CbcaC5281B6E159bc3e6C7400AF25fA46F246B', 1, -65286, 30894), (-38720, 54983, 1676792351, 2, 10, 49064980158730157500, 5662202380952381000, 0, '0x0fa9077350FC3Ee6924743e1AD9b735c657C455E', 0, -39006, 54962), (46111, -40725, 1676792489, 0, 9, 45403025793650795000, 4553571428571429000, 0, '0xc72B1b70e69D270544369132d53529e37Be87742', 0, 44702, -41234), (-10667, 69593, 1676792735, 1, 10, 52967923280423279000, 47684151785714285000, 1, '0xa79160bC038C07678C145f1B5220be15bAdB13d7', 1, -10613, 69546), (-10464, 61269, 1676792665, 0, 4, 18581969246031746400, 18581969246031746400, 1, '0x036D6B4DA0b4Eeb9d312E958c2937D9016765F50', 1, -10464, 61269), (-64124, 33543, 1676792679, 0, 3, 16175801917989417500, 16175801917989417500, 1, '0x0fa9077350FC3Ee6924743e1AD9b735c657C455E', 1, -64124, 33543)]
8 723.64 [[-0.08048200050096435, 0.6295372924618768], [-0.14004676041617284, -0.7682818373220397], [-0.6171161105289689, 0.28985952474492416]] [(-58853, 34885, 1676792771, 1, 10, 50000000000000000000, 35000000000000000000, 1, '0x5c5f829C4c3E8C4AB97390cb053a456616c27Ea3', 0, -60987, 35376), (-61970, 29047, 1676792771, 1, 10, 47857142857142858000, 28571428571428572000, 1, '0x26CbcaC5281B6E159bc3e6C7400AF25fA46F246B', 1, -65533, 28514), (-66168, 29214, 1676792771, 1, 10, 48705357142857144000, 44151785714285715000, 1, '0xA4b1B07974bF67f04EC51bEcABF4aD62106B1Dd0', 1, -66154, 29294), (45490, -41768, 1676792189, 2, 10, 47395833333333332500, 5000000000000000000, 0, '0xc72B1b70e69D270544369132d53529e37Be87742', 0, 45512, -42787), (-6413, 64099, 1676792771, 1, 10, 48737599206349205000, 48737599206349205000, 1, '0x633462025cF12D347C0dF50B2114E65aa364f0a6', 0, -6413, 64099), (-65286, 30894, 1676792771, 1, 10, 49073454034391536000, 49073454034391536000, 1, '0x26CbcaC5281B6E159bc3e6C7400AF25fA46F246B', 1, -65286, 30894), (-38720, 54983, 1676792351, 2, 10, 49064980158730157500, 5662202380952381000, 0, '0x0fa9077350FC3Ee6924743e1AD9b735c657C455E', 0, -39006, 54962), (46111, -40725, 1676792489, 0, 9, 45403025793650795000, 4553571428571429000, 0, '0xc72B1b70e69D270544369132d53529e37Be87742', 0, 44702, -41234), (-10667, 69593, 1676792771, 1, 10, 52967923280423279000, 47684151785714285000, 1, '0xa79160bC038C07678C145f1B5220be15bAdB13d7', 1, -10613, 69546), (-9484, 62872, 1676792665, 0, 7, 32641604433054085400, 32641604433054085400, 1, '0x036D6B4DA0b4Eeb9d312E958c2937D9016765F50', 1, -9484, 62872), (-64124, 33543, 1676792679, 0, 3, 16175801917989417500, 16175801917989417500, 1, '0x0fa9077350FC3Ee6924743e1AD9b735c657C455E', 1, -64124, 33543)]
8 753.901 [[-0.08048200050096435, 0.6295372924618768], [-0.14004676041617284, -0.7682818373220397], [-0.6171161105289689, 0.28985952474492416]] [(-58853, 34885, 1676792801, 1, 10, 50000000000000000000, 35000000000000000000, 1, '0x5c5f829C4c3E8C4AB97390cb053a456616c27Ea3', 0, -60987, 35376), (-61970, 29047, 1676792801, 1, 10, 47857142857142858000, 28571428571428572000, 1, '0x26CbcaC5281B6E159bc3e6C7400AF25fA46F246B', 1, -65533, 28514), (-66168, 29214, 1676792801, 1, 10, 48705357142857144000, 44151785714285715000, 1, '0xA4b1B07974bF67f04EC51bEcABF4aD62106B1Dd0', 1, -66154, 29294), (45490, -41768, 1676792189, 2, 10, 47395833333333332500, 5000000000000000000, 0, '0xc72B1b70e69D270544369132d53529e37Be87742', 0, 45512, -42787), (-6413, 64099, 1676792801, 1, 10, 48737599206349205000, 48737599206349205000, 1, '0x633462025cF12D347C0dF50B2114E65aa364f0a6', 0, -6413, 64099), (-65286, 30894, 1676792801, 1, 10, 49073454034391536000, 49073454034391536000, 1, '0x26CbcaC5281B6E159bc3e6C7400AF25fA46F246B', 1, -65286, 30894), (-38720, 54983, 1676792351, 2, 10, 49064980158730157500, 5662202380952381000, 0, '0x0fa9077350FC3Ee6924743e1AD9b735c657C455E', 0, -39006, 54962), (46024, -40622, 1676792489, 0, 9, 45403025793650795000, 4553571428571429000, 0, '0xc72B1b70e69D270544369132d53529e37Be87742', 0, 44702, -41234), (-10667, 69593, 1676792801, 1, 10, 52967923280423279000, 47684151785714285000, 1, '0xa79160bC038C07678C145f1B5220be15bAdB13d7', 1, -10613, 69546), (-8753, 63661, 1676792665, 0, 9, 44854376791225749400, 39423833866108171400, 1, '0x036D6B4DA0b4Eeb9d312E958c2937D9016765F50', 1, -8500, 62862), (-67657, 31310, 1676792679, 0, 6, 33321018656305115000, 33321018656305115000, 1, '0x0fa9077350FC3Ee6924743e1AD9b735c657C455E', 1, -67657, 31310)]
8 784.295 [[-0.08048200050096435, 0.6295372924618768], [-0.14004676041617284, -0.7682818373220397], [-0.6171161105289689, 0.28985952474492416]] [(-58853, 34885, 1676792833, 1, 10, 50000000000000000000, 35000000000000000000, 1, '0x5c5f829C4c3E8C4AB97390cb053a456616c27Ea3', 0, -60987, 35376), (-61970, 29047, 1676792833, 1, 10, 47857142857142858000, 28571428571428572000, 1, '0x26CbcaC5281B6E159bc3e6C7400AF25fA46F246B', 1, -65533, 28514), (-66168, 29214, 1676792833, 1, 10, 48705357142857144000, 44151785714285715000, 1, '0xA4b1B07974bF67f04EC51bEcABF4aD62106B1Dd0', 1, -66154, 29294), (45490, -41768, 1676792189, 2, 10, 47395833333333332500, 5000000000000000000, 0, '0xc72B1b70e69D270544369132d53529e37Be87742', 0, 45512, -42787), (-6413, 64099, 1676792833, 1, 10, 48737599206349205000, 48737599206349205000, 1, '0x633462025cF12D347C0dF50B2114E65aa364f0a6', 0, -6413, 64099), (-65286, 30894, 1676792833, 1, 10, 49073454034391536000, 49073454034391536000, 1, '0x26CbcaC5281B6E159bc3e6C7400AF25fA46F246B', 1, -65286, 30894), (-38720, 54983, 1676792351, 2, 10, 49064980158730157500, 5662202380952381000, 0, '0x0fa9077350FC3Ee6924743e1AD9b735c657C455E', 0, -39006, 54962), (45916, -40544, 1676792489, 0, 9, 45403025793650795000, 4553571428571429000, 0, '0xc72B1b70e69D270544369132d53529e37Be87742', 0, 44702, -41234), (-10667, 69593, 1676792833, 1, 10, 52967923280423279000, 47684151785714285000, 1, '0xa79160bC038C07678C145f1B5220be15bAdB13d7', 1, -10613, 69546), (-9166, 64144, 1676792665, 0, 9, 44854376791225749400, 39423833866108171400, 1, '0x036D6B4DA0b4Eeb9d312E958c2937D9016765F50', 1, -8996, 63507), (-67793, 31660, 1676792679, 0, 7, 38286738499412111000, 38286738499412111000, 1, '0x0fa9077350FC3Ee6924743e1AD9b735c657C455E', 1, -67793, 31660), (1375, 80872, 1676792829, 0, 1, 5978658004482657000, 5978658004482657000, 0, '0x05d6edC4ff8ef40321aBCf7886Bc606ed13327b0', 1, 1375, 80872)]
8 814.38 [[-0.08048200050096435, 0.6295372924618768], [-0.14004676041617284, -0.7682818373220397], [-0.6171161105289689, 0.28985952474492416]] [(-58853, 34885, 1676792851, 1, 10, 50000000000000000000, 35000000000000000000, 1, '0x5c5f829C4c3E8C4AB97390cb053a456616c27Ea3', 0, -60987, 35376), (-61970, 29047, 1676792851, 1, 10, 47857142857142858000, 28571428571428572000, 1, '0x26CbcaC5281B6E159bc3e6C7400AF25fA46F246B', 1, -65533, 28514), (-66168, 29214, 1676792851, 1, 10, 48705357142857144000, 44151785714285715000, 1, '0xA4b1B07974bF67f04EC51bEcABF4aD62106B1Dd0', 1, -66154, 29294), (45490, -41768, 1676792189, 2, 10, 47395833333333332500, 5000000000000000000, 0, '0xc72B1b70e69D270544369132d53529e37Be87742', 0, 45512, -42787), (-6413, 64099, 1676792851, 1, 10, 48737599206349205000, 48737599206349205000, 1, '0x633462025cF12D347C0dF50B2114E65aa364f0a6', 0, -6413, 64099), (-65286, 30894, 1676792851, 1, 10, 49073454034391536000, 49073454034391536000, 1, '0x26CbcaC5281B6E159bc3e6C7400AF25fA46F246B', 1, -65286, 30894), (-38720, 54983, 1676792351, 2, 10, 49064980158730157500, 5662202380952381000, 0, '0x0fa9077350FC3Ee6924743e1AD9b735c657C455E', 0, -39006, 54962), (45916, -40544, 1676792489, 0, 9, 45403025793650795000, 4553571428571429000, 0, '0xc72B1b70e69D270544369132d53529e37Be87742', 0, 44702, -41234), (-10667, 69593, 1676792851, 1, 10, 52967923280423279000, 47684151785714285000, 1, '0xa79160bC038C07678C145f1B5220be15bAdB13d7', 1, -10613, 69546), (-9168, 64558, 1676792851, 1, 10, 49436705430629041900, 44006162505511463900, 1, '0x036D6B4DA0b4Eeb9d312E958c2937D9016765F50', 1, -9016, 64038), (-67793, 31660, 1676792679, 0, 7, 38286738499412111000, 38286738499412111000, 1, '0x0fa9077350FC3Ee6924743e1AD9b735c657C455E', 1, -67793, 31660), (-6599, 78746, 1676792829, 0, 2, 9690008864271017000, 9690008864271017000, 0, '0x05d6edC4ff8ef40321aBCf7886Bc606ed13327b0', 1, -6599, 78746)]
8 844.414 [[-0.08048200050096435, 0.6295372924618768], [-0.14004676041617284, -0.7682818373220397], [-0.6171161105289689, 0.28985952474492416]] [(-58853, 34885, 1676792893, 1, 10, 50000000000000000000, 35000000000000000000, 1, '0x5c5f829C4c3E8C4AB97390cb053a456616c27Ea3', 0, -60987, 35376), (-61970, 29047, 1676792893, 1, 10, 47857142857142858000, 28571428571428572000, 1, '0x26CbcaC5281B6E159bc3e6C7400AF25fA46F246B', 1, -65533, 28514), (-66168, 29214, 1676792893, 1, 10, 48705357142857144000, 44151785714285715000, 1, '0xA4b1B07974bF67f04EC51bEcABF4aD62106B1Dd0', 1, -66154, 29294), (45490, -41768, 1676792189, 2, 10, 47395833333333332500, 5000000000000000000, 0, '0xc72B1b70e69D270544369132d53529e37Be87742', 0, 45512, -42787), (-6413, 64099, 1676792893, 1, 10, 48737599206349205000, 48737599206349205000, 1, '0x633462025cF12D347C0dF50B2114E65aa364f0a6', 0, -6413, 64099), (-65286, 30894, 1676792893, 1, 10, 49073454034391536000, 49073454034391536000, 1, '0x26CbcaC5281B6E159bc3e6C7400AF25fA46F246B', 1, -65286, 30894), (-38720, 54983, 1676792351, 2, 10, 49064980158730157500, 5662202380952381000, 0, '0x0fa9077350FC3Ee6924743e1AD9b735c657C455E', 0, -39006, 54962), (45738, -40630, 1676792489, 0, 9, 45403025793650795000, 4553571428571429000, 0, '0xc72B1b70e69D270544369132d53529e37Be87742', 0, 44702, -41234), (-10667, 69593, 1676792893, 1, 10, 52967923280423279000, 47684151785714285000, 1, '0xa79160bC038C07678C145f1B5220be15bAdB13d7', 1, -10613, 69546), (-9168, 64558, 1676792893, 1, 10, 49436705430629041900, 44006162505511463900, 1, '0x036D6B4DA0b4Eeb9d312E958c2937D9016765F50', 1, -9016, 64038), (-67386, 31342, 1676792679, 0, 8, 42448886913947678000, 42448886913947678000, 1, '0x0fa9077350FC3Ee6924743e1AD9b735c657C455E', 1, -67386, 31342), (-9740, 69750, 1676792829, 0, 5, 27409739892077373000, 27409739892077373000, 0, '0x05d6edC4ff8ef40321aBCf7886Bc606ed13327b0', 1, -9740, 69750)]
8 874.507 [[-0.08048200050096435, 0.6295372924618768], [-0.14004676041617284, -0.7682818373220397], [-0.6171161105289689, 0.28985952474492416]] [(-58853, 34885, 1676792901, 1, 10, 50000000000000000000, 35000000000000000000, 1, '0x5c5f829C4c3E8C4AB97390cb053a456616c27Ea3', 0, -60987, 35376), (-61970, 29047, 1676792901, 1, 10, 47857142857142858000, 28571428571428572000, 1, '0x26CbcaC5281B6E159bc3e6C7400AF25fA46F246B', 1, -65533, 28514), (-66168, 29214, 1676792901, 1, 10, 48705357142857144000, 44151785714285715000, 1, '0xA4b1B07974bF67f04EC51bEcABF4aD62106B1Dd0', 1, -66154, 29294), (45490, -41768, 1676792189, 2, 10, 47395833333333332500, 5000000000000000000, 0, '0xc72B1b70e69D270544369132d53529e37Be87742', 0, 45512, -42787), (-6413, 64099, 1676792901, 1, 10, 48737599206349205000, 48737599206349205000, 1, '0x633462025cF12D347C0dF50B2114E65aa364f0a6', 0, -6413, 64099), (-65286, 30894, 1676792901, 1, 10, 49073454034391536000, 49073454034391536000, 1, '0x26CbcaC5281B6E159bc3e6C7400AF25fA46F246B', 1, -65286, 30894), (-38720, 54983, 1676792351, 2, 10, 49064980158730157500, 5662202380952381000, 0, '0x0fa9077350FC3Ee6924743e1AD9b735c657C455E', 0, -39006, 54962), (45738, -40630, 1676792489, 0, 9, 45403025793650795000, 4553571428571429000, 0, '0xc72B1b70e69D270544369132d53529e37Be87742', 0, 44702, -41234), (-10667, 69593, 1676792901, 1, 10, 52967923280423279000, 47684151785714285000, 1, '0xa79160bC038C07678C145f1B5220be15bAdB13d7', 1, -10613, 69546), (-9168, 64558, 1676792901, 1, 10, 49436705430629041900, 44006162505511463900, 1, '0x036D6B4DA0b4Eeb9d312E958c2937D9016765F50', 1, -9016, 64038), (-67386, 31342, 1676792679, 0, 8, 42448886913947678000, 42448886913947678000, 1, '0x0fa9077350FC3Ee6924743e1AD9b735c657C455E', 1, -67386, 31342), (-9740, 69750, 1676792829, 0, 5, 27409739892077373000, 27409739892077373000, 0, '0x05d6edC4ff8ef40321aBCf7886Bc606ed13327b0', 1, -9740, 69750), (-1298, 48638, 1676792901, 0, 1, 4072907193838184000, 4072907193838184000, 1, '0x77B770ceB4b2537e52f4534Bb39e43754eB5B7e5', 1, -1298, 48638)]
8 904.787 [[-0.08048200050096435, 0.6295372924618768], [-0.14004676041617284, -0.7682818373220397], [-0.6171161105289689, 0.28985952474492416]] [(-58853, 34885, 1676792949, 1, 10, 50000000000000000000, 35000000000000000000, 1, '0x5c5f829C4c3E8C4AB97390cb053a456616c27Ea3', 0, -60987, 35376), (-61970, 29047, 1676792949, 1, 10, 47857142857142858000, 28571428571428572000, 1, '0x26CbcaC5281B6E159bc3e6C7400AF25fA46F246B', 1, -65533, 28514), (-66168, 29214, 1676792949, 1, 10, 48705357142857144000, 44151785714285715000, 1, '0xA4b1B07974bF67f04EC51bEcABF4aD62106B1Dd0', 1, -66154, 29294), (45490, -41768, 1676792189, 2, 10, 47395833333333332500, 5000000000000000000, 0, '0xc72B1b70e69D270544369132d53529e37Be87742', 0, 45512, -42787), (-6413, 64099, 1676792949, 1, 10, 48737599206349205000, 48737599206349205000, 1, '0x633462025cF12D347C0dF50B2114E65aa364f0a6', 0, -6413, 64099), (-65286, 30894, 1676792949, 1, 10, 49073454034391536000, 49073454034391536000, 1, '0x26CbcaC5281B6E159bc3e6C7400AF25fA46F246B', 1, -65286, 30894), (-38720, 54983, 1676792351, 2, 10, 49064980158730157500, 5662202380952381000, 0, '0x0fa9077350FC3Ee6924743e1AD9b735c657C455E', 0, -39006, 54962), (45761, -40485, 1676792489, 0, 9, 45403025793650795000, 4553571428571429000, 0, '0xc72B1b70e69D270544369132d53529e37Be87742', 0, 44702, -41234), (-10667, 69593, 1676792949, 1, 10, 52967923280423279000, 47684151785714285000, 1, '0xa79160bC038C07678C145f1B5220be15bAdB13d7', 1, -10613, 69546), (-9168, 64558, 1676792949, 1, 10, 49436705430629041900, 44006162505511463900, 1, '0x036D6B4DA0b4Eeb9d312E958c2937D9016765F50', 1, -9016, 64038), (-67705, 31259, 1676792679, 0, 9, 46311086188322637600, 46311086188322637600, 1, '0x0fa9077350FC3Ee6924743e1AD9b735c657C455E', 1, -67705, 31259), (-10136, 69616, 1676792829, 0, 8, 43171920322859511000, 43171920322859511000, 0, '0x05d6edC4ff8ef40321aBCf7886Bc606ed13327b0', 1, -10136, 69616), (-845, 53571, 1676792901, 0, 2, 7332427896784572000, 7332427896784572000, 1, '0x77B770ceB4b2537e52f4534Bb39e43754eB5B7e5', 1, -845, 53571)]
8 934.978 [[-0.08048200050096435, 0.6295372924618768], [-0.14004676041617284, -0.7682818373220397], [-0.6171161105289689, 0.28985952474492416]] [(-58853, 34885, 1676792983, 1, 10, 50000000000000000000, 35000000000000000000, 1, '0x5c5f829C4c3E8C4AB97390cb053a456616c27Ea3', 0, -60987, 35376), (-61970, 29047, 1676792983, 1, 10, 47857142857142858000, 28571428571428572000, 1, '0x26CbcaC5281B6E159bc3e6C7400AF25fA46F246B', 1, -65533, 28514), (-66168, 29214, 1676792983, 1, 10, 48705357142857144000, 44151785714285715000, 1, '0xA4b1B07974bF67f04EC51bEcABF4aD62106B1Dd0', 1, -66154, 29294), (45490, -41768, 1676792189, 2, 10, 47395833333333332500, 5000000000000000000, 0, '0xc72B1b70e69D270544369132d53529e37Be87742', 0, 45512, -42787), (-6413, 64099, 1676792983, 1, 10, 48737599206349205000, 48737599206349205000, 1, '0x633462025cF12D347C0dF50B2114E65aa364f0a6', 0, -6413, 64099), (-65286, 30894, 1676792983, 1, 10, 49073454034391536000, 49073454034391536000, 1, '0x26CbcaC5281B6E159bc3e6C7400AF25fA46F246B', 1, -65286, 30894), (-38720, 54983, 1676792351, 2, 10, 49064980158730157500, 5662202380952381000, 0, '0x0fa9077350FC3Ee6924743e1AD9b735c657C455E', 0, -39006, 54962), (45647, -40318, 1676792489, 2, 10, 51381683798133452000, 4553571428571429000, 0, '0xc72B1b70e69D270544369132d53529e37Be87742', 0, 44702, -41234), (-10667, 69593, 1676792983, 1, 10, 52967923280423279000, 47684151785714285000, 1, '0xa79160bC038C07678C145f1B5220be15bAdB13d7', 1, -10613, 69546), (-9168, 64558, 1676792983, 1, 10, 49436705430629041900, 44006162505511463900, 1, '0x036D6B4DA0b4Eeb9d312E958c2937D9016765F50', 1, -9016, 64038), (-67705, 31259, 1676792679, 0, 9, 46311086188322637600, 46311086188322637600, 1, '0x0fa9077350FC3Ee6924743e1AD9b735c657C455E', 1, -67705, 31259), (-9685, 68359, 1676792829, 0, 8, 43171920322859511000, 43171920322859511000, 0, '0x05d6edC4ff8ef40321aBCf7886Bc606ed13327b0', 1, -9685, 68359), (-1612, 52141, 1676792901, 0, 3, 11494576311320139000, 7332427896784572000, 1, '0x77B770ceB4b2537e52f4534Bb39e43754eB5B7e5', 1, -845, 53571)]
8 965.479 [[-0.08048200050096435, 0.6295372924618768], [-0.14004676041617284, -0.7682818373220397], [-0.6171161105289689, 0.28985952474492416]] [(-58853, 34885, 1676793011, 1, 10, 50000000000000000000, 35000000000000000000, 1, '0x5c5f829C4c3E8C4AB97390cb053a456616c27Ea3', 0, -60987, 35376), (-61970, 29047, 1676793011, 1, 10, 47857142857142858000, 28571428571428572000, 1, '0x26CbcaC5281B6E159bc3e6C7400AF25fA46F246B', 1, -65533, 28514), (-66168, 29214, 1676793011, 1, 10, 48705357142857144000, 44151785714285715000, 1, '0xA4b1B07974bF67f04EC51bEcABF4aD62106B1Dd0', 1, -66154, 29294), (45490, -41768, 1676792189, 2, 10, 47395833333333332500, 5000000000000000000, 0, '0xc72B1b70e69D270544369132d53529e37Be87742', 0, 45512, -42787), (-6413, 64099, 1676793011, 1, 10, 48737599206349205000, 48737599206349205000, 1, '0x633462025cF12D347C0dF50B2114E65aa364f0a6', 0, -6413, 64099), (-65286, 30894, 1676793011, 1, 10, 49073454034391536000, 49073454034391536000, 1, '0x26CbcaC5281B6E159bc3e6C7400AF25fA46F246B', 1, -65286, 30894), (-38720, 54983, 1676792351, 2, 10, 49064980158730157500, 5662202380952381000, 0, '0x0fa9077350FC3Ee6924743e1AD9b735c657C455E', 0, -39006, 54962), (45647, -40318, 1676792489, 2, 10, 51381683798133452000, 4553571428571429000, 0, '0xc72B1b70e69D270544369132d53529e37Be87742', 0, 44702, -41234), (-10667, 69593, 1676793011, 1, 10, 52967923280423279000, 47684151785714285000, 1, '0xa79160bC038C07678C145f1B5220be15bAdB13d7', 1, -10613, 69546), (-9168, 64558, 1676793011, 1, 10, 49436705430629041900, 44006162505511463900, 1, '0x036D6B4DA0b4Eeb9d312E958c2937D9016765F50', 1, -9016, 64038), (-67648, 31147, 1676792679, 0, 9, 46311086188322637600, 46311086188322637600, 1, '0x0fa9077350FC3Ee6924743e1AD9b735c657C455E', 1, -67648, 31147), (-9610, 68874, 1676792829, 0, 9, 47905097376849402000, 47905097376849402000, 0, '0x05d6edC4ff8ef40321aBCf7886Bc606ed13327b0', 1, -9610, 68874), (-1612, 52141, 1676792901, 0, 3, 11494576311320139000, 7332427896784572000, 1, '0x77B770ceB4b2537e52f4534Bb39e43754eB5B7e5', 1, -845, 53571)]
8 995.49 [[-0.08048200050096435, 0.6295372924618768], [-0.14004676041617284, -0.7682818373220397], [-0.6171161105289689, 0.28985952474492416]] [(-58853, 34885, 1676793035, 1, 10, 50000000000000000000, 35000000000000000000, 1, '0x5c5f829C4c3E8C4AB97390cb053a456616c27Ea3', 0, -60987, 35376), (-61970, 29047, 1676793035, 1, 10, 47857142857142858000, 28571428571428572000, 1, '0x26CbcaC5281B6E159bc3e6C7400AF25fA46F246B', 1, -65533, 28514), (-66168, 29214, 1676793035, 1, 10, 48705357142857144000, 44151785714285715000, 1, '0xA4b1B07974bF67f04EC51bEcABF4aD62106B1Dd0', 1, -66154, 29294), (45490, -41768, 1676792189, 2, 10, 47395833333333332500, 5000000000000000000, 0, '0xc72B1b70e69D270544369132d53529e37Be87742', 0, 45512, -42787), (-6413, 64099, 1676793035, 1, 10, 48737599206349205000, 48737599206349205000, 1, '0x633462025cF12D347C0dF50B2114E65aa364f0a6', 0, -6413, 64099), (-65286, 30894, 1676793035, 1, 10, 49073454034391536000, 49073454034391536000, 1, '0x26CbcaC5281B6E159bc3e6C7400AF25fA46F246B', 1, -65286, 30894), (-38720, 54983, 1676792351, 2, 10, 49064980158730157500, 5662202380952381000, 0, '0x0fa9077350FC3Ee6924743e1AD9b735c657C455E', 0, -39006, 54962), (45647, -40318, 1676792489, 2, 10, 51381683798133452000, 4553571428571429000, 0, '0xc72B1b70e69D270544369132d53529e37Be87742', 0, 44702, -41234), (-10667, 69593, 1676793035, 1, 10, 52967923280423279000, 47684151785714285000, 1, '0xa79160bC038C07678C145f1B5220be15bAdB13d7', 1, -10613, 69546), (-9168, 64558, 1676793035, 1, 10, 49436705430629041900, 44006162505511463900, 1, '0x036D6B4DA0b4Eeb9d312E958c2937D9016765F50', 1, -9016, 64038), (-67210, 30832, 1676793035, 1, 10, 53370652131201418100, 53370652131201418100, 1, '0x0fa9077350FC3Ee6924743e1AD9b735c657C455E', 1, -67210, 30832), (-9442, 68746, 1676793035, 1, 10, 52193733886623065000, 47905097376849402000, 0, '0x05d6edC4ff8ef40321aBCf7886Bc606ed13327b0', 1, -9349, 68693), (-3498, 54961, 1676792901, 0, 4, 18233609646490628000, 14071461231955061000, 1, '0x77B770ceB4b2537e52f4534Bb39e43754eB5B7e5', 1, -3656, 56540), (43235, -41791, 1676793029, 0, 1, 3415178571428571000, 3415178571428571000, 0, '0xc72B1b70e69D270544369132d53529e37Be87742', 0, 43235, -41791)]
8 1025.581 [[-0.08048200050096435, 0.6295372924618768], [-0.14004676041617284, -0.7682818373220397], [-0.6171161105289689, 0.28985952474492416]] [(-58853, 34885, 1676793055, 1, 10, 50000000000000000000, 35000000000000000000, 1, '0x5c5f829C4c3E8C4AB97390cb053a456616c27Ea3', 0, -60987, 35376), (-61970, 29047, 1676793055, 1, 10, 47857142857142858000, 28571428571428572000, 1, '0x26CbcaC5281B6E159bc3e6C7400AF25fA46F246B', 1, -65533, 28514), (-66168, 29214, 1676793055, 1, 10, 48705357142857144000, 44151785714285715000, 1, '0xA4b1B07974bF67f04EC51bEcABF4aD62106B1Dd0', 1, -66154, 29294), (45490, -41768, 1676792189, 2, 10, 47395833333333332500, 5000000000000000000, 0, '0xc72B1b70e69D270544369132d53529e37Be87742', 0, 45512, -42787), (-6413, 64099, 1676793055, 1, 10, 48737599206349205000, 48737599206349205000, 1, '0x633462025cF12D347C0dF50B2114E65aa364f0a6', 0, -6413, 64099), (-65286, 30894, 1676793055, 1, 10, 49073454034391536000, 49073454034391536000, 1, '0x26CbcaC5281B6E159bc3e6C7400AF25fA46F246B', 1, -65286, 30894), (-38720, 54983, 1676792351, 2, 10, 49064980158730157500, 5662202380952381000, 0, '0x0fa9077350FC3Ee6924743e1AD9b735c657C455E', 0, -39006, 54962), (45647, -40318, 1676792489, 2, 10, 51381683798133452000, 4553571428571429000, 0, '0xc72B1b70e69D270544369132d53529e37Be87742', 0, 44702, -41234), (-10667, 69593, 1676793055, 1, 10, 52967923280423279000, 47684151785714285000, 1, '0xa79160bC038C07678C145f1B5220be15bAdB13d7', 1, -10613, 69546), (-9168, 64558, 1676793055, 1, 10, 49436705430629041900, 44006162505511463900, 1, '0x036D6B4DA0b4Eeb9d312E958c2937D9016765F50', 1, -9016, 64038), (-67210, 30832, 1676793055, 1, 10, 53370652131201418100, 53370652131201418100, 1, '0x0fa9077350FC3Ee6924743e1AD9b735c657C455E', 1, -67210, 30832), (-9442, 68746, 1676793055, 1, 10, 52193733886623065000, 47905097376849402000, 0, '0x05d6edC4ff8ef40321aBCf7886Bc606ed13327b0', 1, -9349, 68693), (-4779, 56582, 1676792901, 0, 6, 29570497969688992000, 20172652505521672000, 1, '0x77B770ceB4b2537e52f4534Bb39e43754eB5B7e5', 1, -5641, 59285), (43235, -41791, 1676793029, 0, 1, 3415178571428571000, 3415178571428571000, 0, '0xc72B1b70e69D270544369132d53529e37Be87742', 0, 43235, -41791), (-66312, 32715, 1676793045, 0, 1, 4107816161551211000, 4107816161551211000, 1, '0x3662FA93E6C3bcB04B95e5dD7B1266AD9e8A9965', 1, -66312, 32715)]
8 1055.639 [[-0.08048200050096435, 0.6295372924618768], [-0.14004676041617284, -0.7682818373220397], [-0.6171161105289689, 0.28985952474492416]] [(-58853, 34885, 1676793091, 1, 10, 50000000000000000000, 35000000000000000000, 1, '0x5c5f829C4c3E8C4AB97390cb053a456616c27Ea3', 0, -60987, 35376), (-61970, 29047, 1676793091, 1, 10, 47857142857142858000, 28571428571428572000, 1, '0x26CbcaC5281B6E159bc3e6C7400AF25fA46F246B', 1, -65533, 28514), (-66168, 29214, 1676793091, 1, 10, 48705357142857144000, 44151785714285715000, 1, '0xA4b1B07974bF67f04EC51bEcABF4aD62106B1Dd0', 1, -66154, 29294), (45490, -41768, 1676792189, 2, 10, 47395833333333332500, 5000000000000000000, 0, '0xc72B1b70e69D270544369132d53529e37Be87742', 0, 45512, -42787), (-6413, 64099, 1676793091, 1, 10, 48737599206349205000, 48737599206349205000, 1, '0x633462025cF12D347C0dF50B2114E65aa364f0a6', 0, -6413, 64099), (-65286, 30894, 1676793091, 1, 10, 49073454034391536000, 49073454034391536000, 1, '0x26CbcaC5281B6E159bc3e6C7400AF25fA46F246B', 1, -65286, 30894), (-38720, 54983, 1676792351, 2, 10, 49064980158730157500, 5662202380952381000, 0, '0x0fa9077350FC3Ee6924743e1AD9b735c657C455E', 0, -39006, 54962), (45647, -40318, 1676792489, 2, 10, 51381683798133452000, 4553571428571429000, 0, '0xc72B1b70e69D270544369132d53529e37Be87742', 0, 44702, -41234), (-10667, 69593, 1676793091, 1, 10, 52967923280423279000, 47684151785714285000, 1, '0xa79160bC038C07678C145f1B5220be15bAdB13d7', 1, -10613, 69546), (-9168, 64558, 1676793091, 1, 10, 49436705430629041900, 44006162505511463900, 1, '0x036D6B4DA0b4Eeb9d312E958c2937D9016765F50', 1, -9016, 64038), (-67210, 30832, 1676793091, 1, 10, 53370652131201418100, 53370652131201418100, 1, '0x0fa9077350FC3Ee6924743e1AD9b735c657C455E', 1, -67210, 30832), (-9442, 68746, 1676793091, 1, 10, 52193733886623065000, 47905097376849402000, 0, '0x05d6edC4ff8ef40321aBCf7886Bc606ed13327b0', 1, -9349, 68693), (-5610, 59727, 1676792901, 0, 9, 44866960502961904000, 35469115038794584000, 1, '0x77B770ceB4b2537e52f4534Bb39e43754eB5B7e5', 1, -6321, 62098), (42299, -42260, 1676793029, 0, 2, 10474744514307351500, 3415178571428571000, 0, '0xc72B1b70e69D270544369132d53529e37Be87742', 0, 43235, -41791), (-66312, 32715, 1676793045, 0, 1, 4107816161551211000, 4107816161551211000, 1, '0x3662FA93E6C3bcB04B95e5dD7B1266AD9e8A9965', 1, -66312, 32715)]
8 1085.795 [[-0.08048200050096435, 0.6295372924618768], [-0.14004676041617284, -0.7682818373220397], [-0.6171161105289689, 0.28985952474492416]] [(-58853, 34885, 1676793133, 1, 10, 50000000000000000000, 35000000000000000000, 1, '0x5c5f829C4c3E8C4AB97390cb053a456616c27Ea3', 0, -60987, 35376), (-61970, 29047, 1676793133, 1, 10, 47857142857142858000, 28571428571428572000, 1, '0x26CbcaC5281B6E159bc3e6C7400AF25fA46F246B', 1, -65533, 28514), (-66168, 29214, 1676793133, 1, 10, 48705357142857144000, 44151785714285715000, 1, '0xA4b1B07974bF67f04EC51bEcABF4aD62106B1Dd0', 1, -66154, 29294), (45490, -41768, 1676792189, 2, 10, 47395833333333332500, 5000000000000000000, 0, '0xc72B1b70e69D270544369132d53529e37Be87742', 0, 45512, -42787), (-6413, 64099, 1676793133, 1, 10, 48737599206349205000, 48737599206349205000, 1, '0x633462025cF12D347C0dF50B2114E65aa364f0a6', 0, -6413, 64099), (-65286, 30894, 1676793133, 1, 10, 49073454034391536000, 49073454034391536000, 1, '0x26CbcaC5281B6E159bc3e6C7400AF25fA46F246B', 1, -65286, 30894), (-38720, 54983, 1676792351, 2, 10, 49064980158730157500, 5662202380952381000, 0, '0x0fa9077350FC3Ee6924743e1AD9b735c657C455E', 0, -39006, 54962), (45647, -40318, 1676792489, 2, 10, 51381683798133452000, 4553571428571429000, 0, '0xc72B1b70e69D270544369132d53529e37Be87742', 0, 44702, -41234), (-10667, 69593, 1676793133, 1, 10, 52967923280423279000, 47684151785714285000, 1, '0xa79160bC038C07678C145f1B5220be15bAdB13d7', 1, -10613, 69546), (-9168, 64558, 1676793133, 1, 10, 49436705430629041900, 44006162505511463900, 1, '0x036D6B4DA0b4Eeb9d312E958c2937D9016765F50', 1, -9016, 64038), (-67210, 30832, 1676793133, 1, 10, 53370652131201418100, 53370652131201418100, 1, '0x0fa9077350FC3Ee6924743e1AD9b735c657C455E', 1, -67210, 30832), (-9442, 68746, 1676793133, 1, 10, 52193733886623065000, 47905097376849402000, 0, '0x05d6edC4ff8ef40321aBCf7886Bc606ed13327b0', 1, -9349, 68693), (-5645, 60493, 1676793133, 1, 10, 49648966479327931000, 40251121015160611000, 1, '0x77B770ceB4b2537e52f4534Bb39e43754eB5B7e5', 1, -6225, 62583), (43259, -42181, 1676793029, 0, 6, 31255280224765661500, 3415178571428571000, 0, '0xc72B1b70e69D270544369132d53529e37Be87742', 0, 43235, -41791), (-66312, 32715, 1676793045, 0, 1, 4107816161551211000, 4107816161551211000, 1, '0x3662FA93E6C3bcB04B95e5dD7B1266AD9e8A9965', 1, -66312, 32715)]
8 1115.779 [[-0.08048200050096435, 0.6295372924618768], [-0.14004676041617284, -0.7682818373220397], [-0.6171161105289689, 0.28985952474492416]] [(-58853, 34885, 1676793159, 1, 10, 50000000000000000000, 35000000000000000000, 1, '0x5c5f829C4c3E8C4AB97390cb053a456616c27Ea3', 0, -60987, 35376), (-61970, 29047, 1676793159, 1, 10, 47857142857142858000, 28571428571428572000, 1, '0x26CbcaC5281B6E159bc3e6C7400AF25fA46F246B', 1, -65533, 28514), (-66168, 29214, 1676793159, 1, 10, 48705357142857144000, 44151785714285715000, 1, '0xA4b1B07974bF67f04EC51bEcABF4aD62106B1Dd0', 1, -66154, 29294), (45490, -41768, 1676792189, 2, 10, 47395833333333332500, 5000000000000000000, 0, '0xc72B1b70e69D270544369132d53529e37Be87742', 0, 45512, -42787), (-6413, 64099, 1676793159, 1, 10, 48737599206349205000, 48737599206349205000, 1, '0x633462025cF12D347C0dF50B2114E65aa364f0a6', 0, -6413, 64099), (-65286, 30894, 1676793159, 1, 10, 49073454034391536000, 49073454034391536000, 1, '0x26CbcaC5281B6E159bc3e6C7400AF25fA46F246B', 1, -65286, 30894), (-38720, 54983, 1676792351, 2, 10, 49064980158730157500, 5662202380952381000, 0, '0x0fa9077350FC3Ee6924743e1AD9b735c657C455E', 0, -39006, 54962), (45647, -40318, 1676792489, 2, 10, 51381683798133452000, 4553571428571429000, 0, '0xc72B1b70e69D270544369132d53529e37Be87742', 0, 44702, -41234), (-10667, 69593, 1676793159, 1, 10, 52967923280423279000, 47684151785714285000, 1, '0xa79160bC038C07678C145f1B5220be15bAdB13d7', 1, -10613, 69546), (-9168, 64558, 1676793159, 1, 10, 49436705430629041900, 44006162505511463900, 1, '0x036D6B4DA0b4Eeb9d312E958c2937D9016765F50', 1, -9016, 64038), (-67210, 30832, 1676793159, 1, 10, 53370652131201418100, 53370652131201418100, 1, '0x0fa9077350FC3Ee6924743e1AD9b735c657C455E', 1, -67210, 30832), (-9442, 68746, 1676793159, 1, 10, 52193733886623065000, 47905097376849402000, 0, '0x05d6edC4ff8ef40321aBCf7886Bc606ed13327b0', 1, -9349, 68693), (-5645, 60493, 1676793159, 1, 10, 49648966479327931000, 40251121015160611000, 1, '0x77B770ceB4b2537e52f4534Bb39e43754eB5B7e5', 1, -6225, 62583), (43433, -42205, 1676793029, 0, 7, 38113442351874307000, 3415178571428571000, 0, '0xc72B1b70e69D270544369132d53529e37Be87742', 0, 43235, -41791), (-65176, 29784, 1676793045, 0, 2, 10462656132626231500, 10462656132626231500, 1, '0x3662FA93E6C3bcB04B95e5dD7B1266AD9e8A9965', 1, -65176, 29784), (-15229, 59963, 1676793157, 0, 2, 9483795594605297500, 9483795594605297500, 1, '0x036D6B4DA0b4Eeb9d312E958c2937D9016765F50', 1, -15229, 59963)]
8 1145.811 [[-0.08048200050096435, 0.6295372924618768], [-0.14004676041617284, -0.7682818373220397], [-0.6171161105289689, 0.28985952474492416]] [(-58853, 34885, 1676793194, 1, 10, 50000000000000000000, 35000000000000000000, 1, '0x5c5f829C4c3E8C4AB97390cb053a456616c27Ea3', 0, -60987, 35376), (-61970, 29047, 1676793194, 1, 10, 47857142857142858000, 28571428571428572000, 1, '0x26CbcaC5281B6E159bc3e6C7400AF25fA46F246B', 1, -65533, 28514), (-66168, 29214, 1676793194, 1, 10, 48705357142857144000, 44151785714285715000, 1, '0xA4b1B07974bF67f04EC51bEcABF4aD62106B1Dd0', 1, -66154, 29294), (45490, -41768, 1676792189, 2, 10, 47395833333333332500, 5000000000000000000, 0, '0xc72B1b70e69D270544369132d53529e37Be87742', 0, 45512, -42787), (-6413, 64099, 1676793194, 1, 10, 48737599206349205000, 48737599206349205000, 1, '0x633462025cF12D347C0dF50B2114E65aa364f0a6', 0, -6413, 64099), (-65286, 30894, 1676793194, 1, 10, 49073454034391536000, 49073454034391536000, 1, '0x26CbcaC5281B6E159bc3e6C7400AF25fA46F246B', 1, -65286, 30894), (-38720, 54983, 1676792351, 2, 10, 49064980158730157500, 5662202380952381000, 0, '0x0fa9077350FC3Ee6924743e1AD9b735c657C455E', 0, -39006, 54962), (45647, -40318, 1676792489, 2, 10, 51381683798133452000, 4553571428571429000, 0, '0xc72B1b70e69D270544369132d53529e37Be87742', 0, 44702, -41234), (-10667, 69593, 1676793194, 1, 10, 52967923280423279000, 47684151785714285000, 1, '0xa79160bC038C07678C145f1B5220be15bAdB13d7', 1, -10613, 69546), (-9168, 64558, 1676793194, 1, 10, 49436705430629041900, 44006162505511463900, 1, '0x036D6B4DA0b4Eeb9d312E958c2937D9016765F50', 1, -9016, 64038), (-67210, 30832, 1676793194, 1, 10, 53370652131201418100, 53370652131201418100, 1, '0x0fa9077350FC3Ee6924743e1AD9b735c657C455E', 1, -67210, 30832), (-9442, 68746, 1676793194, 1, 10, 52193733886623065000, 47905097376849402000, 0, '0x05d6edC4ff8ef40321aBCf7886Bc606ed13327b0', 1, -9349, 68693), (-5645, 60493, 1676793194, 1, 10, 49648966479327931000, 40251121015160611000, 1, '0x77B770ceB4b2537e52f4534Bb39e43754eB5B7e5', 1, -6225, 62583), (43273, -42295, 1676793029, 0, 8, 43259430868557584500, 3415178571428571000, 0, '0xc72B1b70e69D270544369132d53529e37Be87742', 0, 43235, -41791), (-68332, 32100, 1676793045, 0, 6, 33038686246110080200, 33038686246110080200, 1, '0x3662FA93E6C3bcB04B95e5dD7B1266AD9e8A9965', 1, -68332, 32100), (-12355, 59956, 1676793157, 0, 3, 13866794981630368000, 9483795594605297500, 1, '0x036D6B4DA0b4Eeb9d312E958c2937D9016765F50', 1, -15229, 59963)]
8 1175.821 [[-0.08048200050096435, 0.6295372924618768], [-0.14004676041617284, -0.7682818373220397], [-0.6171161105289689, 0.28985952474492416]] [(-58853, 34885, 1676793220, 1, 10, 50000000000000000000, 35000000000000000000, 1, '0x5c5f829C4c3E8C4AB97390cb053a456616c27Ea3', 0, -60987, 35376), (-61970, 29047, 1676793220, 1, 10, 47857142857142858000, 28571428571428572000, 1, '0x26CbcaC5281B6E159bc3e6C7400AF25fA46F246B', 1, -65533, 28514), (-66168, 29214, 1676793220, 1, 10, 48705357142857144000, 44151785714285715000, 1, '0xA4b1B07974bF67f04EC51bEcABF4aD62106B1Dd0', 1, -66154, 29294), (45490, -41768, 1676792189, 2, 10, 47395833333333332500, 5000000000000000000, 0, '0xc72B1b70e69D270544369132d53529e37Be87742', 0, 45512, -42787), (-6413, 64099, 1676793220, 1, 10, 48737599206349205000, 48737599206349205000, 1, '0x633462025cF12D347C0dF50B2114E65aa364f0a6', 0, -6413, 64099), (-65286, 30894, 1676793220, 1, 10, 49073454034391536000, 49073454034391536000, 1, '0x26CbcaC5281B6E159bc3e6C7400AF25fA46F246B', 1, -65286, 30894), (-38720, 54983, 1676792351, 2, 10, 49064980158730157500, 5662202380952381000, 0, '0x0fa9077350FC3Ee6924743e1AD9b735c657C455E', 0, -39006, 54962), (45647, -40318, 1676792489, 2, 10, 51381683798133452000, 4553571428571429000, 0, '0xc72B1b70e69D270544369132d53529e37Be87742', 0, 44702, -41234), (-10667, 69593, 1676793220, 1, 10, 52967923280423279000, 47684151785714285000, 1, '0xa79160bC038C07678C145f1B5220be15bAdB13d7', 1, -10613, 69546), (-9168, 64558, 1676793220, 1, 10, 49436705430629041900, 44006162505511463900, 1, '0x036D6B4DA0b4Eeb9d312E958c2937D9016765F50', 1, -9016, 64038), (-67210, 30832, 1676793220, 1, 10, 53370652131201418100, 53370652131201418100, 1, '0x0fa9077350FC3Ee6924743e1AD9b735c657C455E', 1, -67210, 30832), (-9442, 68746, 1676793220, 1, 10, 52193733886623065000, 47905097376849402000, 0, '0x05d6edC4ff8ef40321aBCf7886Bc606ed13327b0', 1, -9349, 68693), (-5645, 60493, 1676793220, 1, 10, 49648966479327931000, 40251121015160611000, 1, '0x77B770ceB4b2537e52f4534Bb39e43754eB5B7e5', 1, -6225, 62583), (43185, -42090, 1676793029, 2, 10, 54015769671939045500, 3415178571428571000, 0, '0xc72B1b70e69D270544369132d53529e37Be87742', 0, 43235, -41791), (-68377, 31028, 1676793045, 0, 8, 44514572539252594200, 44514572539252594200, 1, '0x3662FA93E6C3bcB04B95e5dD7B1266AD9e8A9965', 1, -68377, 31028), (-12355, 59956, 1676793157, 0, 3, 13866794981630368000, 9483795594605297500, 1, '0x036D6B4DA0b4Eeb9d312E958c2937D9016765F50', 1, -15229, 59963)]
8 1205.925 [[-0.08048200050096435, 0.6295372924618768], [-0.14004676041617284, -0.7682818373220397], [-0.6171161105289689, 0.28985952474492416]] [(-58853, 34885, 1676793254, 1, 10, 50000000000000000000, 35000000000000000000, 1, '0x5c5f829C4c3E8C4AB97390cb053a456616c27Ea3', 0, -60987, 35376), (-61970, 29047, 1676793254, 1, 10, 47857142857142858000, 28571428571428572000, 1, '0x26CbcaC5281B6E159bc3e6C7400AF25fA46F246B', 1, -65533, 28514), (-66168, 29214, 1676793254, 1, 10, 48705357142857144000, 44151785714285715000, 1, '0xA4b1B07974bF67f04EC51bEcABF4aD62106B1Dd0', 1, -66154, 29294), (45490, -41768, 1676792189, 2, 10, 47395833333333332500, 5000000000000000000, 0, '0xc72B1b70e69D270544369132d53529e37Be87742', 0, 45512, -42787), (-6413, 64099, 1676793254, 1, 10, 48737599206349205000, 48737599206349205000, 1, '0x633462025cF12D347C0dF50B2114E65aa364f0a6', 0, -6413, 64099), (-65286, 30894, 1676793254, 1, 10, 49073454034391536000, 49073454034391536000, 1, '0x26CbcaC5281B6E159bc3e6C7400AF25fA46F246B', 1, -65286, 30894), (-38720, 54983, 1676792351, 2, 10, 49064980158730157500, 5662202380952381000, 0, '0x0fa9077350FC3Ee6924743e1AD9b735c657C455E', 0, -39006, 54962), (45647, -40318, 1676792489, 2, 10, 51381683798133452000, 4553571428571429000, 0, '0xc72B1b70e69D270544369132d53529e37Be87742', 0, 44702, -41234), (-10667, 69593, 1676793254, 1, 10, 52967923280423279000, 47684151785714285000, 1, '0xa79160bC038C07678C145f1B5220be15bAdB13d7', 1, -10613, 69546), (-9168, 64558, 1676793254, 1, 10, 49436705430629041900, 44006162505511463900, 1, '0x036D6B4DA0b4Eeb9d312E958c2937D9016765F50', 1, -9016, 64038), (-67210, 30832, 1676793254, 1, 10, 53370652131201418100, 53370652131201418100, 1, '0x0fa9077350FC3Ee6924743e1AD9b735c657C455E', 1, -67210, 30832), (-9442, 68746, 1676793254, 1, 10, 52193733886623065000, 47905097376849402000, 0, '0x05d6edC4ff8ef40321aBCf7886Bc606ed13327b0', 1, -9349, 68693), (-5645, 60493, 1676793254, 1, 10, 49648966479327931000, 40251121015160611000, 1, '0x77B770ceB4b2537e52f4534Bb39e43754eB5B7e5', 1, -6225, 62583), (43185, -42090, 1676793029, 2, 10, 54015769671939045500, 3415178571428571000, 0, '0xc72B1b70e69D270544369132d53529e37Be87742', 0, 43235, -41791), (-66307, 30351, 1676793254, 1, 10, 56144282795570109700, 56144282795570109700, 1, '0x3662FA93E6C3bcB04B95e5dD7B1266AD9e8A9965', 1, -66307, 30351), (-10376, 63103, 1676793157, 0, 6, 29572991295092579000, 20114303260946252500, 1, '0x036D6B4DA0b4Eeb9d312E958c2937D9016765F50', 1, -11032, 64991)]
8 1235.993 [[-0.08048200050096435, 0.6295372924618768], [-0.14004676041617284, -0.7682818373220397], [-0.6171161105289689, 0.28985952474492416]] [(-58853, 34885, 1676793282, 1, 10, 50000000000000000000, 35000000000000000000, 1, '0x5c5f829C4c3E8C4AB97390cb053a456616c27Ea3', 0, -60987, 35376), (-61970, 29047, 1676793282, 1, 10, 47857142857142858000, 28571428571428572000, 1, '0x26CbcaC5281B6E159bc3e6C7400AF25fA46F246B', 1, -65533, 28514), (-66168, 29214, 1676793282, 1, 10, 48705357142857144000, 44151785714285715000, 1, '0xA4b1B07974bF67f04EC51bEcABF4aD62106B1Dd0', 1, -66154, 29294), (45490, -41768, 1676792189, 2, 10, 47395833333333332500, 5000000000000000000, 0, '0xc72B1b70e69D270544369132d53529e37Be87742', 0, 45512, -42787), (-6413, 64099, 1676793282, 1, 10, 48737599206349205000, 48737599206349205000, 1, '0x633462025cF12D347C0dF50B2114E65aa364f0a6', 0, -6413, 64099), (-65286, 30894, 1676793282, 1, 10, 49073454034391536000, 49073454034391536000, 1, '0x26CbcaC5281B6E159bc3e6C7400AF25fA46F246B', 1, -65286, 30894), (-38720, 54983, 1676792351, 2, 10, 49064980158730157500, 5662202380952381000, 0, '0x0fa9077350FC3Ee6924743e1AD9b735c657C455E', 0, -39006, 54962), (45647, -40318, 1676792489, 2, 10, 51381683798133452000, 4553571428571429000, 0, '0xc72B1b70e69D270544369132d53529e37Be87742', 0, 44702, -41234), (-10667, 69593, 1676793282, 1, 10, 52967923280423279000, 47684151785714285000, 1, '0xa79160bC038C07678C145f1B5220be15bAdB13d7', 1, -10613, 69546), (-9168, 64558, 1676793282, 1, 10, 49436705430629041900, 44006162505511463900, 1, '0x036D6B4DA0b4Eeb9d312E958c2937D9016765F50', 1, -9016, 64038), (-67210, 30832, 1676793282, 1, 10, 53370652131201418100, 53370652131201418100, 1, '0x0fa9077350FC3Ee6924743e1AD9b735c657C455E', 1, -67210, 30832), (-9442, 68746, 1676793282, 1, 10, 52193733886623065000, 47905097376849402000, 0, '0x05d6edC4ff8ef40321aBCf7886Bc606ed13327b0', 1, -9349, 68693), (-5645, 60493, 1676793282, 1, 10, 49648966479327931000, 40251121015160611000, 1, '0x77B770ceB4b2537e52f4534Bb39e43754eB5B7e5', 1, -6225, 62583), (43185, -42090, 1676793029, 2, 10, 54015769671939045500, 3415178571428571000, 0, '0xc72B1b70e69D270544369132d53529e37Be87742', 0, 43235, -41791), (-66307, 30351, 1676793282, 1, 10, 56144282795570109700, 56144282795570109700, 1, '0x3662FA93E6C3bcB04B95e5dD7B1266AD9e8A9965', 1, -66307, 30351), (-10380, 62867, 1676793157, 0, 8, 43470812022658752000, 34012123988512425500, 1, '0x036D6B4DA0b4Eeb9d312E958c2937D9016765F50', 1, -10769, 63918), (-34848, -113038, 1676793262, 0, 1, 4461455936021983000, 4461455936021983000, 0, '0x77B770ceB4b2537e52f4534Bb39e43754eB5B7e5', 0, -34848, -113038), (-62944, 36150, 1676793270, 0, 2, 10316543235233105000, 10316543235233105000, 1, '0xc8529dE5603FF9D6FE9A77d43c27D3e7085B4E43', 1, -62944, 36150)]
8 1266.284 [[-0.08048200050096435, 0.6295372924618768], [-0.14004676041617284, -0.7682818373220397], [-0.6171161105289689, 0.28985952474492416]] [(-58853, 34885, 1676793314, 1, 10, 50000000000000000000, 35000000000000000000, 1, '0x5c5f829C4c3E8C4AB97390cb053a456616c27Ea3', 0, -60987, 35376), (-61970, 29047, 1676793314, 1, 10, 47857142857142858000, 28571428571428572000, 1, '0x26CbcaC5281B6E159bc3e6C7400AF25fA46F246B', 1, -65533, 28514), (-66168, 29214, 1676793314, 1, 10, 48705357142857144000, 44151785714285715000, 1, '0xA4b1B07974bF67f04EC51bEcABF4aD62106B1Dd0', 1, -66154, 29294), (45490, -41768, 1676792189, 2, 10, 47395833333333332500, 5000000000000000000, 0, '0xc72B1b70e69D270544369132d53529e37Be87742', 0, 45512, -42787), (-6413, 64099, 1676793314, 1, 10, 48737599206349205000, 48737599206349205000, 1, '0x633462025cF12D347C0dF50B2114E65aa364f0a6', 0, -6413, 64099), (-65286, 30894, 1676793314, 1, 10, 49073454034391536000, 49073454034391536000, 1, '0x26CbcaC5281B6E159bc3e6C7400AF25fA46F246B', 1, -65286, 30894), (-38720, 54983, 1676792351, 2, 10, 49064980158730157500, 5662202380952381000, 0, '0x0fa9077350FC3Ee6924743e1AD9b735c657C455E', 0, -39006, 54962), (45647, -40318, 1676792489, 2, 10, 51381683798133452000, 4553571428571429000, 0, '0xc72B1b70e69D270544369132d53529e37Be87742', 0, 44702, -41234), (-10667, 69593, 1676793314, 1, 10, 52967923280423279000, 47684151785714285000, 1, '0xa79160bC038C07678C145f1B5220be15bAdB13d7', 1, -10613, 69546), (-9168, 64558, 1676793314, 1, 10, 49436705430629041900, 44006162505511463900, 1, '0x036D6B4DA0b4Eeb9d312E958c2937D9016765F50', 1, -9016, 64038), (-67210, 30832, 1676793314, 1, 10, 53370652131201418100, 53370652131201418100, 1, '0x0fa9077350FC3Ee6924743e1AD9b735c657C455E', 1, -67210, 30832), (-9442, 68746, 1676793314, 1, 10, 52193733886623065000, 47905097376849402000, 0, '0x05d6edC4ff8ef40321aBCf7886Bc606ed13327b0', 1, -9349, 68693), (-5645, 60493, 1676793314, 1, 10, 49648966479327931000, 40251121015160611000, 1, '0x77B770ceB4b2537e52f4534Bb39e43754eB5B7e5', 1, -6225, 62583), (43185, -42090, 1676793029, 2, 10, 54015769671939045500, 3415178571428571000, 0, '0xc72B1b70e69D270544369132d53529e37Be87742', 0, 43235, -41791), (-66307, 30351, 1676793314, 1, 10, 56144282795570109700, 56144282795570109700, 1, '0x3662FA93E6C3bcB04B95e5dD7B1266AD9e8A9965', 1, -66307, 30351), (-10754, 65156, 1676793157, 0, 9, 48817289495570928000, 39358601461424601500, 1, '0x036D6B4DA0b4Eeb9d312E958c2937D9016765F50', 1, -11060, 66153), (-34848, -113038, 1676793262, 0, 1, 4461455936021983000, 4461455936021983000, 0, '0x77B770ceB4b2537e52f4534Bb39e43754eB5B7e5', 0, -34848, -113038), (-62944, 36150, 1676793270, 0, 2, 10316543235233105000, 10316543235233105000, 1, '0xc8529dE5603FF9D6FE9A77d43c27D3e7085B4E43', 1, -62944, 36150), (45065, -42061, 1676793300, 0, 2, 4737324207267783400, 2561383928571428400, 0, '0xc72B1b70e69D270544369132d53529e37Be87742', 0, 45967, -42153)]
8 1296.35 [[-0.08048200050096435, 0.6295372924618768], [-0.14004676041617284, -0.7682818373220397], [-0.6171161105289689, 0.28985952474492416]] [(-58853, 34885, 1676793340, 1, 10, 50000000000000000000, 35000000000000000000, 1, '0x5c5f829C4c3E8C4AB97390cb053a456616c27Ea3', 0, -60987, 35376), (-61970, 29047, 1676793340, 1, 10, 47857142857142858000, 28571428571428572000, 1, '0x26CbcaC5281B6E159bc3e6C7400AF25fA46F246B', 1, -65533, 28514), (-66168, 29214, 1676793340, 1, 10, 48705357142857144000, 44151785714285715000, 1, '0xA4b1B07974bF67f04EC51bEcABF4aD62106B1Dd0', 1, -66154, 29294), (45490, -41768, 1676792189, 2, 10, 47395833333333332500, 5000000000000000000, 0, '0xc72B1b70e69D270544369132d53529e37Be87742', 0, 45512, -42787), (-6413, 64099, 1676793340, 1, 10, 48737599206349205000, 48737599206349205000, 1, '0x633462025cF12D347C0dF50B2114E65aa364f0a6', 0, -6413, 64099), (-65286, 30894, 1676793340, 1, 10, 49073454034391536000, 49073454034391536000, 1, '0x26CbcaC5281B6E159bc3e6C7400AF25fA46F246B', 1, -65286, 30894), (-38720, 54983, 1676792351, 2, 10, 49064980158730157500, 5662202380952381000, 0, '0x0fa9077350FC3Ee6924743e1AD9b735c657C455E', 0, -39006, 54962), (45647, -40318, 1676792489, 2, 10, 51381683798133452000, 4553571428571429000, 0, '0xc72B1b70e69D270544369132d53529e37Be87742', 0, 44702, -41234), (-10667, 69593, 1676793340, 1, 10, 52967923280423279000, 47684151785714285000, 1, '0xa79160bC038C07678C145f1B5220be15bAdB13d7', 1, -10613, 69546), (-9168, 64558, 1676793340, 1, 10, 49436705430629041900, 44006162505511463900, 1, '0x036D6B4DA0b4Eeb9d312E958c2937D9016765F50', 1, -9016, 64038), (-67210, 30832, 1676793340, 1, 10, 53370652131201418100, 53370652131201418100, 1, '0x0fa9077350FC3Ee6924743e1AD9b735c657C455E', 1, -67210, 30832), (-9442, 68746, 1676793340, 1, 10, 52193733886623065000, 47905097376849402000, 0, '0x05d6edC4ff8ef40321aBCf7886Bc606ed13327b0', 1, -9349, 68693), (-5645, 60493, 1676793340, 1, 10, 49648966479327931000, 40251121015160611000, 1, '0x77B770ceB4b2537e52f4534Bb39e43754eB5B7e5', 1, -6225, 62583), (43185, -42090, 1676793029, 2, 10, 54015769671939045500, 3415178571428571000, 0, '0xc72B1b70e69D270544369132d53529e37Be87742', 0, 43235, -41791), (-66307, 30351, 1676793340, 1, 10, 56144282795570109700, 56144282795570109700, 1, '0x3662FA93E6C3bcB04B95e5dD7B1266AD9e8A9965', 1, -66307, 30351), (-10150, 64919, 1676793340, 1, 10, 53019971728550711000, 43561283694404384500, 1, '0x036D6B4DA0b4Eeb9d312E958c2937D9016765F50', 1, -10296, 65769), (-34848, -113038, 1676793262, 0, 1, 4461455936021983000, 4461455936021983000, 0, '0x77B770ceB4b2537e52f4534Bb39e43754eB5B7e5', 0, -34848, -113038), (-62944, 36150, 1676793270, 0, 2, 10316543235233105000, 10316543235233105000, 1, '0xc8529dE5603FF9D6FE9A77d43c27D3e7085B4E43', 1, -62944, 36150), (45065, -42061, 1676793300, 0, 2, 4737324207267783400, 2561383928571428400, 0, '0xc72B1b70e69D270544369132d53529e37Be87742', 0, 45967, -42153), (-8247, 59941, 1676793320, 0, 3, 20921001776325779000, 14401142883599797000, 1, '0x633462025cF12D347C0dF50B2114E65aa364f0a6', 1, -8536, 60252)]
8 1326.406 [[-0.08048200050096435, 0.6295372924618768], [-0.14004676041617284, -0.7682818373220397], [-0.6171161105289689, 0.28985952474492416]] [(-58853, 34885, 1676793374, 1, 10, 50000000000000000000, 35000000000000000000, 1, '0x5c5f829C4c3E8C4AB97390cb053a456616c27Ea3', 0, -60987, 35376), (-61970, 29047, 1676793374, 1, 10, 47857142857142858000, 28571428571428572000, 1, '0x26CbcaC5281B6E159bc3e6C7400AF25fA46F246B', 1, -65533, 28514), (-66168, 29214, 1676793374, 1, 10, 48705357142857144000, 44151785714285715000, 1, '0xA4b1B07974bF67f04EC51bEcABF4aD62106B1Dd0', 1, -66154, 29294), (45490, -41768, 1676792189, 2, 10, 47395833333333332500, 5000000000000000000, 0, '0xc72B1b70e69D270544369132d53529e37Be87742', 0, 45512, -42787), (-6413, 64099, 1676793374, 1, 10, 48737599206349205000, 48737599206349205000, 1, '0x633462025cF12D347C0dF50B2114E65aa364f0a6', 0, -6413, 64099), (-65286, 30894, 1676793374, 1, 10, 49073454034391536000, 49073454034391536000, 1, '0x26CbcaC5281B6E159bc3e6C7400AF25fA46F246B', 1, -65286, 30894), (-38720, 54983, 1676792351, 2, 10, 49064980158730157500, 5662202380952381000, 0, '0x0fa9077350FC3Ee6924743e1AD9b735c657C455E', 0, -39006, 54962), (45647, -40318, 1676792489, 2, 10, 51381683798133452000, 4553571428571429000, 0, '0xc72B1b70e69D270544369132d53529e37Be87742', 0, 44702, -41234), (-10667, 69593, 1676793374, 1, 10, 52967923280423279000, 47684151785714285000, 1, '0xa79160bC038C07678C145f1B5220be15bAdB13d7', 1, -10613, 69546), (-9168, 64558, 1676793374, 1, 10, 49436705430629041900, 44006162505511463900, 1, '0x036D6B4DA0b4Eeb9d312E958c2937D9016765F50', 1, -9016, 64038), (-67210, 30832, 1676793374, 1, 10, 53370652131201418100, 53370652131201418100, 1, '0x0fa9077350FC3Ee6924743e1AD9b735c657C455E', 1, -67210, 30832), (-9442, 68746, 1676793374, 1, 10, 52193733886623065000, 47905097376849402000, 0, '0x05d6edC4ff8ef40321aBCf7886Bc606ed13327b0', 1, -9349, 68693), (-5645, 60493, 1676793374, 1, 10, 49648966479327931000, 40251121015160611000, 1, '0x77B770ceB4b2537e52f4534Bb39e43754eB5B7e5', 1, -6225, 62583), (43185, -42090, 1676793029, 2, 10, 54015769671939045500, 3415178571428571000, 0, '0xc72B1b70e69D270544369132d53529e37Be87742', 0, 43235, -41791), (-66307, 30351, 1676793374, 1, 10, 56144282795570109700, 56144282795570109700, 1, '0x3662FA93E6C3bcB04B95e5dD7B1266AD9e8A9965', 1, -66307, 30351), (-10150, 64919, 1676793374, 1, 10, 53019971728550711000, 43561283694404384500, 1, '0x036D6B4DA0b4Eeb9d312E958c2937D9016765F50', 1, -10296, 65769), (-33968, -113625, 1676793262, 0, 2, 9702310524133833000, 4461455936021983000, 0, '0x77B770ceB4b2537e52f4534Bb39e43754eB5B7e5', 0, -34848, -113038), (-64183, 35138, 1676793270, 0, 3, 14633766094952563000, 14633766094952563000, 1, '0xc8529dE5603FF9D6FE9A77d43c27D3e7085B4E43', 1, -64183, 35138), (45553, -42666, 1676793300, 0, 3, 10379385681247032400, 2561383928571428400, 0, '0xc72B1b70e69D270544369132d53529e37Be87742', 0, 45967, -42153), (-6432, 65687, 1676793320, 0, 6, 39362693533454170000, 32842834640728188000, 1, '0x633462025cF12D347C0dF50B2114E65aa364f0a6', 1, -6198, 66964)]
8 1356.732 [[-0.08048200050096435, 0.6295372924618768], [-0.14004676041617284, -0.7682818373220397], [-0.6171161105289689, 0.28985952474492416]] [(-58853, 34885, 1676793402, 1, 10, 50000000000000000000, 35000000000000000000, 1, '0x5c5f829C4c3E8C4AB97390cb053a456616c27Ea3', 0, -60987, 35376), (-61970, 29047, 1676793402, 1, 10, 47857142857142858000, 28571428571428572000, 1, '0x26CbcaC5281B6E159bc3e6C7400AF25fA46F246B', 1, -65533, 28514), (-66168, 29214, 1676793402, 1, 10, 48705357142857144000, 44151785714285715000, 1, '0xA4b1B07974bF67f04EC51bEcABF4aD62106B1Dd0', 1, -66154, 29294), (45490, -41768, 1676792189, 2, 10, 47395833333333332500, 5000000000000000000, 0, '0xc72B1b70e69D270544369132d53529e37Be87742', 0, 45512, -42787), (-6413, 64099, 1676793402, 1, 10, 48737599206349205000, 48737599206349205000, 1, '0x633462025cF12D347C0dF50B2114E65aa364f0a6', 0, -6413, 64099), (-65286, 30894, 1676793402, 1, 10, 49073454034391536000, 49073454034391536000, 1, '0x26CbcaC5281B6E159bc3e6C7400AF25fA46F246B', 1, -65286, 30894), (-38720, 54983, 1676792351, 2, 10, 49064980158730157500, 5662202380952381000, 0, '0x0fa9077350FC3Ee6924743e1AD9b735c657C455E', 0, -39006, 54962), (45647, -40318, 1676792489, 2, 10, 51381683798133452000, 4553571428571429000, 0, '0xc72B1b70e69D270544369132d53529e37Be87742', 0, 44702, -41234), (-10667, 69593, 1676793402, 1, 10, 52967923280423279000, 47684151785714285000, 1, '0xa79160bC038C07678C145f1B5220be15bAdB13d7', 1, -10613, 69546), (-9168, 64558, 1676793402, 1, 10, 49436705430629041900, 44006162505511463900, 1, '0x036D6B4DA0b4Eeb9d312E958c2937D9016765F50', 1, -9016, 64038), (-67210, 30832, 1676793402, 1, 10, 53370652131201418100, 53370652131201418100, 1, '0x0fa9077350FC3Ee6924743e1AD9b735c657C455E', 1, -67210, 30832), (-9442, 68746, 1676793402, 1, 10, 52193733886623065000, 47905097376849402000, 0, '0x05d6edC4ff8ef40321aBCf7886Bc606ed13327b0', 1, -9349, 68693), (-5645, 60493, 1676793402, 1, 10, 49648966479327931000, 40251121015160611000, 1, '0x77B770ceB4b2537e52f4534Bb39e43754eB5B7e5', 1, -6225, 62583), (43185, -42090, 1676793029, 2, 10, 54015769671939045500, 3415178571428571000, 0, '0xc72B1b70e69D270544369132d53529e37Be87742', 0, 43235, -41791), (-66307, 30351, 1676793402, 1, 10, 56144282795570109700, 56144282795570109700, 1, '0x3662FA93E6C3bcB04B95e5dD7B1266AD9e8A9965', 1, -66307, 30351), (-10150, 64919, 1676793402, 1, 10, 53019971728550711000, 43561283694404384500, 1, '0x036D6B4DA0b4Eeb9d312E958c2937D9016765F50', 1, -10296, 65769), (-33968, -113625, 1676793262, 0, 2, 9702310524133833000, 4461455936021983000, 0, '0x77B770ceB4b2537e52f4534Bb39e43754eB5B7e5', 0, -34848, -113038), (-63730, 32401, 1676793270, 0, 3, 14633766094952563000, 14633766094952563000, 1, '0xc8529dE5603FF9D6FE9A77d43c27D3e7085B4E43', 1, -63730, 32401), (45316, -42835, 1676793300, 0, 3, 10379385681247032400, 2561383928571428400, 0, '0xc72B1b70e69D270544369132d53529e37Be87742', 0, 45967, -42153), (-6316, 65232, 1676793320, 0, 7, 42649943073722972700, 36130084180996990700, 1, '0x633462025cF12D347C0dF50B2114E65aa364f0a6', 1, -6082, 66311)]
8 1386.953 [[-0.08048200050096435, 0.6295372924618768], [-0.14004676041617284, -0.7682818373220397], [-0.6171161105289689, 0.28985952474492416]] [(-58853, 34885, 1676793436, 1, 10, 50000000000000000000, 35000000000000000000, 1, '0x5c5f829C4c3E8C4AB97390cb053a456616c27Ea3', 0, -60987, 35376), (-61970, 29047, 1676793436, 1, 10, 47857142857142858000, 28571428571428572000, 1, '0x26CbcaC5281B6E159bc3e6C7400AF25fA46F246B', 1, -65533, 28514), (-66168, 29214, 1676793436, 1, 10, 48705357142857144000, 44151785714285715000, 1, '0xA4b1B07974bF67f04EC51bEcABF4aD62106B1Dd0', 1, -66154, 29294), (45490, -41768, 1676792189, 2, 10, 47395833333333332500, 5000000000000000000, 0, '0xc72B1b70e69D270544369132d53529e37Be87742', 0, 45512, -42787), (-6413, 64099, 1676793436, 1, 10, 48737599206349205000, 48737599206349205000, 1, '0x633462025cF12D347C0dF50B2114E65aa364f0a6', 0, -6413, 64099), (-65286, 30894, 1676793436, 1, 10, 49073454034391536000, 49073454034391536000, 1, '0x26CbcaC5281B6E159bc3e6C7400AF25fA46F246B', 1, -65286, 30894), (-38720, 54983, 1676792351, 2, 10, 49064980158730157500, 5662202380952381000, 0, '0x0fa9077350FC3Ee6924743e1AD9b735c657C455E', 0, -39006, 54962), (45647, -40318, 1676792489, 2, 10, 51381683798133452000, 4553571428571429000, 0, '0xc72B1b70e69D270544369132d53529e37Be87742', 0, 44702, -41234), (-10667, 69593, 1676793436, 1, 10, 52967923280423279000, 47684151785714285000, 1, '0xa79160bC038C07678C145f1B5220be15bAdB13d7', 1, -10613, 69546), (-9168, 64558, 1676793436, 1, 10, 49436705430629041900, 44006162505511463900, 1, '0x036D6B4DA0b4Eeb9d312E958c2937D9016765F50', 1, -9016, 64038), (-67210, 30832, 1676793436, 1, 10, 53370652131201418100, 53370652131201418100, 1, '0x0fa9077350FC3Ee6924743e1AD9b735c657C455E', 1, -67210, 30832), (-9442, 68746, 1676793436, 1, 10, 52193733886623065000, 47905097376849402000, 0, '0x05d6edC4ff8ef40321aBCf7886Bc606ed13327b0', 1, -9349, 68693), (-5645, 60493, 1676793436, 1, 10, 49648966479327931000, 40251121015160611000, 1, '0x77B770ceB4b2537e52f4534Bb39e43754eB5B7e5', 1, -6225, 62583), (43185, -42090, 1676793029, 2, 10, 54015769671939045500, 3415178571428571000, 0, '0xc72B1b70e69D270544369132d53529e37Be87742', 0, 43235, -41791), (-66307, 30351, 1676793436, 1, 10, 56144282795570109700, 56144282795570109700, 1, '0x3662FA93E6C3bcB04B95e5dD7B1266AD9e8A9965', 1, -66307, 30351), (-10150, 64919, 1676793436, 1, 10, 53019971728550711000, 43561283694404384500, 1, '0x036D6B4DA0b4Eeb9d312E958c2937D9016765F50', 1, -10296, 65769), (-33571, -113651, 1676793262, 0, 3, 16949021393426277500, 4461455936021983000, 0, '0x77B770ceB4b2537e52f4534Bb39e43754eB5B7e5', 0, -34848, -113038), (-63730, 32401, 1676793270, 0, 3, 14633766094952563000, 14633766094952563000, 1, '0xc8529dE5603FF9D6FE9A77d43c27D3e7085B4E43', 1, -63730, 32401), (44798, -42689, 1676793300, 0, 9, 42996490191211036300, 2561383928571428400, 0, '0xc72B1b70e69D270544369132d53529e37Be87742', 0, 45967, -42153), (-6316, 65232, 1676793320, 0, 7, 42649943073722972700, 36130084180996990700, 1, '0x633462025cF12D347C0dF50B2114E65aa364f0a6', 1, -6082, 66311)]
8 1416.975 [[-0.08048200050096435, 0.6295372924618768], [-0.14004676041617284, -0.7682818373220397], [-0.6171161105289689, 0.28985952474492416]] [(-58853, 34885, 1676793452, 1, 10, 50000000000000000000, 35000000000000000000, 1, '0x5c5f829C4c3E8C4AB97390cb053a456616c27Ea3', 0, -60987, 35376), (-61970, 29047, 1676793452, 1, 10, 47857142857142858000, 28571428571428572000, 1, '0x26CbcaC5281B6E159bc3e6C7400AF25fA46F246B', 1, -65533, 28514), (-66168, 29214, 1676793452, 1, 10, 48705357142857144000, 44151785714285715000, 1, '0xA4b1B07974bF67f04EC51bEcABF4aD62106B1Dd0', 1, -66154, 29294), (45490, -41768, 1676792189, 2, 10, 47395833333333332500, 5000000000000000000, 0, '0xc72B1b70e69D270544369132d53529e37Be87742', 0, 45512, -42787), (-6413, 64099, 1676793452, 1, 10, 48737599206349205000, 48737599206349205000, 1, '0x633462025cF12D347C0dF50B2114E65aa364f0a6', 0, -6413, 64099), (-65286, 30894, 1676793452, 1, 10, 49073454034391536000, 49073454034391536000, 1, '0x26CbcaC5281B6E159bc3e6C7400AF25fA46F246B', 1, -65286, 30894), (-38720, 54983, 1676792351, 2, 10, 49064980158730157500, 5662202380952381000, 0, '0x0fa9077350FC3Ee6924743e1AD9b735c657C455E', 0, -39006, 54962), (45647, -40318, 1676792489, 2, 10, 51381683798133452000, 4553571428571429000, 0, '0xc72B1b70e69D270544369132d53529e37Be87742', 0, 44702, -41234), (-10667, 69593, 1676793452, 1, 10, 52967923280423279000, 47684151785714285000, 1, '0xa79160bC038C07678C145f1B5220be15bAdB13d7', 1, -10613, 69546), (-9168, 64558, 1676793452, 1, 10, 49436705430629041900, 44006162505511463900, 1, '0x036D6B4DA0b4Eeb9d312E958c2937D9016765F50', 1, -9016, 64038), (-67210, 30832, 1676793452, 1, 10, 53370652131201418100, 53370652131201418100, 1, '0x0fa9077350FC3Ee6924743e1AD9b735c657C455E', 1, -67210, 30832), (-9442, 68746, 1676793452, 1, 10, 52193733886623065000, 47905097376849402000, 0, '0x05d6edC4ff8ef40321aBCf7886Bc606ed13327b0', 1, -9349, 68693), (-5645, 60493, 1676793452, 1, 10, 49648966479327931000, 40251121015160611000, 1, '0x77B770ceB4b2537e52f4534Bb39e43754eB5B7e5', 1, -6225, 62583), (43185, -42090, 1676793029, 2, 10, 54015769671939045500, 3415178571428571000, 0, '0xc72B1b70e69D270544369132d53529e37Be87742', 0, 43235, -41791), (-66307, 30351, 1676793452, 1, 10, 56144282795570109700, 56144282795570109700, 1, '0x3662FA93E6C3bcB04B95e5dD7B1266AD9e8A9965', 1, -66307, 30351), (-10150, 64919, 1676793452, 1, 10, 53019971728550711000, 43561283694404384500, 1, '0x036D6B4DA0b4Eeb9d312E958c2937D9016765F50', 1, -10296, 65769), (-33571, -113651, 1676793262, 0, 3, 16949021393426277500, 4461455936021983000, 0, '0x77B770ceB4b2537e52f4534Bb39e43754eB5B7e5', 0, -34848, -113038), (-62530, 31873, 1676793270, 0, 4, 20275827568931812000, 20275827568931812000, 1, '0xc8529dE5603FF9D6FE9A77d43c27D3e7085B4E43', 1, -62530, 31873), (44798, -42689, 1676793300, 0, 9, 42996490191211036300, 2561383928571428400, 0, '0xc72B1b70e69D270544369132d53529e37Be87742', 0, 45967, -42153), (-6316, 65232, 1676793320, 0, 7, 42649943073722972700, 36130084180996990700, 1, '0x633462025cF12D347C0dF50B2114E65aa364f0a6', 1, -6082, 66311)]
8 1447.008 [[-0.08048200050096435, 0.6295372924618768], [-0.14004676041617284, -0.7682818373220397], [-0.6171161105289689, 0.28985952474492416]] [(-58853, 34885, 1676793496, 1, 10, 50000000000000000000, 35000000000000000000, 1, '0x5c5f829C4c3E8C4AB97390cb053a456616c27Ea3', 0, -60987, 35376), (-61970, 29047, 1676793496, 1, 10, 47857142857142858000, 28571428571428572000, 1, '0x26CbcaC5281B6E159bc3e6C7400AF25fA46F246B', 1, -65533, 28514), (-66168, 29214, 1676793496, 1, 10, 48705357142857144000, 44151785714285715000, 1, '0xA4b1B07974bF67f04EC51bEcABF4aD62106B1Dd0', 1, -66154, 29294), (45490, -41768, 1676792189, 2, 10, 47395833333333332500, 5000000000000000000, 0, '0xc72B1b70e69D270544369132d53529e37Be87742', 0, 45512, -42787), (-6413, 64099, 1676793496, 1, 10, 48737599206349205000, 48737599206349205000, 1, '0x633462025cF12D347C0dF50B2114E65aa364f0a6', 0, -6413, 64099), (-65286, 30894, 1676793496, 1, 10, 49073454034391536000, 49073454034391536000, 1, '0x26CbcaC5281B6E159bc3e6C7400AF25fA46F246B', 1, -65286, 30894), (-38720, 54983, 1676792351, 2, 10, 49064980158730157500, 5662202380952381000, 0, '0x0fa9077350FC3Ee6924743e1AD9b735c657C455E', 0, -39006, 54962), (45647, -40318, 1676792489, 2, 10, 51381683798133452000, 4553571428571429000, 0, '0xc72B1b70e69D270544369132d53529e37Be87742', 0, 44702, -41234), (-10667, 69593, 1676793496, 1, 10, 52967923280423279000, 47684151785714285000, 1, '0xa79160bC038C07678C145f1B5220be15bAdB13d7', 1, -10613, 69546), (-9168, 64558, 1676793496, 1, 10, 49436705430629041900, 44006162505511463900, 1, '0x036D6B4DA0b4Eeb9d312E958c2937D9016765F50', 1, -9016, 64038), (-67210, 30832, 1676793496, 1, 10, 53370652131201418100, 53370652131201418100, 1, '0x0fa9077350FC3Ee6924743e1AD9b735c657C455E', 1, -67210, 30832), (-9442, 68746, 1676793496, 1, 10, 52193733886623065000, 47905097376849402000, 0, '0x05d6edC4ff8ef40321aBCf7886Bc606ed13327b0', 1, -9349, 68693), (-5645, 60493, 1676793496, 1, 10, 49648966479327931000, 40251121015160611000, 1, '0x77B770ceB4b2537e52f4534Bb39e43754eB5B7e5', 1, -6225, 62583), (43185, -42090, 1676793029, 2, 10, 54015769671939045500, 3415178571428571000, 0, '0xc72B1b70e69D270544369132d53529e37Be87742', 0, 43235, -41791), (-66307, 30351, 1676793496, 1, 10, 56144282795570109700, 56144282795570109700, 1, '0x3662FA93E6C3bcB04B95e5dD7B1266AD9e8A9965', 1, -66307, 30351), (-10150, 64919, 1676793496, 1, 10, 53019971728550711000, 43561283694404384500, 1, '0x036D6B4DA0b4Eeb9d312E958c2937D9016765F50', 1, -10296, 65769), (-33571, -113651, 1676793262, 0, 3, 16949021393426277500, 4461455936021983000, 0, '0x77B770ceB4b2537e52f4534Bb39e43754eB5B7e5', 0, -34848, -113038), (-61669, 30593, 1676793270, 0, 7, 31482639571268435000, 26913223783650150000, 1, '0xc8529dE5603FF9D6FE9A77d43c27D3e7085B4E43', 1, -61511, 30626), (44604, -42606, 1676793300, 2, 10, 50446506206585461300, 2561383928571428400, 0, '0xc72B1b70e69D270544369132d53529e37Be87742', 0, 45967, -42153), (-6316, 65232, 1676793320, 0, 7, 42649943073722972700, 36130084180996990700, 1, '0x633462025cF12D347C0dF50B2114E65aa364f0a6', 1, -6082, 66311)]
8 1477.043 [[-0.08048200050096435, 0.6295372924618768], [-0.14004676041617284, -0.7682818373220397], [-0.6171161105289689, 0.28985952474492416]] [(-58853, 34885, 1676793522, 1, 10, 50000000000000000000, 35000000000000000000, 1, '0x5c5f829C4c3E8C4AB97390cb053a456616c27Ea3', 0, -60987, 35376), (-61970, 29047, 1676793522, 1, 10, 47857142857142858000, 28571428571428572000, 1, '0x26CbcaC5281B6E159bc3e6C7400AF25fA46F246B', 1, -65533, 28514), (-66168, 29214, 1676793522, 1, 10, 48705357142857144000, 44151785714285715000, 1, '0xA4b1B07974bF67f04EC51bEcABF4aD62106B1Dd0', 1, -66154, 29294), (45490, -41768, 1676792189, 2, 10, 47395833333333332500, 5000000000000000000, 0, '0xc72B1b70e69D270544369132d53529e37Be87742', 0, 45512, -42787), (-6413, 64099, 1676793522, 1, 10, 48737599206349205000, 48737599206349205000, 1, '0x633462025cF12D347C0dF50B2114E65aa364f0a6', 0, -6413, 64099), (-65286, 30894, 1676793522, 1, 10, 49073454034391536000, 49073454034391536000, 1, '0x26CbcaC5281B6E159bc3e6C7400AF25fA46F246B', 1, -65286, 30894), (-38720, 54983, 1676792351, 2, 10, 49064980158730157500, 5662202380952381000, 0, '0x0fa9077350FC3Ee6924743e1AD9b735c657C455E', 0, -39006, 54962), (45647, -40318, 1676792489, 2, 10, 51381683798133452000, 4553571428571429000, 0, '0xc72B1b70e69D270544369132d53529e37Be87742', 0, 44702, -41234), (-10667, 69593, 1676793522, 1, 10, 52967923280423279000, 47684151785714285000, 1, '0xa79160bC038C07678C145f1B5220be15bAdB13d7', 1, -10613, 69546), (-9168, 64558, 1676793522, 1, 10, 49436705430629041900, 44006162505511463900, 1, '0x036D6B4DA0b4Eeb9d312E958c2937D9016765F50', 1, -9016, 64038), (-67210, 30832, 1676793522, 1, 10, 53370652131201418100, 53370652131201418100, 1, '0x0fa9077350FC3Ee6924743e1AD9b735c657C455E', 1, -67210, 30832), (-9442, 68746, 1676793522, 1, 10, 52193733886623065000, 47905097376849402000, 0, '0x05d6edC4ff8ef40321aBCf7886Bc606ed13327b0', 1, -9349, 68693), (-5645, 60493, 1676793522, 1, 10, 49648966479327931000, 40251121015160611000, 1, '0x77B770ceB4b2537e52f4534Bb39e43754eB5B7e5', 1, -6225, 62583), (43185, -42090, 1676793029, 2, 10, 54015769671939045500, 3415178571428571000, 0, '0xc72B1b70e69D270544369132d53529e37Be87742', 0, 43235, -41791), (-66307, 30351, 1676793522, 1, 10, 56144282795570109700, 56144282795570109700, 1, '0x3662FA93E6C3bcB04B95e5dD7B1266AD9e8A9965', 1, -66307, 30351), (-10150, 64919, 1676793522, 1, 10, 53019971728550711000, 43561283694404384500, 1, '0x036D6B4DA0b4Eeb9d312E958c2937D9016765F50', 1, -10296, 65769), (-33797, -113833, 1676793262, 0, 4, 20826937432338647500, 4461455936021983000, 0, '0x77B770ceB4b2537e52f4534Bb39e43754eB5B7e5', 0, -34848, -113038), (-64021, 29455, 1676793270, 0, 9, 42649287368900997000, 38079871581282712000, 1, '0xc8529dE5603FF9D6FE9A77d43c27D3e7085B4E43', 1, -64191, 29342), (44604, -42606, 1676793300, 2, 10, 50446506206585461300, 2561383928571428400, 0, '0xc72B1b70e69D270544369132d53529e37Be87742', 0, 45967, -42153), (-6253, 67725, 1676793320, 0, 9, 53604008689385500700, 47084149796659518700, 1, '0x633462025cF12D347C0dF50B2114E65aa364f0a6', 1, -6089, 68744), (46376, -42206, 1676793510, 0, 1, 1921037946428571600, 1921037946428571600, 0, '0xc72B1b70e69D270544369132d53529e37Be87742', 0, 46376, -42206)]
8 1507.353 [[-0.08048200050096435, 0.6295372924618768], [-0.14004676041617284, -0.7682818373220397], [-0.6171161105289689, 0.28985952474492416]] [(-58853, 34885, 1676793544, 1, 10, 50000000000000000000, 35000000000000000000, 1, '0x5c5f829C4c3E8C4AB97390cb053a456616c27Ea3', 0, -60987, 35376), (-61970, 29047, 1676793544, 1, 10, 47857142857142858000, 28571428571428572000, 1, '0x26CbcaC5281B6E159bc3e6C7400AF25fA46F246B', 1, -65533, 28514), (-66168, 29214, 1676793544, 1, 10, 48705357142857144000, 44151785714285715000, 1, '0xA4b1B07974bF67f04EC51bEcABF4aD62106B1Dd0', 1, -66154, 29294), (45490, -41768, 1676792189, 2, 10, 47395833333333332500, 5000000000000000000, 0, '0xc72B1b70e69D270544369132d53529e37Be87742', 0, 45512, -42787), (-6413, 64099, 1676793544, 1, 10, 48737599206349205000, 48737599206349205000, 1, '0x633462025cF12D347C0dF50B2114E65aa364f0a6', 0, -6413, 64099), (-65286, 30894, 1676793544, 1, 10, 49073454034391536000, 49073454034391536000, 1, '0x26CbcaC5281B6E159bc3e6C7400AF25fA46F246B', 1, -65286, 30894), (-38720, 54983, 1676792351, 2, 10, 49064980158730157500, 5662202380952381000, 0, '0x0fa9077350FC3Ee6924743e1AD9b735c657C455E', 0, -39006, 54962), (45647, -40318, 1676792489, 2, 10, 51381683798133452000, 4553571428571429000, 0, '0xc72B1b70e69D270544369132d53529e37Be87742', 0, 44702, -41234), (-10667, 69593, 1676793544, 1, 10, 52967923280423279000, 47684151785714285000, 1, '0xa79160bC038C07678C145f1B5220be15bAdB13d7', 1, -10613, 69546), (-9168, 64558, 1676793544, 1, 10, 49436705430629041900, 44006162505511463900, 1, '0x036D6B4DA0b4Eeb9d312E958c2937D9016765F50', 1, -9016, 64038), (-67210, 30832, 1676793544, 1, 10, 53370652131201418100, 53370652131201418100, 1, '0x0fa9077350FC3Ee6924743e1AD9b735c657C455E', 1, -67210, 30832), (-9442, 68746, 1676793544, 1, 10, 52193733886623065000, 47905097376849402000, 0, '0x05d6edC4ff8ef40321aBCf7886Bc606ed13327b0', 1, -9349, 68693), (-5645, 60493, 1676793544, 1, 10, 49648966479327931000, 40251121015160611000, 1, '0x77B770ceB4b2537e52f4534Bb39e43754eB5B7e5', 1, -6225, 62583), (43185, -42090, 1676793029, 2, 10, 54015769671939045500, 3415178571428571000, 0, '0xc72B1b70e69D270544369132d53529e37Be87742', 0, 43235, -41791), (-66307, 30351, 1676793544, 1, 10, 56144282795570109700, 56144282795570109700, 1, '0x3662FA93E6C3bcB04B95e5dD7B1266AD9e8A9965', 1, -66307, 30351), (-10150, 64919, 1676793544, 1, 10, 53019971728550711000, 43561283694404384500, 1, '0x036D6B4DA0b4Eeb9d312E958c2937D9016765F50', 1, -10296, 65769), (-33797, -113833, 1676793262, 0, 4, 20826937432338647500, 4461455936021983000, 0, '0x77B770ceB4b2537e52f4534Bb39e43754eB5B7e5', 0, -34848, -113038), (-64021, 29455, 1676793270, 0, 9, 42649287368900997000, 38079871581282712000, 1, '0xc8529dE5603FF9D6FE9A77d43c27D3e7085B4E43', 1, -64191, 29342), (44604, -42606, 1676793300, 2, 10, 50446506206585461300, 2561383928571428400, 0, '0xc72B1b70e69D270544369132d53529e37Be87742', 0, 45967, -42153), (-7155, 67984, 1676793320, 0, 9, 53604008689385500700, 47084149796659518700, 1, '0x633462025cF12D347C0dF50B2114E65aa364f0a6', 1, -7121, 68900), (46102, -41834, 1676793510, 0, 2, 5208287486697374300, 1921037946428571600, 0, '0xc72B1b70e69D270544369132d53529e37Be87742', 0, 46376, -42206)]
8 1537.376 [[-0.08048200050096435, 0.6295372924618768], [-0.14004676041617284, -0.7682818373220397], [-0.6171161105289689, 0.28985952474492416]] [(-58853, 34885, 1676793586, 1, 10, 50000000000000000000, 35000000000000000000, 1, '0x5c5f829C4c3E8C4AB97390cb053a456616c27Ea3', 0, -60987, 35376), (-61970, 29047, 1676793586, 1, 10, 47857142857142858000, 28571428571428572000, 1, '0x26CbcaC5281B6E159bc3e6C7400AF25fA46F246B', 1, -65533, 28514), (-66168, 29214, 1676793586, 1, 10, 48705357142857144000, 44151785714285715000, 1, '0xA4b1B07974bF67f04EC51bEcABF4aD62106B1Dd0', 1, -66154, 29294), (45490, -41768, 1676792189, 2, 10, 47395833333333332500, 5000000000000000000, 0, '0xc72B1b70e69D270544369132d53529e37Be87742', 0, 45512, -42787), (-6413, 64099, 1676793586, 1, 10, 48737599206349205000, 48737599206349205000, 1, '0x633462025cF12D347C0dF50B2114E65aa364f0a6', 0, -6413, 64099), (-65286, 30894, 1676793586, 1, 10, 49073454034391536000, 49073454034391536000, 1, '0x26CbcaC5281B6E159bc3e6C7400AF25fA46F246B', 1, -65286, 30894), (-38720, 54983, 1676792351, 2, 10, 49064980158730157500, 5662202380952381000, 0, '0x0fa9077350FC3Ee6924743e1AD9b735c657C455E', 0, -39006, 54962), (45647, -40318, 1676792489, 2, 10, 51381683798133452000, 4553571428571429000, 0, '0xc72B1b70e69D270544369132d53529e37Be87742', 0, 44702, -41234), (-10667, 69593, 1676793586, 1, 10, 52967923280423279000, 47684151785714285000, 1, '0xa79160bC038C07678C145f1B5220be15bAdB13d7', 1, -10613, 69546), (-9168, 64558, 1676793586, 1, 10, 49436705430629041900, 44006162505511463900, 1, '0x036D6B4DA0b4Eeb9d312E958c2937D9016765F50', 1, -9016, 64038), (-67210, 30832, 1676793586, 1, 10, 53370652131201418100, 53370652131201418100, 1, '0x0fa9077350FC3Ee6924743e1AD9b735c657C455E', 1, -67210, 30832), (-9442, 68746, 1676793586, 1, 10, 52193733886623065000, 47905097376849402000, 0, '0x05d6edC4ff8ef40321aBCf7886Bc606ed13327b0', 1, -9349, 68693), (-5645, 60493, 1676793586, 1, 10, 49648966479327931000, 40251121015160611000, 1, '0x77B770ceB4b2537e52f4534Bb39e43754eB5B7e5', 1, -6225, 62583), (43185, -42090, 1676793029, 2, 10, 54015769671939045500, 3415178571428571000, 0, '0xc72B1b70e69D270544369132d53529e37Be87742', 0, 43235, -41791), (-66307, 30351, 1676793586, 1, 10, 56144282795570109700, 56144282795570109700, 1, '0x3662FA93E6C3bcB04B95e5dD7B1266AD9e8A9965', 1, -66307, 30351), (-10150, 64919, 1676793586, 1, 10, 53019971728550711000, 43561283694404384500, 1, '0x036D6B4DA0b4Eeb9d312E958c2937D9016765F50', 1, -10296, 65769), (-33797, -113833, 1676793262, 0, 4, 20826937432338647500, 4461455936021983000, 0, '0x77B770ceB4b2537e52f4534Bb39e43754eB5B7e5', 0, -34848, -113038), (-64021, 29455, 1676793270, 0, 9, 42649287368900997000, 38079871581282712000, 1, '0xc8529dE5603FF9D6FE9A77d43c27D3e7085B4E43', 1, -64191, 29342), (44604, -42606, 1676793300, 2, 10, 50446506206585461300, 2561383928571428400, 0, '0xc72B1b70e69D270544369132d53529e37Be87742', 0, 45967, -42153), (-7093, 67939, 1676793586, 1, 10, 55851098521653284200, 49331239628927302200, 1, '0x633462025cF12D347C0dF50B2114E65aa364f0a6', 1, -7053, 68807), (45946, -41755, 1676793510, 0, 6, 23398359958908576000, 1921037946428571600, 0, '0xc72B1b70e69D270544369132d53529e37Be87742', 0, 46376, -42206), (-7071, 66158, 1676793586, 0, 1, 4569415787618285000, 4569415787618285000, 1, '0x3662FA93E6C3bcB04B95e5dD7B1266AD9e8A9965', 1, -7071, 66158)]
8 1567.493 [[-0.08048200050096435, 0.6295372924618768], [-0.14004676041617284, -0.7682818373220397], [-0.6171161105289689, 0.28985952474492416]] [(-58853, 34885, 1676793610, 1, 10, 50000000000000000000, 35000000000000000000, 1, '0x5c5f829C4c3E8C4AB97390cb053a456616c27Ea3', 0, -60987, 35376), (-61970, 29047, 1676793610, 1, 10, 47857142857142858000, 28571428571428572000, 1, '0x26CbcaC5281B6E159bc3e6C7400AF25fA46F246B', 1, -65533, 28514), (-66168, 29214, 1676793610, 1, 10, 48705357142857144000, 44151785714285715000, 1, '0xA4b1B07974bF67f04EC51bEcABF4aD62106B1Dd0', 1, -66154, 29294), (45490, -41768, 1676792189, 2, 10, 47395833333333332500, 5000000000000000000, 0, '0xc72B1b70e69D270544369132d53529e37Be87742', 0, 45512, -42787), (-6413, 64099, 1676793610, 1, 10, 48737599206349205000, 48737599206349205000, 1, '0x633462025cF12D347C0dF50B2114E65aa364f0a6', 0, -6413, 64099), (-65286, 30894, 1676793610, 1, 10, 49073454034391536000, 49073454034391536000, 1, '0x26CbcaC5281B6E159bc3e6C7400AF25fA46F246B', 1, -65286, 30894), (-38720, 54983, 1676792351, 2, 10, 49064980158730157500, 5662202380952381000, 0, '0x0fa9077350FC3Ee6924743e1AD9b735c657C455E', 0, -39006, 54962), (45647, -40318, 1676792489, 2, 10, 51381683798133452000, 4553571428571429000, 0, '0xc72B1b70e69D270544369132d53529e37Be87742', 0, 44702, -41234), (-10667, 69593, 1676793610, 1, 10, 52967923280423279000, 47684151785714285000, 1, '0xa79160bC038C07678C145f1B5220be15bAdB13d7', 1, -10613, 69546), (-9168, 64558, 1676793610, 1, 10, 49436705430629041900, 44006162505511463900, 1, '0x036D6B4DA0b4Eeb9d312E958c2937D9016765F50', 1, -9016, 64038), (-67210, 30832, 1676793610, 1, 10, 53370652131201418100, 53370652131201418100, 1, '0x0fa9077350FC3Ee6924743e1AD9b735c657C455E', 1, -67210, 30832), (-9442, 68746, 1676793610, 1, 10, 52193733886623065000, 47905097376849402000, 0, '0x05d6edC4ff8ef40321aBCf7886Bc606ed13327b0', 1, -9349, 68693), (-5645, 60493, 1676793610, 1, 10, 49648966479327931000, 40251121015160611000, 1, '0x77B770ceB4b2537e52f4534Bb39e43754eB5B7e5', 1, -6225, 62583), (43185, -42090, 1676793029, 2, 10, 54015769671939045500, 3415178571428571000, 0, '0xc72B1b70e69D270544369132d53529e37Be87742', 0, 43235, -41791), (-66307, 30351, 1676793610, 1, 10, 56144282795570109700, 56144282795570109700, 1, '0x3662FA93E6C3bcB04B95e5dD7B1266AD9e8A9965', 1, -66307, 30351), (-10150, 64919, 1676793610, 1, 10, 53019971728550711000, 43561283694404384500, 1, '0x036D6B4DA0b4Eeb9d312E958c2937D9016765F50', 1, -10296, 65769), (-33797, -113833, 1676793262, 0, 4, 20826937432338647500, 4461455936021983000, 0, '0x77B770ceB4b2537e52f4534Bb39e43754eB5B7e5', 0, -34848, -113038), (-63684, 28290, 1676793610, 1, 10, 49240295815198408000, 44670880027580123000, 1, '0xc8529dE5603FF9D6FE9A77d43c27D3e7085B4E43', 1, -63795, 28074), (44604, -42606, 1676793300, 2, 10, 50446506206585461300, 2561383928571428400, 0, '0xc72B1b70e69D270544369132d53529e37Be87742', 0, 45967, -42153), (-7093, 67939, 1676793610, 1, 10, 55851098521653284200, 49331239628927302200, 1, '0x633462025cF12D347C0dF50B2114E65aa364f0a6', 1, -7053, 68807), (45946, -41755, 1676793510, 0, 6, 23398359958908576000, 1921037946428571600, 0, '0xc72B1b70e69D270544369132d53529e37Be87742', 0, 46376, -42206), (-7071, 66158, 1676793586, 0, 1, 4569415787618285000, 4569415787618285000, 1, '0x3662FA93E6C3bcB04B95e5dD7B1266AD9e8A9965', 1, -7071, 66158)]
8 1597.534 [[-0.08048200050096435, 0.6295372924618768], [-0.14004676041617284, -0.7682818373220397], [-0.6171161105289689, 0.28985952474492416]] [(-58853, 34885, 1676793642, 1, 10, 50000000000000000000, 35000000000000000000, 1, '0x5c5f829C4c3E8C4AB97390cb053a456616c27Ea3', 0, -60987, 35376), (-61970, 29047, 1676793642, 1, 10, 47857142857142858000, 28571428571428572000, 1, '0x26CbcaC5281B6E159bc3e6C7400AF25fA46F246B', 1, -65533, 28514), (-66168, 29214, 1676793642, 1, 10, 48705357142857144000, 44151785714285715000, 1, '0xA4b1B07974bF67f04EC51bEcABF4aD62106B1Dd0', 1, -66154, 29294), (45490, -41768, 1676792189, 2, 10, 47395833333333332500, 5000000000000000000, 0, '0xc72B1b70e69D270544369132d53529e37Be87742', 0, 45512, -42787), (-6413, 64099, 1676793642, 1, 10, 48737599206349205000, 48737599206349205000, 1, '0x633462025cF12D347C0dF50B2114E65aa364f0a6', 0, -6413, 64099), (-65286, 30894, 1676793642, 1, 10, 49073454034391536000, 49073454034391536000, 1, '0x26CbcaC5281B6E159bc3e6C7400AF25fA46F246B', 1, -65286, 30894), (-38720, 54983, 1676792351, 2, 10, 49064980158730157500, 5662202380952381000, 0, '0x0fa9077350FC3Ee6924743e1AD9b735c657C455E', 0, -39006, 54962), (45647, -40318, 1676792489, 2, 10, 51381683798133452000, 4553571428571429000, 0, '0xc72B1b70e69D270544369132d53529e37Be87742', 0, 44702, -41234), (-10667, 69593, 1676793642, 1, 10, 52967923280423279000, 47684151785714285000, 1, '0xa79160bC038C07678C145f1B5220be15bAdB13d7', 1, -10613, 69546), (-9168, 64558, 1676793642, 1, 10, 49436705430629041900, 44006162505511463900, 1, '0x036D6B4DA0b4Eeb9d312E958c2937D9016765F50', 1, -9016, 64038), (-67210, 30832, 1676793642, 1, 10, 53370652131201418100, 53370652131201418100, 1, '0x0fa9077350FC3Ee6924743e1AD9b735c657C455E', 1, -67210, 30832), (-9442, 68746, 1676793642, 1, 10, 52193733886623065000, 47905097376849402000, 0, '0x05d6edC4ff8ef40321aBCf7886Bc606ed13327b0', 1, -9349, 68693), (-5645, 60493, 1676793642, 1, 10, 49648966479327931000, 40251121015160611000, 1, '0x77B770ceB4b2537e52f4534Bb39e43754eB5B7e5', 1, -6225, 62583), (43185, -42090, 1676793029, 2, 10, 54015769671939045500, 3415178571428571000, 0, '0xc72B1b70e69D270544369132d53529e37Be87742', 0, 43235, -41791), (-66307, 30351, 1676793642, 1, 10, 56144282795570109700, 56144282795570109700, 1, '0x3662FA93E6C3bcB04B95e5dD7B1266AD9e8A9965', 1, -66307, 30351), (-10150, 64919, 1676793642, 1, 10, 53019971728550711000, 43561283694404384500, 1, '0x036D6B4DA0b4Eeb9d312E958c2937D9016765F50', 1, -10296, 65769), (-33797, -113833, 1676793262, 0, 4, 20826937432338647500, 4461455936021983000, 0, '0x77B770ceB4b2537e52f4534Bb39e43754eB5B7e5', 0, -34848, -113038), (-63684, 28290, 1676793642, 1, 10, 49240295815198408000, 44670880027580123000, 1, '0xc8529dE5603FF9D6FE9A77d43c27D3e7085B4E43', 1, -63795, 28074), (44604, -42606, 1676793300, 2, 10, 50446506206585461300, 2561383928571428400, 0, '0xc72B1b70e69D270544369132d53529e37Be87742', 0, 45967, -42153), (-7093, 67939, 1676793642, 1, 10, 55851098521653284200, 49331239628927302200, 1, '0x633462025cF12D347C0dF50B2114E65aa364f0a6', 1, -7053, 68807), (45834, -41646, 1676793510, 0, 7, 27403204214143676000, 1921037946428571600, 0, '0xc72B1b70e69D270544369132d53529e37Be87742', 0, 46376, -42206), (-7071, 66158, 1676793586, 0, 1, 4569415787618285000, 4569415787618285000, 1, '0x3662FA93E6C3bcB04B95e5dD7B1266AD9e8A9965', 1, -7071, 66158), (-68084, 38720, 1676793624, 0, 3, 11572371967687727900, 11572371967687727900, 1, '0xA4b1B07974bF67f04EC51bEcABF4aD62106B1Dd0', 1, -68084, 38720)]
8 1627.559 [[-0.08048200050096435, 0.6295372924618768], [-0.14004676041617284, -0.7682818373220397], [-0.6171161105289689, 0.28985952474492416]] [(-58853, 34885, 1676793660, 1, 10, 50000000000000000000, 35000000000000000000, 1, '0x5c5f829C4c3E8C4AB97390cb053a456616c27Ea3', 0, -60987, 35376), (-61970, 29047, 1676793660, 1, 10, 47857142857142858000, 28571428571428572000, 1, '0x26CbcaC5281B6E159bc3e6C7400AF25fA46F246B', 1, -65533, 28514), (-66168, 29214, 1676793660, 1, 10, 48705357142857144000, 44151785714285715000, 1, '0xA4b1B07974bF67f04EC51bEcABF4aD62106B1Dd0', 1, -66154, 29294), (45490, -41768, 1676792189, 2, 10, 47395833333333332500, 5000000000000000000, 0, '0xc72B1b70e69D270544369132d53529e37Be87742', 0, 45512, -42787), (-6413, 64099, 1676793660, 1, 10, 48737599206349205000, 48737599206349205000, 1, '0x633462025cF12D347C0dF50B2114E65aa364f0a6', 0, -6413, 64099), (-65286, 30894, 1676793660, 1, 10, 49073454034391536000, 49073454034391536000, 1, '0x26CbcaC5281B6E159bc3e6C7400AF25fA46F246B', 1, -65286, 30894), (-38720, 54983, 1676792351, 2, 10, 49064980158730157500, 5662202380952381000, 0, '0x0fa9077350FC3Ee6924743e1AD9b735c657C455E', 0, -39006, 54962), (45647, -40318, 1676792489, 2, 10, 51381683798133452000, 4553571428571429000, 0, '0xc72B1b70e69D270544369132d53529e37Be87742', 0, 44702, -41234), (-10667, 69593, 1676793660, 1, 10, 52967923280423279000, 47684151785714285000, 1, '0xa79160bC038C07678C145f1B5220be15bAdB13d7', 1, -10613, 69546), (-9168, 64558, 1676793660, 1, 10, 49436705430629041900, 44006162505511463900, 1, '0x036D6B4DA0b4Eeb9d312E958c2937D9016765F50', 1, -9016, 64038), (-67210, 30832, 1676793660, 1, 10, 53370652131201418100, 53370652131201418100, 1, '0x0fa9077350FC3Ee6924743e1AD9b735c657C455E', 1, -67210, 30832), (-9442, 68746, 1676793660, 1, 10, 52193733886623065000, 47905097376849402000, 0, '0x05d6edC4ff8ef40321aBCf7886Bc606ed13327b0', 1, -9349, 68693), (-5645, 60493, 1676793660, 1, 10, 49648966479327931000, 40251121015160611000, 1, '0x77B770ceB4b2537e52f4534Bb39e43754eB5B7e5', 1, -6225, 62583), (43185, -42090, 1676793029, 2, 10, 54015769671939045500, 3415178571428571000, 0, '0xc72B1b70e69D270544369132d53529e37Be87742', 0, 43235, -41791), (-66307, 30351, 1676793660, 1, 10, 56144282795570109700, 56144282795570109700, 1, '0x3662FA93E6C3bcB04B95e5dD7B1266AD9e8A9965', 1, -66307, 30351), (-10150, 64919, 1676793660, 1, 10, 53019971728550711000, 43561283694404384500, 1, '0x036D6B4DA0b4Eeb9d312E958c2937D9016765F50', 1, -10296, 65769), (-33917, -114071, 1676793262, 0, 5, 25271088508380835500, 4461455936021983000, 0, '0x77B770ceB4b2537e52f4534Bb39e43754eB5B7e5', 0, -34848, -113038), (-63684, 28290, 1676793660, 1, 10, 49240295815198408000, 44670880027580123000, 1, '0xc8529dE5603FF9D6FE9A77d43c27D3e7085B4E43', 1, -63795, 28074), (44604, -42606, 1676793300, 2, 10, 50446506206585461300, 2561383928571428400, 0, '0xc72B1b70e69D270544369132d53529e37Be87742', 0, 45967, -42153), (-7093, 67939, 1676793660, 1, 10, 55851098521653284200, 49331239628927302200, 1, '0x633462025cF12D347C0dF50B2114E65aa364f0a6', 1, -7053, 68807), (45834, -41646, 1676793510, 0, 7, 27403204214143676000, 1921037946428571600, 0, '0xc72B1b70e69D270544369132d53529e37Be87742', 0, 46376, -42206), (-7071, 66158, 1676793586, 0, 1, 4569415787618285000, 4569415787618285000, 1, '0x3662FA93E6C3bcB04B95e5dD7B1266AD9e8A9965', 1, -7071, 66158), (-66663, 34871, 1676793624, 0, 4, 17593618403025745900, 17593618403025745900, 1, '0xA4b1B07974bF67f04EC51bEcABF4aD62106B1Dd0', 1, -66663, 34871)]
8 1657.655 [[-0.08048200050096435, 0.6295372924618768], [-0.14004676041617284, -0.7682818373220397], [-0.6171161105289689, 0.28985952474492416]] [(-58853, 34885, 1676793706, 1, 10, 50000000000000000000, 35000000000000000000, 1, '0x5c5f829C4c3E8C4AB97390cb053a456616c27Ea3', 0, -60987, 35376), (-61970, 29047, 1676793706, 1, 10, 47857142857142858000, 28571428571428572000, 1, '0x26CbcaC5281B6E159bc3e6C7400AF25fA46F246B', 1, -65533, 28514), (-66168, 29214, 1676793706, 1, 10, 48705357142857144000, 44151785714285715000, 1, '0xA4b1B07974bF67f04EC51bEcABF4aD62106B1Dd0', 1, -66154, 29294), (45490, -41768, 1676792189, 2, 10, 47395833333333332500, 5000000000000000000, 0, '0xc72B1b70e69D270544369132d53529e37Be87742', 0, 45512, -42787), (-6413, 64099, 1676793706, 1, 10, 48737599206349205000, 48737599206349205000, 1, '0x633462025cF12D347C0dF50B2114E65aa364f0a6', 0, -6413, 64099), (-65286, 30894, 1676793706, 1, 10, 49073454034391536000, 49073454034391536000, 1, '0x26CbcaC5281B6E159bc3e6C7400AF25fA46F246B', 1, -65286, 30894), (-38720, 54983, 1676792351, 2, 10, 49064980158730157500, 5662202380952381000, 0, '0x0fa9077350FC3Ee6924743e1AD9b735c657C455E', 0, -39006, 54962), (45647, -40318, 1676792489, 2, 10, 51381683798133452000, 4553571428571429000, 0, '0xc72B1b70e69D270544369132d53529e37Be87742', 0, 44702, -41234), (-10667, 69593, 1676793706, 1, 10, 52967923280423279000, 47684151785714285000, 1, '0xa79160bC038C07678C145f1B5220be15bAdB13d7', 1, -10613, 69546), (-9168, 64558, 1676793706, 1, 10, 49436705430629041900, 44006162505511463900, 1, '0x036D6B4DA0b4Eeb9d312E958c2937D9016765F50', 1, -9016, 64038), (-67210, 30832, 1676793706, 1, 10, 53370652131201418100, 53370652131201418100, 1, '0x0fa9077350FC3Ee6924743e1AD9b735c657C455E', 1, -67210, 30832), (-9442, 68746, 1676793706, 1, 10, 52193733886623065000, 47905097376849402000, 0, '0x05d6edC4ff8ef40321aBCf7886Bc606ed13327b0', 1, -9349, 68693), (-5645, 60493, 1676793706, 1, 10, 49648966479327931000, 40251121015160611000, 1, '0x77B770ceB4b2537e52f4534Bb39e43754eB5B7e5', 1, -6225, 62583), (43185, -42090, 1676793029, 2, 10, 54015769671939045500, 3415178571428571000, 0, '0xc72B1b70e69D270544369132d53529e37Be87742', 0, 43235, -41791), (-66307, 30351, 1676793706, 1, 10, 56144282795570109700, 56144282795570109700, 1, '0x3662FA93E6C3bcB04B95e5dD7B1266AD9e8A9965', 1, -66307, 30351), (-10150, 64919, 1676793706, 1, 10, 53019971728550711000, 43561283694404384500, 1, '0x036D6B4DA0b4Eeb9d312E958c2937D9016765F50', 1, -10296, 65769), (-32576, -110126, 1676793262, 0, 7, 32926122685222006500, 12116490112863154000, 0, '0x77B770ceB4b2537e52f4534Bb39e43754eB5B7e5', 0, -30921, -103014), (-63684, 28290, 1676793706, 1, 10, 49240295815198408000, 44670880027580123000, 1, '0xc8529dE5603FF9D6FE9A77d43c27D3e7085B4E43', 1, -63795, 28074), (44604, -42606, 1676793300, 2, 10, 50446506206585461300, 2561383928571428400, 0, '0xc72B1b70e69D270544369132d53529e37Be87742', 0, 45967, -42153), (-7093, 67939, 1676793706, 1, 10, 55851098521653284200, 49331239628927302200, 1, '0x633462025cF12D347C0dF50B2114E65aa364f0a6', 1, -7053, 68807), (45834, -41646, 1676793510, 0, 7, 27403204214143676000, 1921037946428571600, 0, '0xc72B1b70e69D270544369132d53529e37Be87742', 0, 46376, -42206), (-7071, 66158, 1676793586, 0, 1, 4569415787618285000, 4569415787618285000, 1, '0x3662FA93E6C3bcB04B95e5dD7B1266AD9e8A9965', 1, -7071, 66158), (-68055, 34503, 1676793624, 0, 4, 17593618403025745900, 17593618403025745900, 1, '0xA4b1B07974bF67f04EC51bEcABF4aD62106B1Dd0', 1, -68055, 34503)]
8 1687.926 [[-0.08048200050096435, 0.6295372924618768], [-0.14004676041617284, -0.7682818373220397], [-0.6171161105289689, 0.28985952474492416]] [(-58853, 34885, 1676793724, 1, 10, 50000000000000000000, 35000000000000000000, 1, '0x5c5f829C4c3E8C4AB97390cb053a456616c27Ea3', 0, -60987, 35376), (-61970, 29047, 1676793724, 1, 10, 47857142857142858000, 28571428571428572000, 1, '0x26CbcaC5281B6E159bc3e6C7400AF25fA46F246B', 1, -65533, 28514), (-66168, 29214, 1676793724, 1, 10, 48705357142857144000, 44151785714285715000, 1, '0xA4b1B07974bF67f04EC51bEcABF4aD62106B1Dd0', 1, -66154, 29294), (45490, -41768, 1676792189, 2, 10, 47395833333333332500, 5000000000000000000, 0, '0xc72B1b70e69D270544369132d53529e37Be87742', 0, 45512, -42787), (-6413, 64099, 1676793724, 1, 10, 48737599206349205000, 48737599206349205000, 1, '0x633462025cF12D347C0dF50B2114E65aa364f0a6', 0, -6413, 64099), (-65286, 30894, 1676793724, 1, 10, 49073454034391536000, 49073454034391536000, 1, '0x26CbcaC5281B6E159bc3e6C7400AF25fA46F246B', 1, -65286, 30894), (-38720, 54983, 1676792351, 2, 10, 49064980158730157500, 5662202380952381000, 0, '0x0fa9077350FC3Ee6924743e1AD9b735c657C455E', 0, -39006, 54962), (45647, -40318, 1676792489, 2, 10, 51381683798133452000, 4553571428571429000, 0, '0xc72B1b70e69D270544369132d53529e37Be87742', 0, 44702, -41234), (-10667, 69593, 1676793724, 1, 10, 52967923280423279000, 47684151785714285000, 1, '0xa79160bC038C07678C145f1B5220be15bAdB13d7', 1, -10613, 69546), (-9168, 64558, 1676793724, 1, 10, 49436705430629041900, 44006162505511463900, 1, '0x036D6B4DA0b4Eeb9d312E958c2937D9016765F50', 1, -9016, 64038), (-67210, 30832, 1676793724, 1, 10, 53370652131201418100, 53370652131201418100, 1, '0x0fa9077350FC3Ee6924743e1AD9b735c657C455E', 1, -67210, 30832), (-9442, 68746, 1676793724, 1, 10, 52193733886623065000, 47905097376849402000, 0, '0x05d6edC4ff8ef40321aBCf7886Bc606ed13327b0', 1, -9349, 68693), (-5645, 60493, 1676793724, 1, 10, 49648966479327931000, 40251121015160611000, 1, '0x77B770ceB4b2537e52f4534Bb39e43754eB5B7e5', 1, -6225, 62583), (43185, -42090, 1676793029, 2, 10, 54015769671939045500, 3415178571428571000, 0, '0xc72B1b70e69D270544369132d53529e37Be87742', 0, 43235, -41791), (-66307, 30351, 1676793724, 1, 10, 56144282795570109700, 56144282795570109700, 1, '0x3662FA93E6C3bcB04B95e5dD7B1266AD9e8A9965', 1, -66307, 30351), (-10150, 64919, 1676793724, 1, 10, 53019971728550711000, 43561283694404384500, 1, '0x036D6B4DA0b4Eeb9d312E958c2937D9016765F50', 1, -10296, 65769), (-32576, -110126, 1676793262, 0, 7, 32926122685222006500, 12116490112863154000, 0, '0x77B770ceB4b2537e52f4534Bb39e43754eB5B7e5', 0, -30921, -103014), (-63684, 28290, 1676793724, 1, 10, 49240295815198408000, 44670880027580123000, 1, '0xc8529dE5603FF9D6FE9A77d43c27D3e7085B4E43', 1, -63795, 28074), (44604, -42606, 1676793300, 2, 10, 50446506206585461300, 2561383928571428400, 0, '0xc72B1b70e69D270544369132d53529e37Be87742', 0, 45967, -42153), (-7093, 67939, 1676793724, 1, 10, 55851098521653284200, 49331239628927302200, 1, '0x633462025cF12D347C0dF50B2114E65aa364f0a6', 1, -7053, 68807), (45834, -41646, 1676793510, 0, 7, 27403204214143676000, 1921037946428571600, 0, '0xc72B1b70e69D270544369132d53529e37Be87742', 0, 46376, -42206), (-6804, 68594, 1676793586, 0, 2, 10590662222956303000, 10590662222956303000, 1, '0x3662FA93E6C3bcB04B95e5dD7B1266AD9e8A9965', 1, -6804, 68594), (-68222, 33552, 1676793624, 0, 5, 24884847862387678900, 24884847862387678900, 1, '0xA4b1B07974bF67f04EC51bEcABF4aD62106B1Dd0', 1, -68222, 33552)]
8 1718.015 [[-0.08048200050096435, 0.6295372924618768], [-0.14004676041617284, -0.7682818373220397], [-0.6171161105289689, 0.28985952474492416]] [(-58853, 34885, 1676793760, 1, 10, 50000000000000000000, 35000000000000000000, 1, '0x5c5f829C4c3E8C4AB97390cb053a456616c27Ea3', 0, -60987, 35376), (-61970, 29047, 1676793760, 1, 10, 47857142857142858000, 28571428571428572000, 1, '0x26CbcaC5281B6E159bc3e6C7400AF25fA46F246B', 1, -65533, 28514), (-66168, 29214, 1676793760, 1, 10, 48705357142857144000, 44151785714285715000, 1, '0xA4b1B07974bF67f04EC51bEcABF4aD62106B1Dd0', 1, -66154, 29294), (45490, -41768, 1676792189, 2, 10, 47395833333333332500, 5000000000000000000, 0, '0xc72B1b70e69D270544369132d53529e37Be87742', 0, 45512, -42787), (-6413, 64099, 1676793760, 1, 10, 48737599206349205000, 48737599206349205000, 1, '0x633462025cF12D347C0dF50B2114E65aa364f0a6', 0, -6413, 64099), (-65286, 30894, 1676793760, 1, 10, 49073454034391536000, 49073454034391536000, 1, '0x26CbcaC5281B6E159bc3e6C7400AF25fA46F246B', 1, -65286, 30894), (-38720, 54983, 1676792351, 2, 10, 49064980158730157500, 5662202380952381000, 0, '0x0fa9077350FC3Ee6924743e1AD9b735c657C455E', 0, -39006, 54962), (45647, -40318, 1676792489, 2, 10, 51381683798133452000, 4553571428571429000, 0, '0xc72B1b70e69D270544369132d53529e37Be87742', 0, 44702, -41234), (-10667, 69593, 1676793760, 1, 10, 52967923280423279000, 47684151785714285000, 1, '0xa79160bC038C07678C145f1B5220be15bAdB13d7', 1, -10613, 69546), (-9168, 64558, 1676793760, 1, 10, 49436705430629041900, 44006162505511463900, 1, '0x036D6B4DA0b4Eeb9d312E958c2937D9016765F50', 1, -9016, 64038), (-67210, 30832, 1676793760, 1, 10, 53370652131201418100, 53370652131201418100, 1, '0x0fa9077350FC3Ee6924743e1AD9b735c657C455E', 1, -67210, 30832), (-9442, 68746, 1676793760, 1, 10, 52193733886623065000, 47905097376849402000, 0, '0x05d6edC4ff8ef40321aBCf7886Bc606ed13327b0', 1, -9349, 68693), (-5645, 60493, 1676793760, 1, 10, 49648966479327931000, 40251121015160611000, 1, '0x77B770ceB4b2537e52f4534Bb39e43754eB5B7e5', 1, -6225, 62583), (43185, -42090, 1676793029, 2, 10, 54015769671939045500, 3415178571428571000, 0, '0xc72B1b70e69D270544369132d53529e37Be87742', 0, 43235, -41791), (-66307, 30351, 1676793760, 1, 10, 56144282795570109700, 56144282795570109700, 1, '0x3662FA93E6C3bcB04B95e5dD7B1266AD9e8A9965', 1, -66307, 30351), (-10150, 64919, 1676793760, 1, 10, 53019971728550711000, 43561283694404384500, 1, '0x036D6B4DA0b4Eeb9d312E958c2937D9016765F50', 1, -10296, 65769), (-32165, -110196, 1676793262, 0, 8, 38014094624660652500, 17204462052301800000, 0, '0x77B770ceB4b2537e52f4534Bb39e43754eB5B7e5', 0, -30502, -105273), (-63684, 28290, 1676793760, 1, 10, 49240295815198408000, 44670880027580123000, 1, '0xc8529dE5603FF9D6FE9A77d43c27D3e7085B4E43', 1, -63795, 28074), (44604, -42606, 1676793300, 2, 10, 50446506206585461300, 2561383928571428400, 0, '0xc72B1b70e69D270544369132d53529e37Be87742', 0, 45967, -42153), (-7093, 67939, 1676793760, 1, 10, 55851098521653284200, 49331239628927302200, 1, '0x633462025cF12D347C0dF50B2114E65aa364f0a6', 1, -7053, 68807), (45834, -41646, 1676793510, 0, 7, 27403204214143676000, 1921037946428571600, 0, '0xc72B1b70e69D270544369132d53529e37Be87742', 0, 46376, -42206), (-6921, 68363, 1676793586, 0, 3, 14637527367619150000, 10590662222956303000, 1, '0x3662FA93E6C3bcB04B95e5dD7B1266AD9e8A9965', 1, -6804, 68594), (-68222, 33552, 1676793624, 0, 5, 24884847862387678900, 24884847862387678900, 1, '0xA4b1B07974bF67f04EC51bEcABF4aD62106B1Dd0', 1, -68222, 33552)]
8 1748.114 [[-0.08048200050096435, 0.6295372924618768], [-0.14004676041617284, -0.7682818373220397], [-0.6171161105289689, 0.28985952474492416]] [(-58853, 34885, 1676793788, 1, 10, 50000000000000000000, 35000000000000000000, 1, '0x5c5f829C4c3E8C4AB97390cb053a456616c27Ea3', 0, -60987, 35376), (-61970, 29047, 1676793788, 1, 10, 47857142857142858000, 28571428571428572000, 1, '0x26CbcaC5281B6E159bc3e6C7400AF25fA46F246B', 1, -65533, 28514), (-66168, 29214, 1676793788, 1, 10, 48705357142857144000, 44151785714285715000, 1, '0xA4b1B07974bF67f04EC51bEcABF4aD62106B1Dd0', 1, -66154, 29294), (45490, -41768, 1676792189, 2, 10, 47395833333333332500, 5000000000000000000, 0, '0xc72B1b70e69D270544369132d53529e37Be87742', 0, 45512, -42787), (-6413, 64099, 1676793788, 1, 10, 48737599206349205000, 48737599206349205000, 1, '0x633462025cF12D347C0dF50B2114E65aa364f0a6', 0, -6413, 64099), (-65286, 30894, 1676793788, 1, 10, 49073454034391536000, 49073454034391536000, 1, '0x26CbcaC5281B6E159bc3e6C7400AF25fA46F246B', 1, -65286, 30894), (-38720, 54983, 1676792351, 2, 10, 49064980158730157500, 5662202380952381000, 0, '0x0fa9077350FC3Ee6924743e1AD9b735c657C455E', 0, -39006, 54962), (45647, -40318, 1676792489, 2, 10, 51381683798133452000, 4553571428571429000, 0, '0xc72B1b70e69D270544369132d53529e37Be87742', 0, 44702, -41234), (-10667, 69593, 1676793788, 1, 10, 52967923280423279000, 47684151785714285000, 1, '0xa79160bC038C07678C145f1B5220be15bAdB13d7', 1, -10613, 69546), (-9168, 64558, 1676793788, 1, 10, 49436705430629041900, 44006162505511463900, 1, '0x036D6B4DA0b4Eeb9d312E958c2937D9016765F50', 1, -9016, 64038), (-67210, 30832, 1676793788, 1, 10, 53370652131201418100, 53370652131201418100, 1, '0x0fa9077350FC3Ee6924743e1AD9b735c657C455E', 1, -67210, 30832), (-9442, 68746, 1676793788, 1, 10, 52193733886623065000, 47905097376849402000, 0, '0x05d6edC4ff8ef40321aBCf7886Bc606ed13327b0', 1, -9349, 68693), (-5645, 60493, 1676793788, 1, 10, 49648966479327931000, 40251121015160611000, 1, '0x77B770ceB4b2537e52f4534Bb39e43754eB5B7e5', 1, -6225, 62583), (43185, -42090, 1676793029, 2, 10, 54015769671939045500, 3415178571428571000, 0, '0xc72B1b70e69D270544369132d53529e37Be87742', 0, 43235, -41791), (-66307, 30351, 1676793788, 1, 10, 56144282795570109700, 56144282795570109700, 1, '0x3662FA93E6C3bcB04B95e5dD7B1266AD9e8A9965', 1, -66307, 30351), (-10150, 64919, 1676793788, 1, 10, 53019971728550711000, 43561283694404384500, 1, '0x036D6B4DA0b4Eeb9d312E958c2937D9016765F50', 1, -10296, 65769), (-32165, -110196, 1676793262, 0, 8, 38014094624660652500, 17204462052301800000, 0, '0x77B770ceB4b2537e52f4534Bb39e43754eB5B7e5', 0, -30502, -105273), (-63684, 28290, 1676793788, 1, 10, 49240295815198408000, 44670880027580123000, 1, '0xc8529dE5603FF9D6FE9A77d43c27D3e7085B4E43', 1, -63795, 28074), (44604, -42606, 1676793300, 2, 10, 50446506206585461300, 2561383928571428400, 0, '0xc72B1b70e69D270544369132d53529e37Be87742', 0, 45967, -42153), (-7093, 67939, 1676793788, 1, 10, 55851098521653284200, 49331239628927302200, 1, '0x633462025cF12D347C0dF50B2114E65aa364f0a6', 1, -7053, 68807), (45889, -41662, 1676793510, 0, 7, 27403204214143676000, 1921037946428571600, 0, '0xc72B1b70e69D270544369132d53529e37Be87742', 0, 46376, -42206), (-6921, 68363, 1676793586, 0, 3, 14637527367619150000, 10590662222956303000, 1, '0x3662FA93E6C3bcB04B95e5dD7B1266AD9e8A9965', 1, -6804, 68594), (-68041, 31586, 1676793624, 0, 6, 32439594139467464900, 32439594139467464900, 1, '0xA4b1B07974bF67f04EC51bEcABF4aD62106B1Dd0', 1, -68041, 31586)]
8 1778.161 [[-0.08048200050096435, 0.6295372924618768], [-0.14004676041617284, -0.7682818373220397], [-0.6171161105289689, 0.28985952474492416]] [(-58853, 34885, 1676793798, 1, 10, 50000000000000000000, 35000000000000000000, 1, '0x5c5f829C4c3E8C4AB97390cb053a456616c27Ea3', 0, -60987, 35376), (-61970, 29047, 1676793798, 1, 10, 47857142857142858000, 28571428571428572000, 1, '0x26CbcaC5281B6E159bc3e6C7400AF25fA46F246B', 1, -65533, 28514), (-66168, 29214, 1676793798, 1, 10, 48705357142857144000, 44151785714285715000, 1, '0xA4b1B07974bF67f04EC51bEcABF4aD62106B1Dd0', 1, -66154, 29294), (45490, -41768, 1676792189, 2, 10, 47395833333333332500, 5000000000000000000, 0, '0xc72B1b70e69D270544369132d53529e37Be87742', 0, 45512, -42787), (-6413, 64099, 1676793798, 1, 10, 48737599206349205000, 48737599206349205000, 1, '0x633462025cF12D347C0dF50B2114E65aa364f0a6', 0, -6413, 64099), (-65286, 30894, 1676793798, 1, 10, 49073454034391536000, 49073454034391536000, 1, '0x26CbcaC5281B6E159bc3e6C7400AF25fA46F246B', 1, -65286, 30894), (-38720, 54983, 1676792351, 2, 10, 49064980158730157500, 5662202380952381000, 0, '0x0fa9077350FC3Ee6924743e1AD9b735c657C455E', 0, -39006, 54962), (45647, -40318, 1676792489, 2, 10, 51381683798133452000, 4553571428571429000, 0, '0xc72B1b70e69D270544369132d53529e37Be87742', 0, 44702, -41234), (-10667, 69593, 1676793798, 1, 10, 52967923280423279000, 47684151785714285000, 1, '0xa79160bC038C07678C145f1B5220be15bAdB13d7', 1, -10613, 69546), (-9168, 64558, 1676793798, 1, 10, 49436705430629041900, 44006162505511463900, 1, '0x036D6B4DA0b4Eeb9d312E958c2937D9016765F50', 1, -9016, 64038), (-67210, 30832, 1676793798, 1, 10, 53370652131201418100, 53370652131201418100, 1, '0x0fa9077350FC3Ee6924743e1AD9b735c657C455E', 1, -67210, 30832), (-9442, 68746, 1676793798, 1, 10, 52193733886623065000, 47905097376849402000, 0, '0x05d6edC4ff8ef40321aBCf7886Bc606ed13327b0', 1, -9349, 68693), (-5645, 60493, 1676793798, 1, 10, 49648966479327931000, 40251121015160611000, 1, '0x77B770ceB4b2537e52f4534Bb39e43754eB5B7e5', 1, -6225, 62583), (43185, -42090, 1676793029, 2, 10, 54015769671939045500, 3415178571428571000, 0, '0xc72B1b70e69D270544369132d53529e37Be87742', 0, 43235, -41791), (-66307, 30351, 1676793798, 1, 10, 56144282795570109700, 56144282795570109700, 1, '0x3662FA93E6C3bcB04B95e5dD7B1266AD9e8A9965', 1, -66307, 30351), (-10150, 64919, 1676793798, 1, 10, 53019971728550711000, 43561283694404384500, 1, '0x036D6B4DA0b4Eeb9d312E958c2937D9016765F50', 1, -10296, 65769), (-32308, -110266, 1676793262, 0, 9, 44035341059998670500, 17204462052301800000, 0, '0x77B770ceB4b2537e52f4534Bb39e43754eB5B7e5', 0, -30502, -105273), (-63684, 28290, 1676793798, 1, 10, 49240295815198408000, 44670880027580123000, 1, '0xc8529dE5603FF9D6FE9A77d43c27D3e7085B4E43', 1, -63795, 28074), (44604, -42606, 1676793300, 2, 10, 50446506206585461300, 2561383928571428400, 0, '0xc72B1b70e69D270544369132d53529e37Be87742', 0, 45967, -42153), (-7093, 67939, 1676793798, 1, 10, 55851098521653284200, 49331239628927302200, 1, '0x633462025cF12D347C0dF50B2114E65aa364f0a6', 1, -7053, 68807), (45889, -41662, 1676793510, 0, 7, 27403204214143676000, 1921037946428571600, 0, '0xc72B1b70e69D270544369132d53529e37Be87742', 0, 46376, -42206), (-6921, 68363, 1676793586, 0, 3, 14637527367619150000, 10590662222956303000, 1, '0x3662FA93E6C3bcB04B95e5dD7B1266AD9e8A9965', 1, -6804, 68594), (-67004, 31248, 1676793624, 0, 7, 36444438394702564900, 36444438394702564900, 1, '0xA4b1B07974bF67f04EC51bEcABF4aD62106B1Dd0', 1, -67004, 31248)]
8 1808.334 [[-0.08048200050096435, 0.6295372924618768], [-0.14004676041617284, -0.7682818373220397], [-0.6171161105289689, 0.28985952474492416]] [(-58853, 34885, 1676793844, 1, 10, 50000000000000000000, 35000000000000000000, 1, '0x5c5f829C4c3E8C4AB97390cb053a456616c27Ea3', 0, -60987, 35376), (-61970, 29047, 1676793844, 1, 10, 47857142857142858000, 28571428571428572000, 1, '0x26CbcaC5281B6E159bc3e6C7400AF25fA46F246B', 1, -65533, 28514), (-66168, 29214, 1676793844, 1, 10, 48705357142857144000, 44151785714285715000, 1, '0xA4b1B07974bF67f04EC51bEcABF4aD62106B1Dd0', 1, -66154, 29294), (45490, -41768, 1676792189, 2, 10, 47395833333333332500, 5000000000000000000, 0, '0xc72B1b70e69D270544369132d53529e37Be87742', 0, 45512, -42787), (-6413, 64099, 1676793844, 1, 10, 48737599206349205000, 48737599206349205000, 1, '0x633462025cF12D347C0dF50B2114E65aa364f0a6', 0, -6413, 64099), (-65286, 30894, 1676793844, 1, 10, 49073454034391536000, 49073454034391536000, 1, '0x26CbcaC5281B6E159bc3e6C7400AF25fA46F246B', 1, -65286, 30894), (-38720, 54983, 1676792351, 2, 10, 49064980158730157500, 5662202380952381000, 0, '0x0fa9077350FC3Ee6924743e1AD9b735c657C455E', 0, -39006, 54962), (45647, -40318, 1676792489, 2, 10, 51381683798133452000, 4553571428571429000, 0, '0xc72B1b70e69D270544369132d53529e37Be87742', 0, 44702, -41234), (-10667, 69593, 1676793844, 1, 10, 52967923280423279000, 47684151785714285000, 1, '0xa79160bC038C07678C145f1B5220be15bAdB13d7', 1, -10613, 69546), (-9168, 64558, 1676793844, 1, 10, 49436705430629041900, 44006162505511463900, 1, '0x036D6B4DA0b4Eeb9d312E958c2937D9016765F50', 1, -9016, 64038), (-67210, 30832, 1676793844, 1, 10, 53370652131201418100, 53370652131201418100, 1, '0x0fa9077350FC3Ee6924743e1AD9b735c657C455E', 1, -67210, 30832), (-9442, 68746, 1676793844, 1, 10, 52193733886623065000, 47905097376849402000, 0, '0x05d6edC4ff8ef40321aBCf7886Bc606ed13327b0', 1, -9349, 68693), (-5645, 60493, 1676793844, 1, 10, 49648966479327931000, 40251121015160611000, 1, '0x77B770ceB4b2537e52f4534Bb39e43754eB5B7e5', 1, -6225, 62583), (43185, -42090, 1676793029, 2, 10, 54015769671939045500, 3415178571428571000, 0, '0xc72B1b70e69D270544369132d53529e37Be87742', 0, 43235, -41791), (-66307, 30351, 1676793844, 1, 10, 56144282795570109700, 56144282795570109700, 1, '0x3662FA93E6C3bcB04B95e5dD7B1266AD9e8A9965', 1, -66307, 30351), (-10150, 64919, 1676793844, 1, 10, 53019971728550711000, 43561283694404384500, 1, '0x036D6B4DA0b4Eeb9d312E958c2937D9016765F50', 1, -10296, 65769), (-32308, -110266, 1676793262, 0, 9, 44035341059998670500, 17204462052301800000, 0, '0x77B770ceB4b2537e52f4534Bb39e43754eB5B7e5', 0, -30502, -105273), (-63684, 28290, 1676793844, 1, 10, 49240295815198408000, 44670880027580123000, 1, '0xc8529dE5603FF9D6FE9A77d43c27D3e7085B4E43', 1, -63795, 28074), (44604, -42606, 1676793300, 2, 10, 50446506206585461300, 2561383928571428400, 0, '0xc72B1b70e69D270544369132d53529e37Be87742', 0, 45967, -42153), (-7093, 67939, 1676793844, 1, 10, 55851098521653284200, 49331239628927302200, 1, '0x633462025cF12D347C0dF50B2114E65aa364f0a6', 1, -7053, 68807), (45846, -41402, 1676793510, 0, 8, 31847355290185864000, 1921037946428571600, 0, '0xc72B1b70e69D270544369132d53529e37Be87742', 0, 46376, -42206), (-8697, 66348, 1676793586, 0, 5, 27741163640598126000, 23694298495935279000, 1, '0x3662FA93E6C3bcB04B95e5dD7B1266AD9e8A9965', 1, -8948, 66108), (-67004, 31248, 1676793624, 0, 7, 36444438394702564900, 36444438394702564900, 1, '0xA4b1B07974bF67f04EC51bEcABF4aD62106B1Dd0', 1, -67004, 31248)]
8 1838.646 [[-0.08048200050096435, 0.6295372924618768], [-0.14004676041617284, -0.7682818373220397], [-0.6171161105289689, 0.28985952474492416]] [(-58853, 34885, 1676793884, 1, 10, 50000000000000000000, 35000000000000000000, 1, '0x5c5f829C4c3E8C4AB97390cb053a456616c27Ea3', 0, -60987, 35376), (-61970, 29047, 1676793884, 1, 10, 47857142857142858000, 28571428571428572000, 1, '0x26CbcaC5281B6E159bc3e6C7400AF25fA46F246B', 1, -65533, 28514), (-66168, 29214, 1676793884, 1, 10, 48705357142857144000, 44151785714285715000, 1, '0xA4b1B07974bF67f04EC51bEcABF4aD62106B1Dd0', 1, -66154, 29294), (45490, -41768, 1676792189, 2, 10, 47395833333333332500, 5000000000000000000, 0, '0xc72B1b70e69D270544369132d53529e37Be87742', 0, 45512, -42787), (-6413, 64099, 1676793884, 1, 10, 48737599206349205000, 48737599206349205000, 1, '0x633462025cF12D347C0dF50B2114E65aa364f0a6', 0, -6413, 64099), (-65286, 30894, 1676793884, 1, 10, 49073454034391536000, 49073454034391536000, 1, '0x26CbcaC5281B6E159bc3e6C7400AF25fA46F246B', 1, -65286, 30894), (-38720, 54983, 1676792351, 2, 10, 49064980158730157500, 5662202380952381000, 0, '0x0fa9077350FC3Ee6924743e1AD9b735c657C455E', 0, -39006, 54962), (45647, -40318, 1676792489, 2, 10, 51381683798133452000, 4553571428571429000, 0, '0xc72B1b70e69D270544369132d53529e37Be87742', 0, 44702, -41234), (-10667, 69593, 1676793884, 1, 10, 52967923280423279000, 47684151785714285000, 1, '0xa79160bC038C07678C145f1B5220be15bAdB13d7', 1, -10613, 69546), (-9168, 64558, 1676793884, 1, 10, 49436705430629041900, 44006162505511463900, 1, '0x036D6B4DA0b4Eeb9d312E958c2937D9016765F50', 1, -9016, 64038), (-67210, 30832, 1676793884, 1, 10, 53370652131201418100, 53370652131201418100, 1, '0x0fa9077350FC3Ee6924743e1AD9b735c657C455E', 1, -67210, 30832), (-9442, 68746, 1676793884, 1, 10, 52193733886623065000, 47905097376849402000, 0, '0x05d6edC4ff8ef40321aBCf7886Bc606ed13327b0', 1, -9349, 68693), (-5645, 60493, 1676793884, 1, 10, 49648966479327931000, 40251121015160611000, 1, '0x77B770ceB4b2537e52f4534Bb39e43754eB5B7e5', 1, -6225, 62583), (43185, -42090, 1676793029, 2, 10, 54015769671939045500, 3415178571428571000, 0, '0xc72B1b70e69D270544369132d53529e37Be87742', 0, 43235, -41791), (-66307, 30351, 1676793884, 1, 10, 56144282795570109700, 56144282795570109700, 1, '0x3662FA93E6C3bcB04B95e5dD7B1266AD9e8A9965', 1, -66307, 30351), (-10150, 64919, 1676793884, 1, 10, 53019971728550711000, 43561283694404384500, 1, '0x036D6B4DA0b4Eeb9d312E958c2937D9016765F50', 1, -10296, 65769), (-32308, -110266, 1676793262, 0, 9, 44035341059998670500, 17204462052301800000, 0, '0x77B770ceB4b2537e52f4534Bb39e43754eB5B7e5', 0, -30502, -105273), (-63684, 28290, 1676793884, 1, 10, 49240295815198408000, 44670880027580123000, 1, '0xc8529dE5603FF9D6FE9A77d43c27D3e7085B4E43', 1, -63795, 28074), (44604, -42606, 1676793300, 2, 10, 50446506206585461300, 2561383928571428400, 0, '0xc72B1b70e69D270544369132d53529e37Be87742', 0, 45967, -42153), (-7093, 67939, 1676793884, 1, 10, 55851098521653284200, 49331239628927302200, 1, '0x633462025cF12D347C0dF50B2114E65aa364f0a6', 1, -7053, 68807), (45846, -41402, 1676793510, 0, 8, 31847355290185864000, 1921037946428571600, 0, '0xc72B1b70e69D270544369132d53529e37Be87742', 0, 46376, -42206), (-7816, 67658, 1676793586, 0, 6, 31746007895833226000, 27699142751170379000, 1, '0x3662FA93E6C3bcB04B95e5dD7B1266AD9e8A9965', 1, -7902, 67644), (-65660, 30435, 1676793624, 0, 9, 45579275478804057900, 45579275478804057900, 1, '0xA4b1B07974bF67f04EC51bEcABF4aD62106B1Dd0', 1, -65660, 30435)]
8 1868.747 [[-0.08048200050096435, 0.6295372924618768], [-0.14004676041617284, -0.7682818373220397], [-0.6171161105289689, 0.28985952474492416]] [(-58853, 34885, 1676793908, 1, 10, 50000000000000000000, 35000000000000000000, 1, '0x5c5f829C4c3E8C4AB97390cb053a456616c27Ea3', 0, -60987, 35376), (-61970, 29047, 1676793908, 1, 10, 47857142857142858000, 28571428571428572000, 1, '0x26CbcaC5281B6E159bc3e6C7400AF25fA46F246B', 1, -65533, 28514), (-66168, 29214, 1676793908, 1, 10, 48705357142857144000, 44151785714285715000, 1, '0xA4b1B07974bF67f04EC51bEcABF4aD62106B1Dd0', 1, -66154, 29294), (45490, -41768, 1676792189, 2, 10, 47395833333333332500, 5000000000000000000, 0, '0xc72B1b70e69D270544369132d53529e37Be87742', 0, 45512, -42787), (-6413, 64099, 1676793908, 1, 10, 48737599206349205000, 48737599206349205000, 1, '0x633462025cF12D347C0dF50B2114E65aa364f0a6', 0, -6413, 64099), (-65286, 30894, 1676793908, 1, 10, 49073454034391536000, 49073454034391536000, 1, '0x26CbcaC5281B6E159bc3e6C7400AF25fA46F246B', 1, -65286, 30894), (-38720, 54983, 1676792351, 2, 10, 49064980158730157500, 5662202380952381000, 0, '0x0fa9077350FC3Ee6924743e1AD9b735c657C455E', 0, -39006, 54962), (45647, -40318, 1676792489, 2, 10, 51381683798133452000, 4553571428571429000, 0, '0xc72B1b70e69D270544369132d53529e37Be87742', 0, 44702, -41234), (-10667, 69593, 1676793908, 1, 10, 52967923280423279000, 47684151785714285000, 1, '0xa79160bC038C07678C145f1B5220be15bAdB13d7', 1, -10613, 69546), (-9168, 64558, 1676793908, 1, 10, 49436705430629041900, 44006162505511463900, 1, '0x036D6B4DA0b4Eeb9d312E958c2937D9016765F50', 1, -9016, 64038), (-67210, 30832, 1676793908, 1, 10, 53370652131201418100, 53370652131201418100, 1, '0x0fa9077350FC3Ee6924743e1AD9b735c657C455E', 1, -67210, 30832), (-9442, 68746, 1676793908, 1, 10, 52193733886623065000, 47905097376849402000, 0, '0x05d6edC4ff8ef40321aBCf7886Bc606ed13327b0', 1, -9349, 68693), (-5645, 60493, 1676793908, 1, 10, 49648966479327931000, 40251121015160611000, 1, '0x77B770ceB4b2537e52f4534Bb39e43754eB5B7e5', 1, -6225, 62583), (43185, -42090, 1676793029, 2, 10, 54015769671939045500, 3415178571428571000, 0, '0xc72B1b70e69D270544369132d53529e37Be87742', 0, 43235, -41791), (-66307, 30351, 1676793908, 1, 10, 56144282795570109700, 56144282795570109700, 1, '0x3662FA93E6C3bcB04B95e5dD7B1266AD9e8A9965', 1, -66307, 30351), (-10150, 64919, 1676793908, 1, 10, 53019971728550711000, 43561283694404384500, 1, '0x036D6B4DA0b4Eeb9d312E958c2937D9016765F50', 1, -10296, 65769), (-32420, -110248, 1676793262, 2, 10, 46590466300053795000, 17204462052301800000, 0, '0x77B770ceB4b2537e52f4534Bb39e43754eB5B7e5', 0, -30502, -105273), (-63684, 28290, 1676793908, 1, 10, 49240295815198408000, 44670880027580123000, 1, '0xc8529dE5603FF9D6FE9A77d43c27D3e7085B4E43', 1, -63795, 28074), (44604, -42606, 1676793300, 2, 10, 50446506206585461300, 2561383928571428400, 0, '0xc72B1b70e69D270544369132d53529e37Be87742', 0, 45967, -42153), (-7093, 67939, 1676793908, 1, 10, 55851098521653284200, 49331239628927302200, 1, '0x633462025cF12D347C0dF50B2114E65aa364f0a6', 1, -7053, 68807), (46194, -41478, 1676793510, 0, 9, 35455524322364188000, 1921037946428571600, 0, '0xc72B1b70e69D270544369132d53529e37Be87742', 0, 46376, -42206), (-7816, 67658, 1676793586, 0, 6, 31746007895833226000, 27699142751170379000, 1, '0x3662FA93E6C3bcB04B95e5dD7B1266AD9e8A9965', 1, -7902, 67644), (-65660, 30435, 1676793624, 0, 9, 45579275478804057900, 45579275478804057900, 1, '0xA4b1B07974bF67f04EC51bEcABF4aD62106B1Dd0', 1, -65660, 30435)]
8 1898.773 [[-0.08048200050096435, 0.6295372924618768], [-0.14004676041617284, -0.7682818373220397], [-0.6171161105289689, 0.28985952474492416]] [(-58853, 34885, 1676793944, 1, 10, 50000000000000000000, 35000000000000000000, 1, '0x5c5f829C4c3E8C4AB97390cb053a456616c27Ea3', 0, -60987, 35376), (-61970, 29047, 1676793944, 1, 10, 47857142857142858000, 28571428571428572000, 1, '0x26CbcaC5281B6E159bc3e6C7400AF25fA46F246B', 1, -65533, 28514), (-66168, 29214, 1676793944, 1, 10, 48705357142857144000, 44151785714285715000, 1, '0xA4b1B07974bF67f04EC51bEcABF4aD62106B1Dd0', 1, -66154, 29294), (45490, -41768, 1676792189, 2, 10, 47395833333333332500, 5000000000000000000, 0, '0xc72B1b70e69D270544369132d53529e37Be87742', 0, 45512, -42787), (-6413, 64099, 1676793944, 1, 10, 48737599206349205000, 48737599206349205000, 1, '0x633462025cF12D347C0dF50B2114E65aa364f0a6', 0, -6413, 64099), (-65286, 30894, 1676793944, 1, 10, 49073454034391536000, 49073454034391536000, 1, '0x26CbcaC5281B6E159bc3e6C7400AF25fA46F246B', 1, -65286, 30894), (-38720, 54983, 1676792351, 2, 10, 49064980158730157500, 5662202380952381000, 0, '0x0fa9077350FC3Ee6924743e1AD9b735c657C455E', 0, -39006, 54962), (45647, -40318, 1676792489, 2, 10, 51381683798133452000, 4553571428571429000, 0, '0xc72B1b70e69D270544369132d53529e37Be87742', 0, 44702, -41234), (-10667, 69593, 1676793944, 1, 10, 52967923280423279000, 47684151785714285000, 1, '0xa79160bC038C07678C145f1B5220be15bAdB13d7', 1, -10613, 69546), (-9168, 64558, 1676793944, 1, 10, 49436705430629041900, 44006162505511463900, 1, '0x036D6B4DA0b4Eeb9d312E958c2937D9016765F50', 1, -9016, 64038), (-67210, 30832, 1676793944, 1, 10, 53370652131201418100, 53370652131201418100, 1, '0x0fa9077350FC3Ee6924743e1AD9b735c657C455E', 1, -67210, 30832), (-9442, 68746, 1676793944, 1, 10, 52193733886623065000, 47905097376849402000, 0, '0x05d6edC4ff8ef40321aBCf7886Bc606ed13327b0', 1, -9349, 68693), (-5645, 60493, 1676793944, 1, 10, 49648966479327931000, 40251121015160611000, 1, '0x77B770ceB4b2537e52f4534Bb39e43754eB5B7e5', 1, -6225, 62583), (43185, -42090, 1676793029, 2, 10, 54015769671939045500, 3415178571428571000, 0, '0xc72B1b70e69D270544369132d53529e37Be87742', 0, 43235, -41791), (-66307, 30351, 1676793944, 1, 10, 56144282795570109700, 56144282795570109700, 1, '0x3662FA93E6C3bcB04B95e5dD7B1266AD9e8A9965', 1, -66307, 30351), (-10150, 64919, 1676793944, 1, 10, 53019971728550711000, 43561283694404384500, 1, '0x036D6B4DA0b4Eeb9d312E958c2937D9016765F50', 1, -10296, 65769), (-32420, -110248, 1676793262, 2, 10, 46590466300053795000, 17204462052301800000, 0, '0x77B770ceB4b2537e52f4534Bb39e43754eB5B7e5', 0, -30502, -105273), (-63684, 28290, 1676793944, 1, 10, 49240295815198408000, 44670880027580123000, 1, '0xc8529dE5603FF9D6FE9A77d43c27D3e7085B4E43', 1, -63795, 28074), (44604, -42606, 1676793300, 2, 10, 50446506206585461300, 2561383928571428400, 0, '0xc72B1b70e69D270544369132d53529e37Be87742', 0, 45967, -42153), (-7093, 67939, 1676793944, 1, 10, 55851098521653284200, 49331239628927302200, 1, '0x633462025cF12D347C0dF50B2114E65aa364f0a6', 1, -7053, 68807), (45928, -41649, 1676793510, 0, 9, 35455524322364188000, 1921037946428571600, 0, '0xc72B1b70e69D270544369132d53529e37Be87742', 0, 46376, -42206), (-9282, 66716, 1676793586, 0, 6, 31746007895833226000, 27699142751170379000, 1, '0x3662FA93E6C3bcB04B95e5dD7B1266AD9e8A9965', 1, -9527, 66592), (-65660, 30435, 1676793624, 0, 9, 45579275478804057900, 45579275478804057900, 1, '0xA4b1B07974bF67f04EC51bEcABF4aD62106B1Dd0', 1, -65660, 30435), (-84520, 24652, 1676793944, 0, 1, 4721696840747675000, 4721696840747675000, 0, '0x0fa9077350FC3Ee6924743e1AD9b735c657C455E', 1, -84520, 24652)]
8 1928.813 [[-0.08048200050096435, 0.6295372924618768], [-0.14004676041617284, -0.7682818373220397], [-0.6171161105289689, 0.28985952474492416]] [(-58853, 34885, 1676793978, 1, 10, 50000000000000000000, 35000000000000000000, 1, '0x5c5f829C4c3E8C4AB97390cb053a456616c27Ea3', 0, -60987, 35376), (-61970, 29047, 1676793978, 1, 10, 47857142857142858000, 28571428571428572000, 1, '0x26CbcaC5281B6E159bc3e6C7400AF25fA46F246B', 1, -65533, 28514), (-66168, 29214, 1676793978, 1, 10, 48705357142857144000, 44151785714285715000, 1, '0xA4b1B07974bF67f04EC51bEcABF4aD62106B1Dd0', 1, -66154, 29294), (45490, -41768, 1676792189, 2, 10, 47395833333333332500, 5000000000000000000, 0, '0xc72B1b70e69D270544369132d53529e37Be87742', 0, 45512, -42787), (-6413, 64099, 1676793978, 1, 10, 48737599206349205000, 48737599206349205000, 1, '0x633462025cF12D347C0dF50B2114E65aa364f0a6', 0, -6413, 64099), (-65286, 30894, 1676793978, 1, 10, 49073454034391536000, 49073454034391536000, 1, '0x26CbcaC5281B6E159bc3e6C7400AF25fA46F246B', 1, -65286, 30894), (-38720, 54983, 1676792351, 2, 10, 49064980158730157500, 5662202380952381000, 0, '0x0fa9077350FC3Ee6924743e1AD9b735c657C455E', 0, -39006, 54962), (45647, -40318, 1676792489, 2, 10, 51381683798133452000, 4553571428571429000, 0, '0xc72B1b70e69D270544369132d53529e37Be87742', 0, 44702, -41234), (-10667, 69593, 1676793978, 1, 10, 52967923280423279000, 47684151785714285000, 1, '0xa79160bC038C07678C145f1B5220be15bAdB13d7', 1, -10613, 69546), (-9168, 64558, 1676793978, 1, 10, 49436705430629041900, 44006162505511463900, 1, '0x036D6B4DA0b4Eeb9d312E958c2937D9016765F50', 1, -9016, 64038), (-67210, 30832, 1676793978, 1, 10, 53370652131201418100, 53370652131201418100, 1, '0x0fa9077350FC3Ee6924743e1AD9b735c657C455E', 1, -67210, 30832), (-9442, 68746, 1676793978, 1, 10, 52193733886623065000, 47905097376849402000, 0, '0x05d6edC4ff8ef40321aBCf7886Bc606ed13327b0', 1, -9349, 68693), (-5645, 60493, 1676793978, 1, 10, 49648966479327931000, 40251121015160611000, 1, '0x77B770ceB4b2537e52f4534Bb39e43754eB5B7e5', 1, -6225, 62583), (43185, -42090, 1676793029, 2, 10, 54015769671939045500, 3415178571428571000, 0, '0xc72B1b70e69D270544369132d53529e37Be87742', 0, 43235, -41791), (-66307, 30351, 1676793978, 1, 10, 56144282795570109700, 56144282795570109700, 1, '0x3662FA93E6C3bcB04B95e5dD7B1266AD9e8A9965', 1, -66307, 30351), (-10150, 64919, 1676793978, 1, 10, 53019971728550711000, 43561283694404384500, 1, '0x036D6B4DA0b4Eeb9d312E958c2937D9016765F50', 1, -10296, 65769), (-32420, -110248, 1676793262, 2, 10, 46590466300053795000, 17204462052301800000, 0, '0x77B770ceB4b2537e52f4534Bb39e43754eB5B7e5', 0, -30502, -105273), (-63684, 28290, 1676793978, 1, 10, 49240295815198408000, 44670880027580123000, 1, '0xc8529dE5603FF9D6FE9A77d43c27D3e7085B4E43', 1, -63795, 28074), (44604, -42606, 1676793300, 2, 10, 50446506206585461300, 2561383928571428400, 0, '0xc72B1b70e69D270544369132d53529e37Be87742', 0, 45967, -42153), (-7093, 67939, 1676793978, 1, 10, 55851098521653284200, 49331239628927302200, 1, '0x633462025cF12D347C0dF50B2114E65aa364f0a6', 1, -7053, 68807), (45928, -41649, 1676793510, 0, 9, 35455524322364188000, 1921037946428571600, 0, '0xc72B1b70e69D270544369132d53529e37Be87742', 0, 46376, -42206), (-8907, 67001, 1676793586, 0, 7, 36907011557387990000, 27699142751170379000, 1, '0x3662FA93E6C3bcB04B95e5dD7B1266AD9e8A9965', 1, -9527, 66592), (-65147, 30274, 1676793624, 0, 9, 45579275478804057900, 45579275478804057900, 1, '0xA4b1B07974bF67f04EC51bEcABF4aD62106B1Dd0', 1, -65147, 30274), (-83400, 24756, 1676793944, 0, 2, 5383427409932265400, 5383427409932265400, 0, '0x0fa9077350FC3Ee6924743e1AD9b735c657C455E', 1, -83400, 24756)]
8 1958.812 [[-0.08048200050096435, 0.6295372924618768], [-0.14004676041617284, -0.7682818373220397], [-0.6171161105289689, 0.28985952474492416]] [(-58853, 34885, 1676793998, 1, 10, 50000000000000000000, 35000000000000000000, 1, '0x5c5f829C4c3E8C4AB97390cb053a456616c27Ea3', 0, -60987, 35376), (-61970, 29047, 1676793998, 1, 10, 47857142857142858000, 28571428571428572000, 1, '0x26CbcaC5281B6E159bc3e6C7400AF25fA46F246B', 1, -65533, 28514), (-66168, 29214, 1676793998, 1, 10, 48705357142857144000, 44151785714285715000, 1, '0xA4b1B07974bF67f04EC51bEcABF4aD62106B1Dd0', 1, -66154, 29294), (45490, -41768, 1676792189, 2, 10, 47395833333333332500, 5000000000000000000, 0, '0xc72B1b70e69D270544369132d53529e37Be87742', 0, 45512, -42787), (-6413, 64099, 1676793998, 1, 10, 48737599206349205000, 48737599206349205000, 1, '0x633462025cF12D347C0dF50B2114E65aa364f0a6', 0, -6413, 64099), (-65286, 30894, 1676793998, 1, 10, 49073454034391536000, 49073454034391536000, 1, '0x26CbcaC5281B6E159bc3e6C7400AF25fA46F246B', 1, -65286, 30894), (-38720, 54983, 1676792351, 2, 10, 49064980158730157500, 5662202380952381000, 0, '0x0fa9077350FC3Ee6924743e1AD9b735c657C455E', 0, -39006, 54962), (45647, -40318, 1676792489, 2, 10, 51381683798133452000, 4553571428571429000, 0, '0xc72B1b70e69D270544369132d53529e37Be87742', 0, 44702, -41234), (-10667, 69593, 1676793998, 1, 10, 52967923280423279000, 47684151785714285000, 1, '0xa79160bC038C07678C145f1B5220be15bAdB13d7', 1, -10613, 69546), (-9168, 64558, 1676793998, 1, 10, 49436705430629041900, 44006162505511463900, 1, '0x036D6B4DA0b4Eeb9d312E958c2937D9016765F50', 1, -9016, 64038), (-67210, 30832, 1676793998, 1, 10, 53370652131201418100, 53370652131201418100, 1, '0x0fa9077350FC3Ee6924743e1AD9b735c657C455E', 1, -67210, 30832), (-9442, 68746, 1676793998, 1, 10, 52193733886623065000, 47905097376849402000, 0, '0x05d6edC4ff8ef40321aBCf7886Bc606ed13327b0', 1, -9349, 68693), (-5645, 60493, 1676793998, 1, 10, 49648966479327931000, 40251121015160611000, 1, '0x77B770ceB4b2537e52f4534Bb39e43754eB5B7e5', 1, -6225, 62583), (43185, -42090, 1676793029, 2, 10, 54015769671939045500, 3415178571428571000, 0, '0xc72B1b70e69D270544369132d53529e37Be87742', 0, 43235, -41791), (-66307, 30351, 1676793998, 1, 10, 56144282795570109700, 56144282795570109700, 1, '0x3662FA93E6C3bcB04B95e5dD7B1266AD9e8A9965', 1, -66307, 30351), (-10150, 64919, 1676793998, 1, 10, 53019971728550711000, 43561283694404384500, 1, '0x036D6B4DA0b4Eeb9d312E958c2937D9016765F50', 1, -10296, 65769), (-32420, -110248, 1676793262, 2, 10, 46590466300053795000, 17204462052301800000, 0, '0x77B770ceB4b2537e52f4534Bb39e43754eB5B7e5', 0, -30502, -105273), (-63684, 28290, 1676793998, 1, 10, 49240295815198408000, 44670880027580123000, 1, '0xc8529dE5603FF9D6FE9A77d43c27D3e7085B4E43', 1, -63795, 28074), (44604, -42606, 1676793300, 2, 10, 50446506206585461300, 2561383928571428400, 0, '0xc72B1b70e69D270544369132d53529e37Be87742', 0, 45967, -42153), (-7093, 67939, 1676793998, 1, 10, 55851098521653284200, 49331239628927302200, 1, '0x633462025cF12D347C0dF50B2114E65aa364f0a6', 1, -7053, 68807), (45772, -41684, 1676793510, 2, 10, 38928544490703406000, 1921037946428571600, 0, '0xc72B1b70e69D270544369132d53529e37Be87742', 0, 46376, -42206), (-9314, 66923, 1676793586, 0, 8, 40178989382955689200, 30971120576738078200, 1, '0x3662FA93E6C3bcB04B95e5dD7B1266AD9e8A9965', 1, -9990, 66534), (-65147, 30274, 1676793624, 0, 9, 45579275478804057900, 45579275478804057900, 1, '0xA4b1B07974bF67f04EC51bEcABF4aD62106B1Dd0', 1, -65147, 30274), (-83400, 24756, 1676793944, 0, 2, 5383427409932265400, 5383427409932265400, 0, '0x0fa9077350FC3Ee6924743e1AD9b735c657C455E', 1, -83400, 24756)]
8 1988.94 [[-0.08048200050096435, 0.6295372924618768], [-0.14004676041617284, -0.7682818373220397], [-0.6171161105289689, 0.28985952474492416]] [(-58853, 34885, 1676794036, 1, 10, 50000000000000000000, 35000000000000000000, 1, '0x5c5f829C4c3E8C4AB97390cb053a456616c27Ea3', 0, -60987, 35376), (-61970, 29047, 1676794036, 1, 10, 47857142857142858000, 28571428571428572000, 1, '0x26CbcaC5281B6E159bc3e6C7400AF25fA46F246B', 1, -65533, 28514), (-66168, 29214, 1676794036, 1, 10, 48705357142857144000, 44151785714285715000, 1, '0xA4b1B07974bF67f04EC51bEcABF4aD62106B1Dd0', 1, -66154, 29294), (45490, -41768, 1676792189, 2, 10, 47395833333333332500, 5000000000000000000, 0, '0xc72B1b70e69D270544369132d53529e37Be87742', 0, 45512, -42787), (-6413, 64099, 1676794036, 1, 10, 48737599206349205000, 48737599206349205000, 1, '0x633462025cF12D347C0dF50B2114E65aa364f0a6', 0, -6413, 64099), (-65286, 30894, 1676794036, 1, 10, 49073454034391536000, 49073454034391536000, 1, '0x26CbcaC5281B6E159bc3e6C7400AF25fA46F246B', 1, -65286, 30894), (-38720, 54983, 1676792351, 2, 10, 49064980158730157500, 5662202380952381000, 0, '0x0fa9077350FC3Ee6924743e1AD9b735c657C455E', 0, -39006, 54962), (45647, -40318, 1676792489, 2, 10, 51381683798133452000, 4553571428571429000, 0, '0xc72B1b70e69D270544369132d53529e37Be87742', 0, 44702, -41234), (-10667, 69593, 1676794036, 1, 10, 52967923280423279000, 47684151785714285000, 1, '0xa79160bC038C07678C145f1B5220be15bAdB13d7', 1, -10613, 69546), (-9168, 64558, 1676794036, 1, 10, 49436705430629041900, 44006162505511463900, 1, '0x036D6B4DA0b4Eeb9d312E958c2937D9016765F50', 1, -9016, 64038), (-67210, 30832, 1676794036, 1, 10, 53370652131201418100, 53370652131201418100, 1, '0x0fa9077350FC3Ee6924743e1AD9b735c657C455E', 1, -67210, 30832), (-9442, 68746, 1676794036, 1, 10, 52193733886623065000, 47905097376849402000, 0, '0x05d6edC4ff8ef40321aBCf7886Bc606ed13327b0', 1, -9349, 68693), (-5645, 60493, 1676794036, 1, 10, 49648966479327931000, 40251121015160611000, 1, '0x77B770ceB4b2537e52f4534Bb39e43754eB5B7e5', 1, -6225, 62583), (43185, -42090, 1676793029, 2, 10, 54015769671939045500, 3415178571428571000, 0, '0xc72B1b70e69D270544369132d53529e37Be87742', 0, 43235, -41791), (-66307, 30351, 1676794036, 1, 10, 56144282795570109700, 56144282795570109700, 1, '0x3662FA93E6C3bcB04B95e5dD7B1266AD9e8A9965', 1, -66307, 30351), (-10150, 64919, 1676794036, 1, 10, 53019971728550711000, 43561283694404384500, 1, '0x036D6B4DA0b4Eeb9d312E958c2937D9016765F50', 1, -10296, 65769), (-32420, -110248, 1676793262, 2, 10, 46590466300053795000, 17204462052301800000, 0, '0x77B770ceB4b2537e52f4534Bb39e43754eB5B7e5', 0, -30502, -105273), (-63684, 28290, 1676794036, 1, 10, 49240295815198408000, 44670880027580123000, 1, '0xc8529dE5603FF9D6FE9A77d43c27D3e7085B4E43', 1, -63795, 28074), (44604, -42606, 1676793300, 2, 10, 50446506206585461300, 2561383928571428400, 0, '0xc72B1b70e69D270544369132d53529e37Be87742', 0, 45967, -42153), (-7093, 67939, 1676794036, 1, 10, 55851098521653284200, 49331239628927302200, 1, '0x633462025cF12D347C0dF50B2114E65aa364f0a6', 1, -7053, 68807), (45772, -41684, 1676793510, 2, 10, 38928544490703406000, 1921037946428571600, 0, '0xc72B1b70e69D270544369132d53529e37Be87742', 0, 46376, -42206), (-9314, 66923, 1676793586, 0, 8, 40178989382955689200, 30971120576738078200, 1, '0x3662FA93E6C3bcB04B95e5dD7B1266AD9e8A9965', 1, -9990, 66534), (-65040, 30190, 1676794036, 1, 10, 49105657812321847200, 45579275478804057900, 1, '0xA4b1B07974bF67f04EC51bEcABF4aD62106B1Dd0', 1, -65147, 30274), (-78033, 26582, 1676793944, 0, 3, 10597793236665600400, 10597793236665600400, 0, '0x0fa9077350FC3Ee6924743e1AD9b735c657C455E', 1, -78033, 26582), (46084, -42343, 1676794022, 0, 1, 1440778459821428600, 1440778459821428600, 0, '0xc72B1b70e69D270544369132d53529e37Be87742', 0, 46084, -42343)]
8 2019.192 [[-0.08048200050096435, 0.6295372924618768], [-0.14004676041617284, -0.7682818373220397], [-0.6171161105289689, 0.28985952474492416]] [(-58853, 34885, 1676794054, 1, 10, 50000000000000000000, 35000000000000000000, 1, '0x5c5f829C4c3E8C4AB97390cb053a456616c27Ea3', 0, -60987, 35376), (-61970, 29047, 1676794054, 1, 10, 47857142857142858000, 28571428571428572000, 1, '0x26CbcaC5281B6E159bc3e6C7400AF25fA46F246B', 1, -65533, 28514), (-66168, 29214, 1676794054, 1, 10, 48705357142857144000, 44151785714285715000, 1, '0xA4b1B07974bF67f04EC51bEcABF4aD62106B1Dd0', 1, -66154, 29294), (45490, -41768, 1676792189, 2, 10, 47395833333333332500, 5000000000000000000, 0, '0xc72B1b70e69D270544369132d53529e37Be87742', 0, 45512, -42787), (-6413, 64099, 1676794054, 1, 10, 48737599206349205000, 48737599206349205000, 1, '0x633462025cF12D347C0dF50B2114E65aa364f0a6', 0, -6413, 64099), (-65286, 30894, 1676794054, 1, 10, 49073454034391536000, 49073454034391536000, 1, '0x26CbcaC5281B6E159bc3e6C7400AF25fA46F246B', 1, -65286, 30894), (-38720, 54983, 1676792351, 2, 10, 49064980158730157500, 5662202380952381000, 0, '0x0fa9077350FC3Ee6924743e1AD9b735c657C455E', 0, -39006, 54962), (45647, -40318, 1676792489, 2, 10, 51381683798133452000, 4553571428571429000, 0, '0xc72B1b70e69D270544369132d53529e37Be87742', 0, 44702, -41234), (-10667, 69593, 1676794054, 1, 10, 52967923280423279000, 47684151785714285000, 1, '0xa79160bC038C07678C145f1B5220be15bAdB13d7', 1, -10613, 69546), (-9168, 64558, 1676794054, 1, 10, 49436705430629041900, 44006162505511463900, 1, '0x036D6B4DA0b4Eeb9d312E958c2937D9016765F50', 1, -9016, 64038), (-67210, 30832, 1676794054, 1, 10, 53370652131201418100, 53370652131201418100, 1, '0x0fa9077350FC3Ee6924743e1AD9b735c657C455E', 1, -67210, 30832), (-9442, 68746, 1676794054, 1, 10, 52193733886623065000, 47905097376849402000, 0, '0x05d6edC4ff8ef40321aBCf7886Bc606ed13327b0', 1, -9349, 68693), (-5645, 60493, 1676794054, 1, 10, 49648966479327931000, 40251121015160611000, 1, '0x77B770ceB4b2537e52f4534Bb39e43754eB5B7e5', 1, -6225, 62583), (43185, -42090, 1676793029, 2, 10, 54015769671939045500, 3415178571428571000, 0, '0xc72B1b70e69D270544369132d53529e37Be87742', 0, 43235, -41791), (-66307, 30351, 1676794054, 1, 10, 56144282795570109700, 56144282795570109700, 1, '0x3662FA93E6C3bcB04B95e5dD7B1266AD9e8A9965', 1, -66307, 30351), (-10150, 64919, 1676794054, 1, 10, 53019971728550711000, 43561283694404384500, 1, '0x036D6B4DA0b4Eeb9d312E958c2937D9016765F50', 1, -10296, 65769), (-32420, -110248, 1676793262, 2, 10, 46590466300053795000, 17204462052301800000, 0, '0x77B770ceB4b2537e52f4534Bb39e43754eB5B7e5', 0, -30502, -105273), (-63684, 28290, 1676794054, 1, 10, 49240295815198408000, 44670880027580123000, 1, '0xc8529dE5603FF9D6FE9A77d43c27D3e7085B4E43', 1, -63795, 28074), (44604, -42606, 1676793300, 2, 10, 50446506206585461300, 2561383928571428400, 0, '0xc72B1b70e69D270544369132d53529e37Be87742', 0, 45967, -42153), (-7093, 67939, 1676794054, 1, 10, 55851098521653284200, 49331239628927302200, 1, '0x633462025cF12D347C0dF50B2114E65aa364f0a6', 1, -7053, 68807), (45772, -41684, 1676793510, 2, 10, 38928544490703406000, 1921037946428571600, 0, '0xc72B1b70e69D270544369132d53529e37Be87742', 0, 46376, -42206), (-9314, 66923, 1676793586, 0, 8, 40178989382955689200, 30971120576738078200, 1, '0x3662FA93E6C3bcB04B95e5dD7B1266AD9e8A9965', 1, -9990, 66534), (-65040, 30190, 1676794054, 1, 10, 49105657812321847200, 45579275478804057900, 1, '0xA4b1B07974bF67f04EC51bEcABF4aD62106B1Dd0', 1, -65147, 30274), (-78033, 26582, 1676793944, 0, 3, 10597793236665600400, 10597793236665600400, 0, '0x0fa9077350FC3Ee6924743e1AD9b735c657C455E', 1, -78033, 26582), (45204, -42042, 1676794022, 0, 4, 16056661109249996700, 1440778459821428600, 0, '0xc72B1b70e69D270544369132d53529e37Be87742', 0, 46084, -42343)]
8 2049.203 [[-0.08048200050096435, 0.6295372924618768], [-0.14004676041617284, -0.7682818373220397], [-0.6171161105289689, 0.28985952474492416]] [(-58853, 34885, 1676794098, 1, 10, 50000000000000000000, 35000000000000000000, 1, '0x5c5f829C4c3E8C4AB97390cb053a456616c27Ea3', 0, -60987, 35376), (-61970, 29047, 1676794098, 1, 10, 47857142857142858000, 28571428571428572000, 1, '0x26CbcaC5281B6E159bc3e6C7400AF25fA46F246B', 1, -65533, 28514), (-66168, 29214, 1676794098, 1, 10, 48705357142857144000, 44151785714285715000, 1, '0xA4b1B07974bF67f04EC51bEcABF4aD62106B1Dd0', 1, -66154, 29294), (45490, -41768, 1676792189, 2, 10, 47395833333333332500, 5000000000000000000, 0, '0xc72B1b70e69D270544369132d53529e37Be87742', 0, 45512, -42787), (-6413, 64099, 1676794098, 1, 10, 48737599206349205000, 48737599206349205000, 1, '0x633462025cF12D347C0dF50B2114E65aa364f0a6', 0, -6413, 64099), (-65286, 30894, 1676794098, 1, 10, 49073454034391536000, 49073454034391536000, 1, '0x26CbcaC5281B6E159bc3e6C7400AF25fA46F246B', 1, -65286, 30894), (-38720, 54983, 1676792351, 2, 10, 49064980158730157500, 5662202380952381000, 0, '0x0fa9077350FC3Ee6924743e1AD9b735c657C455E', 0, -39006, 54962), (45647, -40318, 1676792489, 2, 10, 51381683798133452000, 4553571428571429000, 0, '0xc72B1b70e69D270544369132d53529e37Be87742', 0, 44702, -41234), (-10667, 69593, 1676794098, 1, 10, 52967923280423279000, 47684151785714285000, 1, '0xa79160bC038C07678C145f1B5220be15bAdB13d7', 1, -10613, 69546), (-9168, 64558, 1676794098, 1, 10, 49436705430629041900, 44006162505511463900, 1, '0x036D6B4DA0b4Eeb9d312E958c2937D9016765F50', 1, -9016, 64038), (-67210, 30832, 1676794098, 1, 10, 53370652131201418100, 53370652131201418100, 1, '0x0fa9077350FC3Ee6924743e1AD9b735c657C455E', 1, -67210, 30832), (-9442, 68746, 1676794098, 1, 10, 52193733886623065000, 47905097376849402000, 0, '0x05d6edC4ff8ef40321aBCf7886Bc606ed13327b0', 1, -9349, 68693), (-5645, 60493, 1676794098, 1, 10, 49648966479327931000, 40251121015160611000, 1, '0x77B770ceB4b2537e52f4534Bb39e43754eB5B7e5', 1, -6225, 62583), (43185, -42090, 1676793029, 2, 10, 54015769671939045500, 3415178571428571000, 0, '0xc72B1b70e69D270544369132d53529e37Be87742', 0, 43235, -41791), (-66307, 30351, 1676794098, 1, 10, 56144282795570109700, 56144282795570109700, 1, '0x3662FA93E6C3bcB04B95e5dD7B1266AD9e8A9965', 1, -66307, 30351), (-10150, 64919, 1676794098, 1, 10, 53019971728550711000, 43561283694404384500, 1, '0x036D6B4DA0b4Eeb9d312E958c2937D9016765F50', 1, -10296, 65769), (-32420, -110248, 1676793262, 2, 10, 46590466300053795000, 17204462052301800000, 0, '0x77B770ceB4b2537e52f4534Bb39e43754eB5B7e5', 0, -30502, -105273), (-63684, 28290, 1676794098, 1, 10, 49240295815198408000, 44670880027580123000, 1, '0xc8529dE5603FF9D6FE9A77d43c27D3e7085B4E43', 1, -63795, 28074), (44604, -42606, 1676793300, 2, 10, 50446506206585461300, 2561383928571428400, 0, '0xc72B1b70e69D270544369132d53529e37Be87742', 0, 45967, -42153), (-7093, 67939, 1676794098, 1, 10, 55851098521653284200, 49331239628927302200, 1, '0x633462025cF12D347C0dF50B2114E65aa364f0a6', 1, -7053, 68807), (45772, -41684, 1676793510, 2, 10, 38928544490703406000, 1921037946428571600, 0, '0xc72B1b70e69D270544369132d53529e37Be87742', 0, 46376, -42206), (-9038, 66838, 1676793586, 0, 8, 40178989382955689200, 30971120576738078200, 1, '0x3662FA93E6C3bcB04B95e5dD7B1266AD9e8A9965', 1, -9577, 66463), (-65040, 30190, 1676794098, 1, 10, 49105657812321847200, 45579275478804057900, 1, '0xA4b1B07974bF67f04EC51bEcABF4aD62106B1Dd0', 1, -65147, 30274), (-70258, 31190, 1676793944, 0, 4, 19020709329256470400, 19020709329256470400, 0, '0x0fa9077350FC3Ee6924743e1AD9b735c657C455E', 1, -70258, 31190), (45285, -42078, 1676794022, 0, 6, 25590864110237441700, 1440778459821428600, 0, '0xc72B1b70e69D270544369132d53529e37Be87742', 0, 46084, -42343)]
8 2079.361 [[-0.08048200050096435, 0.6295372924618768], [-0.14004676041617284, -0.7682818373220397], [-0.6171161105289689, 0.28985952474492416]] [(-58853, 34885, 1676794118, 1, 10, 50000000000000000000, 35000000000000000000, 1, '0x5c5f829C4c3E8C4AB97390cb053a456616c27Ea3', 0, -60987, 35376), (-61970, 29047, 1676794118, 1, 10, 47857142857142858000, 28571428571428572000, 1, '0x26CbcaC5281B6E159bc3e6C7400AF25fA46F246B', 1, -65533, 28514), (-66168, 29214, 1676794118, 1, 10, 48705357142857144000, 44151785714285715000, 1, '0xA4b1B07974bF67f04EC51bEcABF4aD62106B1Dd0', 1, -66154, 29294), (45490, -41768, 1676792189, 2, 10, 47395833333333332500, 5000000000000000000, 0, '0xc72B1b70e69D270544369132d53529e37Be87742', 0, 45512, -42787), (-6413, 64099, 1676794118, 1, 10, 48737599206349205000, 48737599206349205000, 1, '0x633462025cF12D347C0dF50B2114E65aa364f0a6', 0, -6413, 64099), (-65286, 30894, 1676794118, 1, 10, 49073454034391536000, 49073454034391536000, 1, '0x26CbcaC5281B6E159bc3e6C7400AF25fA46F246B', 1, -65286, 30894), (-38720, 54983, 1676792351, 2, 10, 49064980158730157500, 5662202380952381000, 0, '0x0fa9077350FC3Ee6924743e1AD9b735c657C455E', 0, -39006, 54962), (45647, -40318, 1676792489, 2, 10, 51381683798133452000, 4553571428571429000, 0, '0xc72B1b70e69D270544369132d53529e37Be87742', 0, 44702, -41234), (-10667, 69593, 1676794118, 1, 10, 52967923280423279000, 47684151785714285000, 1, '0xa79160bC038C07678C145f1B5220be15bAdB13d7', 1, -10613, 69546), (-9168, 64558, 1676794118, 1, 10, 49436705430629041900, 44006162505511463900, 1, '0x036D6B4DA0b4Eeb9d312E958c2937D9016765F50', 1, -9016, 64038), (-67210, 30832, 1676794118, 1, 10, 53370652131201418100, 53370652131201418100, 1, '0x0fa9077350FC3Ee6924743e1AD9b735c657C455E', 1, -67210, 30832), (-9442, 68746, 1676794118, 1, 10, 52193733886623065000, 47905097376849402000, 0, '0x05d6edC4ff8ef40321aBCf7886Bc606ed13327b0', 1, -9349, 68693), (-5645, 60493, 1676794118, 1, 10, 49648966479327931000, 40251121015160611000, 1, '0x77B770ceB4b2537e52f4534Bb39e43754eB5B7e5', 1, -6225, 62583), (43185, -42090, 1676793029, 2, 10, 54015769671939045500, 3415178571428571000, 0, '0xc72B1b70e69D270544369132d53529e37Be87742', 0, 43235, -41791), (-66307, 30351, 1676794118, 1, 10, 56144282795570109700, 56144282795570109700, 1, '0x3662FA93E6C3bcB04B95e5dD7B1266AD9e8A9965', 1, -66307, 30351), (-10150, 64919, 1676794118, 1, 10, 53019971728550711000, 43561283694404384500, 1, '0x036D6B4DA0b4Eeb9d312E958c2937D9016765F50', 1, -10296, 65769), (-32420, -110248, 1676793262, 2, 10, 46590466300053795000, 17204462052301800000, 0, '0x77B770ceB4b2537e52f4534Bb39e43754eB5B7e5', 0, -30502, -105273), (-63684, 28290, 1676794118, 1, 10, 49240295815198408000, 44670880027580123000, 1, '0xc8529dE5603FF9D6FE9A77d43c27D3e7085B4E43', 1, -63795, 28074), (44604, -42606, 1676793300, 2, 10, 50446506206585461300, 2561383928571428400, 0, '0xc72B1b70e69D270544369132d53529e37Be87742', 0, 45967, -42153), (-7093, 67939, 1676794118, 1, 10, 55851098521653284200, 49331239628927302200, 1, '0x633462025cF12D347C0dF50B2114E65aa364f0a6', 1, -7053, 68807), (45772, -41684, 1676793510, 2, 10, 38928544490703406000, 1921037946428571600, 0, '0xc72B1b70e69D270544369132d53529e37Be87742', 0, 46376, -42206), (-9038, 66838, 1676793586, 0, 8, 40178989382955689200, 30971120576738078200, 1, '0x3662FA93E6C3bcB04B95e5dD7B1266AD9e8A9965', 1, -9577, 66463), (-65040, 30190, 1676794118, 1, 10, 49105657812321847200, 45579275478804057900, 1, '0xA4b1B07974bF67f04EC51bEcABF4aD62106B1Dd0', 1, -65147, 30274), (-67341, 30162, 1676793944, 0, 6, 26304576239043030900, 26304576239043030900, 0, '0x0fa9077350FC3Ee6924743e1AD9b735c657C455E', 1, -67341, 30162), (45283, -42155, 1676794022, 0, 7, 30805229936970776700, 1440778459821428600, 0, '0xc72B1b70e69D270544369132d53529e37Be87742', 0, 46084, -42343)]
8 2109.426 [[-0.08048200050096435, 0.6295372924618768], [-0.14004676041617284, -0.7682818373220397], [-0.6171161105289689, 0.28985952474492416]] [(-58853, 34885, 1676794158, 1, 10, 50000000000000000000, 35000000000000000000, 1, '0x5c5f829C4c3E8C4AB97390cb053a456616c27Ea3', 0, -60987, 35376), (-61970, 29047, 1676794158, 1, 10, 47857142857142858000, 28571428571428572000, 1, '0x26CbcaC5281B6E159bc3e6C7400AF25fA46F246B', 1, -65533, 28514), (-66168, 29214, 1676794158, 1, 10, 48705357142857144000, 44151785714285715000, 1, '0xA4b1B07974bF67f04EC51bEcABF4aD62106B1Dd0', 1, -66154, 29294), (45490, -41768, 1676792189, 2, 10, 47395833333333332500, 5000000000000000000, 0, '0xc72B1b70e69D270544369132d53529e37Be87742', 0, 45512, -42787), (-6413, 64099, 1676794158, 1, 10, 48737599206349205000, 48737599206349205000, 1, '0x633462025cF12D347C0dF50B2114E65aa364f0a6', 0, -6413, 64099), (-65286, 30894, 1676794158, 1, 10, 49073454034391536000, 49073454034391536000, 1, '0x26CbcaC5281B6E159bc3e6C7400AF25fA46F246B', 1, -65286, 30894), (-38720, 54983, 1676792351, 2, 10, 49064980158730157500, 5662202380952381000, 0, '0x0fa9077350FC3Ee6924743e1AD9b735c657C455E', 0, -39006, 54962), (45647, -40318, 1676792489, 2, 10, 51381683798133452000, 4553571428571429000, 0, '0xc72B1b70e69D270544369132d53529e37Be87742', 0, 44702, -41234), (-10667, 69593, 1676794158, 1, 10, 52967923280423279000, 47684151785714285000, 1, '0xa79160bC038C07678C145f1B5220be15bAdB13d7', 1, -10613, 69546), (-9168, 64558, 1676794158, 1, 10, 49436705430629041900, 44006162505511463900, 1, '0x036D6B4DA0b4Eeb9d312E958c2937D9016765F50', 1, -9016, 64038), (-67210, 30832, 1676794158, 1, 10, 53370652131201418100, 53370652131201418100, 1, '0x0fa9077350FC3Ee6924743e1AD9b735c657C455E', 1, -67210, 30832), (-9442, 68746, 1676794158, 1, 10, 52193733886623065000, 47905097376849402000, 0, '0x05d6edC4ff8ef40321aBCf7886Bc606ed13327b0', 1, -9349, 68693), (-5645, 60493, 1676794158, 1, 10, 49648966479327931000, 40251121015160611000, 1, '0x77B770ceB4b2537e52f4534Bb39e43754eB5B7e5', 1, -6225, 62583), (43185, -42090, 1676793029, 2, 10, 54015769671939045500, 3415178571428571000, 0, '0xc72B1b70e69D270544369132d53529e37Be87742', 0, 43235, -41791), (-66307, 30351, 1676794158, 1, 10, 56144282795570109700, 56144282795570109700, 1, '0x3662FA93E6C3bcB04B95e5dD7B1266AD9e8A9965', 1, -66307, 30351), (-10150, 64919, 1676794158, 1, 10, 53019971728550711000, 43561283694404384500, 1, '0x036D6B4DA0b4Eeb9d312E958c2937D9016765F50', 1, -10296, 65769), (-32420, -110248, 1676793262, 2, 10, 46590466300053795000, 17204462052301800000, 0, '0x77B770ceB4b2537e52f4534Bb39e43754eB5B7e5', 0, -30502, -105273), (-63684, 28290, 1676794158, 1, 10, 49240295815198408000, 44670880027580123000, 1, '0xc8529dE5603FF9D6FE9A77d43c27D3e7085B4E43', 1, -63795, 28074), (44604, -42606, 1676793300, 2, 10, 50446506206585461300, 2561383928571428400, 0, '0xc72B1b70e69D270544369132d53529e37Be87742', 0, 45967, -42153), (-7093, 67939, 1676794158, 1, 10, 55851098521653284200, 49331239628927302200, 1, '0x633462025cF12D347C0dF50B2114E65aa364f0a6', 1, -7053, 68807), (45772, -41684, 1676793510, 2, 10, 38928544490703406000, 1921037946428571600, 0, '0xc72B1b70e69D270544369132d53529e37Be87742', 0, 46376, -42206), (-8723, 66264, 1676793586, 0, 9, 43798663344687612200, 34590794538470001200, 1, '0x3662FA93E6C3bcB04B95e5dD7B1266AD9e8A9965', 1, -9121, 65775), (-65040, 30190, 1676794158, 1, 10, 49105657812321847200, 45579275478804057900, 1, '0xA4b1B07974bF67f04EC51bEcABF4aD62106B1Dd0', 1, -65147, 30274), (-67341, 30162, 1676793944, 0, 6, 26304576239043030900, 26304576239043030900, 0, '0x0fa9077350FC3Ee6924743e1AD9b735c657C455E', 1, -67341, 30162), (44927, -42269, 1676794022, 0, 9, 41987634968873960700, 1440778459821428600, 0, '0xc72B1b70e69D270544369132d53529e37Be87742', 0, 46084, -42343)]
8 2139.661 [[-0.08048200050096435, 0.6295372924618768], [-0.14004676041617284, -0.7682818373220397], [-0.6171161105289689, 0.28985952474492416]] [(-58853, 34885, 1676794184, 1, 10, 50000000000000000000, 35000000000000000000, 1, '0x5c5f829C4c3E8C4AB97390cb053a456616c27Ea3', 0, -60987, 35376), (-61970, 29047, 1676794184, 1, 10, 47857142857142858000, 28571428571428572000, 1, '0x26CbcaC5281B6E159bc3e6C7400AF25fA46F246B', 1, -65533, 28514), (-66168, 29214, 1676794184, 1, 10, 48705357142857144000, 44151785714285715000, 1, '0xA4b1B07974bF67f04EC51bEcABF4aD62106B1Dd0', 1, -66154, 29294), (45490, -41768, 1676792189, 2, 10, 47395833333333332500, 5000000000000000000, 0, '0xc72B1b70e69D270544369132d53529e37Be87742', 0, 45512, -42787), (-6413, 64099, 1676794184, 1, 10, 48737599206349205000, 48737599206349205000, 1, '0x633462025cF12D347C0dF50B2114E65aa364f0a6', 0, -6413, 64099), (-65286, 30894, 1676794184, 1, 10, 49073454034391536000, 49073454034391536000, 1, '0x26CbcaC5281B6E159bc3e6C7400AF25fA46F246B', 1, -65286, 30894), (-38720, 54983, 1676792351, 2, 10, 49064980158730157500, 5662202380952381000, 0, '0x0fa9077350FC3Ee6924743e1AD9b735c657C455E', 0, -39006, 54962), (45647, -40318, 1676792489, 2, 10, 51381683798133452000, 4553571428571429000, 0, '0xc72B1b70e69D270544369132d53529e37Be87742', 0, 44702, -41234), (-10667, 69593, 1676794184, 1, 10, 52967923280423279000, 47684151785714285000, 1, '0xa79160bC038C07678C145f1B5220be15bAdB13d7', 1, -10613, 69546), (-9168, 64558, 1676794184, 1, 10, 49436705430629041900, 44006162505511463900, 1, '0x036D6B4DA0b4Eeb9d312E958c2937D9016765F50', 1, -9016, 64038), (-67210, 30832, 1676794184, 1, 10, 53370652131201418100, 53370652131201418100, 1, '0x0fa9077350FC3Ee6924743e1AD9b735c657C455E', 1, -67210, 30832), (-9442, 68746, 1676794184, 1, 10, 52193733886623065000, 47905097376849402000, 0, '0x05d6edC4ff8ef40321aBCf7886Bc606ed13327b0', 1, -9349, 68693), (-5645, 60493, 1676794184, 1, 10, 49648966479327931000, 40251121015160611000, 1, '0x77B770ceB4b2537e52f4534Bb39e43754eB5B7e5', 1, -6225, 62583), (43185, -42090, 1676793029, 2, 10, 54015769671939045500, 3415178571428571000, 0, '0xc72B1b70e69D270544369132d53529e37Be87742', 0, 43235, -41791), (-66307, 30351, 1676794184, 1, 10, 56144282795570109700, 56144282795570109700, 1, '0x3662FA93E6C3bcB04B95e5dD7B1266AD9e8A9965', 1, -66307, 30351), (-10150, 64919, 1676794184, 1, 10, 53019971728550711000, 43561283694404384500, 1, '0x036D6B4DA0b4Eeb9d312E958c2937D9016765F50', 1, -10296, 65769), (-32420, -110248, 1676793262, 2, 10, 46590466300053795000, 17204462052301800000, 0, '0x77B770ceB4b2537e52f4534Bb39e43754eB5B7e5', 0, -30502, -105273), (-63684, 28290, 1676794184, 1, 10, 49240295815198408000, 44670880027580123000, 1, '0xc8529dE5603FF9D6FE9A77d43c27D3e7085B4E43', 1, -63795, 28074), (44604, -42606, 1676793300, 2, 10, 50446506206585461300, 2561383928571428400, 0, '0xc72B1b70e69D270544369132d53529e37Be87742', 0, 45967, -42153), (-7093, 67939, 1676794184, 1, 10, 55851098521653284200, 49331239628927302200, 1, '0x633462025cF12D347C0dF50B2114E65aa364f0a6', 1, -7053, 68807), (45772, -41684, 1676793510, 2, 10, 38928544490703406000, 1921037946428571600, 0, '0xc72B1b70e69D270544369132d53529e37Be87742', 0, 46376, -42206), (-8723, 66264, 1676793586, 0, 9, 43798663344687612200, 34590794538470001200, 1, '0x3662FA93E6C3bcB04B95e5dD7B1266AD9e8A9965', 1, -9121, 65775), (-65040, 30190, 1676794184, 1, 10, 49105657812321847200, 45579275478804057900, 1, '0xA4b1B07974bF67f04EC51bEcABF4aD62106B1Dd0', 1, -65147, 30274), (-68528, 30366, 1676793944, 0, 7, 29491042327538676900, 29491042327538676900, 0, '0x0fa9077350FC3Ee6924743e1AD9b735c657C455E', 1, -68528, 30366), (44860, -42168, 1676794022, 0, 9, 41987634968873960700, 1440778459821428600, 0, '0xc72B1b70e69D270544369132d53529e37Be87742', 0, 46084, -42343)]
8 2169.744 [[-0.08048200050096435, 0.6295372924618768], [-0.14004676041617284, -0.7682818373220397], [-0.6171161105289689, 0.28985952474492416]] [(-58853, 34885, 1676794210, 1, 10, 50000000000000000000, 35000000000000000000, 1, '0x5c5f829C4c3E8C4AB97390cb053a456616c27Ea3', 0, -60987, 35376), (-61970, 29047, 1676794210, 1, 10, 47857142857142858000, 28571428571428572000, 1, '0x26CbcaC5281B6E159bc3e6C7400AF25fA46F246B', 1, -65533, 28514), (-66168, 29214, 1676794210, 1, 10, 48705357142857144000, 44151785714285715000, 1, '0xA4b1B07974bF67f04EC51bEcABF4aD62106B1Dd0', 1, -66154, 29294), (45490, -41768, 1676792189, 2, 10, 47395833333333332500, 5000000000000000000, 0, '0xc72B1b70e69D270544369132d53529e37Be87742', 0, 45512, -42787), (-6413, 64099, 1676794210, 1, 10, 48737599206349205000, 48737599206349205000, 1, '0x633462025cF12D347C0dF50B2114E65aa364f0a6', 0, -6413, 64099), (-65286, 30894, 1676794210, 1, 10, 49073454034391536000, 49073454034391536000, 1, '0x26CbcaC5281B6E159bc3e6C7400AF25fA46F246B', 1, -65286, 30894), (-38720, 54983, 1676792351, 2, 10, 49064980158730157500, 5662202380952381000, 0, '0x0fa9077350FC3Ee6924743e1AD9b735c657C455E', 0, -39006, 54962), (45647, -40318, 1676792489, 2, 10, 51381683798133452000, 4553571428571429000, 0, '0xc72B1b70e69D270544369132d53529e37Be87742', 0, 44702, -41234), (-10667, 69593, 1676794210, 1, 10, 52967923280423279000, 47684151785714285000, 1, '0xa79160bC038C07678C145f1B5220be15bAdB13d7', 1, -10613, 69546), (-9168, 64558, 1676794210, 1, 10, 49436705430629041900, 44006162505511463900, 1, '0x036D6B4DA0b4Eeb9d312E958c2937D9016765F50', 1, -9016, 64038), (-67210, 30832, 1676794210, 1, 10, 53370652131201418100, 53370652131201418100, 1, '0x0fa9077350FC3Ee6924743e1AD9b735c657C455E', 1, -67210, 30832), (-9442, 68746, 1676794210, 1, 10, 52193733886623065000, 47905097376849402000, 0, '0x05d6edC4ff8ef40321aBCf7886Bc606ed13327b0', 1, -9349, 68693), (-5645, 60493, 1676794210, 1, 10, 49648966479327931000, 40251121015160611000, 1, '0x77B770ceB4b2537e52f4534Bb39e43754eB5B7e5', 1, -6225, 62583), (43185, -42090, 1676793029, 2, 10, 54015769671939045500, 3415178571428571000, 0, '0xc72B1b70e69D270544369132d53529e37Be87742', 0, 43235, -41791), (-66307, 30351, 1676794210, 1, 10, 56144282795570109700, 56144282795570109700, 1, '0x3662FA93E6C3bcB04B95e5dD7B1266AD9e8A9965', 1, -66307, 30351), (-10150, 64919, 1676794210, 1, 10, 53019971728550711000, 43561283694404384500, 1, '0x036D6B4DA0b4Eeb9d312E958c2937D9016765F50', 1, -10296, 65769), (-32420, -110248, 1676793262, 2, 10, 46590466300053795000, 17204462052301800000, 0, '0x77B770ceB4b2537e52f4534Bb39e43754eB5B7e5', 0, -30502, -105273), (-63684, 28290, 1676794210, 1, 10, 49240295815198408000, 44670880027580123000, 1, '0xc8529dE5603FF9D6FE9A77d43c27D3e7085B4E43', 1, -63795, 28074), (44604, -42606, 1676793300, 2, 10, 50446506206585461300, 2561383928571428400, 0, '0xc72B1b70e69D270544369132d53529e37Be87742', 0, 45967, -42153), (-7093, 67939, 1676794210, 1, 10, 55851098521653284200, 49331239628927302200, 1, '0x633462025cF12D347C0dF50B2114E65aa364f0a6', 1, -7053, 68807), (45772, -41684, 1676793510, 2, 10, 38928544490703406000, 1921037946428571600, 0, '0xc72B1b70e69D270544369132d53529e37Be87742', 0, 46376, -42206), (-9168, 66113, 1676793586, 0, 9, 43798663344687612200, 34590794538470001200, 1, '0x3662FA93E6C3bcB04B95e5dD7B1266AD9e8A9965', 1, -9583, 65688), (-65040, 30190, 1676794210, 1, 10, 49105657812321847200, 45579275478804057900, 1, '0xA4b1B07974bF67f04EC51bEcABF4aD62106B1Dd0', 1, -65147, 30274), (-67848, 31494, 1676793944, 0, 8, 35908102138948950900, 35908102138948950900, 0, '0x0fa9077350FC3Ee6924743e1AD9b735c657C455E', 1, -67848, 31494), (44910, -42214, 1676794022, 2, 10, 45357567859261598500, 1440778459821428600, 0, '0xc72B1b70e69D270544369132d53529e37Be87742', 0, 46084, -42343)]
8 2199.765 [[-0.08048200050096435, 0.6295372924618768], [-0.14004676041617284, -0.7682818373220397], [-0.6171161105289689, 0.28985952474492416]] [(-58853, 34885, 1676794230, 1, 10, 50000000000000000000, 35000000000000000000, 1, '0x5c5f829C4c3E8C4AB97390cb053a456616c27Ea3', 0, -60987, 35376), (-61970, 29047, 1676794230, 1, 10, 47857142857142858000, 28571428571428572000, 1, '0x26CbcaC5281B6E159bc3e6C7400AF25fA46F246B', 1, -65533, 28514), (-66168, 29214, 1676794230, 1, 10, 48705357142857144000, 44151785714285715000, 1, '0xA4b1B07974bF67f04EC51bEcABF4aD62106B1Dd0', 1, -66154, 29294), (45490, -41768, 1676792189, 2, 10, 47395833333333332500, 5000000000000000000, 0, '0xc72B1b70e69D270544369132d53529e37Be87742', 0, 45512, -42787), (-6413, 64099, 1676794230, 1, 10, 48737599206349205000, 48737599206349205000, 1, '0x633462025cF12D347C0dF50B2114E65aa364f0a6', 0, -6413, 64099), (-65286, 30894, 1676794230, 1, 10, 49073454034391536000, 49073454034391536000, 1, '0x26CbcaC5281B6E159bc3e6C7400AF25fA46F246B', 1, -65286, 30894), (-38720, 54983, 1676792351, 2, 10, 49064980158730157500, 5662202380952381000, 0, '0x0fa9077350FC3Ee6924743e1AD9b735c657C455E', 0, -39006, 54962), (45647, -40318, 1676792489, 2, 10, 51381683798133452000, 4553571428571429000, 0, '0xc72B1b70e69D270544369132d53529e37Be87742', 0, 44702, -41234), (-10667, 69593, 1676794230, 1, 10, 52967923280423279000, 47684151785714285000, 1, '0xa79160bC038C07678C145f1B5220be15bAdB13d7', 1, -10613, 69546), (-9168, 64558, 1676794230, 1, 10, 49436705430629041900, 44006162505511463900, 1, '0x036D6B4DA0b4Eeb9d312E958c2937D9016765F50', 1, -9016, 64038), (-67210, 30832, 1676794230, 1, 10, 53370652131201418100, 53370652131201418100, 1, '0x0fa9077350FC3Ee6924743e1AD9b735c657C455E', 1, -67210, 30832), (-9442, 68746, 1676794230, 1, 10, 52193733886623065000, 47905097376849402000, 0, '0x05d6edC4ff8ef40321aBCf7886Bc606ed13327b0', 1, -9349, 68693), (-5645, 60493, 1676794230, 1, 10, 49648966479327931000, 40251121015160611000, 1, '0x77B770ceB4b2537e52f4534Bb39e43754eB5B7e5', 1, -6225, 62583), (43185, -42090, 1676793029, 2, 10, 54015769671939045500, 3415178571428571000, 0, '0xc72B1b70e69D270544369132d53529e37Be87742', 0, 43235, -41791), (-66307, 30351, 1676794230, 1, 10, 56144282795570109700, 56144282795570109700, 1, '0x3662FA93E6C3bcB04B95e5dD7B1266AD9e8A9965', 1, -66307, 30351), (-10150, 64919, 1676794230, 1, 10, 53019971728550711000, 43561283694404384500, 1, '0x036D6B4DA0b4Eeb9d312E958c2937D9016765F50', 1, -10296, 65769), (-32420, -110248, 1676793262, 2, 10, 46590466300053795000, 17204462052301800000, 0, '0x77B770ceB4b2537e52f4534Bb39e43754eB5B7e5', 0, -30502, -105273), (-63684, 28290, 1676794230, 1, 10, 49240295815198408000, 44670880027580123000, 1, '0xc8529dE5603FF9D6FE9A77d43c27D3e7085B4E43', 1, -63795, 28074), (44604, -42606, 1676793300, 2, 10, 50446506206585461300, 2561383928571428400, 0, '0xc72B1b70e69D270544369132d53529e37Be87742', 0, 45967, -42153), (-7093, 67939, 1676794230, 1, 10, 55851098521653284200, 49331239628927302200, 1, '0x633462025cF12D347C0dF50B2114E65aa364f0a6', 1, -7053, 68807), (45772, -41684, 1676793510, 2, 10, 38928544490703406000, 1921037946428571600, 0, '0xc72B1b70e69D270544369132d53529e37Be87742', 0, 46376, -42206), (-9052, 67354, 1676793586, 0, 9, 43798663344687612200, 34590794538470001200, 1, '0x3662FA93E6C3bcB04B95e5dD7B1266AD9e8A9965', 1, -9367, 67296), (-65040, 30190, 1676794230, 1, 10, 49105657812321847200, 45579275478804057900, 1, '0xA4b1B07974bF67f04EC51bEcABF4aD62106B1Dd0', 1, -65147, 30274), (-67887, 31667, 1676793944, 0, 9, 38592910512971221900, 38592910512971221900, 0, '0x0fa9077350FC3Ee6924743e1AD9b735c657C455E', 1, -67887, 31667), (44910, -42214, 1676794022, 2, 10, 45357567859261598500, 1440778459821428600, 0, '0xc72B1b70e69D270544369132d53529e37Be87742', 0, 46084, -42343), (46071, -43504, 1676794224, 0, 1, 1440778459821428400, 1440778459821428400, 0, '0xc72B1b70e69D270544369132d53529e37Be87742', 0, 46071, -43504)]
8 2229.886 [[-0.08048200050096435, 0.6295372924618768], [-0.14004676041617284, -0.7682818373220397], [-0.6171161105289689, 0.28985952474492416]] [(-58853, 34885, 1676794272, 1, 10, 50000000000000000000, 35000000000000000000, 1, '0x5c5f829C4c3E8C4AB97390cb053a456616c27Ea3', 0, -60987, 35376), (-61970, 29047, 1676794272, 1, 10, 47857142857142858000, 28571428571428572000, 1, '0x26CbcaC5281B6E159bc3e6C7400AF25fA46F246B', 1, -65533, 28514), (-66168, 29214, 1676794272, 1, 10, 48705357142857144000, 44151785714285715000, 1, '0xA4b1B07974bF67f04EC51bEcABF4aD62106B1Dd0', 1, -66154, 29294), (45490, -41768, 1676792189, 2, 10, 47395833333333332500, 5000000000000000000, 0, '0xc72B1b70e69D270544369132d53529e37Be87742', 0, 45512, -42787), (-6413, 64099, 1676794272, 1, 10, 48737599206349205000, 48737599206349205000, 1, '0x633462025cF12D347C0dF50B2114E65aa364f0a6', 0, -6413, 64099), (-65286, 30894, 1676794272, 1, 10, 49073454034391536000, 49073454034391536000, 1, '0x26CbcaC5281B6E159bc3e6C7400AF25fA46F246B', 1, -65286, 30894), (-38720, 54983, 1676792351, 2, 10, 49064980158730157500, 5662202380952381000, 0, '0x0fa9077350FC3Ee6924743e1AD9b735c657C455E', 0, -39006, 54962), (45647, -40318, 1676792489, 2, 10, 51381683798133452000, 4553571428571429000, 0, '0xc72B1b70e69D270544369132d53529e37Be87742', 0, 44702, -41234), (-10667, 69593, 1676794272, 1, 10, 52967923280423279000, 47684151785714285000, 1, '0xa79160bC038C07678C145f1B5220be15bAdB13d7', 1, -10613, 69546), (-9168, 64558, 1676794272, 1, 10, 49436705430629041900, 44006162505511463900, 1, '0x036D6B4DA0b4Eeb9d312E958c2937D9016765F50', 1, -9016, 64038), (-67210, 30832, 1676794272, 1, 10, 53370652131201418100, 53370652131201418100, 1, '0x0fa9077350FC3Ee6924743e1AD9b735c657C455E', 1, -67210, 30832), (-9442, 68746, 1676794272, 1, 10, 52193733886623065000, 47905097376849402000, 0, '0x05d6edC4ff8ef40321aBCf7886Bc606ed13327b0', 1, -9349, 68693), (-5645, 60493, 1676794272, 1, 10, 49648966479327931000, 40251121015160611000, 1, '0x77B770ceB4b2537e52f4534Bb39e43754eB5B7e5', 1, -6225, 62583), (43185, -42090, 1676793029, 2, 10, 54015769671939045500, 3415178571428571000, 0, '0xc72B1b70e69D270544369132d53529e37Be87742', 0, 43235, -41791), (-66307, 30351, 1676794272, 1, 10, 56144282795570109700, 56144282795570109700, 1, '0x3662FA93E6C3bcB04B95e5dD7B1266AD9e8A9965', 1, -66307, 30351), (-10150, 64919, 1676794272, 1, 10, 53019971728550711000, 43561283694404384500, 1, '0x036D6B4DA0b4Eeb9d312E958c2937D9016765F50', 1, -10296, 65769), (-32420, -110248, 1676793262, 2, 10, 46590466300053795000, 17204462052301800000, 0, '0x77B770ceB4b2537e52f4534Bb39e43754eB5B7e5', 0, -30502, -105273), (-63684, 28290, 1676794272, 1, 10, 49240295815198408000, 44670880027580123000, 1, '0xc8529dE5603FF9D6FE9A77d43c27D3e7085B4E43', 1, -63795, 28074), (44604, -42606, 1676793300, 2, 10, 50446506206585461300, 2561383928571428400, 0, '0xc72B1b70e69D270544369132d53529e37Be87742', 0, 45967, -42153), (-7093, 67939, 1676794272, 1, 10, 55851098521653284200, 49331239628927302200, 1, '0x633462025cF12D347C0dF50B2114E65aa364f0a6', 1, -7053, 68807), (45772, -41684, 1676793510, 2, 10, 38928544490703406000, 1921037946428571600, 0, '0xc72B1b70e69D270544369132d53529e37Be87742', 0, 46376, -42206), (-9932, 67683, 1676793586, 0, 9, 43798663344687612200, 34590794538470001200, 1, '0x3662FA93E6C3bcB04B95e5dD7B1266AD9e8A9965', 1, -10359, 67708), (-65040, 30190, 1676794272, 1, 10, 49105657812321847200, 45579275478804057900, 1, '0xA4b1B07974bF67f04EC51bEcABF4aD62106B1Dd0', 1, -65147, 30274), (-67192, 31423, 1676793944, 0, 9, 38592910512971221900, 38592910512971221900, 0, '0x0fa9077350FC3Ee6924743e1AD9b735c657C455E', 1, -67192, 31423), (44910, -42214, 1676794022, 2, 10, 45357567859261598500, 1440778459821428600, 0, '0xc72B1b70e69D270544369132d53529e37Be87742', 0, 46084, -42343), (46071, -43504, 1676794224, 0, 1, 1440778459821428400, 1440778459821428400, 0, '0xc72B1b70e69D270544369132d53529e37Be87742', 0, 46071, -43504)]
8 2259.999 [[-0.08048200050096435, 0.6295372924618768], [-0.14004676041617284, -0.7682818373220397], [-0.6171161105289689, 0.28985952474492416]] [(-58853, 34885, 1676794293, 1, 10, 50000000000000000000, 35000000000000000000, 1, '0x5c5f829C4c3E8C4AB97390cb053a456616c27Ea3', 0, -60987, 35376), (-61970, 29047, 1676794293, 1, 10, 47857142857142858000, 28571428571428572000, 1, '0x26CbcaC5281B6E159bc3e6C7400AF25fA46F246B', 1, -65533, 28514), (-66168, 29214, 1676794293, 1, 10, 48705357142857144000, 44151785714285715000, 1, '0xA4b1B07974bF67f04EC51bEcABF4aD62106B1Dd0', 1, -66154, 29294), (45490, -41768, 1676792189, 2, 10, 47395833333333332500, 5000000000000000000, 0, '0xc72B1b70e69D270544369132d53529e37Be87742', 0, 45512, -42787), (-6413, 64099, 1676794293, 1, 10, 48737599206349205000, 48737599206349205000, 1, '0x633462025cF12D347C0dF50B2114E65aa364f0a6', 0, -6413, 64099), (-65286, 30894, 1676794293, 1, 10, 49073454034391536000, 49073454034391536000, 1, '0x26CbcaC5281B6E159bc3e6C7400AF25fA46F246B', 1, -65286, 30894), (-38720, 54983, 1676792351, 2, 10, 49064980158730157500, 5662202380952381000, 0, '0x0fa9077350FC3Ee6924743e1AD9b735c657C455E', 0, -39006, 54962), (45647, -40318, 1676792489, 2, 10, 51381683798133452000, 4553571428571429000, 0, '0xc72B1b70e69D270544369132d53529e37Be87742', 0, 44702, -41234), (-10667, 69593, 1676794293, 1, 10, 52967923280423279000, 47684151785714285000, 1, '0xa79160bC038C07678C145f1B5220be15bAdB13d7', 1, -10613, 69546), (-9168, 64558, 1676794293, 1, 10, 49436705430629041900, 44006162505511463900, 1, '0x036D6B4DA0b4Eeb9d312E958c2937D9016765F50', 1, -9016, 64038), (-67210, 30832, 1676794293, 1, 10, 53370652131201418100, 53370652131201418100, 1, '0x0fa9077350FC3Ee6924743e1AD9b735c657C455E', 1, -67210, 30832), (-9442, 68746, 1676794293, 1, 10, 52193733886623065000, 47905097376849402000, 0, '0x05d6edC4ff8ef40321aBCf7886Bc606ed13327b0', 1, -9349, 68693), (-5645, 60493, 1676794293, 1, 10, 49648966479327931000, 40251121015160611000, 1, '0x77B770ceB4b2537e52f4534Bb39e43754eB5B7e5', 1, -6225, 62583), (43185, -42090, 1676793029, 2, 10, 54015769671939045500, 3415178571428571000, 0, '0xc72B1b70e69D270544369132d53529e37Be87742', 0, 43235, -41791), (-66307, 30351, 1676794293, 1, 10, 56144282795570109700, 56144282795570109700, 1, '0x3662FA93E6C3bcB04B95e5dD7B1266AD9e8A9965', 1, -66307, 30351), (-10150, 64919, 1676794293, 1, 10, 53019971728550711000, 43561283694404384500, 1, '0x036D6B4DA0b4Eeb9d312E958c2937D9016765F50', 1, -10296, 65769), (-32420, -110248, 1676793262, 2, 10, 46590466300053795000, 17204462052301800000, 0, '0x77B770ceB4b2537e52f4534Bb39e43754eB5B7e5', 0, -30502, -105273), (-63684, 28290, 1676794293, 1, 10, 49240295815198408000, 44670880027580123000, 1, '0xc8529dE5603FF9D6FE9A77d43c27D3e7085B4E43', 1, -63795, 28074), (44604, -42606, 1676793300, 2, 10, 50446506206585461300, 2561383928571428400, 0, '0xc72B1b70e69D270544369132d53529e37Be87742', 0, 45967, -42153), (-7093, 67939, 1676794293, 1, 10, 55851098521653284200, 49331239628927302200, 1, '0x633462025cF12D347C0dF50B2114E65aa364f0a6', 1, -7053, 68807), (45772, -41684, 1676793510, 2, 10, 38928544490703406000, 1921037946428571600, 0, '0xc72B1b70e69D270544369132d53529e37Be87742', 0, 46376, -42206), (-9666, 67202, 1676793586, 0, 9, 43798663344687612200, 34590794538470001200, 1, '0x3662FA93E6C3bcB04B95e5dD7B1266AD9e8A9965', 1, -9963, 67117), (-65040, 30190, 1676794293, 1, 10, 49105657812321847200, 45579275478804057900, 1, '0xA4b1B07974bF67f04EC51bEcABF4aD62106B1Dd0', 1, -65147, 30274), (-67532, 30931, 1676793944, 0, 9, 38592910512971221900, 38592910512971221900, 0, '0x0fa9077350FC3Ee6924743e1AD9b735c657C455E', 1, -67532, 30931), (44910, -42214, 1676794022, 2, 10, 45357567859261598500, 1440778459821428600, 0, '0xc72B1b70e69D270544369132d53529e37Be87742', 0, 46084, -42343), (46071, -43504, 1676794224, 0, 1, 1440778459821428400, 1440778459821428400, 0, '0xc72B1b70e69D270544369132d53529e37Be87742', 0, 46071, -43504)]
8 2290.135 [[-0.08048200050096435, 0.6295372924618768], [-0.14004676041617284, -0.7682818373220397], [-0.6171161105289689, 0.28985952474492416]] [(-58853, 34885, 1676794331, 1, 10, 50000000000000000000, 35000000000000000000, 1, '0x5c5f829C4c3E8C4AB97390cb053a456616c27Ea3', 0, -60987, 35376), (-61970, 29047, 1676794331, 1, 10, 47857142857142858000, 28571428571428572000, 1, '0x26CbcaC5281B6E159bc3e6C7400AF25fA46F246B', 1, -65533, 28514), (-66168, 29214, 1676794331, 1, 10, 48705357142857144000, 44151785714285715000, 1, '0xA4b1B07974bF67f04EC51bEcABF4aD62106B1Dd0', 1, -66154, 29294), (45490, -41768, 1676792189, 2, 10, 47395833333333332500, 5000000000000000000, 0, '0xc72B1b70e69D270544369132d53529e37Be87742', 0, 45512, -42787), (-6413, 64099, 1676794331, 1, 10, 48737599206349205000, 48737599206349205000, 1, '0x633462025cF12D347C0dF50B2114E65aa364f0a6', 0, -6413, 64099), (-65286, 30894, 1676794331, 1, 10, 49073454034391536000, 49073454034391536000, 1, '0x26CbcaC5281B6E159bc3e6C7400AF25fA46F246B', 1, -65286, 30894), (-38720, 54983, 1676792351, 2, 10, 49064980158730157500, 5662202380952381000, 0, '0x0fa9077350FC3Ee6924743e1AD9b735c657C455E', 0, -39006, 54962), (45647, -40318, 1676792489, 2, 10, 51381683798133452000, 4553571428571429000, 0, '0xc72B1b70e69D270544369132d53529e37Be87742', 0, 44702, -41234), (-10667, 69593, 1676794331, 1, 10, 52967923280423279000, 47684151785714285000, 1, '0xa79160bC038C07678C145f1B5220be15bAdB13d7', 1, -10613, 69546), (-9168, 64558, 1676794331, 1, 10, 49436705430629041900, 44006162505511463900, 1, '0x036D6B4DA0b4Eeb9d312E958c2937D9016765F50', 1, -9016, 64038), (-67210, 30832, 1676794331, 1, 10, 53370652131201418100, 53370652131201418100, 1, '0x0fa9077350FC3Ee6924743e1AD9b735c657C455E', 1, -67210, 30832), (-9442, 68746, 1676794331, 1, 10, 52193733886623065000, 47905097376849402000, 0, '0x05d6edC4ff8ef40321aBCf7886Bc606ed13327b0', 1, -9349, 68693), (-5645, 60493, 1676794331, 1, 10, 49648966479327931000, 40251121015160611000, 1, '0x77B770ceB4b2537e52f4534Bb39e43754eB5B7e5', 1, -6225, 62583), (43185, -42090, 1676793029, 2, 10, 54015769671939045500, 3415178571428571000, 0, '0xc72B1b70e69D270544369132d53529e37Be87742', 0, 43235, -41791), (-66307, 30351, 1676794331, 1, 10, 56144282795570109700, 56144282795570109700, 1, '0x3662FA93E6C3bcB04B95e5dD7B1266AD9e8A9965', 1, -66307, 30351), (-10150, 64919, 1676794331, 1, 10, 53019971728550711000, 43561283694404384500, 1, '0x036D6B4DA0b4Eeb9d312E958c2937D9016765F50', 1, -10296, 65769), (-32420, -110248, 1676793262, 2, 10, 46590466300053795000, 17204462052301800000, 0, '0x77B770ceB4b2537e52f4534Bb39e43754eB5B7e5', 0, -30502, -105273), (-63684, 28290, 1676794331, 1, 10, 49240295815198408000, 44670880027580123000, 1, '0xc8529dE5603FF9D6FE9A77d43c27D3e7085B4E43', 1, -63795, 28074), (44604, -42606, 1676793300, 2, 10, 50446506206585461300, 2561383928571428400, 0, '0xc72B1b70e69D270544369132d53529e37Be87742', 0, 45967, -42153), (-7093, 67939, 1676794331, 1, 10, 55851098521653284200, 49331239628927302200, 1, '0x633462025cF12D347C0dF50B2114E65aa364f0a6', 1, -7053, 68807), (45772, -41684, 1676793510, 2, 10, 38928544490703406000, 1921037946428571600, 0, '0xc72B1b70e69D270544369132d53529e37Be87742', 0, 46376, -42206), (-8850, 68036, 1676793586, 0, 9, 43798663344687612200, 34590794538470001200, 1, '0x3662FA93E6C3bcB04B95e5dD7B1266AD9e8A9965', 1, -8920, 68155), (-65040, 30190, 1676794331, 1, 10, 49105657812321847200, 45579275478804057900, 1, '0xA4b1B07974bF67f04EC51bEcABF4aD62106B1Dd0', 1, -65147, 30274), (-66401, 30765, 1676793944, 0, 9, 38592910512971221900, 38592910512971221900, 0, '0x0fa9077350FC3Ee6924743e1AD9b735c657C455E', 1, -66401, 30765), (44910, -42214, 1676794022, 2, 10, 45357567859261598500, 1440778459821428600, 0, '0xc72B1b70e69D270544369132d53529e37Be87742', 0, 46084, -42343), (46205, -43761, 1676794224, 0, 2, 4240289023017671100, 1440778459821428400, 0, '0xc72B1b70e69D270544369132d53529e37Be87742', 0, 46071, -43504)]
8 2320.231 [[-0.08048200050096435, 0.6295372924618768], [-0.14004676041617284, -0.7682818373220397], [-0.6171161105289689, 0.28985952474492416]] [(-58853, 34885, 1676794363, 1, 10, 50000000000000000000, 35000000000000000000, 1, '0x5c5f829C4c3E8C4AB97390cb053a456616c27Ea3', 0, -60987, 35376), (-61970, 29047, 1676794363, 1, 10, 47857142857142858000, 28571428571428572000, 1, '0x26CbcaC5281B6E159bc3e6C7400AF25fA46F246B', 1, -65533, 28514), (-66168, 29214, 1676794363, 1, 10, 48705357142857144000, 44151785714285715000, 1, '0xA4b1B07974bF67f04EC51bEcABF4aD62106B1Dd0', 1, -66154, 29294), (45490, -41768, 1676792189, 2, 10, 47395833333333332500, 5000000000000000000, 0, '0xc72B1b70e69D270544369132d53529e37Be87742', 0, 45512, -42787), (-6413, 64099, 1676794363, 1, 10, 48737599206349205000, 48737599206349205000, 1, '0x633462025cF12D347C0dF50B2114E65aa364f0a6', 0, -6413, 64099), (-65286, 30894, 1676794363, 1, 10, 49073454034391536000, 49073454034391536000, 1, '0x26CbcaC5281B6E159bc3e6C7400AF25fA46F246B', 1, -65286, 30894), (-38720, 54983, 1676792351, 2, 10, 49064980158730157500, 5662202380952381000, 0, '0x0fa9077350FC3Ee6924743e1AD9b735c657C455E', 0, -39006, 54962), (45647, -40318, 1676792489, 2, 10, 51381683798133452000, 4553571428571429000, 0, '0xc72B1b70e69D270544369132d53529e37Be87742', 0, 44702, -41234), (-10667, 69593, 1676794363, 1, 10, 52967923280423279000, 47684151785714285000, 1, '0xa79160bC038C07678C145f1B5220be15bAdB13d7', 1, -10613, 69546), (-9168, 64558, 1676794363, 1, 10, 49436705430629041900, 44006162505511463900, 1, '0x036D6B4DA0b4Eeb9d312E958c2937D9016765F50', 1, -9016, 64038), (-67210, 30832, 1676794363, 1, 10, 53370652131201418100, 53370652131201418100, 1, '0x0fa9077350FC3Ee6924743e1AD9b735c657C455E', 1, -67210, 30832), (-9442, 68746, 1676794363, 1, 10, 52193733886623065000, 47905097376849402000, 0, '0x05d6edC4ff8ef40321aBCf7886Bc606ed13327b0', 1, -9349, 68693), (-5645, 60493, 1676794363, 1, 10, 49648966479327931000, 40251121015160611000, 1, '0x77B770ceB4b2537e52f4534Bb39e43754eB5B7e5', 1, -6225, 62583), (43185, -42090, 1676793029, 2, 10, 54015769671939045500, 3415178571428571000, 0, '0xc72B1b70e69D270544369132d53529e37Be87742', 0, 43235, -41791), (-66307, 30351, 1676794363, 1, 10, 56144282795570109700, 56144282795570109700, 1, '0x3662FA93E6C3bcB04B95e5dD7B1266AD9e8A9965', 1, -66307, 30351), (-10150, 64919, 1676794363, 1, 10, 53019971728550711000, 43561283694404384500, 1, '0x036D6B4DA0b4Eeb9d312E958c2937D9016765F50', 1, -10296, 65769), (-32420, -110248, 1676793262, 2, 10, 46590466300053795000, 17204462052301800000, 0, '0x77B770ceB4b2537e52f4534Bb39e43754eB5B7e5', 0, -30502, -105273), (-63684, 28290, 1676794363, 1, 10, 49240295815198408000, 44670880027580123000, 1, '0xc8529dE5603FF9D6FE9A77d43c27D3e7085B4E43', 1, -63795, 28074), (44604, -42606, 1676793300, 2, 10, 50446506206585461300, 2561383928571428400, 0, '0xc72B1b70e69D270544369132d53529e37Be87742', 0, 45967, -42153), (-7093, 67939, 1676794363, 1, 10, 55851098521653284200, 49331239628927302200, 1, '0x633462025cF12D347C0dF50B2114E65aa364f0a6', 1, -7053, 68807), (45772, -41684, 1676793510, 2, 10, 38928544490703406000, 1921037946428571600, 0, '0xc72B1b70e69D270544369132d53529e37Be87742', 0, 46376, -42206), (-7947, 67798, 1676793586, 0, 9, 43798663344687612200, 34590794538470001200, 1, '0x3662FA93E6C3bcB04B95e5dD7B1266AD9e8A9965', 1, -7792, 67848), (-65040, 30190, 1676794363, 1, 10, 49105657812321847200, 45579275478804057900, 1, '0xA4b1B07974bF67f04EC51bEcABF4aD62106B1Dd0', 1, -65147, 30274), (-66721, 30526, 1676793944, 0, 9, 38592910512971221900, 38592910512971221900, 0, '0x0fa9077350FC3Ee6924743e1AD9b735c657C455E', 1, -66721, 30526), (44910, -42214, 1676794022, 2, 10, 45357567859261598500, 1440778459821428600, 0, '0xc72B1b70e69D270544369132d53529e37Be87742', 0, 46084, -42343), (46415, -43344, 1676794224, 0, 4, 11086450697129169100, 1440778459821428400, 0, '0xc72B1b70e69D270544369132d53529e37Be87742', 0, 46071, -43504)]
8 2350.298 [[-0.08048200050096435, 0.6295372924618768], [-0.14004676041617284, -0.7682818373220397], [-0.6171161105289689, 0.28985952474492416]] [(-58853, 34885, 1676794391, 1, 10, 50000000000000000000, 35000000000000000000, 1, '0x5c5f829C4c3E8C4AB97390cb053a456616c27Ea3', 0, -60987, 35376), (-61970, 29047, 1676794391, 1, 10, 47857142857142858000, 28571428571428572000, 1, '0x26CbcaC5281B6E159bc3e6C7400AF25fA46F246B', 1, -65533, 28514), (-66168, 29214, 1676794391, 1, 10, 48705357142857144000, 44151785714285715000, 1, '0xA4b1B07974bF67f04EC51bEcABF4aD62106B1Dd0', 1, -66154, 29294), (45490, -41768, 1676792189, 2, 10, 47395833333333332500, 5000000000000000000, 0, '0xc72B1b70e69D270544369132d53529e37Be87742', 0, 45512, -42787), (-6413, 64099, 1676794391, 1, 10, 48737599206349205000, 48737599206349205000, 1, '0x633462025cF12D347C0dF50B2114E65aa364f0a6', 0, -6413, 64099), (-65286, 30894, 1676794391, 1, 10, 49073454034391536000, 49073454034391536000, 1, '0x26CbcaC5281B6E159bc3e6C7400AF25fA46F246B', 1, -65286, 30894), (-38720, 54983, 1676792351, 2, 10, 49064980158730157500, 5662202380952381000, 0, '0x0fa9077350FC3Ee6924743e1AD9b735c657C455E', 0, -39006, 54962), (45647, -40318, 1676792489, 2, 10, 51381683798133452000, 4553571428571429000, 0, '0xc72B1b70e69D270544369132d53529e37Be87742', 0, 44702, -41234), (-10667, 69593, 1676794391, 1, 10, 52967923280423279000, 47684151785714285000, 1, '0xa79160bC038C07678C145f1B5220be15bAdB13d7', 1, -10613, 69546), (-9168, 64558, 1676794391, 1, 10, 49436705430629041900, 44006162505511463900, 1, '0x036D6B4DA0b4Eeb9d312E958c2937D9016765F50', 1, -9016, 64038), (-67210, 30832, 1676794391, 1, 10, 53370652131201418100, 53370652131201418100, 1, '0x0fa9077350FC3Ee6924743e1AD9b735c657C455E', 1, -67210, 30832), (-9442, 68746, 1676794391, 1, 10, 52193733886623065000, 47905097376849402000, 0, '0x05d6edC4ff8ef40321aBCf7886Bc606ed13327b0', 1, -9349, 68693), (-5645, 60493, 1676794391, 1, 10, 49648966479327931000, 40251121015160611000, 1, '0x77B770ceB4b2537e52f4534Bb39e43754eB5B7e5', 1, -6225, 62583), (43185, -42090, 1676793029, 2, 10, 54015769671939045500, 3415178571428571000, 0, '0xc72B1b70e69D270544369132d53529e37Be87742', 0, 43235, -41791), (-66307, 30351, 1676794391, 1, 10, 56144282795570109700, 56144282795570109700, 1, '0x3662FA93E6C3bcB04B95e5dD7B1266AD9e8A9965', 1, -66307, 30351), (-10150, 64919, 1676794391, 1, 10, 53019971728550711000, 43561283694404384500, 1, '0x036D6B4DA0b4Eeb9d312E958c2937D9016765F50', 1, -10296, 65769), (-32420, -110248, 1676793262, 2, 10, 46590466300053795000, 17204462052301800000, 0, '0x77B770ceB4b2537e52f4534Bb39e43754eB5B7e5', 0, -30502, -105273), (-63684, 28290, 1676794391, 1, 10, 49240295815198408000, 44670880027580123000, 1, '0xc8529dE5603FF9D6FE9A77d43c27D3e7085B4E43', 1, -63795, 28074), (44604, -42606, 1676793300, 2, 10, 50446506206585461300, 2561383928571428400, 0, '0xc72B1b70e69D270544369132d53529e37Be87742', 0, 45967, -42153), (-7093, 67939, 1676794391, 1, 10, 55851098521653284200, 49331239628927302200, 1, '0x633462025cF12D347C0dF50B2114E65aa364f0a6', 1, -7053, 68807), (45772, -41684, 1676793510, 2, 10, 38928544490703406000, 1921037946428571600, 0, '0xc72B1b70e69D270544369132d53529e37Be87742', 0, 46376, -42206), (-8588, 67855, 1676793586, 0, 9, 43798663344687612200, 34590794538470001200, 1, '0x3662FA93E6C3bcB04B95e5dD7B1266AD9e8A9965', 1, -8601, 67908), (-65040, 30190, 1676794391, 1, 10, 49105657812321847200, 45579275478804057900, 1, '0xA4b1B07974bF67f04EC51bEcABF4aD62106B1Dd0', 1, -65147, 30274), (-65730, 30403, 1676794391, 1, 10, 45522348387704252900, 45522348387704252900, 0, '0x0fa9077350FC3Ee6924743e1AD9b735c657C455E', 1, -65730, 30403), (44910, -42214, 1676794022, 2, 10, 45357567859261598500, 1440778459821428600, 0, '0xc72B1b70e69D270544369132d53529e37Be87742', 0, 46084, -42343), (46415, -43344, 1676794224, 0, 4, 11086450697129169100, 1440778459821428400, 0, '0xc72B1b70e69D270544369132d53529e37Be87742', 0, 46071, -43504)]
8 2380.377 [[-0.08048200050096435, 0.6295372924618768], [-0.14004676041617284, -0.7682818373220397], [-0.6171161105289689, 0.28985952474492416]] [(-58853, 34885, 1676794429, 1, 10, 50000000000000000000, 35000000000000000000, 1, '0x5c5f829C4c3E8C4AB97390cb053a456616c27Ea3', 0, -60987, 35376), (-61970, 29047, 1676794429, 1, 10, 47857142857142858000, 28571428571428572000, 1, '0x26CbcaC5281B6E159bc3e6C7400AF25fA46F246B', 1, -65533, 28514), (-66168, 29214, 1676794429, 1, 10, 48705357142857144000, 44151785714285715000, 1, '0xA4b1B07974bF67f04EC51bEcABF4aD62106B1Dd0', 1, -66154, 29294), (45490, -41768, 1676792189, 2, 10, 47395833333333332500, 5000000000000000000, 0, '0xc72B1b70e69D270544369132d53529e37Be87742', 0, 45512, -42787), (-6413, 64099, 1676794429, 1, 10, 48737599206349205000, 48737599206349205000, 1, '0x633462025cF12D347C0dF50B2114E65aa364f0a6', 0, -6413, 64099), (-65286, 30894, 1676794429, 1, 10, 49073454034391536000, 49073454034391536000, 1, '0x26CbcaC5281B6E159bc3e6C7400AF25fA46F246B', 1, -65286, 30894), (-38720, 54983, 1676792351, 2, 10, 49064980158730157500, 5662202380952381000, 0, '0x0fa9077350FC3Ee6924743e1AD9b735c657C455E', 0, -39006, 54962), (45647, -40318, 1676792489, 2, 10, 51381683798133452000, 4553571428571429000, 0, '0xc72B1b70e69D270544369132d53529e37Be87742', 0, 44702, -41234), (-10667, 69593, 1676794429, 1, 10, 52967923280423279000, 47684151785714285000, 1, '0xa79160bC038C07678C145f1B5220be15bAdB13d7', 1, -10613, 69546), (-9168, 64558, 1676794429, 1, 10, 49436705430629041900, 44006162505511463900, 1, '0x036D6B4DA0b4Eeb9d312E958c2937D9016765F50', 1, -9016, 64038), (-67210, 30832, 1676794429, 1, 10, 53370652131201418100, 53370652131201418100, 1, '0x0fa9077350FC3Ee6924743e1AD9b735c657C455E', 1, -67210, 30832), (-9442, 68746, 1676794429, 1, 10, 52193733886623065000, 47905097376849402000, 0, '0x05d6edC4ff8ef40321aBCf7886Bc606ed13327b0', 1, -9349, 68693), (-5645, 60493, 1676794429, 1, 10, 49648966479327931000, 40251121015160611000, 1, '0x77B770ceB4b2537e52f4534Bb39e43754eB5B7e5', 1, -6225, 62583), (43185, -42090, 1676793029, 2, 10, 54015769671939045500, 3415178571428571000, 0, '0xc72B1b70e69D270544369132d53529e37Be87742', 0, 43235, -41791), (-66307, 30351, 1676794429, 1, 10, 56144282795570109700, 56144282795570109700, 1, '0x3662FA93E6C3bcB04B95e5dD7B1266AD9e8A9965', 1, -66307, 30351), (-10150, 64919, 1676794429, 1, 10, 53019971728550711000, 43561283694404384500, 1, '0x036D6B4DA0b4Eeb9d312E958c2937D9016765F50', 1, -10296, 65769), (-32420, -110248, 1676793262, 2, 10, 46590466300053795000, 17204462052301800000, 0, '0x77B770ceB4b2537e52f4534Bb39e43754eB5B7e5', 0, -30502, -105273), (-63684, 28290, 1676794429, 1, 10, 49240295815198408000, 44670880027580123000, 1, '0xc8529dE5603FF9D6FE9A77d43c27D3e7085B4E43', 1, -63795, 28074), (44604, -42606, 1676793300, 2, 10, 50446506206585461300, 2561383928571428400, 0, '0xc72B1b70e69D270544369132d53529e37Be87742', 0, 45967, -42153), (-7093, 67939, 1676794429, 1, 10, 55851098521653284200, 49331239628927302200, 1, '0x633462025cF12D347C0dF50B2114E65aa364f0a6', 1, -7053, 68807), (45772, -41684, 1676793510, 2, 10, 38928544490703406000, 1921037946428571600, 0, '0xc72B1b70e69D270544369132d53529e37Be87742', 0, 46376, -42206), (-8588, 67855, 1676793586, 0, 9, 43798663344687612200, 34590794538470001200, 1, '0x3662FA93E6C3bcB04B95e5dD7B1266AD9e8A9965', 1, -8601, 67908), (-65040, 30190, 1676794429, 1, 10, 49105657812321847200, 45579275478804057900, 1, '0xA4b1B07974bF67f04EC51bEcABF4aD62106B1Dd0', 1, -65147, 30274), (-65730, 30403, 1676794429, 1, 10, 45522348387704252900, 45522348387704252900, 0, '0x0fa9077350FC3Ee6924743e1AD9b735c657C455E', 1, -65730, 30403), (44910, -42214, 1676794022, 2, 10, 45357567859261598500, 1440778459821428600, 0, '0xc72B1b70e69D270544369132d53529e37Be87742', 0, 46084, -42343), (46370, -43730, 1676794224, 0, 5, 16340838147746433100, 1440778459821428400, 0, '0xc72B1b70e69D270544369132d53529e37Be87742', 0, 46071, -43504), (-70320, 34031, 1676794401, 0, 3, 14922143865286895000, 6459206148812095000, 1, '0x3662FA93E6C3bcB04B95e5dD7B1266AD9e8A9965', 1, -72425, 36355)]
8 2410.416 [[-0.08048200050096435, 0.6295372924618768], [-0.14004676041617284, -0.7682818373220397], [-0.6171161105289689, 0.28985952474492416]] [(-58853, 34885, 1676794459, 1, 10, 50000000000000000000, 35000000000000000000, 1, '0x5c5f829C4c3E8C4AB97390cb053a456616c27Ea3', 0, -60987, 35376), (-61970, 29047, 1676794459, 1, 10, 47857142857142858000, 28571428571428572000, 1, '0x26CbcaC5281B6E159bc3e6C7400AF25fA46F246B', 1, -65533, 28514), (-66168, 29214, 1676794459, 1, 10, 48705357142857144000, 44151785714285715000, 1, '0xA4b1B07974bF67f04EC51bEcABF4aD62106B1Dd0', 1, -66154, 29294), (45490, -41768, 1676792189, 2, 10, 47395833333333332500, 5000000000000000000, 0, '0xc72B1b70e69D270544369132d53529e37Be87742', 0, 45512, -42787), (-6413, 64099, 1676794459, 1, 10, 48737599206349205000, 48737599206349205000, 1, '0x633462025cF12D347C0dF50B2114E65aa364f0a6', 0, -6413, 64099), (-65286, 30894, 1676794459, 1, 10, 49073454034391536000, 49073454034391536000, 1, '0x26CbcaC5281B6E159bc3e6C7400AF25fA46F246B', 1, -65286, 30894), (-38720, 54983, 1676792351, 2, 10, 49064980158730157500, 5662202380952381000, 0, '0x0fa9077350FC3Ee6924743e1AD9b735c657C455E', 0, -39006, 54962), (45647, -40318, 1676792489, 2, 10, 51381683798133452000, 4553571428571429000, 0, '0xc72B1b70e69D270544369132d53529e37Be87742', 0, 44702, -41234), (-10667, 69593, 1676794459, 1, 10, 52967923280423279000, 47684151785714285000, 1, '0xa79160bC038C07678C145f1B5220be15bAdB13d7', 1, -10613, 69546), (-9168, 64558, 1676794459, 1, 10, 49436705430629041900, 44006162505511463900, 1, '0x036D6B4DA0b4Eeb9d312E958c2937D9016765F50', 1, -9016, 64038), (-67210, 30832, 1676794459, 1, 10, 53370652131201418100, 53370652131201418100, 1, '0x0fa9077350FC3Ee6924743e1AD9b735c657C455E', 1, -67210, 30832), (-9442, 68746, 1676794459, 1, 10, 52193733886623065000, 47905097376849402000, 0, '0x05d6edC4ff8ef40321aBCf7886Bc606ed13327b0', 1, -9349, 68693), (-5645, 60493, 1676794459, 1, 10, 49648966479327931000, 40251121015160611000, 1, '0x77B770ceB4b2537e52f4534Bb39e43754eB5B7e5', 1, -6225, 62583), (43185, -42090, 1676793029, 2, 10, 54015769671939045500, 3415178571428571000, 0, '0xc72B1b70e69D270544369132d53529e37Be87742', 0, 43235, -41791), (-66307, 30351, 1676794459, 1, 10, 56144282795570109700, 56144282795570109700, 1, '0x3662FA93E6C3bcB04B95e5dD7B1266AD9e8A9965', 1, -66307, 30351), (-10150, 64919, 1676794459, 1, 10, 53019971728550711000, 43561283694404384500, 1, '0x036D6B4DA0b4Eeb9d312E958c2937D9016765F50', 1, -10296, 65769), (-32420, -110248, 1676793262, 2, 10, 46590466300053795000, 17204462052301800000, 0, '0x77B770ceB4b2537e52f4534Bb39e43754eB5B7e5', 0, -30502, -105273), (-63684, 28290, 1676794459, 1, 10, 49240295815198408000, 44670880027580123000, 1, '0xc8529dE5603FF9D6FE9A77d43c27D3e7085B4E43', 1, -63795, 28074), (44604, -42606, 1676793300, 2, 10, 50446506206585461300, 2561383928571428400, 0, '0xc72B1b70e69D270544369132d53529e37Be87742', 0, 45967, -42153), (-7093, 67939, 1676794459, 1, 10, 55851098521653284200, 49331239628927302200, 1, '0x633462025cF12D347C0dF50B2114E65aa364f0a6', 1, -7053, 68807), (45772, -41684, 1676793510, 2, 10, 38928544490703406000, 1921037946428571600, 0, '0xc72B1b70e69D270544369132d53529e37Be87742', 0, 46376, -42206), (-8353, 67488, 1676794459, 1, 10, 47712597364086534900, 38504728557868923900, 1, '0x3662FA93E6C3bcB04B95e5dD7B1266AD9e8A9965', 1, -8308, 67448), (-65040, 30190, 1676794459, 1, 10, 49105657812321847200, 45579275478804057900, 1, '0xA4b1B07974bF67f04EC51bEcABF4aD62106B1Dd0', 1, -65147, 30274), (-65730, 30403, 1676794459, 1, 10, 45522348387704252900, 45522348387704252900, 0, '0x0fa9077350FC3Ee6924743e1AD9b735c657C455E', 1, -65730, 30403), (44910, -42214, 1676794022, 2, 10, 45357567859261598500, 1440778459821428600, 0, '0xc72B1b70e69D270544369132d53529e37Be87742', 0, 46084, -42343), (46446, -43384, 1676794224, 0, 9, 38050347666675347700, 1440778459821428400, 0, '0xc72B1b70e69D270544369132d53529e37Be87742', 0, 46071, -43504), (-70320, 34031, 1676794401, 0, 3, 14922143865286895000, 6459206148812095000, 1, '0x3662FA93E6C3bcB04B95e5dD7B1266AD9e8A9965', 1, -72425, 36355), (-12263, 66949, 1676794451, 0, 1, 2684808374022271000, 2684808374022271000, 1, '0x77B770ceB4b2537e52f4534Bb39e43754eB5B7e5', 1, -12263, 66949)]
8 2440.613 [[-0.08048200050096435, 0.6295372924618768], [-0.14004676041617284, -0.7682818373220397], [-0.6171161105289689, 0.28985952474492416]] [(-58853, 34885, 1676794481, 1, 10, 50000000000000000000, 35000000000000000000, 1, '0x5c5f829C4c3E8C4AB97390cb053a456616c27Ea3', 0, -60987, 35376), (-61970, 29047, 1676794481, 1, 10, 47857142857142858000, 28571428571428572000, 1, '0x26CbcaC5281B6E159bc3e6C7400AF25fA46F246B', 1, -65533, 28514), (-66168, 29214, 1676794481, 1, 10, 48705357142857144000, 44151785714285715000, 1, '0xA4b1B07974bF67f04EC51bEcABF4aD62106B1Dd0', 1, -66154, 29294), (45490, -41768, 1676792189, 2, 10, 47395833333333332500, 5000000000000000000, 0, '0xc72B1b70e69D270544369132d53529e37Be87742', 0, 45512, -42787), (-6413, 64099, 1676794481, 1, 10, 48737599206349205000, 48737599206349205000, 1, '0x633462025cF12D347C0dF50B2114E65aa364f0a6', 0, -6413, 64099), (-65286, 30894, 1676794481, 1, 10, 49073454034391536000, 49073454034391536000, 1, '0x26CbcaC5281B6E159bc3e6C7400AF25fA46F246B', 1, -65286, 30894), (-38720, 54983, 1676792351, 2, 10, 49064980158730157500, 5662202380952381000, 0, '0x0fa9077350FC3Ee6924743e1AD9b735c657C455E', 0, -39006, 54962), (45647, -40318, 1676792489, 2, 10, 51381683798133452000, 4553571428571429000, 0, '0xc72B1b70e69D270544369132d53529e37Be87742', 0, 44702, -41234), (-10667, 69593, 1676794481, 1, 10, 52967923280423279000, 47684151785714285000, 1, '0xa79160bC038C07678C145f1B5220be15bAdB13d7', 1, -10613, 69546), (-9168, 64558, 1676794481, 1, 10, 49436705430629041900, 44006162505511463900, 1, '0x036D6B4DA0b4Eeb9d312E958c2937D9016765F50', 1, -9016, 64038), (-67210, 30832, 1676794481, 1, 10, 53370652131201418100, 53370652131201418100, 1, '0x0fa9077350FC3Ee6924743e1AD9b735c657C455E', 1, -67210, 30832), (-9442, 68746, 1676794481, 1, 10, 52193733886623065000, 47905097376849402000, 0, '0x05d6edC4ff8ef40321aBCf7886Bc606ed13327b0', 1, -9349, 68693), (-5645, 60493, 1676794481, 1, 10, 49648966479327931000, 40251121015160611000, 1, '0x77B770ceB4b2537e52f4534Bb39e43754eB5B7e5', 1, -6225, 62583), (43185, -42090, 1676793029, 2, 10, 54015769671939045500, 3415178571428571000, 0, '0xc72B1b70e69D270544369132d53529e37Be87742', 0, 43235, -41791), (-66307, 30351, 1676794481, 1, 10, 56144282795570109700, 56144282795570109700, 1, '0x3662FA93E6C3bcB04B95e5dD7B1266AD9e8A9965', 1, -66307, 30351), (-10150, 64919, 1676794481, 1, 10, 53019971728550711000, 43561283694404384500, 1, '0x036D6B4DA0b4Eeb9d312E958c2937D9016765F50', 1, -10296, 65769), (-32420, -110248, 1676793262, 2, 10, 46590466300053795000, 17204462052301800000, 0, '0x77B770ceB4b2537e52f4534Bb39e43754eB5B7e5', 0, -30502, -105273), (-63684, 28290, 1676794481, 1, 10, 49240295815198408000, 44670880027580123000, 1, '0xc8529dE5603FF9D6FE9A77d43c27D3e7085B4E43', 1, -63795, 28074), (44604, -42606, 1676793300, 2, 10, 50446506206585461300, 2561383928571428400, 0, '0xc72B1b70e69D270544369132d53529e37Be87742', 0, 45967, -42153), (-7093, 67939, 1676794481, 1, 10, 55851098521653284200, 49331239628927302200, 1, '0x633462025cF12D347C0dF50B2114E65aa364f0a6', 1, -7053, 68807), (45772, -41684, 1676793510, 2, 10, 38928544490703406000, 1921037946428571600, 0, '0xc72B1b70e69D270544369132d53529e37Be87742', 0, 46376, -42206), (-8353, 67488, 1676794481, 1, 10, 47712597364086534900, 38504728557868923900, 1, '0x3662FA93E6C3bcB04B95e5dD7B1266AD9e8A9965', 1, -8308, 67448), (-65040, 30190, 1676794481, 1, 10, 49105657812321847200, 45579275478804057900, 1, '0xA4b1B07974bF67f04EC51bEcABF4aD62106B1Dd0', 1, -65147, 30274), (-65730, 30403, 1676794481, 1, 10, 45522348387704252900, 45522348387704252900, 0, '0x0fa9077350FC3Ee6924743e1AD9b735c657C455E', 1, -65730, 30403), (44910, -42214, 1676794022, 2, 10, 45357567859261598500, 1440778459821428600, 0, '0xc72B1b70e69D270544369132d53529e37Be87742', 0, 46084, -42343), (46446, -43384, 1676794224, 0, 9, 38050347666675347700, 1440778459821428400, 0, '0xc72B1b70e69D270544369132d53529e37Be87742', 0, 46071, -43504), (-71928, 33397, 1676794401, 0, 4, 22311328389468767000, 13848390672993967000, 1, '0x3662FA93E6C3bcB04B95e5dD7B1266AD9e8A9965', 1, -73892, 34093), (-12263, 66949, 1676794451, 0, 1, 2684808374022271000, 2684808374022271000, 1, '0x77B770ceB4b2537e52f4534Bb39e43754eB5B7e5', 1, -12263, 66949), (7758, -75766, 1676794471, 0, 1, 8750683616669100000, 8750683616669100000, 0, '0xBa1CD5ded4B25dF273d435c969a01dc0B577c95c', 0, 7758, -75766)]
8 2470.643 [[-0.08048200050096435, 0.6295372924618768], [-0.14004676041617284, -0.7682818373220397], [-0.6171161105289689, 0.28985952474492416]] [(-58853, 34885, 1676794515, 1, 10, 50000000000000000000, 35000000000000000000, 1, '0x5c5f829C4c3E8C4AB97390cb053a456616c27Ea3', 0, -60987, 35376), (-61970, 29047, 1676794515, 1, 10, 47857142857142858000, 28571428571428572000, 1, '0x26CbcaC5281B6E159bc3e6C7400AF25fA46F246B', 1, -65533, 28514), (-66168, 29214, 1676794515, 1, 10, 48705357142857144000, 44151785714285715000, 1, '0xA4b1B07974bF67f04EC51bEcABF4aD62106B1Dd0', 1, -66154, 29294), (45490, -41768, 1676792189, 2, 10, 47395833333333332500, 5000000000000000000, 0, '0xc72B1b70e69D270544369132d53529e37Be87742', 0, 45512, -42787), (-6413, 64099, 1676794515, 1, 10, 48737599206349205000, 48737599206349205000, 1, '0x633462025cF12D347C0dF50B2114E65aa364f0a6', 0, -6413, 64099), (-65286, 30894, 1676794515, 1, 10, 49073454034391536000, 49073454034391536000, 1, '0x26CbcaC5281B6E159bc3e6C7400AF25fA46F246B', 1, -65286, 30894), (-38720, 54983, 1676792351, 2, 10, 49064980158730157500, 5662202380952381000, 0, '0x0fa9077350FC3Ee6924743e1AD9b735c657C455E', 0, -39006, 54962), (45647, -40318, 1676792489, 2, 10, 51381683798133452000, 4553571428571429000, 0, '0xc72B1b70e69D270544369132d53529e37Be87742', 0, 44702, -41234), (-10667, 69593, 1676794515, 1, 10, 52967923280423279000, 47684151785714285000, 1, '0xa79160bC038C07678C145f1B5220be15bAdB13d7', 1, -10613, 69546), (-9168, 64558, 1676794515, 1, 10, 49436705430629041900, 44006162505511463900, 1, '0x036D6B4DA0b4Eeb9d312E958c2937D9016765F50', 1, -9016, 64038), (-67210, 30832, 1676794515, 1, 10, 53370652131201418100, 53370652131201418100, 1, '0x0fa9077350FC3Ee6924743e1AD9b735c657C455E', 1, -67210, 30832), (-9442, 68746, 1676794515, 1, 10, 52193733886623065000, 47905097376849402000, 0, '0x05d6edC4ff8ef40321aBCf7886Bc606ed13327b0', 1, -9349, 68693), (-5645, 60493, 1676794515, 1, 10, 49648966479327931000, 40251121015160611000, 1, '0x77B770ceB4b2537e52f4534Bb39e43754eB5B7e5', 1, -6225, 62583), (43185, -42090, 1676793029, 2, 10, 54015769671939045500, 3415178571428571000, 0, '0xc72B1b70e69D270544369132d53529e37Be87742', 0, 43235, -41791), (-66307, 30351, 1676794515, 1, 10, 56144282795570109700, 56144282795570109700, 1, '0x3662FA93E6C3bcB04B95e5dD7B1266AD9e8A9965', 1, -66307, 30351), (-10150, 64919, 1676794515, 1, 10, 53019971728550711000, 43561283694404384500, 1, '0x036D6B4DA0b4Eeb9d312E958c2937D9016765F50', 1, -10296, 65769), (-32420, -110248, 1676793262, 2, 10, 46590466300053795000, 17204462052301800000, 0, '0x77B770ceB4b2537e52f4534Bb39e43754eB5B7e5', 0, -30502, -105273), (-63684, 28290, 1676794515, 1, 10, 49240295815198408000, 44670880027580123000, 1, '0xc8529dE5603FF9D6FE9A77d43c27D3e7085B4E43', 1, -63795, 28074), (44604, -42606, 1676793300, 2, 10, 50446506206585461300, 2561383928571428400, 0, '0xc72B1b70e69D270544369132d53529e37Be87742', 0, 45967, -42153), (-7093, 67939, 1676794515, 1, 10, 55851098521653284200, 49331239628927302200, 1, '0x633462025cF12D347C0dF50B2114E65aa364f0a6', 1, -7053, 68807), (45772, -41684, 1676793510, 2, 10, 38928544490703406000, 1921037946428571600, 0, '0xc72B1b70e69D270544369132d53529e37Be87742', 0, 46376, -42206), (-8353, 67488, 1676794515, 1, 10, 47712597364086534900, 38504728557868923900, 1, '0x3662FA93E6C3bcB04B95e5dD7B1266AD9e8A9965', 1, -8308, 67448), (-65040, 30190, 1676794515, 1, 10, 49105657812321847200, 45579275478804057900, 1, '0xA4b1B07974bF67f04EC51bEcABF4aD62106B1Dd0', 1, -65147, 30274), (-65730, 30403, 1676794515, 1, 10, 45522348387704252900, 45522348387704252900, 0, '0x0fa9077350FC3Ee6924743e1AD9b735c657C455E', 1, -65730, 30403), (44910, -42214, 1676794022, 2, 10, 45357567859261598500, 1440778459821428600, 0, '0xc72B1b70e69D270544369132d53529e37Be87742', 0, 46084, -42343), (46446, -43384, 1676794224, 0, 9, 38050347666675347700, 1440778459821428400, 0, '0xc72B1b70e69D270544369132d53529e37Be87742', 0, 46071, -43504), (-70587, 32617, 1676794401, 0, 5, 26275464924697339500, 17812527208222539500, 1, '0x3662FA93E6C3bcB04B95e5dD7B1266AD9e8A9965', 1, -71477, 32787), (-12318, 72796, 1676794451, 0, 3, 13127336123976641300, 13127336123976641300, 1, '0x77B770ceB4b2537e52f4534Bb39e43754eB5B7e5', 1, -12318, 72796), (7758, -75766, 1676794471, 0, 1, 8750683616669100000, 8750683616669100000, 0, '0xBa1CD5ded4B25dF273d435c969a01dc0B577c95c', 0, 7758, -75766), (-53587, 21899, 1676794515, 0, 1, 2174749802329934300, 2174749802329934300, 1, '0x036D6B4DA0b4Eeb9d312E958c2937D9016765F50', 1, -53587, 21899)]
8 2500.7 [[-0.08048200050096435, 0.6295372924618768], [-0.14004676041617284, -0.7682818373220397], [-0.6171161105289689, 0.28985952474492416]] [(-58853, 34885, 1676794547, 1, 10, 50000000000000000000, 35000000000000000000, 1, '0x5c5f829C4c3E8C4AB97390cb053a456616c27Ea3', 0, -60987, 35376), (-61970, 29047, 1676794547, 1, 10, 47857142857142858000, 28571428571428572000, 1, '0x26CbcaC5281B6E159bc3e6C7400AF25fA46F246B', 1, -65533, 28514), (-66168, 29214, 1676794547, 1, 10, 48705357142857144000, 44151785714285715000, 1, '0xA4b1B07974bF67f04EC51bEcABF4aD62106B1Dd0', 1, -66154, 29294), (45490, -41768, 1676792189, 2, 10, 47395833333333332500, 5000000000000000000, 0, '0xc72B1b70e69D270544369132d53529e37Be87742', 0, 45512, -42787), (-6413, 64099, 1676794547, 1, 10, 48737599206349205000, 48737599206349205000, 1, '0x633462025cF12D347C0dF50B2114E65aa364f0a6', 0, -6413, 64099), (-65286, 30894, 1676794547, 1, 10, 49073454034391536000, 49073454034391536000, 1, '0x26CbcaC5281B6E159bc3e6C7400AF25fA46F246B', 1, -65286, 30894), (-38720, 54983, 1676792351, 2, 10, 49064980158730157500, 5662202380952381000, 0, '0x0fa9077350FC3Ee6924743e1AD9b735c657C455E', 0, -39006, 54962), (45647, -40318, 1676792489, 2, 10, 51381683798133452000, 4553571428571429000, 0, '0xc72B1b70e69D270544369132d53529e37Be87742', 0, 44702, -41234), (-10667, 69593, 1676794547, 1, 10, 52967923280423279000, 47684151785714285000, 1, '0xa79160bC038C07678C145f1B5220be15bAdB13d7', 1, -10613, 69546), (-9168, 64558, 1676794547, 1, 10, 49436705430629041900, 44006162505511463900, 1, '0x036D6B4DA0b4Eeb9d312E958c2937D9016765F50', 1, -9016, 64038), (-67210, 30832, 1676794547, 1, 10, 53370652131201418100, 53370652131201418100, 1, '0x0fa9077350FC3Ee6924743e1AD9b735c657C455E', 1, -67210, 30832), (-9442, 68746, 1676794547, 1, 10, 52193733886623065000, 47905097376849402000, 0, '0x05d6edC4ff8ef40321aBCf7886Bc606ed13327b0', 1, -9349, 68693), (-5645, 60493, 1676794547, 1, 10, 49648966479327931000, 40251121015160611000, 1, '0x77B770ceB4b2537e52f4534Bb39e43754eB5B7e5', 1, -6225, 62583), (43185, -42090, 1676793029, 2, 10, 54015769671939045500, 3415178571428571000, 0, '0xc72B1b70e69D270544369132d53529e37Be87742', 0, 43235, -41791), (-66307, 30351, 1676794547, 1, 10, 56144282795570109700, 56144282795570109700, 1, '0x3662FA93E6C3bcB04B95e5dD7B1266AD9e8A9965', 1, -66307, 30351), (-10150, 64919, 1676794547, 1, 10, 53019971728550711000, 43561283694404384500, 1, '0x036D6B4DA0b4Eeb9d312E958c2937D9016765F50', 1, -10296, 65769), (-32420, -110248, 1676793262, 2, 10, 46590466300053795000, 17204462052301800000, 0, '0x77B770ceB4b2537e52f4534Bb39e43754eB5B7e5', 0, -30502, -105273), (-63684, 28290, 1676794547, 1, 10, 49240295815198408000, 44670880027580123000, 1, '0xc8529dE5603FF9D6FE9A77d43c27D3e7085B4E43', 1, -63795, 28074), (44604, -42606, 1676793300, 2, 10, 50446506206585461300, 2561383928571428400, 0, '0xc72B1b70e69D270544369132d53529e37Be87742', 0, 45967, -42153), (-7093, 67939, 1676794547, 1, 10, 55851098521653284200, 49331239628927302200, 1, '0x633462025cF12D347C0dF50B2114E65aa364f0a6', 1, -7053, 68807), (45772, -41684, 1676793510, 2, 10, 38928544490703406000, 1921037946428571600, 0, '0xc72B1b70e69D270544369132d53529e37Be87742', 0, 46376, -42206), (-8353, 67488, 1676794547, 1, 10, 47712597364086534900, 38504728557868923900, 1, '0x3662FA93E6C3bcB04B95e5dD7B1266AD9e8A9965', 1, -8308, 67448), (-65040, 30190, 1676794547, 1, 10, 49105657812321847200, 45579275478804057900, 1, '0xA4b1B07974bF67f04EC51bEcABF4aD62106B1Dd0', 1, -65147, 30274), (-65730, 30403, 1676794547, 1, 10, 45522348387704252900, 45522348387704252900, 0, '0x0fa9077350FC3Ee6924743e1AD9b735c657C455E', 1, -65730, 30403), (44910, -42214, 1676794022, 2, 10, 45357567859261598500, 1440778459821428600, 0, '0xc72B1b70e69D270544369132d53529e37Be87742', 0, 46084, -42343), (46446, -43384, 1676794224, 0, 9, 38050347666675347700, 1440778459821428400, 0, '0xc72B1b70e69D270544369132d53529e37Be87742', 0, 46071, -43504), (-70532, 32809, 1676794401, 0, 5, 26275464924697339500, 17812527208222539500, 1, '0x3662FA93E6C3bcB04B95e5dD7B1266AD9e8A9965', 1, -71240, 33023), (-11516, 68968, 1676794451, 0, 5, 24546199818497196300, 24546199818497196300, 1, '0x77B770ceB4b2537e52f4534Bb39e43754eB5B7e5', 1, -11516, 68968), (7758, -75766, 1676794471, 0, 1, 8750683616669100000, 8750683616669100000, 0, '0xBa1CD5ded4B25dF273d435c969a01dc0B577c95c', 0, 7758, -75766), (-53587, 21899, 1676794515, 3, 1, 2174749802329934300, 2174749802329934300, 1, '0x036D6B4DA0b4Eeb9d312E958c2937D9016765F50', 1, -53587, 21899)]
8 2530.794 [[-0.08048200050096435, 0.6295372924618768], [-0.14004676041617284, -0.7682818373220397], [-0.6171161105289689, 0.28985952474492416]] [(-58853, 34885, 1676794571, 1, 10, 50000000000000000000, 35000000000000000000, 1, '0x5c5f829C4c3E8C4AB97390cb053a456616c27Ea3', 0, -60987, 35376), (-61970, 29047, 1676794571, 1, 10, 47857142857142858000, 28571428571428572000, 1, '0x26CbcaC5281B6E159bc3e6C7400AF25fA46F246B', 1, -65533, 28514), (-66168, 29214, 1676794571, 1, 10, 48705357142857144000, 44151785714285715000, 1, '0xA4b1B07974bF67f04EC51bEcABF4aD62106B1Dd0', 1, -66154, 29294), (45490, -41768, 1676792189, 2, 10, 47395833333333332500, 5000000000000000000, 0, '0xc72B1b70e69D270544369132d53529e37Be87742', 0, 45512, -42787), (-6413, 64099, 1676794571, 1, 10, 48737599206349205000, 48737599206349205000, 1, '0x633462025cF12D347C0dF50B2114E65aa364f0a6', 0, -6413, 64099), (-65286, 30894, 1676794571, 1, 10, 49073454034391536000, 49073454034391536000, 1, '0x26CbcaC5281B6E159bc3e6C7400AF25fA46F246B', 1, -65286, 30894), (-38720, 54983, 1676792351, 2, 10, 49064980158730157500, 5662202380952381000, 0, '0x0fa9077350FC3Ee6924743e1AD9b735c657C455E', 0, -39006, 54962), (45647, -40318, 1676792489, 2, 10, 51381683798133452000, 4553571428571429000, 0, '0xc72B1b70e69D270544369132d53529e37Be87742', 0, 44702, -41234), (-10667, 69593, 1676794571, 1, 10, 52967923280423279000, 47684151785714285000, 1, '0xa79160bC038C07678C145f1B5220be15bAdB13d7', 1, -10613, 69546), (-9168, 64558, 1676794571, 1, 10, 49436705430629041900, 44006162505511463900, 1, '0x036D6B4DA0b4Eeb9d312E958c2937D9016765F50', 1, -9016, 64038), (-67210, 30832, 1676794571, 1, 10, 53370652131201418100, 53370652131201418100, 1, '0x0fa9077350FC3Ee6924743e1AD9b735c657C455E', 1, -67210, 30832), (-9442, 68746, 1676794571, 1, 10, 52193733886623065000, 47905097376849402000, 0, '0x05d6edC4ff8ef40321aBCf7886Bc606ed13327b0', 1, -9349, 68693), (-5645, 60493, 1676794571, 1, 10, 49648966479327931000, 40251121015160611000, 1, '0x77B770ceB4b2537e52f4534Bb39e43754eB5B7e5', 1, -6225, 62583), (43185, -42090, 1676793029, 2, 10, 54015769671939045500, 3415178571428571000, 0, '0xc72B1b70e69D270544369132d53529e37Be87742', 0, 43235, -41791), (-66307, 30351, 1676794571, 1, 10, 56144282795570109700, 56144282795570109700, 1, '0x3662FA93E6C3bcB04B95e5dD7B1266AD9e8A9965', 1, -66307, 30351), (-10150, 64919, 1676794571, 1, 10, 53019971728550711000, 43561283694404384500, 1, '0x036D6B4DA0b4Eeb9d312E958c2937D9016765F50', 1, -10296, 65769), (-32420, -110248, 1676793262, 2, 10, 46590466300053795000, 17204462052301800000, 0, '0x77B770ceB4b2537e52f4534Bb39e43754eB5B7e5', 0, -30502, -105273), (-63684, 28290, 1676794571, 1, 10, 49240295815198408000, 44670880027580123000, 1, '0xc8529dE5603FF9D6FE9A77d43c27D3e7085B4E43', 1, -63795, 28074), (44604, -42606, 1676793300, 2, 10, 50446506206585461300, 2561383928571428400, 0, '0xc72B1b70e69D270544369132d53529e37Be87742', 0, 45967, -42153), (-7093, 67939, 1676794571, 1, 10, 55851098521653284200, 49331239628927302200, 1, '0x633462025cF12D347C0dF50B2114E65aa364f0a6', 1, -7053, 68807), (45772, -41684, 1676793510, 2, 10, 38928544490703406000, 1921037946428571600, 0, '0xc72B1b70e69D270544369132d53529e37Be87742', 0, 46376, -42206), (-8353, 67488, 1676794571, 1, 10, 47712597364086534900, 38504728557868923900, 1, '0x3662FA93E6C3bcB04B95e5dD7B1266AD9e8A9965', 1, -8308, 67448), (-65040, 30190, 1676794571, 1, 10, 49105657812321847200, 45579275478804057900, 1, '0xA4b1B07974bF67f04EC51bEcABF4aD62106B1Dd0', 1, -65147, 30274), (-65730, 30403, 1676794571, 1, 10, 45522348387704252900, 45522348387704252900, 0, '0x0fa9077350FC3Ee6924743e1AD9b735c657C455E', 1, -65730, 30403), (44910, -42214, 1676794022, 2, 10, 45357567859261598500, 1440778459821428600, 0, '0xc72B1b70e69D270544369132d53529e37Be87742', 0, 46084, -42343), (46446, -43384, 1676794224, 0, 9, 38050347666675347700, 1440778459821428400, 0, '0xc72B1b70e69D270544369132d53529e37Be87742', 0, 46071, -43504), (-70532, 32809, 1676794401, 0, 5, 26275464924697339500, 17812527208222539500, 1, '0x3662FA93E6C3bcB04B95e5dD7B1266AD9e8A9965', 1, -71240, 33023), (-11516, 68968, 1676794451, 0, 5, 24546199818497196300, 24546199818497196300, 1, '0x77B770ceB4b2537e52f4534Bb39e43754eB5B7e5', 1, -11516, 68968), (7758, -75766, 1676794471, 0, 1, 8750683616669100000, 8750683616669100000, 0, '0xBa1CD5ded4B25dF273d435c969a01dc0B577c95c', 0, 7758, -75766), (-53587, 21899, 1676794515, 3, 1, 2174749802329934300, 2174749802329934300, 1, '0x036D6B4DA0b4Eeb9d312E958c2937D9016765F50', 1, -53587, 21899)]
8 2560.936 [[-0.08048200050096435, 0.6295372924618768], [-0.14004676041617284, -0.7682818373220397], [-0.6171161105289689, 0.28985952474492416]] [(-58853, 34885, 1676794601, 1, 10, 50000000000000000000, 35000000000000000000, 1, '0x5c5f829C4c3E8C4AB97390cb053a456616c27Ea3', 0, -60987, 35376), (-61970, 29047, 1676794601, 1, 10, 47857142857142858000, 28571428571428572000, 1, '0x26CbcaC5281B6E159bc3e6C7400AF25fA46F246B', 1, -65533, 28514), (-66168, 29214, 1676794601, 1, 10, 48705357142857144000, 44151785714285715000, 1, '0xA4b1B07974bF67f04EC51bEcABF4aD62106B1Dd0', 1, -66154, 29294), (45490, -41768, 1676792189, 2, 10, 47395833333333332500, 5000000000000000000, 0, '0xc72B1b70e69D270544369132d53529e37Be87742', 0, 45512, -42787), (-6413, 64099, 1676794601, 1, 10, 48737599206349205000, 48737599206349205000, 1, '0x633462025cF12D347C0dF50B2114E65aa364f0a6', 0, -6413, 64099), (-65286, 30894, 1676794601, 1, 10, 49073454034391536000, 49073454034391536000, 1, '0x26CbcaC5281B6E159bc3e6C7400AF25fA46F246B', 1, -65286, 30894), (-38720, 54983, 1676792351, 2, 10, 49064980158730157500, 5662202380952381000, 0, '0x0fa9077350FC3Ee6924743e1AD9b735c657C455E', 0, -39006, 54962), (45647, -40318, 1676792489, 2, 10, 51381683798133452000, 4553571428571429000, 0, '0xc72B1b70e69D270544369132d53529e37Be87742', 0, 44702, -41234), (-10667, 69593, 1676794601, 1, 10, 52967923280423279000, 47684151785714285000, 1, '0xa79160bC038C07678C145f1B5220be15bAdB13d7', 1, -10613, 69546), (-9168, 64558, 1676794601, 1, 10, 49436705430629041900, 44006162505511463900, 1, '0x036D6B4DA0b4Eeb9d312E958c2937D9016765F50', 1, -9016, 64038), (-67210, 30832, 1676794601, 1, 10, 53370652131201418100, 53370652131201418100, 1, '0x0fa9077350FC3Ee6924743e1AD9b735c657C455E', 1, -67210, 30832), (-9442, 68746, 1676794601, 1, 10, 52193733886623065000, 47905097376849402000, 0, '0x05d6edC4ff8ef40321aBCf7886Bc606ed13327b0', 1, -9349, 68693), (-5645, 60493, 1676794601, 1, 10, 49648966479327931000, 40251121015160611000, 1, '0x77B770ceB4b2537e52f4534Bb39e43754eB5B7e5', 1, -6225, 62583), (43185, -42090, 1676793029, 2, 10, 54015769671939045500, 3415178571428571000, 0, '0xc72B1b70e69D270544369132d53529e37Be87742', 0, 43235, -41791), (-66307, 30351, 1676794601, 1, 10, 56144282795570109700, 56144282795570109700, 1, '0x3662FA93E6C3bcB04B95e5dD7B1266AD9e8A9965', 1, -66307, 30351), (-10150, 64919, 1676794601, 1, 10, 53019971728550711000, 43561283694404384500, 1, '0x036D6B4DA0b4Eeb9d312E958c2937D9016765F50', 1, -10296, 65769), (-32420, -110248, 1676793262, 2, 10, 46590466300053795000, 17204462052301800000, 0, '0x77B770ceB4b2537e52f4534Bb39e43754eB5B7e5', 0, -30502, -105273), (-63684, 28290, 1676794601, 1, 10, 49240295815198408000, 44670880027580123000, 1, '0xc8529dE5603FF9D6FE9A77d43c27D3e7085B4E43', 1, -63795, 28074), (44604, -42606, 1676793300, 2, 10, 50446506206585461300, 2561383928571428400, 0, '0xc72B1b70e69D270544369132d53529e37Be87742', 0, 45967, -42153), (-7093, 67939, 1676794601, 1, 10, 55851098521653284200, 49331239628927302200, 1, '0x633462025cF12D347C0dF50B2114E65aa364f0a6', 1, -7053, 68807), (45772, -41684, 1676793510, 2, 10, 38928544490703406000, 1921037946428571600, 0, '0xc72B1b70e69D270544369132d53529e37Be87742', 0, 46376, -42206), (-8353, 67488, 1676794601, 1, 10, 47712597364086534900, 38504728557868923900, 1, '0x3662FA93E6C3bcB04B95e5dD7B1266AD9e8A9965', 1, -8308, 67448), (-65040, 30190, 1676794601, 1, 10, 49105657812321847200, 45579275478804057900, 1, '0xA4b1B07974bF67f04EC51bEcABF4aD62106B1Dd0', 1, -65147, 30274), (-65730, 30403, 1676794601, 1, 10, 45522348387704252900, 45522348387704252900, 0, '0x0fa9077350FC3Ee6924743e1AD9b735c657C455E', 1, -65730, 30403), (44910, -42214, 1676794022, 2, 10, 45357567859261598500, 1440778459821428600, 0, '0xc72B1b70e69D270544369132d53529e37Be87742', 0, 46084, -42343), (46428, -43254, 1676794224, 0, 9, 38050347666675347700, 1440778459821428400, 0, '0xc72B1b70e69D270544369132d53529e37Be87742', 0, 46071, -43504), (-69801, 32724, 1676794401, 0, 6, 28960273298719610500, 20497335582244810500, 1, '0x3662FA93E6C3bcB04B95e5dD7B1266AD9e8A9965', 1, -70114, 32876), (-10729, 67936, 1676794451, 0, 6, 31935384342679067300, 31935384342679067300, 1, '0x77B770ceB4b2537e52f4534Bb39e43754eB5B7e5', 1, -10729, 67936), (7758, -75766, 1676794471, 0, 1, 8750683616669100000, 8750683616669100000, 0, '0xBa1CD5ded4B25dF273d435c969a01dc0B577c95c', 0, 7758, -75766), (-53587, 21899, 1676794515, 3, 1, 2174749802329934300, 2174749802329934300, 1, '0x036D6B4DA0b4Eeb9d312E958c2937D9016765F50', 1, -53587, 21899)]
8 2590.918 [[-0.08048200050096435, 0.6295372924618768], [-0.14004676041617284, -0.7682818373220397], [-0.6171161105289689, 0.28985952474492416]] [(-58853, 34885, 1676794637, 1, 10, 50000000000000000000, 35000000000000000000, 1, '0x5c5f829C4c3E8C4AB97390cb053a456616c27Ea3', 0, -60987, 35376), (-61970, 29047, 1676794637, 1, 10, 47857142857142858000, 28571428571428572000, 1, '0x26CbcaC5281B6E159bc3e6C7400AF25fA46F246B', 1, -65533, 28514), (-66168, 29214, 1676794637, 1, 10, 48705357142857144000, 44151785714285715000, 1, '0xA4b1B07974bF67f04EC51bEcABF4aD62106B1Dd0', 1, -66154, 29294), (45490, -41768, 1676792189, 2, 10, 47395833333333332500, 5000000000000000000, 0, '0xc72B1b70e69D270544369132d53529e37Be87742', 0, 45512, -42787), (-6413, 64099, 1676794637, 1, 10, 48737599206349205000, 48737599206349205000, 1, '0x633462025cF12D347C0dF50B2114E65aa364f0a6', 0, -6413, 64099), (-65286, 30894, 1676794637, 1, 10, 49073454034391536000, 49073454034391536000, 1, '0x26CbcaC5281B6E159bc3e6C7400AF25fA46F246B', 1, -65286, 30894), (-38720, 54983, 1676792351, 2, 10, 49064980158730157500, 5662202380952381000, 0, '0x0fa9077350FC3Ee6924743e1AD9b735c657C455E', 0, -39006, 54962), (45647, -40318, 1676792489, 2, 10, 51381683798133452000, 4553571428571429000, 0, '0xc72B1b70e69D270544369132d53529e37Be87742', 0, 44702, -41234), (-10667, 69593, 1676794637, 1, 10, 52967923280423279000, 47684151785714285000, 1, '0xa79160bC038C07678C145f1B5220be15bAdB13d7', 1, -10613, 69546), (-9168, 64558, 1676794637, 1, 10, 49436705430629041900, 44006162505511463900, 1, '0x036D6B4DA0b4Eeb9d312E958c2937D9016765F50', 1, -9016, 64038), (-67210, 30832, 1676794637, 1, 10, 53370652131201418100, 53370652131201418100, 1, '0x0fa9077350FC3Ee6924743e1AD9b735c657C455E', 1, -67210, 30832), (-9442, 68746, 1676794637, 1, 10, 52193733886623065000, 47905097376849402000, 0, '0x05d6edC4ff8ef40321aBCf7886Bc606ed13327b0', 1, -9349, 68693), (-5645, 60493, 1676794637, 1, 10, 49648966479327931000, 40251121015160611000, 1, '0x77B770ceB4b2537e52f4534Bb39e43754eB5B7e5', 1, -6225, 62583), (43185, -42090, 1676793029, 2, 10, 54015769671939045500, 3415178571428571000, 0, '0xc72B1b70e69D270544369132d53529e37Be87742', 0, 43235, -41791), (-66307, 30351, 1676794637, 1, 10, 56144282795570109700, 56144282795570109700, 1, '0x3662FA93E6C3bcB04B95e5dD7B1266AD9e8A9965', 1, -66307, 30351), (-10150, 64919, 1676794637, 1, 10, 53019971728550711000, 43561283694404384500, 1, '0x036D6B4DA0b4Eeb9d312E958c2937D9016765F50', 1, -10296, 65769), (-32420, -110248, 1676793262, 2, 10, 46590466300053795000, 17204462052301800000, 0, '0x77B770ceB4b2537e52f4534Bb39e43754eB5B7e5', 0, -30502, -105273), (-63684, 28290, 1676794637, 1, 10, 49240295815198408000, 44670880027580123000, 1, '0xc8529dE5603FF9D6FE9A77d43c27D3e7085B4E43', 1, -63795, 28074), (44604, -42606, 1676793300, 2, 10, 50446506206585461300, 2561383928571428400, 0, '0xc72B1b70e69D270544369132d53529e37Be87742', 0, 45967, -42153), (-7093, 67939, 1676794637, 1, 10, 55851098521653284200, 49331239628927302200, 1, '0x633462025cF12D347C0dF50B2114E65aa364f0a6', 1, -7053, 68807), (45772, -41684, 1676793510, 2, 10, 38928544490703406000, 1921037946428571600, 0, '0xc72B1b70e69D270544369132d53529e37Be87742', 0, 46376, -42206), (-8353, 67488, 1676794637, 1, 10, 47712597364086534900, 38504728557868923900, 1, '0x3662FA93E6C3bcB04B95e5dD7B1266AD9e8A9965', 1, -8308, 67448), (-65040, 30190, 1676794637, 1, 10, 49105657812321847200, 45579275478804057900, 1, '0xA4b1B07974bF67f04EC51bEcABF4aD62106B1Dd0', 1, -65147, 30274), (-65730, 30403, 1676794637, 1, 10, 45522348387704252900, 45522348387704252900, 0, '0x0fa9077350FC3Ee6924743e1AD9b735c657C455E', 1, -65730, 30403), (44910, -42214, 1676794022, 2, 10, 45357567859261598500, 1440778459821428600, 0, '0xc72B1b70e69D270544369132d53529e37Be87742', 0, 46084, -42343), (46373, -43176, 1676794224, 0, 9, 38050347666675347700, 1440778459821428400, 0, '0xc72B1b70e69D270544369132d53529e37Be87742', 0, 46071, -43504), (-68345, 32355, 1676794401, 0, 7, 33161953218312833500, 24699015501838033500, 1, '0x3662FA93E6C3bcB04B95e5dD7B1266AD9e8A9965', 1, -68106, 32354), (-10112, 66716, 1676794451, 0, 8, 37197390608399544900, 37197390608399544900, 1, '0x77B770ceB4b2537e52f4534Bb39e43754eB5B7e5', 1, -10112, 66716), (7758, -75766, 1676794471, 0, 1, 8750683616669100000, 8750683616669100000, 0, '0xBa1CD5ded4B25dF273d435c969a01dc0B577c95c', 0, 7758, -75766), (-53587, 21899, 1676794515, 3, 1, 2174749802329934300, 2174749802329934300, 1, '0x036D6B4DA0b4Eeb9d312E958c2937D9016765F50', 1, -53587, 21899)]
8 2621.009 [[-0.08048200050096435, 0.6295372924618768], [-0.14004676041617284, -0.7682818373220397], [-0.6171161105289689, 0.28985952474492416]] [(-58853, 34885, 1676794669, 1, 10, 50000000000000000000, 35000000000000000000, 1, '0x5c5f829C4c3E8C4AB97390cb053a456616c27Ea3', 0, -60987, 35376), (-61970, 29047, 1676794669, 1, 10, 47857142857142858000, 28571428571428572000, 1, '0x26CbcaC5281B6E159bc3e6C7400AF25fA46F246B', 1, -65533, 28514), (-66168, 29214, 1676794669, 1, 10, 48705357142857144000, 44151785714285715000, 1, '0xA4b1B07974bF67f04EC51bEcABF4aD62106B1Dd0', 1, -66154, 29294), (45490, -41768, 1676792189, 2, 10, 47395833333333332500, 5000000000000000000, 0, '0xc72B1b70e69D270544369132d53529e37Be87742', 0, 45512, -42787), (-6413, 64099, 1676794669, 1, 10, 48737599206349205000, 48737599206349205000, 1, '0x633462025cF12D347C0dF50B2114E65aa364f0a6', 0, -6413, 64099), (-65286, 30894, 1676794669, 1, 10, 49073454034391536000, 49073454034391536000, 1, '0x26CbcaC5281B6E159bc3e6C7400AF25fA46F246B', 1, -65286, 30894), (-38720, 54983, 1676792351, 2, 10, 49064980158730157500, 5662202380952381000, 0, '0x0fa9077350FC3Ee6924743e1AD9b735c657C455E', 0, -39006, 54962), (45647, -40318, 1676792489, 2, 10, 51381683798133452000, 4553571428571429000, 0, '0xc72B1b70e69D270544369132d53529e37Be87742', 0, 44702, -41234), (-10667, 69593, 1676794669, 1, 10, 52967923280423279000, 47684151785714285000, 1, '0xa79160bC038C07678C145f1B5220be15bAdB13d7', 1, -10613, 69546), (-9168, 64558, 1676794669, 1, 10, 49436705430629041900, 44006162505511463900, 1, '0x036D6B4DA0b4Eeb9d312E958c2937D9016765F50', 1, -9016, 64038), (-67210, 30832, 1676794669, 1, 10, 53370652131201418100, 53370652131201418100, 1, '0x0fa9077350FC3Ee6924743e1AD9b735c657C455E', 1, -67210, 30832), (-9442, 68746, 1676794669, 1, 10, 52193733886623065000, 47905097376849402000, 0, '0x05d6edC4ff8ef40321aBCf7886Bc606ed13327b0', 1, -9349, 68693), (-5645, 60493, 1676794669, 1, 10, 49648966479327931000, 40251121015160611000, 1, '0x77B770ceB4b2537e52f4534Bb39e43754eB5B7e5', 1, -6225, 62583), (43185, -42090, 1676793029, 2, 10, 54015769671939045500, 3415178571428571000, 0, '0xc72B1b70e69D270544369132d53529e37Be87742', 0, 43235, -41791), (-66307, 30351, 1676794669, 1, 10, 56144282795570109700, 56144282795570109700, 1, '0x3662FA93E6C3bcB04B95e5dD7B1266AD9e8A9965', 1, -66307, 30351), (-10150, 64919, 1676794669, 1, 10, 53019971728550711000, 43561283694404384500, 1, '0x036D6B4DA0b4Eeb9d312E958c2937D9016765F50', 1, -10296, 65769), (-32420, -110248, 1676793262, 2, 10, 46590466300053795000, 17204462052301800000, 0, '0x77B770ceB4b2537e52f4534Bb39e43754eB5B7e5', 0, -30502, -105273), (-63684, 28290, 1676794669, 1, 10, 49240295815198408000, 44670880027580123000, 1, '0xc8529dE5603FF9D6FE9A77d43c27D3e7085B4E43', 1, -63795, 28074), (44604, -42606, 1676793300, 2, 10, 50446506206585461300, 2561383928571428400, 0, '0xc72B1b70e69D270544369132d53529e37Be87742', 0, 45967, -42153), (-7093, 67939, 1676794669, 1, 10, 55851098521653284200, 49331239628927302200, 1, '0x633462025cF12D347C0dF50B2114E65aa364f0a6', 1, -7053, 68807), (45772, -41684, 1676793510, 2, 10, 38928544490703406000, 1921037946428571600, 0, '0xc72B1b70e69D270544369132d53529e37Be87742', 0, 46376, -42206), (-8353, 67488, 1676794669, 1, 10, 47712597364086534900, 38504728557868923900, 1, '0x3662FA93E6C3bcB04B95e5dD7B1266AD9e8A9965', 1, -8308, 67448), (-65040, 30190, 1676794669, 1, 10, 49105657812321847200, 45579275478804057900, 1, '0xA4b1B07974bF67f04EC51bEcABF4aD62106B1Dd0', 1, -65147, 30274), (-65730, 30403, 1676794669, 1, 10, 45522348387704252900, 45522348387704252900, 0, '0x0fa9077350FC3Ee6924743e1AD9b735c657C455E', 1, -65730, 30403), (44910, -42214, 1676794022, 2, 10, 45357567859261598500, 1440778459821428600, 0, '0xc72B1b70e69D270544369132d53529e37Be87742', 0, 46084, -42343), (46457, -43233, 1676794224, 0, 9, 38050347666675347700, 1440778459821428400, 0, '0xc72B1b70e69D270544369132d53529e37Be87742', 0, 46071, -43504), (-67949, 32253, 1676794401, 0, 7, 33161953218312833500, 24699015501838033500, 1, '0x3662FA93E6C3bcB04B95e5dD7B1266AD9e8A9965', 1, -67660, 32225), (-10112, 66716, 1676794451, 0, 8, 37197390608399544900, 37197390608399544900, 1, '0x77B770ceB4b2537e52f4534Bb39e43754eB5B7e5', 1, -10112, 66716), (7758, -75766, 1676794471, 0, 1, 8750683616669100000, 8750683616669100000, 0, '0xBa1CD5ded4B25dF273d435c969a01dc0B577c95c', 0, 7758, -75766), (-53587, 21899, 1676794515, 3, 1, 2174749802329934300, 2174749802329934300, 1, '0x036D6B4DA0b4Eeb9d312E958c2937D9016765F50', 1, -53587, 21899)]
8 2651.062 [[-0.08048200050096435, 0.6295372924618768], [-0.14004676041617284, -0.7682818373220397], [-0.6171161105289689, 0.28985952474492416]] [(-58853, 34885, 1676794695, 1, 10, 50000000000000000000, 35000000000000000000, 1, '0x5c5f829C4c3E8C4AB97390cb053a456616c27Ea3', 0, -60987, 35376), (-61970, 29047, 1676794695, 1, 10, 47857142857142858000, 28571428571428572000, 1, '0x26CbcaC5281B6E159bc3e6C7400AF25fA46F246B', 1, -65533, 28514), (-66168, 29214, 1676794695, 1, 10, 48705357142857144000, 44151785714285715000, 1, '0xA4b1B07974bF67f04EC51bEcABF4aD62106B1Dd0', 1, -66154, 29294), (45490, -41768, 1676792189, 2, 10, 47395833333333332500, 5000000000000000000, 0, '0xc72B1b70e69D270544369132d53529e37Be87742', 0, 45512, -42787), (-6413, 64099, 1676794695, 1, 10, 48737599206349205000, 48737599206349205000, 1, '0x633462025cF12D347C0dF50B2114E65aa364f0a6', 0, -6413, 64099), (-65286, 30894, 1676794695, 1, 10, 49073454034391536000, 49073454034391536000, 1, '0x26CbcaC5281B6E159bc3e6C7400AF25fA46F246B', 1, -65286, 30894), (-38720, 54983, 1676792351, 2, 10, 49064980158730157500, 5662202380952381000, 0, '0x0fa9077350FC3Ee6924743e1AD9b735c657C455E', 0, -39006, 54962), (45647, -40318, 1676792489, 2, 10, 51381683798133452000, 4553571428571429000, 0, '0xc72B1b70e69D270544369132d53529e37Be87742', 0, 44702, -41234), (-10667, 69593, 1676794695, 1, 10, 52967923280423279000, 47684151785714285000, 1, '0xa79160bC038C07678C145f1B5220be15bAdB13d7', 1, -10613, 69546), (-9168, 64558, 1676794695, 1, 10, 49436705430629041900, 44006162505511463900, 1, '0x036D6B4DA0b4Eeb9d312E958c2937D9016765F50', 1, -9016, 64038), (-67210, 30832, 1676794695, 1, 10, 53370652131201418100, 53370652131201418100, 1, '0x0fa9077350FC3Ee6924743e1AD9b735c657C455E', 1, -67210, 30832), (-9442, 68746, 1676794695, 1, 10, 52193733886623065000, 47905097376849402000, 0, '0x05d6edC4ff8ef40321aBCf7886Bc606ed13327b0', 1, -9349, 68693), (-5645, 60493, 1676794695, 1, 10, 49648966479327931000, 40251121015160611000, 1, '0x77B770ceB4b2537e52f4534Bb39e43754eB5B7e5', 1, -6225, 62583), (43185, -42090, 1676793029, 2, 10, 54015769671939045500, 3415178571428571000, 0, '0xc72B1b70e69D270544369132d53529e37Be87742', 0, 43235, -41791), (-66307, 30351, 1676794695, 1, 10, 56144282795570109700, 56144282795570109700, 1, '0x3662FA93E6C3bcB04B95e5dD7B1266AD9e8A9965', 1, -66307, 30351), (-10150, 64919, 1676794695, 1, 10, 53019971728550711000, 43561283694404384500, 1, '0x036D6B4DA0b4Eeb9d312E958c2937D9016765F50', 1, -10296, 65769), (-32420, -110248, 1676793262, 2, 10, 46590466300053795000, 17204462052301800000, 0, '0x77B770ceB4b2537e52f4534Bb39e43754eB5B7e5', 0, -30502, -105273), (-63684, 28290, 1676794695, 1, 10, 49240295815198408000, 44670880027580123000, 1, '0xc8529dE5603FF9D6FE9A77d43c27D3e7085B4E43', 1, -63795, 28074), (44604, -42606, 1676793300, 2, 10, 50446506206585461300, 2561383928571428400, 0, '0xc72B1b70e69D270544369132d53529e37Be87742', 0, 45967, -42153), (-7093, 67939, 1676794695, 1, 10, 55851098521653284200, 49331239628927302200, 1, '0x633462025cF12D347C0dF50B2114E65aa364f0a6', 1, -7053, 68807), (45772, -41684, 1676793510, 2, 10, 38928544490703406000, 1921037946428571600, 0, '0xc72B1b70e69D270544369132d53529e37Be87742', 0, 46376, -42206), (-8353, 67488, 1676794695, 1, 10, 47712597364086534900, 38504728557868923900, 1, '0x3662FA93E6C3bcB04B95e5dD7B1266AD9e8A9965', 1, -8308, 67448), (-65040, 30190, 1676794695, 1, 10, 49105657812321847200, 45579275478804057900, 1, '0xA4b1B07974bF67f04EC51bEcABF4aD62106B1Dd0', 1, -65147, 30274), (-65730, 30403, 1676794695, 1, 10, 45522348387704252900, 45522348387704252900, 0, '0x0fa9077350FC3Ee6924743e1AD9b735c657C455E', 1, -65730, 30403), (44910, -42214, 1676794022, 2, 10, 45357567859261598500, 1440778459821428600, 0, '0xc72B1b70e69D270544369132d53529e37Be87742', 0, 46084, -42343), (46457, -43233, 1676794224, 0, 9, 38050347666675347700, 1440778459821428400, 0, '0xc72B1b70e69D270544369132d53529e37Be87742', 0, 46071, -43504), (-67887, 32323, 1676794401, 0, 8, 35336703020642767800, 24699015501838033500, 1, '0x3662FA93E6C3bcB04B95e5dD7B1266AD9e8A9965', 1, -67660, 32225), (-10112, 66716, 1676794451, 0, 8, 37197390608399544900, 37197390608399544900, 1, '0x77B770ceB4b2537e52f4534Bb39e43754eB5B7e5', 1, -10112, 66716), (7758, -75766, 1676794471, 0, 1, 8750683616669100000, 8750683616669100000, 0, '0xBa1CD5ded4B25dF273d435c969a01dc0B577c95c', 0, 7758, -75766), (-53587, 21899, 1676794515, 3, 1, 2174749802329934300, 2174749802329934300, 1, '0x036D6B4DA0b4Eeb9d312E958c2937D9016765F50', 1, -53587, 21899)]
8 2681.102 [[-0.08048200050096435, 0.6295372924618768], [-0.14004676041617284, -0.7682818373220397], [-0.6171161105289689, 0.28985952474492416]] [(-58853, 34885, 1676794729, 1, 10, 50000000000000000000, 35000000000000000000, 1, '0x5c5f829C4c3E8C4AB97390cb053a456616c27Ea3', 0, -60987, 35376), (-61970, 29047, 1676794729, 1, 10, 47857142857142858000, 28571428571428572000, 1, '0x26CbcaC5281B6E159bc3e6C7400AF25fA46F246B', 1, -65533, 28514), (-66168, 29214, 1676794729, 1, 10, 48705357142857144000, 44151785714285715000, 1, '0xA4b1B07974bF67f04EC51bEcABF4aD62106B1Dd0', 1, -66154, 29294), (45490, -41768, 1676792189, 2, 10, 47395833333333332500, 5000000000000000000, 0, '0xc72B1b70e69D270544369132d53529e37Be87742', 0, 45512, -42787), (-6413, 64099, 1676794729, 1, 10, 48737599206349205000, 48737599206349205000, 1, '0x633462025cF12D347C0dF50B2114E65aa364f0a6', 0, -6413, 64099), (-65286, 30894, 1676794729, 1, 10, 49073454034391536000, 49073454034391536000, 1, '0x26CbcaC5281B6E159bc3e6C7400AF25fA46F246B', 1, -65286, 30894), (-38720, 54983, 1676792351, 2, 10, 49064980158730157500, 5662202380952381000, 0, '0x0fa9077350FC3Ee6924743e1AD9b735c657C455E', 0, -39006, 54962), (45647, -40318, 1676792489, 2, 10, 51381683798133452000, 4553571428571429000, 0, '0xc72B1b70e69D270544369132d53529e37Be87742', 0, 44702, -41234), (-10667, 69593, 1676794729, 1, 10, 52967923280423279000, 47684151785714285000, 1, '0xa79160bC038C07678C145f1B5220be15bAdB13d7', 1, -10613, 69546), (-9168, 64558, 1676794729, 1, 10, 49436705430629041900, 44006162505511463900, 1, '0x036D6B4DA0b4Eeb9d312E958c2937D9016765F50', 1, -9016, 64038), (-67210, 30832, 1676794729, 1, 10, 53370652131201418100, 53370652131201418100, 1, '0x0fa9077350FC3Ee6924743e1AD9b735c657C455E', 1, -67210, 30832), (-9442, 68746, 1676794729, 1, 10, 52193733886623065000, 47905097376849402000, 0, '0x05d6edC4ff8ef40321aBCf7886Bc606ed13327b0', 1, -9349, 68693), (-5645, 60493, 1676794729, 1, 10, 49648966479327931000, 40251121015160611000, 1, '0x77B770ceB4b2537e52f4534Bb39e43754eB5B7e5', 1, -6225, 62583), (43185, -42090, 1676793029, 2, 10, 54015769671939045500, 3415178571428571000, 0, '0xc72B1b70e69D270544369132d53529e37Be87742', 0, 43235, -41791), (-66307, 30351, 1676794729, 1, 10, 56144282795570109700, 56144282795570109700, 1, '0x3662FA93E6C3bcB04B95e5dD7B1266AD9e8A9965', 1, -66307, 30351), (-10150, 64919, 1676794729, 1, 10, 53019971728550711000, 43561283694404384500, 1, '0x036D6B4DA0b4Eeb9d312E958c2937D9016765F50', 1, -10296, 65769), (-32420, -110248, 1676793262, 2, 10, 46590466300053795000, 17204462052301800000, 0, '0x77B770ceB4b2537e52f4534Bb39e43754eB5B7e5', 0, -30502, -105273), (-63684, 28290, 1676794729, 1, 10, 49240295815198408000, 44670880027580123000, 1, '0xc8529dE5603FF9D6FE9A77d43c27D3e7085B4E43', 1, -63795, 28074), (44604, -42606, 1676793300, 2, 10, 50446506206585461300, 2561383928571428400, 0, '0xc72B1b70e69D270544369132d53529e37Be87742', 0, 45967, -42153), (-7093, 67939, 1676794729, 1, 10, 55851098521653284200, 49331239628927302200, 1, '0x633462025cF12D347C0dF50B2114E65aa364f0a6', 1, -7053, 68807), (45772, -41684, 1676793510, 2, 10, 38928544490703406000, 1921037946428571600, 0, '0xc72B1b70e69D270544369132d53529e37Be87742', 0, 46376, -42206), (-8353, 67488, 1676794729, 1, 10, 47712597364086534900, 38504728557868923900, 1, '0x3662FA93E6C3bcB04B95e5dD7B1266AD9e8A9965', 1, -8308, 67448), (-65040, 30190, 1676794729, 1, 10, 49105657812321847200, 45579275478804057900, 1, '0xA4b1B07974bF67f04EC51bEcABF4aD62106B1Dd0', 1, -65147, 30274), (-65730, 30403, 1676794729, 1, 10, 45522348387704252900, 45522348387704252900, 0, '0x0fa9077350FC3Ee6924743e1AD9b735c657C455E', 1, -65730, 30403), (44910, -42214, 1676794022, 2, 10, 45357567859261598500, 1440778459821428600, 0, '0xc72B1b70e69D270544369132d53529e37Be87742', 0, 46084, -42343), (46653, -43446, 1676794224, 2, 10, 46801031283344447700, 1440778459821428400, 0, '0xc72B1b70e69D270544369132d53529e37Be87742', 0, 46071, -43504), (-66515, 32317, 1676794729, 1, 10, 45779230770597138400, 35141543251792404100, 1, '0x3662FA93E6C3bcB04B95e5dD7B1266AD9e8A9965', 1, -65940, 32246), (-10496, 67333, 1676794451, 0, 9, 42438193827107887900, 42438193827107887900, 1, '0x77B770ceB4b2537e52f4534Bb39e43754eB5B7e5', 1, -10496, 67333), (7169, -75566, 1676794471, 0, 2, 12714820151897672500, 8750683616669100000, 0, '0xBa1CD5ded4B25dF273d435c969a01dc0B577c95c', 0, 7758, -75766), (-53587, 21899, 1676794515, 3, 1, 2174749802329934300, 2174749802329934300, 1, '0x036D6B4DA0b4Eeb9d312E958c2937D9016765F50', 1, -53587, 21899)]
8 2711.186 [[-0.08048200050096435, 0.6295372924618768], [-0.14004676041617284, -0.7682818373220397], [-0.6171161105289689, 0.28985952474492416]] [(-58853, 34885, 1676794757, 1, 10, 50000000000000000000, 35000000000000000000, 1, '0x5c5f829C4c3E8C4AB97390cb053a456616c27Ea3', 0, -60987, 35376), (-61970, 29047, 1676794757, 1, 10, 47857142857142858000, 28571428571428572000, 1, '0x26CbcaC5281B6E159bc3e6C7400AF25fA46F246B', 1, -65533, 28514), (-66168, 29214, 1676794757, 1, 10, 48705357142857144000, 44151785714285715000, 1, '0xA4b1B07974bF67f04EC51bEcABF4aD62106B1Dd0', 1, -66154, 29294), (45490, -41768, 1676792189, 2, 10, 47395833333333332500, 5000000000000000000, 0, '0xc72B1b70e69D270544369132d53529e37Be87742', 0, 45512, -42787), (-6413, 64099, 1676794757, 1, 10, 48737599206349205000, 48737599206349205000, 1, '0x633462025cF12D347C0dF50B2114E65aa364f0a6', 0, -6413, 64099), (-65286, 30894, 1676794757, 1, 10, 49073454034391536000, 49073454034391536000, 1, '0x26CbcaC5281B6E159bc3e6C7400AF25fA46F246B', 1, -65286, 30894), (-38720, 54983, 1676792351, 2, 10, 49064980158730157500, 5662202380952381000, 0, '0x0fa9077350FC3Ee6924743e1AD9b735c657C455E', 0, -39006, 54962), (45647, -40318, 1676792489, 2, 10, 51381683798133452000, 4553571428571429000, 0, '0xc72B1b70e69D270544369132d53529e37Be87742', 0, 44702, -41234), (-10667, 69593, 1676794757, 1, 10, 52967923280423279000, 47684151785714285000, 1, '0xa79160bC038C07678C145f1B5220be15bAdB13d7', 1, -10613, 69546), (-9168, 64558, 1676794757, 1, 10, 49436705430629041900, 44006162505511463900, 1, '0x036D6B4DA0b4Eeb9d312E958c2937D9016765F50', 1, -9016, 64038), (-67210, 30832, 1676794757, 1, 10, 53370652131201418100, 53370652131201418100, 1, '0x0fa9077350FC3Ee6924743e1AD9b735c657C455E', 1, -67210, 30832), (-9442, 68746, 1676794757, 1, 10, 52193733886623065000, 47905097376849402000, 0, '0x05d6edC4ff8ef40321aBCf7886Bc606ed13327b0', 1, -9349, 68693), (-5645, 60493, 1676794757, 1, 10, 49648966479327931000, 40251121015160611000, 1, '0x77B770ceB4b2537e52f4534Bb39e43754eB5B7e5', 1, -6225, 62583), (43185, -42090, 1676793029, 2, 10, 54015769671939045500, 3415178571428571000, 0, '0xc72B1b70e69D270544369132d53529e37Be87742', 0, 43235, -41791), (-66307, 30351, 1676794757, 1, 10, 56144282795570109700, 56144282795570109700, 1, '0x3662FA93E6C3bcB04B95e5dD7B1266AD9e8A9965', 1, -66307, 30351), (-10150, 64919, 1676794757, 1, 10, 53019971728550711000, 43561283694404384500, 1, '0x036D6B4DA0b4Eeb9d312E958c2937D9016765F50', 1, -10296, 65769), (-32420, -110248, 1676793262, 2, 10, 46590466300053795000, 17204462052301800000, 0, '0x77B770ceB4b2537e52f4534Bb39e43754eB5B7e5', 0, -30502, -105273), (-63684, 28290, 1676794757, 1, 10, 49240295815198408000, 44670880027580123000, 1, '0xc8529dE5603FF9D6FE9A77d43c27D3e7085B4E43', 1, -63795, 28074), (44604, -42606, 1676793300, 2, 10, 50446506206585461300, 2561383928571428400, 0, '0xc72B1b70e69D270544369132d53529e37Be87742', 0, 45967, -42153), (-7093, 67939, 1676794757, 1, 10, 55851098521653284200, 49331239628927302200, 1, '0x633462025cF12D347C0dF50B2114E65aa364f0a6', 1, -7053, 68807), (45772, -41684, 1676793510, 2, 10, 38928544490703406000, 1921037946428571600, 0, '0xc72B1b70e69D270544369132d53529e37Be87742', 0, 46376, -42206), (-8353, 67488, 1676794757, 1, 10, 47712597364086534900, 38504728557868923900, 1, '0x3662FA93E6C3bcB04B95e5dD7B1266AD9e8A9965', 1, -8308, 67448), (-65040, 30190, 1676794757, 1, 10, 49105657812321847200, 45579275478804057900, 1, '0xA4b1B07974bF67f04EC51bEcABF4aD62106B1Dd0', 1, -65147, 30274), (-65730, 30403, 1676794757, 1, 10, 45522348387704252900, 45522348387704252900, 0, '0x0fa9077350FC3Ee6924743e1AD9b735c657C455E', 1, -65730, 30403), (44910, -42214, 1676794022, 2, 10, 45357567859261598500, 1440778459821428600, 0, '0xc72B1b70e69D270544369132d53529e37Be87742', 0, 46084, -42343), (46653, -43446, 1676794224, 2, 10, 46801031283344447700, 1440778459821428400, 0, '0xc72B1b70e69D270544369132d53529e37Be87742', 0, 46071, -43504), (-66515, 32317, 1676794757, 1, 10, 45779230770597138400, 35141543251792404100, 1, '0x3662FA93E6C3bcB04B95e5dD7B1266AD9e8A9965', 1, -65940, 32246), (-10496, 67333, 1676794451, 0, 9, 42438193827107887900, 42438193827107887900, 1, '0x77B770ceB4b2537e52f4534Bb39e43754eB5B7e5', 1, -10496, 67333), (220, -77318, 1676794471, 0, 3, 20104004676079543500, 16139868140850971000, 0, '0xBa1CD5ded4B25dF273d435c969a01dc0B577c95c', 0, -1167, -77856), (-53587, 21899, 1676794515, 3, 1, 2174749802329934300, 2174749802329934300, 1, '0x036D6B4DA0b4Eeb9d312E958c2937D9016765F50', 1, -53587, 21899), (46732, -41852, 1676794747, 0, 2, 5254496884466585300, 720389229910714300, 0, '0xc72B1b70e69D270544369132d53529e37Be87742', 0, 43800, -42251)]
8 2741.191 [[-0.08048200050096435, 0.6295372924618768], [-0.14004676041617284, -0.7682818373220397], [-0.6171161105289689, 0.28985952474492416]] [(-58853, 34885, 1676794790, 1, 10, 50000000000000000000, 35000000000000000000, 1, '0x5c5f829C4c3E8C4AB97390cb053a456616c27Ea3', 0, -60987, 35376), (-61970, 29047, 1676794790, 1, 10, 47857142857142858000, 28571428571428572000, 1, '0x26CbcaC5281B6E159bc3e6C7400AF25fA46F246B', 1, -65533, 28514), (-66168, 29214, 1676794790, 1, 10, 48705357142857144000, 44151785714285715000, 1, '0xA4b1B07974bF67f04EC51bEcABF4aD62106B1Dd0', 1, -66154, 29294), (45490, -41768, 1676792189, 2, 10, 47395833333333332500, 5000000000000000000, 0, '0xc72B1b70e69D270544369132d53529e37Be87742', 0, 45512, -42787), (-6413, 64099, 1676794790, 1, 10, 48737599206349205000, 48737599206349205000, 1, '0x633462025cF12D347C0dF50B2114E65aa364f0a6', 0, -6413, 64099), (-65286, 30894, 1676794790, 1, 10, 49073454034391536000, 49073454034391536000, 1, '0x26CbcaC5281B6E159bc3e6C7400AF25fA46F246B', 1, -65286, 30894), (-38720, 54983, 1676792351, 2, 10, 49064980158730157500, 5662202380952381000, 0, '0x0fa9077350FC3Ee6924743e1AD9b735c657C455E', 0, -39006, 54962), (45647, -40318, 1676792489, 2, 10, 51381683798133452000, 4553571428571429000, 0, '0xc72B1b70e69D270544369132d53529e37Be87742', 0, 44702, -41234), (-10667, 69593, 1676794790, 1, 10, 52967923280423279000, 47684151785714285000, 1, '0xa79160bC038C07678C145f1B5220be15bAdB13d7', 1, -10613, 69546), (-9168, 64558, 1676794790, 1, 10, 49436705430629041900, 44006162505511463900, 1, '0x036D6B4DA0b4Eeb9d312E958c2937D9016765F50', 1, -9016, 64038), (-67210, 30832, 1676794790, 1, 10, 53370652131201418100, 53370652131201418100, 1, '0x0fa9077350FC3Ee6924743e1AD9b735c657C455E', 1, -67210, 30832), (-9442, 68746, 1676794790, 1, 10, 52193733886623065000, 47905097376849402000, 0, '0x05d6edC4ff8ef40321aBCf7886Bc606ed13327b0', 1, -9349, 68693), (-5645, 60493, 1676794790, 1, 10, 49648966479327931000, 40251121015160611000, 1, '0x77B770ceB4b2537e52f4534Bb39e43754eB5B7e5', 1, -6225, 62583), (43185, -42090, 1676793029, 2, 10, 54015769671939045500, 3415178571428571000, 0, '0xc72B1b70e69D270544369132d53529e37Be87742', 0, 43235, -41791), (-66307, 30351, 1676794790, 1, 10, 56144282795570109700, 56144282795570109700, 1, '0x3662FA93E6C3bcB04B95e5dD7B1266AD9e8A9965', 1, -66307, 30351), (-10150, 64919, 1676794790, 1, 10, 53019971728550711000, 43561283694404384500, 1, '0x036D6B4DA0b4Eeb9d312E958c2937D9016765F50', 1, -10296, 65769), (-32420, -110248, 1676793262, 2, 10, 46590466300053795000, 17204462052301800000, 0, '0x77B770ceB4b2537e52f4534Bb39e43754eB5B7e5', 0, -30502, -105273), (-63684, 28290, 1676794790, 1, 10, 49240295815198408000, 44670880027580123000, 1, '0xc8529dE5603FF9D6FE9A77d43c27D3e7085B4E43', 1, -63795, 28074), (44604, -42606, 1676793300, 2, 10, 50446506206585461300, 2561383928571428400, 0, '0xc72B1b70e69D270544369132d53529e37Be87742', 0, 45967, -42153), (-7093, 67939, 1676794790, 1, 10, 55851098521653284200, 49331239628927302200, 1, '0x633462025cF12D347C0dF50B2114E65aa364f0a6', 1, -7053, 68807), (45772, -41684, 1676793510, 2, 10, 38928544490703406000, 1921037946428571600, 0, '0xc72B1b70e69D270544369132d53529e37Be87742', 0, 46376, -42206), (-8353, 67488, 1676794790, 1, 10, 47712597364086534900, 38504728557868923900, 1, '0x3662FA93E6C3bcB04B95e5dD7B1266AD9e8A9965', 1, -8308, 67448), (-65040, 30190, 1676794790, 1, 10, 49105657812321847200, 45579275478804057900, 1, '0xA4b1B07974bF67f04EC51bEcABF4aD62106B1Dd0', 1, -65147, 30274), (-65730, 30403, 1676794790, 1, 10, 45522348387704252900, 45522348387704252900, 0, '0x0fa9077350FC3Ee6924743e1AD9b735c657C455E', 1, -65730, 30403), (44910, -42214, 1676794022, 2, 10, 45357567859261598500, 1440778459821428600, 0, '0xc72B1b70e69D270544369132d53529e37Be87742', 0, 46084, -42343), (46653, -43446, 1676794224, 2, 10, 46801031283344447700, 1440778459821428400, 0, '0xc72B1b70e69D270544369132d53529e37Be87742', 0, 46071, -43504), (-66515, 32317, 1676794790, 1, 10, 45779230770597138400, 35141543251792404100, 1, '0x3662FA93E6C3bcB04B95e5dD7B1266AD9e8A9965', 1, -65940, 32246), (-10496, 67333, 1676794451, 0, 9, 42438193827107887900, 42438193827107887900, 1, '0x77B770ceB4b2537e52f4534Bb39e43754eB5B7e5', 1, -10496, 67333), (3089, -76154, 1676794471, 0, 7, 35029056482622699900, 16139868140850971000, 0, '0xBa1CD5ded4B25dF273d435c969a01dc0B577c95c', 0, -1167, -77856), (-53587, 21899, 1676794515, 3, 1, 2174749802329934300, 2174749802329934300, 1, '0x036D6B4DA0b4Eeb9d312E958c2937D9016765F50', 1, -53587, 21899), (46703, -42984, 1676794747, 0, 3, 8714202706703705100, 720389229910714300, 0, '0xc72B1b70e69D270544369132d53529e37Be87742', 0, 43800, -42251), (-69586, 33511, 1676794781, 0, 1, 4319890844656729000, 4319890844656729000, 1, '0xA4b1B07974bF67f04EC51bEcABF4aD62106B1Dd0', 1, -69586, 33511)]
8 2771.197 [[-0.08048200050096435, 0.6295372924618768], [-0.14004676041617284, -0.7682818373220397], [-0.6171161105289689, 0.28985952474492416]] [(-58853, 34885, 1676794804, 1, 10, 50000000000000000000, 35000000000000000000, 1, '0x5c5f829C4c3E8C4AB97390cb053a456616c27Ea3', 0, -60987, 35376), (-61970, 29047, 1676794804, 1, 10, 47857142857142858000, 28571428571428572000, 1, '0x26CbcaC5281B6E159bc3e6C7400AF25fA46F246B', 1, -65533, 28514), (-66168, 29214, 1676794804, 1, 10, 48705357142857144000, 44151785714285715000, 1, '0xA4b1B07974bF67f04EC51bEcABF4aD62106B1Dd0', 1, -66154, 29294), (45490, -41768, 1676792189, 2, 10, 47395833333333332500, 5000000000000000000, 0, '0xc72B1b70e69D270544369132d53529e37Be87742', 0, 45512, -42787), (-6413, 64099, 1676794804, 1, 10, 48737599206349205000, 48737599206349205000, 1, '0x633462025cF12D347C0dF50B2114E65aa364f0a6', 0, -6413, 64099), (-65286, 30894, 1676794804, 1, 10, 49073454034391536000, 49073454034391536000, 1, '0x26CbcaC5281B6E159bc3e6C7400AF25fA46F246B', 1, -65286, 30894), (-38720, 54983, 1676792351, 2, 10, 49064980158730157500, 5662202380952381000, 0, '0x0fa9077350FC3Ee6924743e1AD9b735c657C455E', 0, -39006, 54962), (45647, -40318, 1676792489, 2, 10, 51381683798133452000, 4553571428571429000, 0, '0xc72B1b70e69D270544369132d53529e37Be87742', 0, 44702, -41234), (-10667, 69593, 1676794804, 1, 10, 52967923280423279000, 47684151785714285000, 1, '0xa79160bC038C07678C145f1B5220be15bAdB13d7', 1, -10613, 69546), (-9168, 64558, 1676794804, 1, 10, 49436705430629041900, 44006162505511463900, 1, '0x036D6B4DA0b4Eeb9d312E958c2937D9016765F50', 1, -9016, 64038), (-67210, 30832, 1676794804, 1, 10, 53370652131201418100, 53370652131201418100, 1, '0x0fa9077350FC3Ee6924743e1AD9b735c657C455E', 1, -67210, 30832), (-9442, 68746, 1676794804, 1, 10, 52193733886623065000, 47905097376849402000, 0, '0x05d6edC4ff8ef40321aBCf7886Bc606ed13327b0', 1, -9349, 68693), (-5645, 60493, 1676794804, 1, 10, 49648966479327931000, 40251121015160611000, 1, '0x77B770ceB4b2537e52f4534Bb39e43754eB5B7e5', 1, -6225, 62583), (43185, -42090, 1676793029, 2, 10, 54015769671939045500, 3415178571428571000, 0, '0xc72B1b70e69D270544369132d53529e37Be87742', 0, 43235, -41791), (-66307, 30351, 1676794804, 1, 10, 56144282795570109700, 56144282795570109700, 1, '0x3662FA93E6C3bcB04B95e5dD7B1266AD9e8A9965', 1, -66307, 30351), (-10150, 64919, 1676794804, 1, 10, 53019971728550711000, 43561283694404384500, 1, '0x036D6B4DA0b4Eeb9d312E958c2937D9016765F50', 1, -10296, 65769), (-32420, -110248, 1676793262, 2, 10, 46590466300053795000, 17204462052301800000, 0, '0x77B770ceB4b2537e52f4534Bb39e43754eB5B7e5', 0, -30502, -105273), (-63684, 28290, 1676794804, 1, 10, 49240295815198408000, 44670880027580123000, 1, '0xc8529dE5603FF9D6FE9A77d43c27D3e7085B4E43', 1, -63795, 28074), (44604, -42606, 1676793300, 2, 10, 50446506206585461300, 2561383928571428400, 0, '0xc72B1b70e69D270544369132d53529e37Be87742', 0, 45967, -42153), (-7093, 67939, 1676794804, 1, 10, 55851098521653284200, 49331239628927302200, 1, '0x633462025cF12D347C0dF50B2114E65aa364f0a6', 1, -7053, 68807), (45772, -41684, 1676793510, 2, 10, 38928544490703406000, 1921037946428571600, 0, '0xc72B1b70e69D270544369132d53529e37Be87742', 0, 46376, -42206), (-8353, 67488, 1676794804, 1, 10, 47712597364086534900, 38504728557868923900, 1, '0x3662FA93E6C3bcB04B95e5dD7B1266AD9e8A9965', 1, -8308, 67448), (-65040, 30190, 1676794804, 1, 10, 49105657812321847200, 45579275478804057900, 1, '0xA4b1B07974bF67f04EC51bEcABF4aD62106B1Dd0', 1, -65147, 30274), (-65730, 30403, 1676794804, 1, 10, 45522348387704252900, 45522348387704252900, 0, '0x0fa9077350FC3Ee6924743e1AD9b735c657C455E', 1, -65730, 30403), (44910, -42214, 1676794022, 2, 10, 45357567859261598500, 1440778459821428600, 0, '0xc72B1b70e69D270544369132d53529e37Be87742', 0, 46084, -42343), (46653, -43446, 1676794224, 2, 10, 46801031283344447700, 1440778459821428400, 0, '0xc72B1b70e69D270544369132d53529e37Be87742', 0, 46071, -43504), (-66515, 32317, 1676794804, 1, 10, 45779230770597138400, 35141543251792404100, 1, '0x3662FA93E6C3bcB04B95e5dD7B1266AD9e8A9965', 1, -65940, 32246), (-9929, 68183, 1676794804, 1, 10, 49113164638542216900, 49113164638542216900, 1, '0x77B770ceB4b2537e52f4534Bb39e43754eB5B7e5', 1, -9929, 68183), (491, -76544, 1676794471, 0, 8, 42286261881433959900, 23397073539662231000, 0, '0xBa1CD5ded4B25dF273d435c969a01dc0B577c95c', 0, -4540, -78033), (-53587, 21899, 1676794515, 3, 1, 2174749802329934300, 2174749802329934300, 1, '0x036D6B4DA0b4Eeb9d312E958c2937D9016765F50', 1, -53587, 21899), (46703, -42984, 1676794747, 0, 3, 8714202706703705100, 720389229910714300, 0, '0xc72B1b70e69D270544369132d53529e37Be87742', 0, 43800, -42251), (-69586, 33511, 1676794781, 0, 1, 4319890844656729000, 4319890844656729000, 1, '0xA4b1B07974bF67f04EC51bEcABF4aD62106B1Dd0', 1, -69586, 33511), (-9697, 66343, 1676794804, 0, 1, 4336585894075149000, 4336585894075149000, 1, '0xa79160bC038C07678C145f1B5220be15bAdB13d7', 1, -9697, 66343)]
8 2801.229 [[-0.08048200050096435, 0.6295372924618768], [-0.14004676041617284, -0.7682818373220397], [-0.6171161105289689, 0.28985952474492416]] [(-58853, 34885, 1676794839, 1, 10, 50000000000000000000, 35000000000000000000, 1, '0x5c5f829C4c3E8C4AB97390cb053a456616c27Ea3', 0, -60987, 35376), (-61970, 29047, 1676794839, 1, 10, 47857142857142858000, 28571428571428572000, 1, '0x26CbcaC5281B6E159bc3e6C7400AF25fA46F246B', 1, -65533, 28514), (-66168, 29214, 1676794839, 1, 10, 48705357142857144000, 44151785714285715000, 1, '0xA4b1B07974bF67f04EC51bEcABF4aD62106B1Dd0', 1, -66154, 29294), (45490, -41768, 1676792189, 2, 10, 47395833333333332500, 5000000000000000000, 0, '0xc72B1b70e69D270544369132d53529e37Be87742', 0, 45512, -42787), (-6413, 64099, 1676794839, 1, 10, 48737599206349205000, 48737599206349205000, 1, '0x633462025cF12D347C0dF50B2114E65aa364f0a6', 0, -6413, 64099), (-65286, 30894, 1676794839, 1, 10, 49073454034391536000, 49073454034391536000, 1, '0x26CbcaC5281B6E159bc3e6C7400AF25fA46F246B', 1, -65286, 30894), (-38720, 54983, 1676792351, 2, 10, 49064980158730157500, 5662202380952381000, 0, '0x0fa9077350FC3Ee6924743e1AD9b735c657C455E', 0, -39006, 54962), (45647, -40318, 1676792489, 2, 10, 51381683798133452000, 4553571428571429000, 0, '0xc72B1b70e69D270544369132d53529e37Be87742', 0, 44702, -41234), (-10667, 69593, 1676794839, 1, 10, 52967923280423279000, 47684151785714285000, 1, '0xa79160bC038C07678C145f1B5220be15bAdB13d7', 1, -10613, 69546), (-9168, 64558, 1676794839, 1, 10, 49436705430629041900, 44006162505511463900, 1, '0x036D6B4DA0b4Eeb9d312E958c2937D9016765F50', 1, -9016, 64038), (-67210, 30832, 1676794839, 1, 10, 53370652131201418100, 53370652131201418100, 1, '0x0fa9077350FC3Ee6924743e1AD9b735c657C455E', 1, -67210, 30832), (-9442, 68746, 1676794839, 1, 10, 52193733886623065000, 47905097376849402000, 0, '0x05d6edC4ff8ef40321aBCf7886Bc606ed13327b0', 1, -9349, 68693), (-5645, 60493, 1676794839, 1, 10, 49648966479327931000, 40251121015160611000, 1, '0x77B770ceB4b2537e52f4534Bb39e43754eB5B7e5', 1, -6225, 62583), (43185, -42090, 1676793029, 2, 10, 54015769671939045500, 3415178571428571000, 0, '0xc72B1b70e69D270544369132d53529e37Be87742', 0, 43235, -41791), (-66307, 30351, 1676794839, 1, 10, 56144282795570109700, 56144282795570109700, 1, '0x3662FA93E6C3bcB04B95e5dD7B1266AD9e8A9965', 1, -66307, 30351), (-10150, 64919, 1676794839, 1, 10, 53019971728550711000, 43561283694404384500, 1, '0x036D6B4DA0b4Eeb9d312E958c2937D9016765F50', 1, -10296, 65769), (-32420, -110248, 1676793262, 2, 10, 46590466300053795000, 17204462052301800000, 0, '0x77B770ceB4b2537e52f4534Bb39e43754eB5B7e5', 0, -30502, -105273), (-63684, 28290, 1676794839, 1, 10, 49240295815198408000, 44670880027580123000, 1, '0xc8529dE5603FF9D6FE9A77d43c27D3e7085B4E43', 1, -63795, 28074), (44604, -42606, 1676793300, 2, 10, 50446506206585461300, 2561383928571428400, 0, '0xc72B1b70e69D270544369132d53529e37Be87742', 0, 45967, -42153), (-7093, 67939, 1676794839, 1, 10, 55851098521653284200, 49331239628927302200, 1, '0x633462025cF12D347C0dF50B2114E65aa364f0a6', 1, -7053, 68807), (45772, -41684, 1676793510, 2, 10, 38928544490703406000, 1921037946428571600, 0, '0xc72B1b70e69D270544369132d53529e37Be87742', 0, 46376, -42206), (-8353, 67488, 1676794839, 1, 10, 47712597364086534900, 38504728557868923900, 1, '0x3662FA93E6C3bcB04B95e5dD7B1266AD9e8A9965', 1, -8308, 67448), (-65040, 30190, 1676794839, 1, 10, 49105657812321847200, 45579275478804057900, 1, '0xA4b1B07974bF67f04EC51bEcABF4aD62106B1Dd0', 1, -65147, 30274), (-65730, 30403, 1676794839, 1, 10, 45522348387704252900, 45522348387704252900, 0, '0x0fa9077350FC3Ee6924743e1AD9b735c657C455E', 1, -65730, 30403), (44910, -42214, 1676794022, 2, 10, 45357567859261598500, 1440778459821428600, 0, '0xc72B1b70e69D270544369132d53529e37Be87742', 0, 46084, -42343), (46653, -43446, 1676794224, 2, 10, 46801031283344447700, 1440778459821428400, 0, '0xc72B1b70e69D270544369132d53529e37Be87742', 0, 46071, -43504), (-66515, 32317, 1676794839, 1, 10, 45779230770597138400, 35141543251792404100, 1, '0x3662FA93E6C3bcB04B95e5dD7B1266AD9e8A9965', 1, -65940, 32246), (-9929, 68183, 1676794839, 1, 10, 49113164638542216900, 49113164638542216900, 1, '0x77B770ceB4b2537e52f4534Bb39e43754eB5B7e5', 1, -9929, 68183), (-1161, -77377, 1676794839, 1, 10, 49198149075773682200, 30308960734001953300, 0, '0xBa1CD5ded4B25dF273d435c969a01dc0B577c95c', 0, -6074, -79045), (-53587, 21899, 1676794515, 3, 1, 2174749802329934300, 2174749802329934300, 1, '0x036D6B4DA0b4Eeb9d312E958c2937D9016765F50', 1, -53587, 21899), (46079, -43274, 1676794747, 0, 4, 14052160227455015100, 720389229910714300, 0, '0xc72B1b70e69D270544369132d53529e37Be87742', 0, 43800, -42251), (-69586, 33511, 1676794781, 0, 1, 4319890844656729000, 4319890844656729000, 1, '0xA4b1B07974bF67f04EC51bEcABF4aD62106B1Dd0', 1, -69586, 33511), (-8269, 68417, 1676794804, 0, 3, 16462363392545374800, 16462363392545374800, 1, '0xa79160bC038C07678C145f1B5220be15bAdB13d7', 1, -8269, 68417), (7952, -74852, 1676794839, 0, 1, 720389229910714400, 720389229910714400, 0, '0xc72B1b70e69D270544369132d53529e37Be87742', 0, 7952, -74852)]
8 2831.392 [[-0.08048200050096435, 0.6295372924618768], [-0.14004676041617284, -0.7682818373220397], [-0.6171161105289689, 0.28985952474492416]] [(-58853, 34885, 1676794873, 1, 10, 50000000000000000000, 35000000000000000000, 1, '0x5c5f829C4c3E8C4AB97390cb053a456616c27Ea3', 0, -60987, 35376), (-61970, 29047, 1676794873, 1, 10, 47857142857142858000, 28571428571428572000, 1, '0x26CbcaC5281B6E159bc3e6C7400AF25fA46F246B', 1, -65533, 28514), (-66168, 29214, 1676794873, 1, 10, 48705357142857144000, 44151785714285715000, 1, '0xA4b1B07974bF67f04EC51bEcABF4aD62106B1Dd0', 1, -66154, 29294), (45490, -41768, 1676792189, 2, 10, 47395833333333332500, 5000000000000000000, 0, '0xc72B1b70e69D270544369132d53529e37Be87742', 0, 45512, -42787), (-6413, 64099, 1676794873, 1, 10, 48737599206349205000, 48737599206349205000, 1, '0x633462025cF12D347C0dF50B2114E65aa364f0a6', 0, -6413, 64099), (-65286, 30894, 1676794873, 1, 10, 49073454034391536000, 49073454034391536000, 1, '0x26CbcaC5281B6E159bc3e6C7400AF25fA46F246B', 1, -65286, 30894), (-38720, 54983, 1676792351, 2, 10, 49064980158730157500, 5662202380952381000, 0, '0x0fa9077350FC3Ee6924743e1AD9b735c657C455E', 0, -39006, 54962), (45647, -40318, 1676792489, 2, 10, 51381683798133452000, 4553571428571429000, 0, '0xc72B1b70e69D270544369132d53529e37Be87742', 0, 44702, -41234), (-10667, 69593, 1676794873, 1, 10, 52967923280423279000, 47684151785714285000, 1, '0xa79160bC038C07678C145f1B5220be15bAdB13d7', 1, -10613, 69546), (-9168, 64558, 1676794873, 1, 10, 49436705430629041900, 44006162505511463900, 1, '0x036D6B4DA0b4Eeb9d312E958c2937D9016765F50', 1, -9016, 64038), (-67210, 30832, 1676794873, 1, 10, 53370652131201418100, 53370652131201418100, 1, '0x0fa9077350FC3Ee6924743e1AD9b735c657C455E', 1, -67210, 30832), (-9442, 68746, 1676794873, 1, 10, 52193733886623065000, 47905097376849402000, 0, '0x05d6edC4ff8ef40321aBCf7886Bc606ed13327b0', 1, -9349, 68693), (-5645, 60493, 1676794873, 1, 10, 49648966479327931000, 40251121015160611000, 1, '0x77B770ceB4b2537e52f4534Bb39e43754eB5B7e5', 1, -6225, 62583), (43185, -42090, 1676793029, 2, 10, 54015769671939045500, 3415178571428571000, 0, '0xc72B1b70e69D270544369132d53529e37Be87742', 0, 43235, -41791), (-66307, 30351, 1676794873, 1, 10, 56144282795570109700, 56144282795570109700, 1, '0x3662FA93E6C3bcB04B95e5dD7B1266AD9e8A9965', 1, -66307, 30351), (-10150, 64919, 1676794873, 1, 10, 53019971728550711000, 43561283694404384500, 1, '0x036D6B4DA0b4Eeb9d312E958c2937D9016765F50', 1, -10296, 65769), (-32420, -110248, 1676793262, 2, 10, 46590466300053795000, 17204462052301800000, 0, '0x77B770ceB4b2537e52f4534Bb39e43754eB5B7e5', 0, -30502, -105273), (-63684, 28290, 1676794873, 1, 10, 49240295815198408000, 44670880027580123000, 1, '0xc8529dE5603FF9D6FE9A77d43c27D3e7085B4E43', 1, -63795, 28074), (44604, -42606, 1676793300, 2, 10, 50446506206585461300, 2561383928571428400, 0, '0xc72B1b70e69D270544369132d53529e37Be87742', 0, 45967, -42153), (-7093, 67939, 1676794873, 1, 10, 55851098521653284200, 49331239628927302200, 1, '0x633462025cF12D347C0dF50B2114E65aa364f0a6', 1, -7053, 68807), (45772, -41684, 1676793510, 2, 10, 38928544490703406000, 1921037946428571600, 0, '0xc72B1b70e69D270544369132d53529e37Be87742', 0, 46376, -42206), (-8353, 67488, 1676794873, 1, 10, 47712597364086534900, 38504728557868923900, 1, '0x3662FA93E6C3bcB04B95e5dD7B1266AD9e8A9965', 1, -8308, 67448), (-65040, 30190, 1676794873, 1, 10, 49105657812321847200, 45579275478804057900, 1, '0xA4b1B07974bF67f04EC51bEcABF4aD62106B1Dd0', 1, -65147, 30274), (-65730, 30403, 1676794873, 1, 10, 45522348387704252900, 45522348387704252900, 0, '0x0fa9077350FC3Ee6924743e1AD9b735c657C455E', 1, -65730, 30403), (44910, -42214, 1676794022, 2, 10, 45357567859261598500, 1440778459821428600, 0, '0xc72B1b70e69D270544369132d53529e37Be87742', 0, 46084, -42343), (46653, -43446, 1676794224, 2, 10, 46801031283344447700, 1440778459821428400, 0, '0xc72B1b70e69D270544369132d53529e37Be87742', 0, 46071, -43504), (-66515, 32317, 1676794873, 1, 10, 45779230770597138400, 35141543251792404100, 1, '0x3662FA93E6C3bcB04B95e5dD7B1266AD9e8A9965', 1, -65940, 32246), (-9929, 68183, 1676794873, 1, 10, 49113164638542216900, 49113164638542216900, 1, '0x77B770ceB4b2537e52f4534Bb39e43754eB5B7e5', 1, -9929, 68183), (-1161, -77377, 1676794873, 1, 10, 49198149075773682200, 30308960734001953300, 0, '0xBa1CD5ded4B25dF273d435c969a01dc0B577c95c', 0, -6074, -79045), (-53587, 21899, 1676794515, 3, 1, 2174749802329934300, 2174749802329934300, 1, '0x036D6B4DA0b4Eeb9d312E958c2937D9016765F50', 1, -53587, 21899), (46209, -43326, 1676794747, 0, 5, 18372051072111744100, 720389229910714300, 0, '0xc72B1b70e69D270544369132d53529e37Be87742', 0, 43800, -42251), (-65325, 32811, 1676794781, 0, 3, 14991933403163976600, 14991933403163976600, 1, '0xA4b1B07974bF67f04EC51bEcABF4aD62106B1Dd0', 1, -65325, 32811), (-8269, 68417, 1676794804, 0, 3, 16462363392545374800, 16462363392545374800, 1, '0xa79160bC038C07678C145f1B5220be15bAdB13d7', 1, -8269, 68417), (513, -76292, 1676794839, 0, 3, 13456161700366431400, 720389229910714400, 0, '0xc72B1b70e69D270544369132d53529e37Be87742', 0, 7952, -74852)]
8 2861.563 [[-0.08048200050096435, 0.6295372924618768], [-0.14004676041617284, -0.7682818373220397], [-0.6171161105289689, 0.28985952474492416]] [(-58853, 34885, 1676794907, 1, 10, 50000000000000000000, 35000000000000000000, 1, '0x5c5f829C4c3E8C4AB97390cb053a456616c27Ea3', 0, -60987, 35376), (-61970, 29047, 1676794907, 1, 10, 47857142857142858000, 28571428571428572000, 1, '0x26CbcaC5281B6E159bc3e6C7400AF25fA46F246B', 1, -65533, 28514), (-66168, 29214, 1676794907, 1, 10, 48705357142857144000, 44151785714285715000, 1, '0xA4b1B07974bF67f04EC51bEcABF4aD62106B1Dd0', 1, -66154, 29294), (45490, -41768, 1676792189, 2, 10, 47395833333333332500, 5000000000000000000, 0, '0xc72B1b70e69D270544369132d53529e37Be87742', 0, 45512, -42787), (-6413, 64099, 1676794907, 1, 10, 48737599206349205000, 48737599206349205000, 1, '0x633462025cF12D347C0dF50B2114E65aa364f0a6', 0, -6413, 64099), (-65286, 30894, 1676794907, 1, 10, 49073454034391536000, 49073454034391536000, 1, '0x26CbcaC5281B6E159bc3e6C7400AF25fA46F246B', 1, -65286, 30894), (-38720, 54983, 1676792351, 2, 10, 49064980158730157500, 5662202380952381000, 0, '0x0fa9077350FC3Ee6924743e1AD9b735c657C455E', 0, -39006, 54962), (45647, -40318, 1676792489, 2, 10, 51381683798133452000, 4553571428571429000, 0, '0xc72B1b70e69D270544369132d53529e37Be87742', 0, 44702, -41234), (-10667, 69593, 1676794907, 1, 10, 52967923280423279000, 47684151785714285000, 1, '0xa79160bC038C07678C145f1B5220be15bAdB13d7', 1, -10613, 69546), (-9168, 64558, 1676794907, 1, 10, 49436705430629041900, 44006162505511463900, 1, '0x036D6B4DA0b4Eeb9d312E958c2937D9016765F50', 1, -9016, 64038), (-67210, 30832, 1676794907, 1, 10, 53370652131201418100, 53370652131201418100, 1, '0x0fa9077350FC3Ee6924743e1AD9b735c657C455E', 1, -67210, 30832), (-9442, 68746, 1676794907, 1, 10, 52193733886623065000, 47905097376849402000, 0, '0x05d6edC4ff8ef40321aBCf7886Bc606ed13327b0', 1, -9349, 68693), (-5645, 60493, 1676794907, 1, 10, 49648966479327931000, 40251121015160611000, 1, '0x77B770ceB4b2537e52f4534Bb39e43754eB5B7e5', 1, -6225, 62583), (43185, -42090, 1676793029, 2, 10, 54015769671939045500, 3415178571428571000, 0, '0xc72B1b70e69D270544369132d53529e37Be87742', 0, 43235, -41791), (-66307, 30351, 1676794907, 1, 10, 56144282795570109700, 56144282795570109700, 1, '0x3662FA93E6C3bcB04B95e5dD7B1266AD9e8A9965', 1, -66307, 30351), (-10150, 64919, 1676794907, 1, 10, 53019971728550711000, 43561283694404384500, 1, '0x036D6B4DA0b4Eeb9d312E958c2937D9016765F50', 1, -10296, 65769), (-32420, -110248, 1676793262, 2, 10, 46590466300053795000, 17204462052301800000, 0, '0x77B770ceB4b2537e52f4534Bb39e43754eB5B7e5', 0, -30502, -105273), (-63684, 28290, 1676794907, 1, 10, 49240295815198408000, 44670880027580123000, 1, '0xc8529dE5603FF9D6FE9A77d43c27D3e7085B4E43', 1, -63795, 28074), (44604, -42606, 1676793300, 2, 10, 50446506206585461300, 2561383928571428400, 0, '0xc72B1b70e69D270544369132d53529e37Be87742', 0, 45967, -42153), (-7093, 67939, 1676794907, 1, 10, 55851098521653284200, 49331239628927302200, 1, '0x633462025cF12D347C0dF50B2114E65aa364f0a6', 1, -7053, 68807), (45772, -41684, 1676793510, 2, 10, 38928544490703406000, 1921037946428571600, 0, '0xc72B1b70e69D270544369132d53529e37Be87742', 0, 46376, -42206), (-8353, 67488, 1676794907, 1, 10, 47712597364086534900, 38504728557868923900, 1, '0x3662FA93E6C3bcB04B95e5dD7B1266AD9e8A9965', 1, -8308, 67448), (-65040, 30190, 1676794907, 1, 10, 49105657812321847200, 45579275478804057900, 1, '0xA4b1B07974bF67f04EC51bEcABF4aD62106B1Dd0', 1, -65147, 30274), (-65730, 30403, 1676794907, 1, 10, 45522348387704252900, 45522348387704252900, 0, '0x0fa9077350FC3Ee6924743e1AD9b735c657C455E', 1, -65730, 30403), (44910, -42214, 1676794022, 2, 10, 45357567859261598500, 1440778459821428600, 0, '0xc72B1b70e69D270544369132d53529e37Be87742', 0, 46084, -42343), (46653, -43446, 1676794224, 2, 10, 46801031283344447700, 1440778459821428400, 0, '0xc72B1b70e69D270544369132d53529e37Be87742', 0, 46071, -43504), (-66515, 32317, 1676794907, 1, 10, 45779230770597138400, 35141543251792404100, 1, '0x3662FA93E6C3bcB04B95e5dD7B1266AD9e8A9965', 1, -65940, 32246), (-9929, 68183, 1676794907, 1, 10, 49113164638542216900, 49113164638542216900, 1, '0x77B770ceB4b2537e52f4534Bb39e43754eB5B7e5', 1, -9929, 68183), (-1161, -77377, 1676794907, 1, 10, 49198149075773682200, 30308960734001953300, 0, '0xBa1CD5ded4B25dF273d435c969a01dc0B577c95c', 0, -6074, -79045), (-53587, 21899, 1676794515, 3, 1, 2174749802329934300, 2174749802329934300, 1, '0x036D6B4DA0b4Eeb9d312E958c2937D9016765F50', 1, -53587, 21899), (46526, -42883, 1676794747, 0, 6, 27038122748344850100, 720389229910714300, 0, '0xc72B1b70e69D270544369132d53529e37Be87742', 0, 43800, -42251), (-67317, 33642, 1676794781, 0, 4, 18451639225401096400, 18451639225401096400, 1, '0xA4b1B07974bF67f04EC51bEcABF4aD62106B1Dd0', 1, -67317, 33642), (-7944, 68476, 1676794804, 0, 4, 19077906785265340800, 19077906785265340800, 1, '0xa79160bC038C07678C145f1B5220be15bAdB13d7', 1, -7944, 68476), (513, -76292, 1676794839, 0, 3, 13456161700366431400, 720389229910714400, 0, '0xc72B1b70e69D270544369132d53529e37Be87742', 0, 7952, -74852)]
8 2891.623 [[-0.08048200050096435, 0.6295372924618768], [-0.14004676041617284, -0.7682818373220397], [-0.6171161105289689, 0.28985952474492416]] [(-58853, 34885, 1676794939, 1, 10, 50000000000000000000, 35000000000000000000, 1, '0x5c5f829C4c3E8C4AB97390cb053a456616c27Ea3', 0, -60987, 35376), (-61970, 29047, 1676794939, 1, 10, 47857142857142858000, 28571428571428572000, 1, '0x26CbcaC5281B6E159bc3e6C7400AF25fA46F246B', 1, -65533, 28514), (-66168, 29214, 1676794939, 1, 10, 48705357142857144000, 44151785714285715000, 1, '0xA4b1B07974bF67f04EC51bEcABF4aD62106B1Dd0', 1, -66154, 29294), (45490, -41768, 1676792189, 2, 10, 47395833333333332500, 5000000000000000000, 0, '0xc72B1b70e69D270544369132d53529e37Be87742', 0, 45512, -42787), (-6413, 64099, 1676794939, 1, 10, 48737599206349205000, 48737599206349205000, 1, '0x633462025cF12D347C0dF50B2114E65aa364f0a6', 0, -6413, 64099), (-65286, 30894, 1676794939, 1, 10, 49073454034391536000, 49073454034391536000, 1, '0x26CbcaC5281B6E159bc3e6C7400AF25fA46F246B', 1, -65286, 30894), (-38720, 54983, 1676792351, 2, 10, 49064980158730157500, 5662202380952381000, 0, '0x0fa9077350FC3Ee6924743e1AD9b735c657C455E', 0, -39006, 54962), (45647, -40318, 1676792489, 2, 10, 51381683798133452000, 4553571428571429000, 0, '0xc72B1b70e69D270544369132d53529e37Be87742', 0, 44702, -41234), (-10667, 69593, 1676794939, 1, 10, 52967923280423279000, 47684151785714285000, 1, '0xa79160bC038C07678C145f1B5220be15bAdB13d7', 1, -10613, 69546), (-9168, 64558, 1676794939, 1, 10, 49436705430629041900, 44006162505511463900, 1, '0x036D6B4DA0b4Eeb9d312E958c2937D9016765F50', 1, -9016, 64038), (-67210, 30832, 1676794939, 1, 10, 53370652131201418100, 53370652131201418100, 1, '0x0fa9077350FC3Ee6924743e1AD9b735c657C455E', 1, -67210, 30832), (-9442, 68746, 1676794939, 1, 10, 52193733886623065000, 47905097376849402000, 0, '0x05d6edC4ff8ef40321aBCf7886Bc606ed13327b0', 1, -9349, 68693), (-5645, 60493, 1676794939, 1, 10, 49648966479327931000, 40251121015160611000, 1, '0x77B770ceB4b2537e52f4534Bb39e43754eB5B7e5', 1, -6225, 62583), (43185, -42090, 1676793029, 2, 10, 54015769671939045500, 3415178571428571000, 0, '0xc72B1b70e69D270544369132d53529e37Be87742', 0, 43235, -41791), (-66307, 30351, 1676794939, 1, 10, 56144282795570109700, 56144282795570109700, 1, '0x3662FA93E6C3bcB04B95e5dD7B1266AD9e8A9965', 1, -66307, 30351), (-10150, 64919, 1676794939, 1, 10, 53019971728550711000, 43561283694404384500, 1, '0x036D6B4DA0b4Eeb9d312E958c2937D9016765F50', 1, -10296, 65769), (-32420, -110248, 1676793262, 2, 10, 46590466300053795000, 17204462052301800000, 0, '0x77B770ceB4b2537e52f4534Bb39e43754eB5B7e5', 0, -30502, -105273), (-63684, 28290, 1676794939, 1, 10, 49240295815198408000, 44670880027580123000, 1, '0xc8529dE5603FF9D6FE9A77d43c27D3e7085B4E43', 1, -63795, 28074), (44604, -42606, 1676793300, 2, 10, 50446506206585461300, 2561383928571428400, 0, '0xc72B1b70e69D270544369132d53529e37Be87742', 0, 45967, -42153), (-7093, 67939, 1676794939, 1, 10, 55851098521653284200, 49331239628927302200, 1, '0x633462025cF12D347C0dF50B2114E65aa364f0a6', 1, -7053, 68807), (45772, -41684, 1676793510, 2, 10, 38928544490703406000, 1921037946428571600, 0, '0xc72B1b70e69D270544369132d53529e37Be87742', 0, 46376, -42206), (-8353, 67488, 1676794939, 1, 10, 47712597364086534900, 38504728557868923900, 1, '0x3662FA93E6C3bcB04B95e5dD7B1266AD9e8A9965', 1, -8308, 67448), (-65040, 30190, 1676794939, 1, 10, 49105657812321847200, 45579275478804057900, 1, '0xA4b1B07974bF67f04EC51bEcABF4aD62106B1Dd0', 1, -65147, 30274), (-65730, 30403, 1676794939, 1, 10, 45522348387704252900, 45522348387704252900, 0, '0x0fa9077350FC3Ee6924743e1AD9b735c657C455E', 1, -65730, 30403), (44910, -42214, 1676794022, 2, 10, 45357567859261598500, 1440778459821428600, 0, '0xc72B1b70e69D270544369132d53529e37Be87742', 0, 46084, -42343), (46653, -43446, 1676794224, 2, 10, 46801031283344447700, 1440778459821428400, 0, '0xc72B1b70e69D270544369132d53529e37Be87742', 0, 46071, -43504), (-66515, 32317, 1676794939, 1, 10, 45779230770597138400, 35141543251792404100, 1, '0x3662FA93E6C3bcB04B95e5dD7B1266AD9e8A9965', 1, -65940, 32246), (-9929, 68183, 1676794939, 1, 10, 49113164638542216900, 49113164638542216900, 1, '0x77B770ceB4b2537e52f4534Bb39e43754eB5B7e5', 1, -9929, 68183), (-1161, -77377, 1676794939, 1, 10, 49198149075773682200, 30308960734001953300, 0, '0xBa1CD5ded4B25dF273d435c969a01dc0B577c95c', 0, -6074, -79045), (-53587, 21899, 1676794515, 3, 1, 2174749802329934300, 2174749802329934300, 1, '0x036D6B4DA0b4Eeb9d312E958c2937D9016765F50', 1, -53587, 21899), (46526, -42883, 1676794747, 0, 6, 27038122748344850100, 720389229910714300, 0, '0xc72B1b70e69D270544369132d53529e37Be87742', 0, 43800, -42251), (-64245, 32045, 1676794781, 0, 5, 24636901861198025400, 24636901861198025400, 1, '0xA4b1B07974bF67f04EC51bEcABF4aD62106B1Dd0', 1, -64245, 32045), (-6503, 69485, 1676794804, 0, 7, 37161928911426791800, 37161928911426791800, 1, '0xa79160bC038C07678C145f1B5220be15bAdB13d7', 1, -6503, 69485), (2416, -75598, 1676794839, 0, 4, 18794119221117741400, 720389229910714400, 0, '0xc72B1b70e69D270544369132d53529e37Be87742', 0, 7952, -74852)]
8 2921.949 [[-0.08048200050096435, 0.6295372924618768], [-0.14004676041617284, -0.7682818373220397], [-0.6171161105289689, 0.28985952474492416]] [(-58853, 34885, 1676794969, 1, 10, 50000000000000000000, 35000000000000000000, 1, '0x5c5f829C4c3E8C4AB97390cb053a456616c27Ea3', 0, -60987, 35376), (-61970, 29047, 1676794969, 1, 10, 47857142857142858000, 28571428571428572000, 1, '0x26CbcaC5281B6E159bc3e6C7400AF25fA46F246B', 1, -65533, 28514), (-66168, 29214, 1676794969, 1, 10, 48705357142857144000, 44151785714285715000, 1, '0xA4b1B07974bF67f04EC51bEcABF4aD62106B1Dd0', 1, -66154, 29294), (45490, -41768, 1676792189, 2, 10, 47395833333333332500, 5000000000000000000, 0, '0xc72B1b70e69D270544369132d53529e37Be87742', 0, 45512, -42787), (-6413, 64099, 1676794969, 1, 10, 48737599206349205000, 48737599206349205000, 1, '0x633462025cF12D347C0dF50B2114E65aa364f0a6', 0, -6413, 64099), (-65286, 30894, 1676794969, 1, 10, 49073454034391536000, 49073454034391536000, 1, '0x26CbcaC5281B6E159bc3e6C7400AF25fA46F246B', 1, -65286, 30894), (-38720, 54983, 1676792351, 2, 10, 49064980158730157500, 5662202380952381000, 0, '0x0fa9077350FC3Ee6924743e1AD9b735c657C455E', 0, -39006, 54962), (45647, -40318, 1676792489, 2, 10, 51381683798133452000, 4553571428571429000, 0, '0xc72B1b70e69D270544369132d53529e37Be87742', 0, 44702, -41234), (-10667, 69593, 1676794969, 1, 10, 52967923280423279000, 47684151785714285000, 1, '0xa79160bC038C07678C145f1B5220be15bAdB13d7', 1, -10613, 69546), (-9168, 64558, 1676794969, 1, 10, 49436705430629041900, 44006162505511463900, 1, '0x036D6B4DA0b4Eeb9d312E958c2937D9016765F50', 1, -9016, 64038), (-67210, 30832, 1676794969, 1, 10, 53370652131201418100, 53370652131201418100, 1, '0x0fa9077350FC3Ee6924743e1AD9b735c657C455E', 1, -67210, 30832), (-9442, 68746, 1676794969, 1, 10, 52193733886623065000, 47905097376849402000, 0, '0x05d6edC4ff8ef40321aBCf7886Bc606ed13327b0', 1, -9349, 68693), (-5645, 60493, 1676794969, 1, 10, 49648966479327931000, 40251121015160611000, 1, '0x77B770ceB4b2537e52f4534Bb39e43754eB5B7e5', 1, -6225, 62583), (43185, -42090, 1676793029, 2, 10, 54015769671939045500, 3415178571428571000, 0, '0xc72B1b70e69D270544369132d53529e37Be87742', 0, 43235, -41791), (-66307, 30351, 1676794969, 1, 10, 56144282795570109700, 56144282795570109700, 1, '0x3662FA93E6C3bcB04B95e5dD7B1266AD9e8A9965', 1, -66307, 30351), (-10150, 64919, 1676794969, 1, 10, 53019971728550711000, 43561283694404384500, 1, '0x036D6B4DA0b4Eeb9d312E958c2937D9016765F50', 1, -10296, 65769), (-32420, -110248, 1676793262, 2, 10, 46590466300053795000, 17204462052301800000, 0, '0x77B770ceB4b2537e52f4534Bb39e43754eB5B7e5', 0, -30502, -105273), (-63684, 28290, 1676794969, 1, 10, 49240295815198408000, 44670880027580123000, 1, '0xc8529dE5603FF9D6FE9A77d43c27D3e7085B4E43', 1, -63795, 28074), (44604, -42606, 1676793300, 2, 10, 50446506206585461300, 2561383928571428400, 0, '0xc72B1b70e69D270544369132d53529e37Be87742', 0, 45967, -42153), (-7093, 67939, 1676794969, 1, 10, 55851098521653284200, 49331239628927302200, 1, '0x633462025cF12D347C0dF50B2114E65aa364f0a6', 1, -7053, 68807), (45772, -41684, 1676793510, 2, 10, 38928544490703406000, 1921037946428571600, 0, '0xc72B1b70e69D270544369132d53529e37Be87742', 0, 46376, -42206), (-8353, 67488, 1676794969, 1, 10, 47712597364086534900, 38504728557868923900, 1, '0x3662FA93E6C3bcB04B95e5dD7B1266AD9e8A9965', 1, -8308, 67448), (-65040, 30190, 1676794969, 1, 10, 49105657812321847200, 45579275478804057900, 1, '0xA4b1B07974bF67f04EC51bEcABF4aD62106B1Dd0', 1, -65147, 30274), (-65730, 30403, 1676794969, 1, 10, 45522348387704252900, 45522348387704252900, 0, '0x0fa9077350FC3Ee6924743e1AD9b735c657C455E', 1, -65730, 30403), (44910, -42214, 1676794022, 2, 10, 45357567859261598500, 1440778459821428600, 0, '0xc72B1b70e69D270544369132d53529e37Be87742', 0, 46084, -42343), (46653, -43446, 1676794224, 2, 10, 46801031283344447700, 1440778459821428400, 0, '0xc72B1b70e69D270544369132d53529e37Be87742', 0, 46071, -43504), (-66515, 32317, 1676794969, 1, 10, 45779230770597138400, 35141543251792404100, 1, '0x3662FA93E6C3bcB04B95e5dD7B1266AD9e8A9965', 1, -65940, 32246), (-9929, 68183, 1676794969, 1, 10, 49113164638542216900, 49113164638542216900, 1, '0x77B770ceB4b2537e52f4534Bb39e43754eB5B7e5', 1, -9929, 68183), (-1161, -77377, 1676794969, 1, 10, 49198149075773682200, 30308960734001953300, 0, '0xBa1CD5ded4B25dF273d435c969a01dc0B577c95c', 0, -6074, -79045), (-53587, 21899, 1676794515, 3, 1, 2174749802329934300, 2174749802329934300, 1, '0x036D6B4DA0b4Eeb9d312E958c2937D9016765F50', 1, -53587, 21899), (46629, -42929, 1676794747, 0, 7, 30383674508612856400, 720389229910714300, 0, '0xc72B1b70e69D270544369132d53529e37Be87742', 0, 43800, -42251), (-65313, 31780, 1676794781, 0, 6, 33302973537431131400, 33302973537431131400, 1, '0xA4b1B07974bF67f04EC51bEcABF4aD62106B1Dd0', 1, -65313, 31780), (-6470, 69266, 1676794804, 0, 7, 37161928911426791800, 37161928911426791800, 1, '0xa79160bC038C07678C145f1B5220be15bAdB13d7', 1, -6470, 69266), (2416, -75598, 1676794839, 0, 4, 18794119221117741400, 720389229910714400, 0, '0xc72B1b70e69D270544369132d53529e37Be87742', 0, 7952, -74852)]
8 2951.922 [[-0.08048200050096435, 0.6295372924618768], [-0.14004676041617284, -0.7682818373220397], [-0.6171161105289689, 0.28985952474492416]] [(-58853, 34885, 1676794989, 1, 10, 50000000000000000000, 35000000000000000000, 1, '0x5c5f829C4c3E8C4AB97390cb053a456616c27Ea3', 0, -60987, 35376), (-61970, 29047, 1676794989, 1, 10, 47857142857142858000, 28571428571428572000, 1, '0x26CbcaC5281B6E159bc3e6C7400AF25fA46F246B', 1, -65533, 28514), (-66168, 29214, 1676794989, 1, 10, 48705357142857144000, 44151785714285715000, 1, '0xA4b1B07974bF67f04EC51bEcABF4aD62106B1Dd0', 1, -66154, 29294), (45490, -41768, 1676792189, 2, 10, 47395833333333332500, 5000000000000000000, 0, '0xc72B1b70e69D270544369132d53529e37Be87742', 0, 45512, -42787), (-6413, 64099, 1676794989, 1, 10, 48737599206349205000, 48737599206349205000, 1, '0x633462025cF12D347C0dF50B2114E65aa364f0a6', 0, -6413, 64099), (-65286, 30894, 1676794989, 1, 10, 49073454034391536000, 49073454034391536000, 1, '0x26CbcaC5281B6E159bc3e6C7400AF25fA46F246B', 1, -65286, 30894), (-38720, 54983, 1676792351, 2, 10, 49064980158730157500, 5662202380952381000, 0, '0x0fa9077350FC3Ee6924743e1AD9b735c657C455E', 0, -39006, 54962), (45647, -40318, 1676792489, 2, 10, 51381683798133452000, 4553571428571429000, 0, '0xc72B1b70e69D270544369132d53529e37Be87742', 0, 44702, -41234), (-10667, 69593, 1676794989, 1, 10, 52967923280423279000, 47684151785714285000, 1, '0xa79160bC038C07678C145f1B5220be15bAdB13d7', 1, -10613, 69546), (-9168, 64558, 1676794989, 1, 10, 49436705430629041900, 44006162505511463900, 1, '0x036D6B4DA0b4Eeb9d312E958c2937D9016765F50', 1, -9016, 64038), (-67210, 30832, 1676794989, 1, 10, 53370652131201418100, 53370652131201418100, 1, '0x0fa9077350FC3Ee6924743e1AD9b735c657C455E', 1, -67210, 30832), (-9442, 68746, 1676794989, 1, 10, 52193733886623065000, 47905097376849402000, 0, '0x05d6edC4ff8ef40321aBCf7886Bc606ed13327b0', 1, -9349, 68693), (-5645, 60493, 1676794989, 1, 10, 49648966479327931000, 40251121015160611000, 1, '0x77B770ceB4b2537e52f4534Bb39e43754eB5B7e5', 1, -6225, 62583), (43185, -42090, 1676793029, 2, 10, 54015769671939045500, 3415178571428571000, 0, '0xc72B1b70e69D270544369132d53529e37Be87742', 0, 43235, -41791), (-66307, 30351, 1676794989, 1, 10, 56144282795570109700, 56144282795570109700, 1, '0x3662FA93E6C3bcB04B95e5dD7B1266AD9e8A9965', 1, -66307, 30351), (-10150, 64919, 1676794989, 1, 10, 53019971728550711000, 43561283694404384500, 1, '0x036D6B4DA0b4Eeb9d312E958c2937D9016765F50', 1, -10296, 65769), (-32420, -110248, 1676793262, 2, 10, 46590466300053795000, 17204462052301800000, 0, '0x77B770ceB4b2537e52f4534Bb39e43754eB5B7e5', 0, -30502, -105273), (-63684, 28290, 1676794989, 1, 10, 49240295815198408000, 44670880027580123000, 1, '0xc8529dE5603FF9D6FE9A77d43c27D3e7085B4E43', 1, -63795, 28074), (44604, -42606, 1676793300, 2, 10, 50446506206585461300, 2561383928571428400, 0, '0xc72B1b70e69D270544369132d53529e37Be87742', 0, 45967, -42153), (-7093, 67939, 1676794989, 1, 10, 55851098521653284200, 49331239628927302200, 1, '0x633462025cF12D347C0dF50B2114E65aa364f0a6', 1, -7053, 68807), (45772, -41684, 1676793510, 2, 10, 38928544490703406000, 1921037946428571600, 0, '0xc72B1b70e69D270544369132d53529e37Be87742', 0, 46376, -42206), (-8353, 67488, 1676794989, 1, 10, 47712597364086534900, 38504728557868923900, 1, '0x3662FA93E6C3bcB04B95e5dD7B1266AD9e8A9965', 1, -8308, 67448), (-65040, 30190, 1676794989, 1, 10, 49105657812321847200, 45579275478804057900, 1, '0xA4b1B07974bF67f04EC51bEcABF4aD62106B1Dd0', 1, -65147, 30274), (-65730, 30403, 1676794989, 1, 10, 45522348387704252900, 45522348387704252900, 0, '0x0fa9077350FC3Ee6924743e1AD9b735c657C455E', 1, -65730, 30403), (44910, -42214, 1676794022, 2, 10, 45357567859261598500, 1440778459821428600, 0, '0xc72B1b70e69D270544369132d53529e37Be87742', 0, 46084, -42343), (46653, -43446, 1676794224, 2, 10, 46801031283344447700, 1440778459821428400, 0, '0xc72B1b70e69D270544369132d53529e37Be87742', 0, 46071, -43504), (-66515, 32317, 1676794989, 1, 10, 45779230770597138400, 35141543251792404100, 1, '0x3662FA93E6C3bcB04B95e5dD7B1266AD9e8A9965', 1, -65940, 32246), (-9929, 68183, 1676794989, 1, 10, 49113164638542216900, 49113164638542216900, 1, '0x77B770ceB4b2537e52f4534Bb39e43754eB5B7e5', 1, -9929, 68183), (-1161, -77377, 1676794989, 1, 10, 49198149075773682200, 30308960734001953300, 0, '0xBa1CD5ded4B25dF273d435c969a01dc0B577c95c', 0, -6074, -79045), (-53587, 21899, 1676794515, 3, 1, 2174749802329934300, 2174749802329934300, 1, '0x036D6B4DA0b4Eeb9d312E958c2937D9016765F50', 1, -53587, 21899), (46629, -42929, 1676794747, 0, 7, 30383674508612856400, 720389229910714300, 0, '0xc72B1b70e69D270544369132d53529e37Be87742', 0, 43800, -42251), (-65313, 31780, 1676794781, 0, 6, 33302973537431131400, 33302973537431131400, 1, '0xA4b1B07974bF67f04EC51bEcABF4aD62106B1Dd0', 1, -65313, 31780), (-6470, 69266, 1676794804, 0, 7, 37161928911426791800, 37161928911426791800, 1, '0xa79160bC038C07678C145f1B5220be15bAdB13d7', 1, -6470, 69266), (-1884, -74229, 1676794839, 0, 4, 18794119221117741400, 720389229910714400, 0, '0xc72B1b70e69D270544369132d53529e37Be87742', 0, -10150, -71395)]
8 2982.058 [[-0.08048200050096435, 0.6295372924618768], [-0.14004676041617284, -0.7682818373220397], [-0.6171161105289689, 0.28985952474492416]] [(-58853, 34885, 1676795026, 1, 10, 50000000000000000000, 35000000000000000000, 1, '0x5c5f829C4c3E8C4AB97390cb053a456616c27Ea3', 0, -60987, 35376), (-61970, 29047, 1676795026, 1, 10, 47857142857142858000, 28571428571428572000, 1, '0x26CbcaC5281B6E159bc3e6C7400AF25fA46F246B', 1, -65533, 28514), (-66168, 29214, 1676795026, 1, 10, 48705357142857144000, 44151785714285715000, 1, '0xA4b1B07974bF67f04EC51bEcABF4aD62106B1Dd0', 1, -66154, 29294), (45490, -41768, 1676792189, 2, 10, 47395833333333332500, 5000000000000000000, 0, '0xc72B1b70e69D270544369132d53529e37Be87742', 0, 45512, -42787), (-6413, 64099, 1676795026, 1, 10, 48737599206349205000, 48737599206349205000, 1, '0x633462025cF12D347C0dF50B2114E65aa364f0a6', 0, -6413, 64099), (-65286, 30894, 1676795026, 1, 10, 49073454034391536000, 49073454034391536000, 1, '0x26CbcaC5281B6E159bc3e6C7400AF25fA46F246B', 1, -65286, 30894), (-38720, 54983, 1676792351, 2, 10, 49064980158730157500, 5662202380952381000, 0, '0x0fa9077350FC3Ee6924743e1AD9b735c657C455E', 0, -39006, 54962), (45647, -40318, 1676792489, 2, 10, 51381683798133452000, 4553571428571429000, 0, '0xc72B1b70e69D270544369132d53529e37Be87742', 0, 44702, -41234), (-10667, 69593, 1676795026, 1, 10, 52967923280423279000, 47684151785714285000, 1, '0xa79160bC038C07678C145f1B5220be15bAdB13d7', 1, -10613, 69546), (-9168, 64558, 1676795026, 1, 10, 49436705430629041900, 44006162505511463900, 1, '0x036D6B4DA0b4Eeb9d312E958c2937D9016765F50', 1, -9016, 64038), (-67210, 30832, 1676795026, 1, 10, 53370652131201418100, 53370652131201418100, 1, '0x0fa9077350FC3Ee6924743e1AD9b735c657C455E', 1, -67210, 30832), (-9442, 68746, 1676795026, 1, 10, 52193733886623065000, 47905097376849402000, 0, '0x05d6edC4ff8ef40321aBCf7886Bc606ed13327b0', 1, -9349, 68693), (-5645, 60493, 1676795026, 1, 10, 49648966479327931000, 40251121015160611000, 1, '0x77B770ceB4b2537e52f4534Bb39e43754eB5B7e5', 1, -6225, 62583), (43185, -42090, 1676793029, 2, 10, 54015769671939045500, 3415178571428571000, 0, '0xc72B1b70e69D270544369132d53529e37Be87742', 0, 43235, -41791), (-66307, 30351, 1676795026, 1, 10, 56144282795570109700, 56144282795570109700, 1, '0x3662FA93E6C3bcB04B95e5dD7B1266AD9e8A9965', 1, -66307, 30351), (-10150, 64919, 1676795026, 1, 10, 53019971728550711000, 43561283694404384500, 1, '0x036D6B4DA0b4Eeb9d312E958c2937D9016765F50', 1, -10296, 65769), (-32420, -110248, 1676793262, 2, 10, 46590466300053795000, 17204462052301800000, 0, '0x77B770ceB4b2537e52f4534Bb39e43754eB5B7e5', 0, -30502, -105273), (-63684, 28290, 1676795026, 1, 10, 49240295815198408000, 44670880027580123000, 1, '0xc8529dE5603FF9D6FE9A77d43c27D3e7085B4E43', 1, -63795, 28074), (44604, -42606, 1676793300, 2, 10, 50446506206585461300, 2561383928571428400, 0, '0xc72B1b70e69D270544369132d53529e37Be87742', 0, 45967, -42153), (-7093, 67939, 1676795026, 1, 10, 55851098521653284200, 49331239628927302200, 1, '0x633462025cF12D347C0dF50B2114E65aa364f0a6', 1, -7053, 68807), (45772, -41684, 1676793510, 2, 10, 38928544490703406000, 1921037946428571600, 0, '0xc72B1b70e69D270544369132d53529e37Be87742', 0, 46376, -42206), (-8353, 67488, 1676795026, 1, 10, 47712597364086534900, 38504728557868923900, 1, '0x3662FA93E6C3bcB04B95e5dD7B1266AD9e8A9965', 1, -8308, 67448), (-65040, 30190, 1676795026, 1, 10, 49105657812321847200, 45579275478804057900, 1, '0xA4b1B07974bF67f04EC51bEcABF4aD62106B1Dd0', 1, -65147, 30274), (-65730, 30403, 1676795026, 1, 10, 45522348387704252900, 45522348387704252900, 0, '0x0fa9077350FC3Ee6924743e1AD9b735c657C455E', 1, -65730, 30403), (44910, -42214, 1676794022, 2, 10, 45357567859261598500, 1440778459821428600, 0, '0xc72B1b70e69D270544369132d53529e37Be87742', 0, 46084, -42343), (46653, -43446, 1676794224, 2, 10, 46801031283344447700, 1440778459821428400, 0, '0xc72B1b70e69D270544369132d53529e37Be87742', 0, 46071, -43504), (-66515, 32317, 1676795026, 1, 10, 45779230770597138400, 35141543251792404100, 1, '0x3662FA93E6C3bcB04B95e5dD7B1266AD9e8A9965', 1, -65940, 32246), (-9929, 68183, 1676795026, 1, 10, 49113164638542216900, 49113164638542216900, 1, '0x77B770ceB4b2537e52f4534Bb39e43754eB5B7e5', 1, -9929, 68183), (-1161, -77377, 1676795026, 1, 10, 49198149075773682200, 30308960734001953300, 0, '0xBa1CD5ded4B25dF273d435c969a01dc0B577c95c', 0, -6074, -79045), (-53587, 21899, 1676794515, 3, 1, 2174749802329934300, 2174749802329934300, 1, '0x036D6B4DA0b4Eeb9d312E958c2937D9016765F50', 1, -53587, 21899), (46278, -43123, 1676794747, 0, 8, 38003104737135772400, 720389229910714300, 0, '0xc72B1b70e69D270544369132d53529e37Be87742', 0, 43800, -42251), (-65477, 31433, 1676794781, 0, 8, 41986482818450447700, 41986482818450447700, 1, '0xA4b1B07974bF67f04EC51bEcABF4aD62106B1Dd0', 1, -65477, 31433), (-6470, 69266, 1676794804, 0, 7, 37161928911426791800, 37161928911426791800, 1, '0xa79160bC038C07678C145f1B5220be15bAdB13d7', 1, -6470, 69266), (-1884, -74229, 1676794839, 0, 4, 18794119221117741400, 720389229910714400, 0, '0xc72B1b70e69D270544369132d53529e37Be87742', 0, -10150, -71395)]
8 3012.123 [[-0.08048200050096435, 0.6295372924618768], [-0.14004676041617284, -0.7682818373220397], [-0.6171161105289689, 0.28985952474492416]] [(-58853, 34885, 1676795056, 1, 10, 50000000000000000000, 35000000000000000000, 1, '0x5c5f829C4c3E8C4AB97390cb053a456616c27Ea3', 0, -60987, 35376), (-61970, 29047, 1676795056, 1, 10, 47857142857142858000, 28571428571428572000, 1, '0x26CbcaC5281B6E159bc3e6C7400AF25fA46F246B', 1, -65533, 28514), (-66168, 29214, 1676795056, 1, 10, 48705357142857144000, 44151785714285715000, 1, '0xA4b1B07974bF67f04EC51bEcABF4aD62106B1Dd0', 1, -66154, 29294), (45490, -41768, 1676792189, 2, 10, 47395833333333332500, 5000000000000000000, 0, '0xc72B1b70e69D270544369132d53529e37Be87742', 0, 45512, -42787), (-6413, 64099, 1676795056, 1, 10, 48737599206349205000, 48737599206349205000, 1, '0x633462025cF12D347C0dF50B2114E65aa364f0a6', 0, -6413, 64099), (-65286, 30894, 1676795056, 1, 10, 49073454034391536000, 49073454034391536000, 1, '0x26CbcaC5281B6E159bc3e6C7400AF25fA46F246B', 1, -65286, 30894), (-38720, 54983, 1676792351, 2, 10, 49064980158730157500, 5662202380952381000, 0, '0x0fa9077350FC3Ee6924743e1AD9b735c657C455E', 0, -39006, 54962), (45647, -40318, 1676792489, 2, 10, 51381683798133452000, 4553571428571429000, 0, '0xc72B1b70e69D270544369132d53529e37Be87742', 0, 44702, -41234), (-10667, 69593, 1676795056, 1, 10, 52967923280423279000, 47684151785714285000, 1, '0xa79160bC038C07678C145f1B5220be15bAdB13d7', 1, -10613, 69546), (-9168, 64558, 1676795056, 1, 10, 49436705430629041900, 44006162505511463900, 1, '0x036D6B4DA0b4Eeb9d312E958c2937D9016765F50', 1, -9016, 64038), (-67210, 30832, 1676795056, 1, 10, 53370652131201418100, 53370652131201418100, 1, '0x0fa9077350FC3Ee6924743e1AD9b735c657C455E', 1, -67210, 30832), (-9442, 68746, 1676795056, 1, 10, 52193733886623065000, 47905097376849402000, 0, '0x05d6edC4ff8ef40321aBCf7886Bc606ed13327b0', 1, -9349, 68693), (-5645, 60493, 1676795056, 1, 10, 49648966479327931000, 40251121015160611000, 1, '0x77B770ceB4b2537e52f4534Bb39e43754eB5B7e5', 1, -6225, 62583), (43185, -42090, 1676793029, 2, 10, 54015769671939045500, 3415178571428571000, 0, '0xc72B1b70e69D270544369132d53529e37Be87742', 0, 43235, -41791), (-66307, 30351, 1676795056, 1, 10, 56144282795570109700, 56144282795570109700, 1, '0x3662FA93E6C3bcB04B95e5dD7B1266AD9e8A9965', 1, -66307, 30351), (-10150, 64919, 1676795056, 1, 10, 53019971728550711000, 43561283694404384500, 1, '0x036D6B4DA0b4Eeb9d312E958c2937D9016765F50', 1, -10296, 65769), (-32420, -110248, 1676793262, 2, 10, 46590466300053795000, 17204462052301800000, 0, '0x77B770ceB4b2537e52f4534Bb39e43754eB5B7e5', 0, -30502, -105273), (-63684, 28290, 1676795056, 1, 10, 49240295815198408000, 44670880027580123000, 1, '0xc8529dE5603FF9D6FE9A77d43c27D3e7085B4E43', 1, -63795, 28074), (44604, -42606, 1676793300, 2, 10, 50446506206585461300, 2561383928571428400, 0, '0xc72B1b70e69D270544369132d53529e37Be87742', 0, 45967, -42153), (-7093, 67939, 1676795056, 1, 10, 55851098521653284200, 49331239628927302200, 1, '0x633462025cF12D347C0dF50B2114E65aa364f0a6', 1, -7053, 68807), (45772, -41684, 1676793510, 2, 10, 38928544490703406000, 1921037946428571600, 0, '0xc72B1b70e69D270544369132d53529e37Be87742', 0, 46376, -42206), (-8353, 67488, 1676795056, 1, 10, 47712597364086534900, 38504728557868923900, 1, '0x3662FA93E6C3bcB04B95e5dD7B1266AD9e8A9965', 1, -8308, 67448), (-65040, 30190, 1676795056, 1, 10, 49105657812321847200, 45579275478804057900, 1, '0xA4b1B07974bF67f04EC51bEcABF4aD62106B1Dd0', 1, -65147, 30274), (-65730, 30403, 1676795056, 1, 10, 45522348387704252900, 45522348387704252900, 0, '0x0fa9077350FC3Ee6924743e1AD9b735c657C455E', 1, -65730, 30403), (44910, -42214, 1676794022, 2, 10, 45357567859261598500, 1440778459821428600, 0, '0xc72B1b70e69D270544369132d53529e37Be87742', 0, 46084, -42343), (46653, -43446, 1676794224, 2, 10, 46801031283344447700, 1440778459821428400, 0, '0xc72B1b70e69D270544369132d53529e37Be87742', 0, 46071, -43504), (-66515, 32317, 1676795056, 1, 10, 45779230770597138400, 35141543251792404100, 1, '0x3662FA93E6C3bcB04B95e5dD7B1266AD9e8A9965', 1, -65940, 32246), (-9929, 68183, 1676795056, 1, 10, 49113164638542216900, 49113164638542216900, 1, '0x77B770ceB4b2537e52f4534Bb39e43754eB5B7e5', 1, -9929, 68183), (-1161, -77377, 1676795056, 1, 10, 49198149075773682200, 30308960734001953300, 0, '0xBa1CD5ded4B25dF273d435c969a01dc0B577c95c', 0, -6074, -79045), (-53587, 21899, 1676794515, 3, 1, 2174749802329934300, 2174749802329934300, 1, '0x036D6B4DA0b4Eeb9d312E958c2937D9016765F50', 1, -53587, 21899), (46345, -43104, 1676794747, 0, 9, 41055717067120105000, 720389229910714300, 0, '0xc72B1b70e69D270544369132d53529e37Be87742', 0, 43800, -42251), (-65477, 31433, 1676794781, 0, 8, 41986482818450447700, 41986482818450447700, 1, '0xA4b1B07974bF67f04EC51bEcABF4aD62106B1Dd0', 1, -65477, 31433), (-6607, 67852, 1676794804, 0, 8, 41696036565982662800, 41696036565982662800, 1, '0xa79160bC038C07678C145f1B5220be15bAdB13d7', 1, -6607, 67852), (-2411, -74776, 1676794839, 0, 5, 19659045676677021100, 1585315685469994100, 0, '0xc72B1b70e69D270544369132d53529e37Be87742', 0, -12181, -79734), (-20944, 84108, 1676795048, 3, 1, 1904857557130728500, 1904857557130728500, 0, '0xBa1CD5ded4B25dF273d435c969a01dc0B577c95c', 0, -20944, 84108)]
8 3042.214 [[-0.08048200050096435, 0.6295372924618768], [-0.14004676041617284, -0.7682818373220397], [-0.6171161105289689, 0.28985952474492416]] [(-58853, 34885, 1676795088, 1, 10, 50000000000000000000, 35000000000000000000, 1, '0x5c5f829C4c3E8C4AB97390cb053a456616c27Ea3', 0, -60987, 35376), (-61970, 29047, 1676795088, 1, 10, 47857142857142858000, 28571428571428572000, 1, '0x26CbcaC5281B6E159bc3e6C7400AF25fA46F246B', 1, -65533, 28514), (-66168, 29214, 1676795088, 1, 10, 48705357142857144000, 44151785714285715000, 1, '0xA4b1B07974bF67f04EC51bEcABF4aD62106B1Dd0', 1, -66154, 29294), (45490, -41768, 1676792189, 2, 10, 47395833333333332500, 5000000000000000000, 0, '0xc72B1b70e69D270544369132d53529e37Be87742', 0, 45512, -42787), (-6413, 64099, 1676795088, 1, 10, 48737599206349205000, 48737599206349205000, 1, '0x633462025cF12D347C0dF50B2114E65aa364f0a6', 0, -6413, 64099), (-65286, 30894, 1676795088, 1, 10, 49073454034391536000, 49073454034391536000, 1, '0x26CbcaC5281B6E159bc3e6C7400AF25fA46F246B', 1, -65286, 30894), (-38720, 54983, 1676792351, 2, 10, 49064980158730157500, 5662202380952381000, 0, '0x0fa9077350FC3Ee6924743e1AD9b735c657C455E', 0, -39006, 54962), (45647, -40318, 1676792489, 2, 10, 51381683798133452000, 4553571428571429000, 0, '0xc72B1b70e69D270544369132d53529e37Be87742', 0, 44702, -41234), (-10667, 69593, 1676795088, 1, 10, 52967923280423279000, 47684151785714285000, 1, '0xa79160bC038C07678C145f1B5220be15bAdB13d7', 1, -10613, 69546), (-9168, 64558, 1676795088, 1, 10, 49436705430629041900, 44006162505511463900, 1, '0x036D6B4DA0b4Eeb9d312E958c2937D9016765F50', 1, -9016, 64038), (-67210, 30832, 1676795088, 1, 10, 53370652131201418100, 53370652131201418100, 1, '0x0fa9077350FC3Ee6924743e1AD9b735c657C455E', 1, -67210, 30832), (-9442, 68746, 1676795088, 1, 10, 52193733886623065000, 47905097376849402000, 0, '0x05d6edC4ff8ef40321aBCf7886Bc606ed13327b0', 1, -9349, 68693), (-5645, 60493, 1676795088, 1, 10, 49648966479327931000, 40251121015160611000, 1, '0x77B770ceB4b2537e52f4534Bb39e43754eB5B7e5', 1, -6225, 62583), (43185, -42090, 1676793029, 2, 10, 54015769671939045500, 3415178571428571000, 0, '0xc72B1b70e69D270544369132d53529e37Be87742', 0, 43235, -41791), (-66307, 30351, 1676795088, 1, 10, 56144282795570109700, 56144282795570109700, 1, '0x3662FA93E6C3bcB04B95e5dD7B1266AD9e8A9965', 1, -66307, 30351), (-10150, 64919, 1676795088, 1, 10, 53019971728550711000, 43561283694404384500, 1, '0x036D6B4DA0b4Eeb9d312E958c2937D9016765F50', 1, -10296, 65769), (-32420, -110248, 1676793262, 2, 10, 46590466300053795000, 17204462052301800000, 0, '0x77B770ceB4b2537e52f4534Bb39e43754eB5B7e5', 0, -30502, -105273), (-63684, 28290, 1676795088, 1, 10, 49240295815198408000, 44670880027580123000, 1, '0xc8529dE5603FF9D6FE9A77d43c27D3e7085B4E43', 1, -63795, 28074), (44604, -42606, 1676793300, 2, 10, 50446506206585461300, 2561383928571428400, 0, '0xc72B1b70e69D270544369132d53529e37Be87742', 0, 45967, -42153), (-7093, 67939, 1676795088, 1, 10, 55851098521653284200, 49331239628927302200, 1, '0x633462025cF12D347C0dF50B2114E65aa364f0a6', 1, -7053, 68807), (45772, -41684, 1676793510, 2, 10, 38928544490703406000, 1921037946428571600, 0, '0xc72B1b70e69D270544369132d53529e37Be87742', 0, 46376, -42206), (-8353, 67488, 1676795088, 1, 10, 47712597364086534900, 38504728557868923900, 1, '0x3662FA93E6C3bcB04B95e5dD7B1266AD9e8A9965', 1, -8308, 67448), (-65040, 30190, 1676795088, 1, 10, 49105657812321847200, 45579275478804057900, 1, '0xA4b1B07974bF67f04EC51bEcABF4aD62106B1Dd0', 1, -65147, 30274), (-65730, 30403, 1676795088, 1, 10, 45522348387704252900, 45522348387704252900, 0, '0x0fa9077350FC3Ee6924743e1AD9b735c657C455E', 1, -65730, 30403), (44910, -42214, 1676794022, 2, 10, 45357567859261598500, 1440778459821428600, 0, '0xc72B1b70e69D270544369132d53529e37Be87742', 0, 46084, -42343), (46653, -43446, 1676794224, 2, 10, 46801031283344447700, 1440778459821428400, 0, '0xc72B1b70e69D270544369132d53529e37Be87742', 0, 46071, -43504), (-66515, 32317, 1676795088, 1, 10, 45779230770597138400, 35141543251792404100, 1, '0x3662FA93E6C3bcB04B95e5dD7B1266AD9e8A9965', 1, -65940, 32246), (-9929, 68183, 1676795088, 1, 10, 49113164638542216900, 49113164638542216900, 1, '0x77B770ceB4b2537e52f4534Bb39e43754eB5B7e5', 1, -9929, 68183), (-1161, -77377, 1676795088, 1, 10, 49198149075773682200, 30308960734001953300, 0, '0xBa1CD5ded4B25dF273d435c969a01dc0B577c95c', 0, -6074, -79045), (-53587, 21899, 1676794515, 3, 1, 2174749802329934300, 2174749802329934300, 1, '0x036D6B4DA0b4Eeb9d312E958c2937D9016765F50', 1, -53587, 21899), (46345, -43104, 1676794747, 0, 9, 41055717067120105000, 720389229910714300, 0, '0xc72B1b70e69D270544369132d53529e37Be87742', 0, 43800, -42251), (-64989, 31366, 1676794781, 0, 9, 44602026211170413300, 44602026211170413300, 1, '0xA4b1B07974bF67f04EC51bEcABF4aD62106B1Dd0', 1, -64989, 31366), (-6739, 67706, 1676794804, 0, 9, 46015927410639392300, 46015927410639392300, 1, '0xa79160bC038C07678C145f1B5220be15bAdB13d7', 1, -6739, 67706), (-2411, -74776, 1676794839, 0, 5, 19659045676677021100, 1585315685469994100, 0, '0xc72B1b70e69D270544369132d53529e37Be87742', 0, -12181, -79734), (-20944, 84108, 1676795048, 3, 1, 1904857557130728500, 1904857557130728500, 0, '0xBa1CD5ded4B25dF273d435c969a01dc0B577c95c', 0, -20944, 84108)]
8 3072.489 [[-0.08048200050096435, 0.6295372924618768], [-0.14004676041617284, -0.7682818373220397], [-0.6171161105289689, 0.28985952474492416]] [(-58853, 34885, 1676795114, 1, 10, 50000000000000000000, 35000000000000000000, 1, '0x5c5f829C4c3E8C4AB97390cb053a456616c27Ea3', 0, -60987, 35376), (-61970, 29047, 1676795114, 1, 10, 47857142857142858000, 28571428571428572000, 1, '0x26CbcaC5281B6E159bc3e6C7400AF25fA46F246B', 1, -65533, 28514), (-66168, 29214, 1676795114, 1, 10, 48705357142857144000, 44151785714285715000, 1, '0xA4b1B07974bF67f04EC51bEcABF4aD62106B1Dd0', 1, -66154, 29294), (45490, -41768, 1676792189, 2, 10, 47395833333333332500, 5000000000000000000, 0, '0xc72B1b70e69D270544369132d53529e37Be87742', 0, 45512, -42787), (-6413, 64099, 1676795114, 1, 10, 48737599206349205000, 48737599206349205000, 1, '0x633462025cF12D347C0dF50B2114E65aa364f0a6', 0, -6413, 64099), (-65286, 30894, 1676795114, 1, 10, 49073454034391536000, 49073454034391536000, 1, '0x26CbcaC5281B6E159bc3e6C7400AF25fA46F246B', 1, -65286, 30894), (-38720, 54983, 1676792351, 2, 10, 49064980158730157500, 5662202380952381000, 0, '0x0fa9077350FC3Ee6924743e1AD9b735c657C455E', 0, -39006, 54962), (45647, -40318, 1676792489, 2, 10, 51381683798133452000, 4553571428571429000, 0, '0xc72B1b70e69D270544369132d53529e37Be87742', 0, 44702, -41234), (-10667, 69593, 1676795114, 1, 10, 52967923280423279000, 47684151785714285000, 1, '0xa79160bC038C07678C145f1B5220be15bAdB13d7', 1, -10613, 69546), (-9168, 64558, 1676795114, 1, 10, 49436705430629041900, 44006162505511463900, 1, '0x036D6B4DA0b4Eeb9d312E958c2937D9016765F50', 1, -9016, 64038), (-67210, 30832, 1676795114, 1, 10, 53370652131201418100, 53370652131201418100, 1, '0x0fa9077350FC3Ee6924743e1AD9b735c657C455E', 1, -67210, 30832), (-9442, 68746, 1676795114, 1, 10, 52193733886623065000, 47905097376849402000, 0, '0x05d6edC4ff8ef40321aBCf7886Bc606ed13327b0', 1, -9349, 68693), (-5645, 60493, 1676795114, 1, 10, 49648966479327931000, 40251121015160611000, 1, '0x77B770ceB4b2537e52f4534Bb39e43754eB5B7e5', 1, -6225, 62583), (43185, -42090, 1676793029, 2, 10, 54015769671939045500, 3415178571428571000, 0, '0xc72B1b70e69D270544369132d53529e37Be87742', 0, 43235, -41791), (-66307, 30351, 1676795114, 1, 10, 56144282795570109700, 56144282795570109700, 1, '0x3662FA93E6C3bcB04B95e5dD7B1266AD9e8A9965', 1, -66307, 30351), (-10150, 64919, 1676795114, 1, 10, 53019971728550711000, 43561283694404384500, 1, '0x036D6B4DA0b4Eeb9d312E958c2937D9016765F50', 1, -10296, 65769), (-32420, -110248, 1676793262, 2, 10, 46590466300053795000, 17204462052301800000, 0, '0x77B770ceB4b2537e52f4534Bb39e43754eB5B7e5', 0, -30502, -105273), (-63684, 28290, 1676795114, 1, 10, 49240295815198408000, 44670880027580123000, 1, '0xc8529dE5603FF9D6FE9A77d43c27D3e7085B4E43', 1, -63795, 28074), (44604, -42606, 1676793300, 2, 10, 50446506206585461300, 2561383928571428400, 0, '0xc72B1b70e69D270544369132d53529e37Be87742', 0, 45967, -42153), (-7093, 67939, 1676795114, 1, 10, 55851098521653284200, 49331239628927302200, 1, '0x633462025cF12D347C0dF50B2114E65aa364f0a6', 1, -7053, 68807), (45772, -41684, 1676793510, 2, 10, 38928544490703406000, 1921037946428571600, 0, '0xc72B1b70e69D270544369132d53529e37Be87742', 0, 46376, -42206), (-8353, 67488, 1676795114, 1, 10, 47712597364086534900, 38504728557868923900, 1, '0x3662FA93E6C3bcB04B95e5dD7B1266AD9e8A9965', 1, -8308, 67448), (-65040, 30190, 1676795114, 1, 10, 49105657812321847200, 45579275478804057900, 1, '0xA4b1B07974bF67f04EC51bEcABF4aD62106B1Dd0', 1, -65147, 30274), (-65730, 30403, 1676795114, 1, 10, 45522348387704252900, 45522348387704252900, 0, '0x0fa9077350FC3Ee6924743e1AD9b735c657C455E', 1, -65730, 30403), (44910, -42214, 1676794022, 2, 10, 45357567859261598500, 1440778459821428600, 0, '0xc72B1b70e69D270544369132d53529e37Be87742', 0, 46084, -42343), (46653, -43446, 1676794224, 2, 10, 46801031283344447700, 1440778459821428400, 0, '0xc72B1b70e69D270544369132d53529e37Be87742', 0, 46071, -43504), (-66515, 32317, 1676795114, 1, 10, 45779230770597138400, 35141543251792404100, 1, '0x3662FA93E6C3bcB04B95e5dD7B1266AD9e8A9965', 1, -65940, 32246), (-9929, 68183, 1676795114, 1, 10, 49113164638542216900, 49113164638542216900, 1, '0x77B770ceB4b2537e52f4534Bb39e43754eB5B7e5', 1, -9929, 68183), (-1161, -77377, 1676795114, 1, 10, 49198149075773682200, 30308960734001953300, 0, '0xBa1CD5ded4B25dF273d435c969a01dc0B577c95c', 0, -6074, -79045), (-53587, 21899, 1676794515, 3, 1, 2174749802329934300, 2174749802329934300, 1, '0x036D6B4DA0b4Eeb9d312E958c2937D9016765F50', 1, -53587, 21899), (46345, -43104, 1676794747, 0, 9, 41055717067120105000, 720389229910714300, 0, '0xc72B1b70e69D270544369132d53529e37Be87742', 0, 43800, -42251), (-65103, 31044, 1676795114, 1, 10, 52803691027070259300, 52803691027070259300, 1, '0xA4b1B07974bF67f04EC51bEcABF4aD62106B1Dd0', 1, -65103, 31044), (-7133, 68237, 1676795114, 1, 10, 51353884931390702300, 51353884931390702300, 1, '0xa79160bC038C07678C145f1B5220be15bAdB13d7', 1, -7133, 68237), (-4549, -76091, 1676794839, 0, 6, 25844308312473950100, 7770578321266923100, 0, '0xc72B1b70e69D270544369132d53529e37Be87742', 0, -11577, -80283), (-20944, 84108, 1676795048, 3, 1, 1904857557130728500, 1904857557130728500, 0, '0xBa1CD5ded4B25dF273d435c969a01dc0B577c95c', 0, -20944, 84108), (-9627, 61275, 1676795114, 0, 1, 8666071676233106000, 8666071676233106000, 1, '0xd4aEDD30d11907e10B6353e59685BB7Efc14F55D', 1, -9627, 61275)]
8 3102.934 [[-0.08048200050096435, 0.6295372924618768], [-0.14004676041617284, -0.7682818373220397], [-0.6171161105289689, 0.28985952474492416]] [(-58853, 34885, 1676795150, 1, 10, 50000000000000000000, 35000000000000000000, 1, '0x5c5f829C4c3E8C4AB97390cb053a456616c27Ea3', 0, -60987, 35376), (-61970, 29047, 1676795150, 1, 10, 47857142857142858000, 28571428571428572000, 1, '0x26CbcaC5281B6E159bc3e6C7400AF25fA46F246B', 1, -65533, 28514), (-66168, 29214, 1676795150, 1, 10, 48705357142857144000, 44151785714285715000, 1, '0xA4b1B07974bF67f04EC51bEcABF4aD62106B1Dd0', 1, -66154, 29294), (45490, -41768, 1676792189, 2, 10, 47395833333333332500, 5000000000000000000, 0, '0xc72B1b70e69D270544369132d53529e37Be87742', 0, 45512, -42787), (-6413, 64099, 1676795150, 1, 10, 48737599206349205000, 48737599206349205000, 1, '0x633462025cF12D347C0dF50B2114E65aa364f0a6', 0, -6413, 64099), (-65286, 30894, 1676795150, 1, 10, 49073454034391536000, 49073454034391536000, 1, '0x26CbcaC5281B6E159bc3e6C7400AF25fA46F246B', 1, -65286, 30894), (-38720, 54983, 1676792351, 2, 10, 49064980158730157500, 5662202380952381000, 0, '0x0fa9077350FC3Ee6924743e1AD9b735c657C455E', 0, -39006, 54962), (45647, -40318, 1676792489, 2, 10, 51381683798133452000, 4553571428571429000, 0, '0xc72B1b70e69D270544369132d53529e37Be87742', 0, 44702, -41234), (-10667, 69593, 1676795150, 1, 10, 52967923280423279000, 47684151785714285000, 1, '0xa79160bC038C07678C145f1B5220be15bAdB13d7', 1, -10613, 69546), (-9168, 64558, 1676795150, 1, 10, 49436705430629041900, 44006162505511463900, 1, '0x036D6B4DA0b4Eeb9d312E958c2937D9016765F50', 1, -9016, 64038), (-67210, 30832, 1676795150, 1, 10, 53370652131201418100, 53370652131201418100, 1, '0x0fa9077350FC3Ee6924743e1AD9b735c657C455E', 1, -67210, 30832), (-9442, 68746, 1676795150, 1, 10, 52193733886623065000, 47905097376849402000, 0, '0x05d6edC4ff8ef40321aBCf7886Bc606ed13327b0', 1, -9349, 68693), (-5645, 60493, 1676795150, 1, 10, 49648966479327931000, 40251121015160611000, 1, '0x77B770ceB4b2537e52f4534Bb39e43754eB5B7e5', 1, -6225, 62583), (43185, -42090, 1676793029, 2, 10, 54015769671939045500, 3415178571428571000, 0, '0xc72B1b70e69D270544369132d53529e37Be87742', 0, 43235, -41791), (-66307, 30351, 1676795150, 1, 10, 56144282795570109700, 56144282795570109700, 1, '0x3662FA93E6C3bcB04B95e5dD7B1266AD9e8A9965', 1, -66307, 30351), (-10150, 64919, 1676795150, 1, 10, 53019971728550711000, 43561283694404384500, 1, '0x036D6B4DA0b4Eeb9d312E958c2937D9016765F50', 1, -10296, 65769), (-32420, -110248, 1676793262, 2, 10, 46590466300053795000, 17204462052301800000, 0, '0x77B770ceB4b2537e52f4534Bb39e43754eB5B7e5', 0, -30502, -105273), (-63684, 28290, 1676795150, 1, 10, 49240295815198408000, 44670880027580123000, 1, '0xc8529dE5603FF9D6FE9A77d43c27D3e7085B4E43', 1, -63795, 28074), (44604, -42606, 1676793300, 2, 10, 50446506206585461300, 2561383928571428400, 0, '0xc72B1b70e69D270544369132d53529e37Be87742', 0, 45967, -42153), (-7093, 67939, 1676795150, 1, 10, 55851098521653284200, 49331239628927302200, 1, '0x633462025cF12D347C0dF50B2114E65aa364f0a6', 1, -7053, 68807), (45772, -41684, 1676793510, 2, 10, 38928544490703406000, 1921037946428571600, 0, '0xc72B1b70e69D270544369132d53529e37Be87742', 0, 46376, -42206), (-8353, 67488, 1676795150, 1, 10, 47712597364086534900, 38504728557868923900, 1, '0x3662FA93E6C3bcB04B95e5dD7B1266AD9e8A9965', 1, -8308, 67448), (-65040, 30190, 1676795150, 1, 10, 49105657812321847200, 45579275478804057900, 1, '0xA4b1B07974bF67f04EC51bEcABF4aD62106B1Dd0', 1, -65147, 30274), (-65730, 30403, 1676795150, 1, 10, 45522348387704252900, 45522348387704252900, 0, '0x0fa9077350FC3Ee6924743e1AD9b735c657C455E', 1, -65730, 30403), (44910, -42214, 1676794022, 2, 10, 45357567859261598500, 1440778459821428600, 0, '0xc72B1b70e69D270544369132d53529e37Be87742', 0, 46084, -42343), (46653, -43446, 1676794224, 2, 10, 46801031283344447700, 1440778459821428400, 0, '0xc72B1b70e69D270544369132d53529e37Be87742', 0, 46071, -43504), (-66515, 32317, 1676795150, 1, 10, 45779230770597138400, 35141543251792404100, 1, '0x3662FA93E6C3bcB04B95e5dD7B1266AD9e8A9965', 1, -65940, 32246), (-9929, 68183, 1676795150, 1, 10, 49113164638542216900, 49113164638542216900, 1, '0x77B770ceB4b2537e52f4534Bb39e43754eB5B7e5', 1, -9929, 68183), (-1161, -77377, 1676795150, 1, 10, 49198149075773682200, 30308960734001953300, 0, '0xBa1CD5ded4B25dF273d435c969a01dc0B577c95c', 0, -6074, -79045), (-53587, 21899, 1676794515, 3, 1, 2174749802329934300, 2174749802329934300, 1, '0x036D6B4DA0b4Eeb9d312E958c2937D9016765F50', 1, -53587, 21899), (46556, -43346, 1676794747, 0, 9, 41055717067120105000, 720389229910714300, 0, '0xc72B1b70e69D270544369132d53529e37Be87742', 0, 43800, -42251), (-65103, 31044, 1676795150, 1, 10, 52803691027070259300, 52803691027070259300, 1, '0xA4b1B07974bF67f04EC51bEcABF4aD62106B1Dd0', 1, -65103, 31044), (-7133, 68237, 1676795150, 1, 10, 51353884931390702300, 51353884931390702300, 1, '0xa79160bC038C07678C145f1B5220be15bAdB13d7', 1, -7133, 68237), (-5095, -76208, 1676794839, 0, 9, 34068330547200611400, 11116130081534929400, 0, '0xc72B1b70e69D270544369132d53529e37Be87742', 0, -12603, -79598), (-20944, 84108, 1676795048, 3, 1, 1904857557130728500, 1904857557130728500, 0, '0xBa1CD5ded4B25dF273d435c969a01dc0B577c95c', 0, -20944, 84108), (-9627, 61275, 1676795114, 0, 1, 8666071676233106000, 8666071676233106000, 1, '0xd4aEDD30d11907e10B6353e59685BB7Efc14F55D', 1, -9627, 61275)]
8 3132.99 [[-0.08048200050096435, 0.6295372924618768], [-0.14004676041617284, -0.7682818373220397], [-0.6171161105289689, 0.28985952474492416]] [(-58853, 34885, 1676795174, 1, 10, 50000000000000000000, 35000000000000000000, 1, '0x5c5f829C4c3E8C4AB97390cb053a456616c27Ea3', 0, -60987, 35376), (-61970, 29047, 1676795174, 1, 10, 47857142857142858000, 28571428571428572000, 1, '0x26CbcaC5281B6E159bc3e6C7400AF25fA46F246B', 1, -65533, 28514), (-66168, 29214, 1676795174, 1, 10, 48705357142857144000, 44151785714285715000, 1, '0xA4b1B07974bF67f04EC51bEcABF4aD62106B1Dd0', 1, -66154, 29294), (45490, -41768, 1676792189, 2, 10, 47395833333333332500, 5000000000000000000, 0, '0xc72B1b70e69D270544369132d53529e37Be87742', 0, 45512, -42787), (-6413, 64099, 1676795174, 1, 10, 48737599206349205000, 48737599206349205000, 1, '0x633462025cF12D347C0dF50B2114E65aa364f0a6', 0, -6413, 64099), (-65286, 30894, 1676795174, 1, 10, 49073454034391536000, 49073454034391536000, 1, '0x26CbcaC5281B6E159bc3e6C7400AF25fA46F246B', 1, -65286, 30894), (-38720, 54983, 1676792351, 2, 10, 49064980158730157500, 5662202380952381000, 0, '0x0fa9077350FC3Ee6924743e1AD9b735c657C455E', 0, -39006, 54962), (45647, -40318, 1676792489, 2, 10, 51381683798133452000, 4553571428571429000, 0, '0xc72B1b70e69D270544369132d53529e37Be87742', 0, 44702, -41234), (-10667, 69593, 1676795174, 1, 10, 52967923280423279000, 47684151785714285000, 1, '0xa79160bC038C07678C145f1B5220be15bAdB13d7', 1, -10613, 69546), (-9168, 64558, 1676795174, 1, 10, 49436705430629041900, 44006162505511463900, 1, '0x036D6B4DA0b4Eeb9d312E958c2937D9016765F50', 1, -9016, 64038), (-67210, 30832, 1676795174, 1, 10, 53370652131201418100, 53370652131201418100, 1, '0x0fa9077350FC3Ee6924743e1AD9b735c657C455E', 1, -67210, 30832), (-9442, 68746, 1676795174, 1, 10, 52193733886623065000, 47905097376849402000, 0, '0x05d6edC4ff8ef40321aBCf7886Bc606ed13327b0', 1, -9349, 68693), (-5645, 60493, 1676795174, 1, 10, 49648966479327931000, 40251121015160611000, 1, '0x77B770ceB4b2537e52f4534Bb39e43754eB5B7e5', 1, -6225, 62583), (43185, -42090, 1676793029, 2, 10, 54015769671939045500, 3415178571428571000, 0, '0xc72B1b70e69D270544369132d53529e37Be87742', 0, 43235, -41791), (-66307, 30351, 1676795174, 1, 10, 56144282795570109700, 56144282795570109700, 1, '0x3662FA93E6C3bcB04B95e5dD7B1266AD9e8A9965', 1, -66307, 30351), (-10150, 64919, 1676795174, 1, 10, 53019971728550711000, 43561283694404384500, 1, '0x036D6B4DA0b4Eeb9d312E958c2937D9016765F50', 1, -10296, 65769), (-32420, -110248, 1676793262, 2, 10, 46590466300053795000, 17204462052301800000, 0, '0x77B770ceB4b2537e52f4534Bb39e43754eB5B7e5', 0, -30502, -105273), (-63684, 28290, 1676795174, 1, 10, 49240295815198408000, 44670880027580123000, 1, '0xc8529dE5603FF9D6FE9A77d43c27D3e7085B4E43', 1, -63795, 28074), (44604, -42606, 1676793300, 2, 10, 50446506206585461300, 2561383928571428400, 0, '0xc72B1b70e69D270544369132d53529e37Be87742', 0, 45967, -42153), (-7093, 67939, 1676795174, 1, 10, 55851098521653284200, 49331239628927302200, 1, '0x633462025cF12D347C0dF50B2114E65aa364f0a6', 1, -7053, 68807), (45772, -41684, 1676793510, 2, 10, 38928544490703406000, 1921037946428571600, 0, '0xc72B1b70e69D270544369132d53529e37Be87742', 0, 46376, -42206), (-8353, 67488, 1676795174, 1, 10, 47712597364086534900, 38504728557868923900, 1, '0x3662FA93E6C3bcB04B95e5dD7B1266AD9e8A9965', 1, -8308, 67448), (-65040, 30190, 1676795174, 1, 10, 49105657812321847200, 45579275478804057900, 1, '0xA4b1B07974bF67f04EC51bEcABF4aD62106B1Dd0', 1, -65147, 30274), (-65730, 30403, 1676795174, 1, 10, 45522348387704252900, 45522348387704252900, 0, '0x0fa9077350FC3Ee6924743e1AD9b735c657C455E', 1, -65730, 30403), (44910, -42214, 1676794022, 2, 10, 45357567859261598500, 1440778459821428600, 0, '0xc72B1b70e69D270544369132d53529e37Be87742', 0, 46084, -42343), (46653, -43446, 1676794224, 2, 10, 46801031283344447700, 1440778459821428400, 0, '0xc72B1b70e69D270544369132d53529e37Be87742', 0, 46071, -43504), (-66515, 32317, 1676795174, 1, 10, 45779230770597138400, 35141543251792404100, 1, '0x3662FA93E6C3bcB04B95e5dD7B1266AD9e8A9965', 1, -65940, 32246), (-9929, 68183, 1676795174, 1, 10, 49113164638542216900, 49113164638542216900, 1, '0x77B770ceB4b2537e52f4534Bb39e43754eB5B7e5', 1, -9929, 68183), (-1161, -77377, 1676795174, 1, 10, 49198149075773682200, 30308960734001953300, 0, '0xBa1CD5ded4B25dF273d435c969a01dc0B577c95c', 0, -6074, -79045), (-53587, 21899, 1676794515, 3, 1, 2174749802329934300, 2174749802329934300, 1, '0x036D6B4DA0b4Eeb9d312E958c2937D9016765F50', 1, -53587, 21899), (46161, -43320, 1676794747, 0, 9, 41055717067120105000, 720389229910714300, 0, '0xc72B1b70e69D270544369132d53529e37Be87742', 0, 43800, -42251), (-65103, 31044, 1676795174, 1, 10, 52803691027070259300, 52803691027070259300, 1, '0xA4b1B07974bF67f04EC51bEcABF4aD62106B1Dd0', 1, -65103, 31044), (-7133, 68237, 1676795174, 1, 10, 51353884931390702300, 51353884931390702300, 1, '0xa79160bC038C07678C145f1B5220be15bAdB13d7', 1, -7133, 68237), (-5095, -76208, 1676794839, 0, 9, 34068330547200611400, 11116130081534929400, 0, '0xc72B1b70e69D270544369132d53529e37Be87742', 0, -12603, -79598), (-20944, 84108, 1676795048, 3, 1, 1904857557130728500, 1904857557130728500, 0, '0xBa1CD5ded4B25dF273d435c969a01dc0B577c95c', 0, -20944, 84108), (-9627, 61275, 1676795114, 0, 1, 8666071676233106000, 8666071676233106000, 1, '0xd4aEDD30d11907e10B6353e59685BB7Efc14F55D', 1, -9627, 61275)]
8 3163.127 [[-0.08048200050096435, 0.6295372924618768], [-0.14004676041617284, -0.7682818373220397], [-0.6171161105289689, 0.28985952474492416]] [(-58853, 34885, 1676795210, 1, 10, 50000000000000000000, 35000000000000000000, 1, '0x5c5f829C4c3E8C4AB97390cb053a456616c27Ea3', 0, -60987, 35376), (-61970, 29047, 1676795210, 1, 10, 47857142857142858000, 28571428571428572000, 1, '0x26CbcaC5281B6E159bc3e6C7400AF25fA46F246B', 1, -65533, 28514), (-66168, 29214, 1676795210, 1, 10, 48705357142857144000, 44151785714285715000, 1, '0xA4b1B07974bF67f04EC51bEcABF4aD62106B1Dd0', 1, -66154, 29294), (45490, -41768, 1676792189, 2, 10, 47395833333333332500, 5000000000000000000, 0, '0xc72B1b70e69D270544369132d53529e37Be87742', 0, 45512, -42787), (-6413, 64099, 1676795210, 1, 10, 48737599206349205000, 48737599206349205000, 1, '0x633462025cF12D347C0dF50B2114E65aa364f0a6', 0, -6413, 64099), (-65286, 30894, 1676795210, 1, 10, 49073454034391536000, 49073454034391536000, 1, '0x26CbcaC5281B6E159bc3e6C7400AF25fA46F246B', 1, -65286, 30894), (-38720, 54983, 1676792351, 2, 10, 49064980158730157500, 5662202380952381000, 0, '0x0fa9077350FC3Ee6924743e1AD9b735c657C455E', 0, -39006, 54962), (45647, -40318, 1676792489, 2, 10, 51381683798133452000, 4553571428571429000, 0, '0xc72B1b70e69D270544369132d53529e37Be87742', 0, 44702, -41234), (-10667, 69593, 1676795210, 1, 10, 52967923280423279000, 47684151785714285000, 1, '0xa79160bC038C07678C145f1B5220be15bAdB13d7', 1, -10613, 69546), (-9168, 64558, 1676795210, 1, 10, 49436705430629041900, 44006162505511463900, 1, '0x036D6B4DA0b4Eeb9d312E958c2937D9016765F50', 1, -9016, 64038), (-67210, 30832, 1676795210, 1, 10, 53370652131201418100, 53370652131201418100, 1, '0x0fa9077350FC3Ee6924743e1AD9b735c657C455E', 1, -67210, 30832), (-9442, 68746, 1676795210, 1, 10, 52193733886623065000, 47905097376849402000, 0, '0x05d6edC4ff8ef40321aBCf7886Bc606ed13327b0', 1, -9349, 68693), (-5645, 60493, 1676795210, 1, 10, 49648966479327931000, 40251121015160611000, 1, '0x77B770ceB4b2537e52f4534Bb39e43754eB5B7e5', 1, -6225, 62583), (43185, -42090, 1676793029, 2, 10, 54015769671939045500, 3415178571428571000, 0, '0xc72B1b70e69D270544369132d53529e37Be87742', 0, 43235, -41791), (-66307, 30351, 1676795210, 1, 10, 56144282795570109700, 56144282795570109700, 1, '0x3662FA93E6C3bcB04B95e5dD7B1266AD9e8A9965', 1, -66307, 30351), (-10150, 64919, 1676795210, 1, 10, 53019971728550711000, 43561283694404384500, 1, '0x036D6B4DA0b4Eeb9d312E958c2937D9016765F50', 1, -10296, 65769), (-32420, -110248, 1676793262, 2, 10, 46590466300053795000, 17204462052301800000, 0, '0x77B770ceB4b2537e52f4534Bb39e43754eB5B7e5', 0, -30502, -105273), (-63684, 28290, 1676795210, 1, 10, 49240295815198408000, 44670880027580123000, 1, '0xc8529dE5603FF9D6FE9A77d43c27D3e7085B4E43', 1, -63795, 28074), (44604, -42606, 1676793300, 2, 10, 50446506206585461300, 2561383928571428400, 0, '0xc72B1b70e69D270544369132d53529e37Be87742', 0, 45967, -42153), (-7093, 67939, 1676795210, 1, 10, 55851098521653284200, 49331239628927302200, 1, '0x633462025cF12D347C0dF50B2114E65aa364f0a6', 1, -7053, 68807), (45772, -41684, 1676793510, 2, 10, 38928544490703406000, 1921037946428571600, 0, '0xc72B1b70e69D270544369132d53529e37Be87742', 0, 46376, -42206), (-8353, 67488, 1676795210, 1, 10, 47712597364086534900, 38504728557868923900, 1, '0x3662FA93E6C3bcB04B95e5dD7B1266AD9e8A9965', 1, -8308, 67448), (-65040, 30190, 1676795210, 1, 10, 49105657812321847200, 45579275478804057900, 1, '0xA4b1B07974bF67f04EC51bEcABF4aD62106B1Dd0', 1, -65147, 30274), (-65730, 30403, 1676795210, 1, 10, 45522348387704252900, 45522348387704252900, 0, '0x0fa9077350FC3Ee6924743e1AD9b735c657C455E', 1, -65730, 30403), (44910, -42214, 1676794022, 2, 10, 45357567859261598500, 1440778459821428600, 0, '0xc72B1b70e69D270544369132d53529e37Be87742', 0, 46084, -42343), (46653, -43446, 1676794224, 2, 10, 46801031283344447700, 1440778459821428400, 0, '0xc72B1b70e69D270544369132d53529e37Be87742', 0, 46071, -43504), (-66515, 32317, 1676795210, 1, 10, 45779230770597138400, 35141543251792404100, 1, '0x3662FA93E6C3bcB04B95e5dD7B1266AD9e8A9965', 1, -65940, 32246), (-9929, 68183, 1676795210, 1, 10, 49113164638542216900, 49113164638542216900, 1, '0x77B770ceB4b2537e52f4534Bb39e43754eB5B7e5', 1, -9929, 68183), (-1161, -77377, 1676795210, 1, 10, 49198149075773682200, 30308960734001953300, 0, '0xBa1CD5ded4B25dF273d435c969a01dc0B577c95c', 0, -6074, -79045), (-53587, 21899, 1676794515, 3, 1, 2174749802329934300, 2174749802329934300, 1, '0x036D6B4DA0b4Eeb9d312E958c2937D9016765F50', 1, -53587, 21899), (46231, -43277, 1676794747, 0, 9, 41055717067120105000, 720389229910714300, 0, '0xc72B1b70e69D270544369132d53529e37Be87742', 0, 43800, -42251), (-65103, 31044, 1676795210, 1, 10, 52803691027070259300, 52803691027070259300, 1, '0xA4b1B07974bF67f04EC51bEcABF4aD62106B1Dd0', 1, -65103, 31044), (-7133, 68237, 1676795210, 1, 10, 51353884931390702300, 51353884931390702300, 1, '0xa79160bC038C07678C145f1B5220be15bAdB13d7', 1, -7133, 68237), (-6994, -77331, 1676794839, 0, 9, 34068330547200611400, 11116130081534929400, 0, '0xc72B1b70e69D270544369132d53529e37Be87742', 0, -13571, -80616), (-20944, 84108, 1676795048, 3, 1, 1904857557130728500, 1904857557130728500, 0, '0xBa1CD5ded4B25dF273d435c969a01dc0B577c95c', 0, -20944, 84108), (-11283, 63835, 1676795114, 0, 3, 19385441966585906000, 14851334312030035000, 1, '0xd4aEDD30d11907e10B6353e59685BB7Efc14F55D', 1, -11809, 65042)]
8 3193.941 [[-0.08048200050096435, 0.6295372924618768], [-0.14004676041617284, -0.7682818373220397], [-0.6171161105289689, 0.28985952474492416]] [(-58853, 34885, 1676795236, 1, 10, 50000000000000000000, 35000000000000000000, 1, '0x5c5f829C4c3E8C4AB97390cb053a456616c27Ea3', 0, -60987, 35376), (-61970, 29047, 1676795236, 1, 10, 47857142857142858000, 28571428571428572000, 1, '0x26CbcaC5281B6E159bc3e6C7400AF25fA46F246B', 1, -65533, 28514), (-66168, 29214, 1676795236, 1, 10, 48705357142857144000, 44151785714285715000, 1, '0xA4b1B07974bF67f04EC51bEcABF4aD62106B1Dd0', 1, -66154, 29294), (45490, -41768, 1676792189, 2, 10, 47395833333333332500, 5000000000000000000, 0, '0xc72B1b70e69D270544369132d53529e37Be87742', 0, 45512, -42787), (-6413, 64099, 1676795236, 1, 10, 48737599206349205000, 48737599206349205000, 1, '0x633462025cF12D347C0dF50B2114E65aa364f0a6', 0, -6413, 64099), (-65286, 30894, 1676795236, 1, 10, 49073454034391536000, 49073454034391536000, 1, '0x26CbcaC5281B6E159bc3e6C7400AF25fA46F246B', 1, -65286, 30894), (-38720, 54983, 1676792351, 2, 10, 49064980158730157500, 5662202380952381000, 0, '0x0fa9077350FC3Ee6924743e1AD9b735c657C455E', 0, -39006, 54962), (45647, -40318, 1676792489, 2, 10, 51381683798133452000, 4553571428571429000, 0, '0xc72B1b70e69D270544369132d53529e37Be87742', 0, 44702, -41234), (-10667, 69593, 1676795236, 1, 10, 52967923280423279000, 47684151785714285000, 1, '0xa79160bC038C07678C145f1B5220be15bAdB13d7', 1, -10613, 69546), (-9168, 64558, 1676795236, 1, 10, 49436705430629041900, 44006162505511463900, 1, '0x036D6B4DA0b4Eeb9d312E958c2937D9016765F50', 1, -9016, 64038), (-67210, 30832, 1676795236, 1, 10, 53370652131201418100, 53370652131201418100, 1, '0x0fa9077350FC3Ee6924743e1AD9b735c657C455E', 1, -67210, 30832), (-9442, 68746, 1676795236, 1, 10, 52193733886623065000, 47905097376849402000, 0, '0x05d6edC4ff8ef40321aBCf7886Bc606ed13327b0', 1, -9349, 68693), (-5645, 60493, 1676795236, 1, 10, 49648966479327931000, 40251121015160611000, 1, '0x77B770ceB4b2537e52f4534Bb39e43754eB5B7e5', 1, -6225, 62583), (43185, -42090, 1676793029, 2, 10, 54015769671939045500, 3415178571428571000, 0, '0xc72B1b70e69D270544369132d53529e37Be87742', 0, 43235, -41791), (-66307, 30351, 1676795236, 1, 10, 56144282795570109700, 56144282795570109700, 1, '0x3662FA93E6C3bcB04B95e5dD7B1266AD9e8A9965', 1, -66307, 30351), (-10150, 64919, 1676795236, 1, 10, 53019971728550711000, 43561283694404384500, 1, '0x036D6B4DA0b4Eeb9d312E958c2937D9016765F50', 1, -10296, 65769), (-32420, -110248, 1676793262, 2, 10, 46590466300053795000, 17204462052301800000, 0, '0x77B770ceB4b2537e52f4534Bb39e43754eB5B7e5', 0, -30502, -105273), (-63684, 28290, 1676795236, 1, 10, 49240295815198408000, 44670880027580123000, 1, '0xc8529dE5603FF9D6FE9A77d43c27D3e7085B4E43', 1, -63795, 28074), (44604, -42606, 1676793300, 2, 10, 50446506206585461300, 2561383928571428400, 0, '0xc72B1b70e69D270544369132d53529e37Be87742', 0, 45967, -42153), (-7093, 67939, 1676795236, 1, 10, 55851098521653284200, 49331239628927302200, 1, '0x633462025cF12D347C0dF50B2114E65aa364f0a6', 1, -7053, 68807), (45772, -41684, 1676793510, 2, 10, 38928544490703406000, 1921037946428571600, 0, '0xc72B1b70e69D270544369132d53529e37Be87742', 0, 46376, -42206), (-8353, 67488, 1676795236, 1, 10, 47712597364086534900, 38504728557868923900, 1, '0x3662FA93E6C3bcB04B95e5dD7B1266AD9e8A9965', 1, -8308, 67448), (-65040, 30190, 1676795236, 1, 10, 49105657812321847200, 45579275478804057900, 1, '0xA4b1B07974bF67f04EC51bEcABF4aD62106B1Dd0', 1, -65147, 30274), (-65730, 30403, 1676795236, 1, 10, 45522348387704252900, 45522348387704252900, 0, '0x0fa9077350FC3Ee6924743e1AD9b735c657C455E', 1, -65730, 30403), (44910, -42214, 1676794022, 2, 10, 45357567859261598500, 1440778459821428600, 0, '0xc72B1b70e69D270544369132d53529e37Be87742', 0, 46084, -42343), (46653, -43446, 1676794224, 2, 10, 46801031283344447700, 1440778459821428400, 0, '0xc72B1b70e69D270544369132d53529e37Be87742', 0, 46071, -43504), (-66515, 32317, 1676795236, 1, 10, 45779230770597138400, 35141543251792404100, 1, '0x3662FA93E6C3bcB04B95e5dD7B1266AD9e8A9965', 1, -65940, 32246), (-9929, 68183, 1676795236, 1, 10, 49113164638542216900, 49113164638542216900, 1, '0x77B770ceB4b2537e52f4534Bb39e43754eB5B7e5', 1, -9929, 68183), (-1161, -77377, 1676795236, 1, 10, 49198149075773682200, 30308960734001953300, 0, '0xBa1CD5ded4B25dF273d435c969a01dc0B577c95c', 0, -6074, -79045), (-53587, 21899, 1676794515, 3, 1, 2174749802329934300, 2174749802329934300, 1, '0x036D6B4DA0b4Eeb9d312E958c2937D9016765F50', 1, -53587, 21899), (46304, -43121, 1676794747, 0, 9, 41055717067120105000, 720389229910714300, 0, '0xc72B1b70e69D270544369132d53529e37Be87742', 0, 43800, -42251), (-65103, 31044, 1676795236, 1, 10, 52803691027070259300, 52803691027070259300, 1, '0xA4b1B07974bF67f04EC51bEcABF4aD62106B1Dd0', 1, -65103, 31044), (-7133, 68237, 1676795236, 1, 10, 51353884931390702300, 51353884931390702300, 1, '0xa79160bC038C07678C145f1B5220be15bAdB13d7', 1, -7133, 68237), (-6784, -77245, 1676794839, 2, 10, 37120942877184944000, 11116130081534929400, 0, '0xc72B1b70e69D270544369132d53529e37Be87742', 0, -13571, -80616), (-20944, 84108, 1676795048, 3, 1, 1904857557130728500, 1904857557130728500, 0, '0xBa1CD5ded4B25dF273d435c969a01dc0B577c95c', 0, -20944, 84108), (-10748, 63668, 1676795114, 0, 4, 27004872195108821000, 14851334312030035000, 1, '0xd4aEDD30d11907e10B6353e59685BB7Efc14F55D', 1, -11809, 65042)]
8 3224.024 [[-0.08048200050096435, 0.6295372924618768], [-0.14004676041617284, -0.7682818373220397], [-0.6171161105289689, 0.28985952474492416]] [(-58853, 34885, 1676795272, 1, 10, 50000000000000000000, 35000000000000000000, 1, '0x5c5f829C4c3E8C4AB97390cb053a456616c27Ea3', 0, -60987, 35376), (-61970, 29047, 1676795272, 1, 10, 47857142857142858000, 28571428571428572000, 1, '0x26CbcaC5281B6E159bc3e6C7400AF25fA46F246B', 1, -65533, 28514), (-66168, 29214, 1676795272, 1, 10, 48705357142857144000, 44151785714285715000, 1, '0xA4b1B07974bF67f04EC51bEcABF4aD62106B1Dd0', 1, -66154, 29294), (45490, -41768, 1676792189, 2, 10, 47395833333333332500, 5000000000000000000, 0, '0xc72B1b70e69D270544369132d53529e37Be87742', 0, 45512, -42787), (-6413, 64099, 1676795272, 1, 10, 48737599206349205000, 48737599206349205000, 1, '0x633462025cF12D347C0dF50B2114E65aa364f0a6', 0, -6413, 64099), (-65286, 30894, 1676795272, 1, 10, 49073454034391536000, 49073454034391536000, 1, '0x26CbcaC5281B6E159bc3e6C7400AF25fA46F246B', 1, -65286, 30894), (-38720, 54983, 1676792351, 2, 10, 49064980158730157500, 5662202380952381000, 0, '0x0fa9077350FC3Ee6924743e1AD9b735c657C455E', 0, -39006, 54962), (45647, -40318, 1676792489, 2, 10, 51381683798133452000, 4553571428571429000, 0, '0xc72B1b70e69D270544369132d53529e37Be87742', 0, 44702, -41234), (-10667, 69593, 1676795272, 1, 10, 52967923280423279000, 47684151785714285000, 1, '0xa79160bC038C07678C145f1B5220be15bAdB13d7', 1, -10613, 69546), (-9168, 64558, 1676795272, 1, 10, 49436705430629041900, 44006162505511463900, 1, '0x036D6B4DA0b4Eeb9d312E958c2937D9016765F50', 1, -9016, 64038), (-67210, 30832, 1676795272, 1, 10, 53370652131201418100, 53370652131201418100, 1, '0x0fa9077350FC3Ee6924743e1AD9b735c657C455E', 1, -67210, 30832), (-9442, 68746, 1676795272, 1, 10, 52193733886623065000, 47905097376849402000, 0, '0x05d6edC4ff8ef40321aBCf7886Bc606ed13327b0', 1, -9349, 68693), (-5645, 60493, 1676795272, 1, 10, 49648966479327931000, 40251121015160611000, 1, '0x77B770ceB4b2537e52f4534Bb39e43754eB5B7e5', 1, -6225, 62583), (43185, -42090, 1676793029, 2, 10, 54015769671939045500, 3415178571428571000, 0, '0xc72B1b70e69D270544369132d53529e37Be87742', 0, 43235, -41791), (-66307, 30351, 1676795272, 1, 10, 56144282795570109700, 56144282795570109700, 1, '0x3662FA93E6C3bcB04B95e5dD7B1266AD9e8A9965', 1, -66307, 30351), (-10150, 64919, 1676795272, 1, 10, 53019971728550711000, 43561283694404384500, 1, '0x036D6B4DA0b4Eeb9d312E958c2937D9016765F50', 1, -10296, 65769), (-32420, -110248, 1676793262, 2, 10, 46590466300053795000, 17204462052301800000, 0, '0x77B770ceB4b2537e52f4534Bb39e43754eB5B7e5', 0, -30502, -105273), (-63684, 28290, 1676795272, 1, 10, 49240295815198408000, 44670880027580123000, 1, '0xc8529dE5603FF9D6FE9A77d43c27D3e7085B4E43', 1, -63795, 28074), (44604, -42606, 1676793300, 2, 10, 50446506206585461300, 2561383928571428400, 0, '0xc72B1b70e69D270544369132d53529e37Be87742', 0, 45967, -42153), (-7093, 67939, 1676795272, 1, 10, 55851098521653284200, 49331239628927302200, 1, '0x633462025cF12D347C0dF50B2114E65aa364f0a6', 1, -7053, 68807), (45772, -41684, 1676793510, 2, 10, 38928544490703406000, 1921037946428571600, 0, '0xc72B1b70e69D270544369132d53529e37Be87742', 0, 46376, -42206), (-8353, 67488, 1676795272, 1, 10, 47712597364086534900, 38504728557868923900, 1, '0x3662FA93E6C3bcB04B95e5dD7B1266AD9e8A9965', 1, -8308, 67448), (-65040, 30190, 1676795272, 1, 10, 49105657812321847200, 45579275478804057900, 1, '0xA4b1B07974bF67f04EC51bEcABF4aD62106B1Dd0', 1, -65147, 30274), (-65730, 30403, 1676795272, 1, 10, 45522348387704252900, 45522348387704252900, 0, '0x0fa9077350FC3Ee6924743e1AD9b735c657C455E', 1, -65730, 30403), (44910, -42214, 1676794022, 2, 10, 45357567859261598500, 1440778459821428600, 0, '0xc72B1b70e69D270544369132d53529e37Be87742', 0, 46084, -42343), (46653, -43446, 1676794224, 2, 10, 46801031283344447700, 1440778459821428400, 0, '0xc72B1b70e69D270544369132d53529e37Be87742', 0, 46071, -43504), (-66515, 32317, 1676795272, 1, 10, 45779230770597138400, 35141543251792404100, 1, '0x3662FA93E6C3bcB04B95e5dD7B1266AD9e8A9965', 1, -65940, 32246), (-9929, 68183, 1676795272, 1, 10, 49113164638542216900, 49113164638542216900, 1, '0x77B770ceB4b2537e52f4534Bb39e43754eB5B7e5', 1, -9929, 68183), (-1161, -77377, 1676795272, 1, 10, 49198149075773682200, 30308960734001953300, 0, '0xBa1CD5ded4B25dF273d435c969a01dc0B577c95c', 0, -6074, -79045), (-53587, 21899, 1676794515, 3, 1, 2174749802329934300, 2174749802329934300, 1, '0x036D6B4DA0b4Eeb9d312E958c2937D9016765F50', 1, -53587, 21899), (46114, -43007, 1676794747, 2, 10, 49257381883019951000, 720389229910714300, 0, '0xc72B1b70e69D270544369132d53529e37Be87742', 0, 43800, -42251), (-65103, 31044, 1676795272, 1, 10, 52803691027070259300, 52803691027070259300, 1, '0xA4b1B07974bF67f04EC51bEcABF4aD62106B1Dd0', 1, -65103, 31044), (-7133, 68237, 1676795272, 1, 10, 51353884931390702300, 51353884931390702300, 1, '0xa79160bC038C07678C145f1B5220be15bAdB13d7', 1, -7133, 68237), (-6784, -77245, 1676794839, 2, 10, 37120942877184944000, 11116130081534929400, 0, '0xc72B1b70e69D270544369132d53529e37Be87742', 0, -13571, -80616), (-20944, 84108, 1676795048, 3, 1, 1904857557130728500, 1904857557130728500, 0, '0xBa1CD5ded4B25dF273d435c969a01dc0B577c95c', 0, -20944, 84108), (-10691, 65601, 1676795114, 0, 6, 32993752649488909800, 20840214766410123800, 1, '0xd4aEDD30d11907e10B6353e59685BB7Efc14F55D', 1, -11414, 67709), (44575, -43944, 1676795260, 0, 2, 3258812786928266550, 180097307477678550, 0, '0xc72B1b70e69D270544369132d53529e37Be87742', 0, 8358, -75437)]
8 3254.054 [[-0.08048200050096435, 0.6295372924618768], [-0.14004676041617284, -0.7682818373220397], [-0.6171161105289689, 0.28985952474492416]] [(-58853, 34885, 1676795296, 1, 10, 50000000000000000000, 35000000000000000000, 1, '0x5c5f829C4c3E8C4AB97390cb053a456616c27Ea3', 0, -60987, 35376), (-61970, 29047, 1676795296, 1, 10, 47857142857142858000, 28571428571428572000, 1, '0x26CbcaC5281B6E159bc3e6C7400AF25fA46F246B', 1, -65533, 28514), (-66168, 29214, 1676795296, 1, 10, 48705357142857144000, 44151785714285715000, 1, '0xA4b1B07974bF67f04EC51bEcABF4aD62106B1Dd0', 1, -66154, 29294), (45490, -41768, 1676792189, 2, 10, 47395833333333332500, 5000000000000000000, 0, '0xc72B1b70e69D270544369132d53529e37Be87742', 0, 45512, -42787), (-6413, 64099, 1676795296, 1, 10, 48737599206349205000, 48737599206349205000, 1, '0x633462025cF12D347C0dF50B2114E65aa364f0a6', 0, -6413, 64099), (-65286, 30894, 1676795296, 1, 10, 49073454034391536000, 49073454034391536000, 1, '0x26CbcaC5281B6E159bc3e6C7400AF25fA46F246B', 1, -65286, 30894), (-38720, 54983, 1676792351, 2, 10, 49064980158730157500, 5662202380952381000, 0, '0x0fa9077350FC3Ee6924743e1AD9b735c657C455E', 0, -39006, 54962), (45647, -40318, 1676792489, 2, 10, 51381683798133452000, 4553571428571429000, 0, '0xc72B1b70e69D270544369132d53529e37Be87742', 0, 44702, -41234), (-10667, 69593, 1676795296, 1, 10, 52967923280423279000, 47684151785714285000, 1, '0xa79160bC038C07678C145f1B5220be15bAdB13d7', 1, -10613, 69546), (-9168, 64558, 1676795296, 1, 10, 49436705430629041900, 44006162505511463900, 1, '0x036D6B4DA0b4Eeb9d312E958c2937D9016765F50', 1, -9016, 64038), (-67210, 30832, 1676795296, 1, 10, 53370652131201418100, 53370652131201418100, 1, '0x0fa9077350FC3Ee6924743e1AD9b735c657C455E', 1, -67210, 30832), (-9442, 68746, 1676795296, 1, 10, 52193733886623065000, 47905097376849402000, 0, '0x05d6edC4ff8ef40321aBCf7886Bc606ed13327b0', 1, -9349, 68693), (-5645, 60493, 1676795296, 1, 10, 49648966479327931000, 40251121015160611000, 1, '0x77B770ceB4b2537e52f4534Bb39e43754eB5B7e5', 1, -6225, 62583), (43185, -42090, 1676793029, 2, 10, 54015769671939045500, 3415178571428571000, 0, '0xc72B1b70e69D270544369132d53529e37Be87742', 0, 43235, -41791), (-66307, 30351, 1676795296, 1, 10, 56144282795570109700, 56144282795570109700, 1, '0x3662FA93E6C3bcB04B95e5dD7B1266AD9e8A9965', 1, -66307, 30351), (-10150, 64919, 1676795296, 1, 10, 53019971728550711000, 43561283694404384500, 1, '0x036D6B4DA0b4Eeb9d312E958c2937D9016765F50', 1, -10296, 65769), (-32420, -110248, 1676793262, 2, 10, 46590466300053795000, 17204462052301800000, 0, '0x77B770ceB4b2537e52f4534Bb39e43754eB5B7e5', 0, -30502, -105273), (-63684, 28290, 1676795296, 1, 10, 49240295815198408000, 44670880027580123000, 1, '0xc8529dE5603FF9D6FE9A77d43c27D3e7085B4E43', 1, -63795, 28074), (44604, -42606, 1676793300, 2, 10, 50446506206585461300, 2561383928571428400, 0, '0xc72B1b70e69D270544369132d53529e37Be87742', 0, 45967, -42153), (-7093, 67939, 1676795296, 1, 10, 55851098521653284200, 49331239628927302200, 1, '0x633462025cF12D347C0dF50B2114E65aa364f0a6', 1, -7053, 68807), (45772, -41684, 1676793510, 2, 10, 38928544490703406000, 1921037946428571600, 0, '0xc72B1b70e69D270544369132d53529e37Be87742', 0, 46376, -42206), (-8353, 67488, 1676795296, 1, 10, 47712597364086534900, 38504728557868923900, 1, '0x3662FA93E6C3bcB04B95e5dD7B1266AD9e8A9965', 1, -8308, 67448), (-65040, 30190, 1676795296, 1, 10, 49105657812321847200, 45579275478804057900, 1, '0xA4b1B07974bF67f04EC51bEcABF4aD62106B1Dd0', 1, -65147, 30274), (-65730, 30403, 1676795296, 1, 10, 45522348387704252900, 45522348387704252900, 0, '0x0fa9077350FC3Ee6924743e1AD9b735c657C455E', 1, -65730, 30403), (44910, -42214, 1676794022, 2, 10, 45357567859261598500, 1440778459821428600, 0, '0xc72B1b70e69D270544369132d53529e37Be87742', 0, 46084, -42343), (46653, -43446, 1676794224, 2, 10, 46801031283344447700, 1440778459821428400, 0, '0xc72B1b70e69D270544369132d53529e37Be87742', 0, 46071, -43504), (-66515, 32317, 1676795296, 1, 10, 45779230770597138400, 35141543251792404100, 1, '0x3662FA93E6C3bcB04B95e5dD7B1266AD9e8A9965', 1, -65940, 32246), (-9929, 68183, 1676795296, 1, 10, 49113164638542216900, 49113164638542216900, 1, '0x77B770ceB4b2537e52f4534Bb39e43754eB5B7e5', 1, -9929, 68183), (-1161, -77377, 1676795296, 1, 10, 49198149075773682200, 30308960734001953300, 0, '0xBa1CD5ded4B25dF273d435c969a01dc0B577c95c', 0, -6074, -79045), (-53587, 21899, 1676794515, 3, 1, 2174749802329934300, 2174749802329934300, 1, '0x036D6B4DA0b4Eeb9d312E958c2937D9016765F50', 1, -53587, 21899), (46114, -43007, 1676794747, 2, 10, 49257381883019951000, 720389229910714300, 0, '0xc72B1b70e69D270544369132d53529e37Be87742', 0, 43800, -42251), (-65103, 31044, 1676795296, 1, 10, 52803691027070259300, 52803691027070259300, 1, '0xA4b1B07974bF67f04EC51bEcABF4aD62106B1Dd0', 1, -65103, 31044), (-7133, 68237, 1676795296, 1, 10, 51353884931390702300, 51353884931390702300, 1, '0xa79160bC038C07678C145f1B5220be15bAdB13d7', 1, -7133, 68237), (-6784, -77245, 1676794839, 2, 10, 37120942877184944000, 11116130081534929400, 0, '0xc72B1b70e69D270544369132d53529e37Be87742', 0, -13571, -80616), (-20944, 84108, 1676795048, 3, 1, 1904857557130728500, 1904857557130728500, 0, '0xBa1CD5ded4B25dF273d435c969a01dc0B577c95c', 0, -20944, 84108), (-10691, 65601, 1676795114, 0, 6, 32993752649488909800, 20840214766410123800, 1, '0xd4aEDD30d11907e10B6353e59685BB7Efc14F55D', 1, -11414, 67709), (44575, -43944, 1676795260, 0, 2, 3258812786928266550, 180097307477678550, 0, '0xc72B1b70e69D270544369132d53529e37Be87742', 0, 8358, -75437), (-2701, -75657, 1676795282, 0, 3, 10601796053724923000, 7066000825068004000, 1, '0x77B770ceB4b2537e52f4534Bb39e43754eB5B7e5', 1, -8961, -75596)]
8 3284.521 [[-0.08048200050096435, 0.6295372924618768], [-0.14004676041617284, -0.7682818373220397], [-0.6171161105289689, 0.28985952474492416]] [(-58853, 34885, 1676795328, 1, 10, 50000000000000000000, 35000000000000000000, 1, '0x5c5f829C4c3E8C4AB97390cb053a456616c27Ea3', 0, -60987, 35376), (-61970, 29047, 1676795328, 1, 10, 47857142857142858000, 28571428571428572000, 1, '0x26CbcaC5281B6E159bc3e6C7400AF25fA46F246B', 1, -65533, 28514), (-66168, 29214, 1676795328, 1, 10, 48705357142857144000, 44151785714285715000, 1, '0xA4b1B07974bF67f04EC51bEcABF4aD62106B1Dd0', 1, -66154, 29294), (45490, -41768, 1676792189, 2, 10, 47395833333333332500, 5000000000000000000, 0, '0xc72B1b70e69D270544369132d53529e37Be87742', 0, 45512, -42787), (-6413, 64099, 1676795328, 1, 10, 48737599206349205000, 48737599206349205000, 1, '0x633462025cF12D347C0dF50B2114E65aa364f0a6', 0, -6413, 64099), (-65286, 30894, 1676795328, 1, 10, 49073454034391536000, 49073454034391536000, 1, '0x26CbcaC5281B6E159bc3e6C7400AF25fA46F246B', 1, -65286, 30894), (-38720, 54983, 1676792351, 2, 10, 49064980158730157500, 5662202380952381000, 0, '0x0fa9077350FC3Ee6924743e1AD9b735c657C455E', 0, -39006, 54962), (45647, -40318, 1676792489, 2, 10, 51381683798133452000, 4553571428571429000, 0, '0xc72B1b70e69D270544369132d53529e37Be87742', 0, 44702, -41234), (-10667, 69593, 1676795328, 1, 10, 52967923280423279000, 47684151785714285000, 1, '0xa79160bC038C07678C145f1B5220be15bAdB13d7', 1, -10613, 69546), (-9168, 64558, 1676795328, 1, 10, 49436705430629041900, 44006162505511463900, 1, '0x036D6B4DA0b4Eeb9d312E958c2937D9016765F50', 1, -9016, 64038), (-67210, 30832, 1676795328, 1, 10, 53370652131201418100, 53370652131201418100, 1, '0x0fa9077350FC3Ee6924743e1AD9b735c657C455E', 1, -67210, 30832), (-9442, 68746, 1676795328, 1, 10, 52193733886623065000, 47905097376849402000, 0, '0x05d6edC4ff8ef40321aBCf7886Bc606ed13327b0', 1, -9349, 68693), (-5645, 60493, 1676795328, 1, 10, 49648966479327931000, 40251121015160611000, 1, '0x77B770ceB4b2537e52f4534Bb39e43754eB5B7e5', 1, -6225, 62583), (43185, -42090, 1676793029, 2, 10, 54015769671939045500, 3415178571428571000, 0, '0xc72B1b70e69D270544369132d53529e37Be87742', 0, 43235, -41791), (-66307, 30351, 1676795328, 1, 10, 56144282795570109700, 56144282795570109700, 1, '0x3662FA93E6C3bcB04B95e5dD7B1266AD9e8A9965', 1, -66307, 30351), (-10150, 64919, 1676795328, 1, 10, 53019971728550711000, 43561283694404384500, 1, '0x036D6B4DA0b4Eeb9d312E958c2937D9016765F50', 1, -10296, 65769), (-32420, -110248, 1676793262, 2, 10, 46590466300053795000, 17204462052301800000, 0, '0x77B770ceB4b2537e52f4534Bb39e43754eB5B7e5', 0, -30502, -105273), (-63684, 28290, 1676795328, 1, 10, 49240295815198408000, 44670880027580123000, 1, '0xc8529dE5603FF9D6FE9A77d43c27D3e7085B4E43', 1, -63795, 28074), (44604, -42606, 1676793300, 2, 10, 50446506206585461300, 2561383928571428400, 0, '0xc72B1b70e69D270544369132d53529e37Be87742', 0, 45967, -42153), (-7093, 67939, 1676795328, 1, 10, 55851098521653284200, 49331239628927302200, 1, '0x633462025cF12D347C0dF50B2114E65aa364f0a6', 1, -7053, 68807), (45772, -41684, 1676793510, 2, 10, 38928544490703406000, 1921037946428571600, 0, '0xc72B1b70e69D270544369132d53529e37Be87742', 0, 46376, -42206), (-8353, 67488, 1676795328, 1, 10, 47712597364086534900, 38504728557868923900, 1, '0x3662FA93E6C3bcB04B95e5dD7B1266AD9e8A9965', 1, -8308, 67448), (-65040, 30190, 1676795328, 1, 10, 49105657812321847200, 45579275478804057900, 1, '0xA4b1B07974bF67f04EC51bEcABF4aD62106B1Dd0', 1, -65147, 30274), (-65730, 30403, 1676795328, 1, 10, 45522348387704252900, 45522348387704252900, 0, '0x0fa9077350FC3Ee6924743e1AD9b735c657C455E', 1, -65730, 30403), (44910, -42214, 1676794022, 2, 10, 45357567859261598500, 1440778459821428600, 0, '0xc72B1b70e69D270544369132d53529e37Be87742', 0, 46084, -42343), (46653, -43446, 1676794224, 2, 10, 46801031283344447700, 1440778459821428400, 0, '0xc72B1b70e69D270544369132d53529e37Be87742', 0, 46071, -43504), (-66515, 32317, 1676795328, 1, 10, 45779230770597138400, 35141543251792404100, 1, '0x3662FA93E6C3bcB04B95e5dD7B1266AD9e8A9965', 1, -65940, 32246), (-9929, 68183, 1676795328, 1, 10, 49113164638542216900, 49113164638542216900, 1, '0x77B770ceB4b2537e52f4534Bb39e43754eB5B7e5', 1, -9929, 68183), (-1161, -77377, 1676795328, 1, 10, 49198149075773682200, 30308960734001953300, 0, '0xBa1CD5ded4B25dF273d435c969a01dc0B577c95c', 0, -6074, -79045), (-53587, 21899, 1676794515, 3, 1, 2174749802329934300, 2174749802329934300, 1, '0x036D6B4DA0b4Eeb9d312E958c2937D9016765F50', 1, -53587, 21899), (46114, -43007, 1676794747, 2, 10, 49257381883019951000, 720389229910714300, 0, '0xc72B1b70e69D270544369132d53529e37Be87742', 0, 43800, -42251), (-65103, 31044, 1676795328, 1, 10, 52803691027070259300, 52803691027070259300, 1, '0xA4b1B07974bF67f04EC51bEcABF4aD62106B1Dd0', 1, -65103, 31044), (-7133, 68237, 1676795328, 1, 10, 51353884931390702300, 51353884931390702300, 1, '0xa79160bC038C07678C145f1B5220be15bAdB13d7', 1, -7133, 68237), (-6784, -77245, 1676794839, 2, 10, 37120942877184944000, 11116130081534929400, 0, '0xc72B1b70e69D270544369132d53529e37Be87742', 0, -13571, -80616), (-20944, 84108, 1676795048, 3, 1, 1904857557130728500, 1904857557130728500, 0, '0xBa1CD5ded4B25dF273d435c969a01dc0B577c95c', 0, -20944, 84108), (-9282, 66416, 1676795114, 0, 9, 50578456262935826800, 35346202900406452800, 1, '0xd4aEDD30d11907e10B6353e59685BB7Efc14F55D', 1, -9182, 67975), (44575, -43944, 1676795260, 0, 2, 3258812786928266550, 180097307477678550, 0, '0xc72B1b70e69D270544369132d53529e37Be87742', 0, 8358, -75437), (899, -75631, 1676795282, 0, 6, 22731460869666936750, 10509583152834946750, 1, '0x77B770ceB4b2537e52f4534Bb39e43754eB5B7e5', 1, -6079, -75544)]
8 3314.505 [[-0.08048200050096435, 0.6295372924618768], [-0.14004676041617284, -0.7682818373220397], [-0.6171161105289689, 0.28985952474492416]] [(-58853, 34885, 1676795362, 1, 10, 50000000000000000000, 35000000000000000000, 1, '0x5c5f829C4c3E8C4AB97390cb053a456616c27Ea3', 0, -60987, 35376), (-61970, 29047, 1676795362, 1, 10, 47857142857142858000, 28571428571428572000, 1, '0x26CbcaC5281B6E159bc3e6C7400AF25fA46F246B', 1, -65533, 28514), (-66168, 29214, 1676795362, 1, 10, 48705357142857144000, 44151785714285715000, 1, '0xA4b1B07974bF67f04EC51bEcABF4aD62106B1Dd0', 1, -66154, 29294), (45490, -41768, 1676792189, 2, 10, 47395833333333332500, 5000000000000000000, 0, '0xc72B1b70e69D270544369132d53529e37Be87742', 0, 45512, -42787), (-6413, 64099, 1676795362, 1, 10, 48737599206349205000, 48737599206349205000, 1, '0x633462025cF12D347C0dF50B2114E65aa364f0a6', 0, -6413, 64099), (-65286, 30894, 1676795362, 1, 10, 49073454034391536000, 49073454034391536000, 1, '0x26CbcaC5281B6E159bc3e6C7400AF25fA46F246B', 1, -65286, 30894), (-38720, 54983, 1676792351, 2, 10, 49064980158730157500, 5662202380952381000, 0, '0x0fa9077350FC3Ee6924743e1AD9b735c657C455E', 0, -39006, 54962), (45647, -40318, 1676792489, 2, 10, 51381683798133452000, 4553571428571429000, 0, '0xc72B1b70e69D270544369132d53529e37Be87742', 0, 44702, -41234), (-10667, 69593, 1676795362, 1, 10, 52967923280423279000, 47684151785714285000, 1, '0xa79160bC038C07678C145f1B5220be15bAdB13d7', 1, -10613, 69546), (-9168, 64558, 1676795362, 1, 10, 49436705430629041900, 44006162505511463900, 1, '0x036D6B4DA0b4Eeb9d312E958c2937D9016765F50', 1, -9016, 64038), (-67210, 30832, 1676795362, 1, 10, 53370652131201418100, 53370652131201418100, 1, '0x0fa9077350FC3Ee6924743e1AD9b735c657C455E', 1, -67210, 30832), (-9442, 68746, 1676795362, 1, 10, 52193733886623065000, 47905097376849402000, 0, '0x05d6edC4ff8ef40321aBCf7886Bc606ed13327b0', 1, -9349, 68693), (-5645, 60493, 1676795362, 1, 10, 49648966479327931000, 40251121015160611000, 1, '0x77B770ceB4b2537e52f4534Bb39e43754eB5B7e5', 1, -6225, 62583), (43185, -42090, 1676793029, 2, 10, 54015769671939045500, 3415178571428571000, 0, '0xc72B1b70e69D270544369132d53529e37Be87742', 0, 43235, -41791), (-66307, 30351, 1676795362, 1, 10, 56144282795570109700, 56144282795570109700, 1, '0x3662FA93E6C3bcB04B95e5dD7B1266AD9e8A9965', 1, -66307, 30351), (-10150, 64919, 1676795362, 1, 10, 53019971728550711000, 43561283694404384500, 1, '0x036D6B4DA0b4Eeb9d312E958c2937D9016765F50', 1, -10296, 65769), (-32420, -110248, 1676793262, 2, 10, 46590466300053795000, 17204462052301800000, 0, '0x77B770ceB4b2537e52f4534Bb39e43754eB5B7e5', 0, -30502, -105273), (-63684, 28290, 1676795362, 1, 10, 49240295815198408000, 44670880027580123000, 1, '0xc8529dE5603FF9D6FE9A77d43c27D3e7085B4E43', 1, -63795, 28074), (44604, -42606, 1676793300, 2, 10, 50446506206585461300, 2561383928571428400, 0, '0xc72B1b70e69D270544369132d53529e37Be87742', 0, 45967, -42153), (-7093, 67939, 1676795362, 1, 10, 55851098521653284200, 49331239628927302200, 1, '0x633462025cF12D347C0dF50B2114E65aa364f0a6', 1, -7053, 68807), (45772, -41684, 1676793510, 2, 10, 38928544490703406000, 1921037946428571600, 0, '0xc72B1b70e69D270544369132d53529e37Be87742', 0, 46376, -42206), (-8353, 67488, 1676795362, 1, 10, 47712597364086534900, 38504728557868923900, 1, '0x3662FA93E6C3bcB04B95e5dD7B1266AD9e8A9965', 1, -8308, 67448), (-65040, 30190, 1676795362, 1, 10, 49105657812321847200, 45579275478804057900, 1, '0xA4b1B07974bF67f04EC51bEcABF4aD62106B1Dd0', 1, -65147, 30274), (-65730, 30403, 1676795362, 1, 10, 45522348387704252900, 45522348387704252900, 0, '0x0fa9077350FC3Ee6924743e1AD9b735c657C455E', 1, -65730, 30403), (44910, -42214, 1676794022, 2, 10, 45357567859261598500, 1440778459821428600, 0, '0xc72B1b70e69D270544369132d53529e37Be87742', 0, 46084, -42343), (46653, -43446, 1676794224, 2, 10, 46801031283344447700, 1440778459821428400, 0, '0xc72B1b70e69D270544369132d53529e37Be87742', 0, 46071, -43504), (-66515, 32317, 1676795362, 1, 10, 45779230770597138400, 35141543251792404100, 1, '0x3662FA93E6C3bcB04B95e5dD7B1266AD9e8A9965', 1, -65940, 32246), (-9929, 68183, 1676795362, 1, 10, 49113164638542216900, 49113164638542216900, 1, '0x77B770ceB4b2537e52f4534Bb39e43754eB5B7e5', 1, -9929, 68183), (-1161, -77377, 1676795362, 1, 10, 49198149075773682200, 30308960734001953300, 0, '0xBa1CD5ded4B25dF273d435c969a01dc0B577c95c', 0, -6074, -79045), (-53587, 21899, 1676794515, 3, 1, 2174749802329934300, 2174749802329934300, 1, '0x036D6B4DA0b4Eeb9d312E958c2937D9016765F50', 1, -53587, 21899), (46114, -43007, 1676794747, 2, 10, 49257381883019951000, 720389229910714300, 0, '0xc72B1b70e69D270544369132d53529e37Be87742', 0, 43800, -42251), (-65103, 31044, 1676795362, 1, 10, 52803691027070259300, 52803691027070259300, 1, '0xA4b1B07974bF67f04EC51bEcABF4aD62106B1Dd0', 1, -65103, 31044), (-7133, 68237, 1676795362, 1, 10, 51353884931390702300, 51353884931390702300, 1, '0xa79160bC038C07678C145f1B5220be15bAdB13d7', 1, -7133, 68237), (-6784, -77245, 1676794839, 2, 10, 37120942877184944000, 11116130081534929400, 0, '0xc72B1b70e69D270544369132d53529e37Be87742', 0, -13571, -80616), (-20944, 84108, 1676795048, 3, 1, 1904857557130728500, 1904857557130728500, 0, '0xBa1CD5ded4B25dF273d435c969a01dc0B577c95c', 0, -20944, 84108), (-9245, 66276, 1676795362, 1, 10, 54114251491592745800, 35346202900406452800, 1, '0xd4aEDD30d11907e10B6353e59685BB7Efc14F55D', 1, -9182, 67975), (44109, -43272, 1676795260, 0, 4, 10426934395918931950, 180097307477678550, 0, '0xc72B1b70e69D270544369132d53529e37Be87742', 0, 8358, -75437), (2781, -76034, 1676795282, 0, 7, 30370901910131815750, 10509583152834946750, 1, '0x77B770ceB4b2537e52f4534Bb39e43754eB5B7e5', 1, -6079, -75544)]
8 3344.499 [[-0.08048200050096435, 0.6295372924618768], [-0.14004676041617284, -0.7682818373220397], [-0.6171161105289689, 0.28985952474492416]] [(-58853, 34885, 1676795384, 1, 10, 50000000000000000000, 35000000000000000000, 1, '0x5c5f829C4c3E8C4AB97390cb053a456616c27Ea3', 0, -60987, 35376), (-61970, 29047, 1676795384, 1, 10, 47857142857142858000, 28571428571428572000, 1, '0x26CbcaC5281B6E159bc3e6C7400AF25fA46F246B', 1, -65533, 28514), (-66168, 29214, 1676795384, 1, 10, 48705357142857144000, 44151785714285715000, 1, '0xA4b1B07974bF67f04EC51bEcABF4aD62106B1Dd0', 1, -66154, 29294), (45490, -41768, 1676792189, 2, 10, 47395833333333332500, 5000000000000000000, 0, '0xc72B1b70e69D270544369132d53529e37Be87742', 0, 45512, -42787), (-6413, 64099, 1676795384, 1, 10, 48737599206349205000, 48737599206349205000, 1, '0x633462025cF12D347C0dF50B2114E65aa364f0a6', 0, -6413, 64099), (-65286, 30894, 1676795384, 1, 10, 49073454034391536000, 49073454034391536000, 1, '0x26CbcaC5281B6E159bc3e6C7400AF25fA46F246B', 1, -65286, 30894), (-38720, 54983, 1676792351, 2, 10, 49064980158730157500, 5662202380952381000, 0, '0x0fa9077350FC3Ee6924743e1AD9b735c657C455E', 0, -39006, 54962), (45647, -40318, 1676792489, 2, 10, 51381683798133452000, 4553571428571429000, 0, '0xc72B1b70e69D270544369132d53529e37Be87742', 0, 44702, -41234), (-10667, 69593, 1676795384, 1, 10, 52967923280423279000, 47684151785714285000, 1, '0xa79160bC038C07678C145f1B5220be15bAdB13d7', 1, -10613, 69546), (-9168, 64558, 1676795384, 1, 10, 49436705430629041900, 44006162505511463900, 1, '0x036D6B4DA0b4Eeb9d312E958c2937D9016765F50', 1, -9016, 64038), (-67210, 30832, 1676795384, 1, 10, 53370652131201418100, 53370652131201418100, 1, '0x0fa9077350FC3Ee6924743e1AD9b735c657C455E', 1, -67210, 30832), (-9442, 68746, 1676795384, 1, 10, 52193733886623065000, 47905097376849402000, 0, '0x05d6edC4ff8ef40321aBCf7886Bc606ed13327b0', 1, -9349, 68693), (-5645, 60493, 1676795384, 1, 10, 49648966479327931000, 40251121015160611000, 1, '0x77B770ceB4b2537e52f4534Bb39e43754eB5B7e5', 1, -6225, 62583), (43185, -42090, 1676793029, 2, 10, 54015769671939045500, 3415178571428571000, 0, '0xc72B1b70e69D270544369132d53529e37Be87742', 0, 43235, -41791), (-66307, 30351, 1676795384, 1, 10, 56144282795570109700, 56144282795570109700, 1, '0x3662FA93E6C3bcB04B95e5dD7B1266AD9e8A9965', 1, -66307, 30351), (-10150, 64919, 1676795384, 1, 10, 53019971728550711000, 43561283694404384500, 1, '0x036D6B4DA0b4Eeb9d312E958c2937D9016765F50', 1, -10296, 65769), (-32420, -110248, 1676793262, 2, 10, 46590466300053795000, 17204462052301800000, 0, '0x77B770ceB4b2537e52f4534Bb39e43754eB5B7e5', 0, -30502, -105273), (-63684, 28290, 1676795384, 1, 10, 49240295815198408000, 44670880027580123000, 1, '0xc8529dE5603FF9D6FE9A77d43c27D3e7085B4E43', 1, -63795, 28074), (44604, -42606, 1676793300, 2, 10, 50446506206585461300, 2561383928571428400, 0, '0xc72B1b70e69D270544369132d53529e37Be87742', 0, 45967, -42153), (-7093, 67939, 1676795384, 1, 10, 55851098521653284200, 49331239628927302200, 1, '0x633462025cF12D347C0dF50B2114E65aa364f0a6', 1, -7053, 68807), (45772, -41684, 1676793510, 2, 10, 38928544490703406000, 1921037946428571600, 0, '0xc72B1b70e69D270544369132d53529e37Be87742', 0, 46376, -42206), (-8353, 67488, 1676795384, 1, 10, 47712597364086534900, 38504728557868923900, 1, '0x3662FA93E6C3bcB04B95e5dD7B1266AD9e8A9965', 1, -8308, 67448), (-65040, 30190, 1676795384, 1, 10, 49105657812321847200, 45579275478804057900, 1, '0xA4b1B07974bF67f04EC51bEcABF4aD62106B1Dd0', 1, -65147, 30274), (-65730, 30403, 1676795384, 1, 10, 45522348387704252900, 45522348387704252900, 0, '0x0fa9077350FC3Ee6924743e1AD9b735c657C455E', 1, -65730, 30403), (44910, -42214, 1676794022, 2, 10, 45357567859261598500, 1440778459821428600, 0, '0xc72B1b70e69D270544369132d53529e37Be87742', 0, 46084, -42343), (46653, -43446, 1676794224, 2, 10, 46801031283344447700, 1440778459821428400, 0, '0xc72B1b70e69D270544369132d53529e37Be87742', 0, 46071, -43504), (-66515, 32317, 1676795384, 1, 10, 45779230770597138400, 35141543251792404100, 1, '0x3662FA93E6C3bcB04B95e5dD7B1266AD9e8A9965', 1, -65940, 32246), (-9929, 68183, 1676795384, 1, 10, 49113164638542216900, 49113164638542216900, 1, '0x77B770ceB4b2537e52f4534Bb39e43754eB5B7e5', 1, -9929, 68183), (-1161, -77377, 1676795384, 1, 10, 49198149075773682200, 30308960734001953300, 0, '0xBa1CD5ded4B25dF273d435c969a01dc0B577c95c', 0, -6074, -79045), (-53587, 21899, 1676794515, 3, 1, 2174749802329934300, 2174749802329934300, 1, '0x036D6B4DA0b4Eeb9d312E958c2937D9016765F50', 1, -53587, 21899), (46114, -43007, 1676794747, 2, 10, 49257381883019951000, 720389229910714300, 0, '0xc72B1b70e69D270544369132d53529e37Be87742', 0, 43800, -42251), (-65103, 31044, 1676795384, 1, 10, 52803691027070259300, 52803691027070259300, 1, '0xA4b1B07974bF67f04EC51bEcABF4aD62106B1Dd0', 1, -65103, 31044), (-7133, 68237, 1676795384, 1, 10, 51353884931390702300, 51353884931390702300, 1, '0xa79160bC038C07678C145f1B5220be15bAdB13d7', 1, -7133, 68237), (-6784, -77245, 1676794839, 2, 10, 37120942877184944000, 11116130081534929400, 0, '0xc72B1b70e69D270544369132d53529e37Be87742', 0, -13571, -80616), (-20944, 84108, 1676795048, 3, 1, 1904857557130728500, 1904857557130728500, 0, '0xBa1CD5ded4B25dF273d435c969a01dc0B577c95c', 0, -20944, 84108), (-9245, 66276, 1676795384, 1, 10, 54114251491592745800, 35346202900406452800, 1, '0xd4aEDD30d11907e10B6353e59685BB7Efc14F55D', 1, -9182, 67975), (44109, -43272, 1676795260, 0, 4, 10426934395918931950, 180097307477678550, 0, '0xc72B1b70e69D270544369132d53529e37Be87742', 0, 8358, -75437), (-1598, -77142, 1676795282, 0, 8, 35388192463360273750, 15526873706063404750, 1, '0x77B770ceB4b2537e52f4534Bb39e43754eB5B7e5', 1, -8619, -78013), (-10411, 82359, 1676795382, 0, 1, 4339901656598693000, 4339901656598693000, 1, '0xA4b1B07974bF67f04EC51bEcABF4aD62106B1Dd0', 1, -10411, 82359)]
8 3374.605 [[-0.08048200050096435, 0.6295372924618768], [-0.14004676041617284, -0.7682818373220397], [-0.6171161105289689, 0.28985952474492416]] [(-58853, 34885, 1676795406, 1, 10, 50000000000000000000, 35000000000000000000, 1, '0x5c5f829C4c3E8C4AB97390cb053a456616c27Ea3', 0, -60987, 35376), (-61970, 29047, 1676795406, 1, 10, 47857142857142858000, 28571428571428572000, 1, '0x26CbcaC5281B6E159bc3e6C7400AF25fA46F246B', 1, -65533, 28514), (-66168, 29214, 1676795406, 1, 10, 48705357142857144000, 44151785714285715000, 1, '0xA4b1B07974bF67f04EC51bEcABF4aD62106B1Dd0', 1, -66154, 29294), (45490, -41768, 1676792189, 2, 10, 47395833333333332500, 5000000000000000000, 0, '0xc72B1b70e69D270544369132d53529e37Be87742', 0, 45512, -42787), (-6413, 64099, 1676795406, 1, 10, 48737599206349205000, 48737599206349205000, 1, '0x633462025cF12D347C0dF50B2114E65aa364f0a6', 0, -6413, 64099), (-65286, 30894, 1676795406, 1, 10, 49073454034391536000, 49073454034391536000, 1, '0x26CbcaC5281B6E159bc3e6C7400AF25fA46F246B', 1, -65286, 30894), (-38720, 54983, 1676792351, 2, 10, 49064980158730157500, 5662202380952381000, 0, '0x0fa9077350FC3Ee6924743e1AD9b735c657C455E', 0, -39006, 54962), (45647, -40318, 1676792489, 2, 10, 51381683798133452000, 4553571428571429000, 0, '0xc72B1b70e69D270544369132d53529e37Be87742', 0, 44702, -41234), (-10667, 69593, 1676795406, 1, 10, 52967923280423279000, 47684151785714285000, 1, '0xa79160bC038C07678C145f1B5220be15bAdB13d7', 1, -10613, 69546), (-9168, 64558, 1676795406, 1, 10, 49436705430629041900, 44006162505511463900, 1, '0x036D6B4DA0b4Eeb9d312E958c2937D9016765F50', 1, -9016, 64038), (-67210, 30832, 1676795406, 1, 10, 53370652131201418100, 53370652131201418100, 1, '0x0fa9077350FC3Ee6924743e1AD9b735c657C455E', 1, -67210, 30832), (-9442, 68746, 1676795406, 1, 10, 52193733886623065000, 47905097376849402000, 0, '0x05d6edC4ff8ef40321aBCf7886Bc606ed13327b0', 1, -9349, 68693), (-5645, 60493, 1676795406, 1, 10, 49648966479327931000, 40251121015160611000, 1, '0x77B770ceB4b2537e52f4534Bb39e43754eB5B7e5', 1, -6225, 62583), (43185, -42090, 1676793029, 2, 10, 54015769671939045500, 3415178571428571000, 0, '0xc72B1b70e69D270544369132d53529e37Be87742', 0, 43235, -41791), (-66307, 30351, 1676795406, 1, 10, 56144282795570109700, 56144282795570109700, 1, '0x3662FA93E6C3bcB04B95e5dD7B1266AD9e8A9965', 1, -66307, 30351), (-10150, 64919, 1676795406, 1, 10, 53019971728550711000, 43561283694404384500, 1, '0x036D6B4DA0b4Eeb9d312E958c2937D9016765F50', 1, -10296, 65769), (-32420, -110248, 1676793262, 2, 10, 46590466300053795000, 17204462052301800000, 0, '0x77B770ceB4b2537e52f4534Bb39e43754eB5B7e5', 0, -30502, -105273), (-63684, 28290, 1676795406, 1, 10, 49240295815198408000, 44670880027580123000, 1, '0xc8529dE5603FF9D6FE9A77d43c27D3e7085B4E43', 1, -63795, 28074), (44604, -42606, 1676793300, 2, 10, 50446506206585461300, 2561383928571428400, 0, '0xc72B1b70e69D270544369132d53529e37Be87742', 0, 45967, -42153), (-7093, 67939, 1676795406, 1, 10, 55851098521653284200, 49331239628927302200, 1, '0x633462025cF12D347C0dF50B2114E65aa364f0a6', 1, -7053, 68807), (45772, -41684, 1676793510, 2, 10, 38928544490703406000, 1921037946428571600, 0, '0xc72B1b70e69D270544369132d53529e37Be87742', 0, 46376, -42206), (-8353, 67488, 1676795406, 1, 10, 47712597364086534900, 38504728557868923900, 1, '0x3662FA93E6C3bcB04B95e5dD7B1266AD9e8A9965', 1, -8308, 67448), (-65040, 30190, 1676795406, 1, 10, 49105657812321847200, 45579275478804057900, 1, '0xA4b1B07974bF67f04EC51bEcABF4aD62106B1Dd0', 1, -65147, 30274), (-65730, 30403, 1676795406, 1, 10, 45522348387704252900, 45522348387704252900, 0, '0x0fa9077350FC3Ee6924743e1AD9b735c657C455E', 1, -65730, 30403), (44910, -42214, 1676794022, 2, 10, 45357567859261598500, 1440778459821428600, 0, '0xc72B1b70e69D270544369132d53529e37Be87742', 0, 46084, -42343), (46653, -43446, 1676794224, 2, 10, 46801031283344447700, 1440778459821428400, 0, '0xc72B1b70e69D270544369132d53529e37Be87742', 0, 46071, -43504), (-66515, 32317, 1676795406, 1, 10, 45779230770597138400, 35141543251792404100, 1, '0x3662FA93E6C3bcB04B95e5dD7B1266AD9e8A9965', 1, -65940, 32246), (-9929, 68183, 1676795406, 1, 10, 49113164638542216900, 49113164638542216900, 1, '0x77B770ceB4b2537e52f4534Bb39e43754eB5B7e5', 1, -9929, 68183), (-1161, -77377, 1676795406, 1, 10, 49198149075773682200, 30308960734001953300, 0, '0xBa1CD5ded4B25dF273d435c969a01dc0B577c95c', 0, -6074, -79045), (-53587, 21899, 1676794515, 3, 1, 2174749802329934300, 2174749802329934300, 1, '0x036D6B4DA0b4Eeb9d312E958c2937D9016765F50', 1, -53587, 21899), (46114, -43007, 1676794747, 2, 10, 49257381883019951000, 720389229910714300, 0, '0xc72B1b70e69D270544369132d53529e37Be87742', 0, 43800, -42251), (-65103, 31044, 1676795406, 1, 10, 52803691027070259300, 52803691027070259300, 1, '0xA4b1B07974bF67f04EC51bEcABF4aD62106B1Dd0', 1, -65103, 31044), (-7133, 68237, 1676795406, 1, 10, 51353884931390702300, 51353884931390702300, 1, '0xa79160bC038C07678C145f1B5220be15bAdB13d7', 1, -7133, 68237), (-6784, -77245, 1676794839, 2, 10, 37120942877184944000, 11116130081534929400, 0, '0xc72B1b70e69D270544369132d53529e37Be87742', 0, -13571, -80616), (-20944, 84108, 1676795048, 3, 1, 1904857557130728500, 1904857557130728500, 0, '0xBa1CD5ded4B25dF273d435c969a01dc0B577c95c', 0, -20944, 84108), (-9245, 66276, 1676795406, 1, 10, 54114251491592745800, 35346202900406452800, 1, '0xd4aEDD30d11907e10B6353e59685BB7Efc14F55D', 1, -9182, 67975), (44082, -43178, 1676795260, 0, 4, 10426934395918931950, 180097307477678550, 0, '0xc72B1b70e69D270544369132d53529e37Be87742', 0, 8358, -75437), (-3226, -80397, 1676795406, 1, 10, 51458184646622126750, 31596865889325257750, 1, '0x77B770ceB4b2537e52f4534Bb39e43754eB5B7e5', 1, -7699, -82872), (-10411, 82359, 1676795382, 0, 1, 4339901656598693000, 4339901656598693000, 1, '0xA4b1B07974bF67f04EC51bEcABF4aD62106B1Dd0', 1, -10411, 82359)]
8 3404.701 [[-0.08048200050096435, 0.6295372924618768], [-0.14004676041617284, -0.7682818373220397], [-0.6171161105289689, 0.28985952474492416]] [(-58853, 34885, 1676795446, 1, 10, 50000000000000000000, 35000000000000000000, 1, '0x5c5f829C4c3E8C4AB97390cb053a456616c27Ea3', 0, -60987, 35376), (-61970, 29047, 1676795446, 1, 10, 47857142857142858000, 28571428571428572000, 1, '0x26CbcaC5281B6E159bc3e6C7400AF25fA46F246B', 1, -65533, 28514), (-66168, 29214, 1676795446, 1, 10, 48705357142857144000, 44151785714285715000, 1, '0xA4b1B07974bF67f04EC51bEcABF4aD62106B1Dd0', 1, -66154, 29294), (45490, -41768, 1676792189, 2, 10, 47395833333333332500, 5000000000000000000, 0, '0xc72B1b70e69D270544369132d53529e37Be87742', 0, 45512, -42787), (-6413, 64099, 1676795446, 1, 10, 48737599206349205000, 48737599206349205000, 1, '0x633462025cF12D347C0dF50B2114E65aa364f0a6', 0, -6413, 64099), (-65286, 30894, 1676795446, 1, 10, 49073454034391536000, 49073454034391536000, 1, '0x26CbcaC5281B6E159bc3e6C7400AF25fA46F246B', 1, -65286, 30894), (-38720, 54983, 1676792351, 2, 10, 49064980158730157500, 5662202380952381000, 0, '0x0fa9077350FC3Ee6924743e1AD9b735c657C455E', 0, -39006, 54962), (45647, -40318, 1676792489, 2, 10, 51381683798133452000, 4553571428571429000, 0, '0xc72B1b70e69D270544369132d53529e37Be87742', 0, 44702, -41234), (-10667, 69593, 1676795446, 1, 10, 52967923280423279000, 47684151785714285000, 1, '0xa79160bC038C07678C145f1B5220be15bAdB13d7', 1, -10613, 69546), (-9168, 64558, 1676795446, 1, 10, 49436705430629041900, 44006162505511463900, 1, '0x036D6B4DA0b4Eeb9d312E958c2937D9016765F50', 1, -9016, 64038), (-67210, 30832, 1676795446, 1, 10, 53370652131201418100, 53370652131201418100, 1, '0x0fa9077350FC3Ee6924743e1AD9b735c657C455E', 1, -67210, 30832), (-9442, 68746, 1676795446, 1, 10, 52193733886623065000, 47905097376849402000, 0, '0x05d6edC4ff8ef40321aBCf7886Bc606ed13327b0', 1, -9349, 68693), (-5645, 60493, 1676795446, 1, 10, 49648966479327931000, 40251121015160611000, 1, '0x77B770ceB4b2537e52f4534Bb39e43754eB5B7e5', 1, -6225, 62583), (43185, -42090, 1676793029, 2, 10, 54015769671939045500, 3415178571428571000, 0, '0xc72B1b70e69D270544369132d53529e37Be87742', 0, 43235, -41791), (-66307, 30351, 1676795446, 1, 10, 56144282795570109700, 56144282795570109700, 1, '0x3662FA93E6C3bcB04B95e5dD7B1266AD9e8A9965', 1, -66307, 30351), (-10150, 64919, 1676795446, 1, 10, 53019971728550711000, 43561283694404384500, 1, '0x036D6B4DA0b4Eeb9d312E958c2937D9016765F50', 1, -10296, 65769), (-32420, -110248, 1676793262, 2, 10, 46590466300053795000, 17204462052301800000, 0, '0x77B770ceB4b2537e52f4534Bb39e43754eB5B7e5', 0, -30502, -105273), (-63684, 28290, 1676795446, 1, 10, 49240295815198408000, 44670880027580123000, 1, '0xc8529dE5603FF9D6FE9A77d43c27D3e7085B4E43', 1, -63795, 28074), (44604, -42606, 1676793300, 2, 10, 50446506206585461300, 2561383928571428400, 0, '0xc72B1b70e69D270544369132d53529e37Be87742', 0, 45967, -42153), (-7093, 67939, 1676795446, 1, 10, 55851098521653284200, 49331239628927302200, 1, '0x633462025cF12D347C0dF50B2114E65aa364f0a6', 1, -7053, 68807), (45772, -41684, 1676793510, 2, 10, 38928544490703406000, 1921037946428571600, 0, '0xc72B1b70e69D270544369132d53529e37Be87742', 0, 46376, -42206), (-8353, 67488, 1676795446, 1, 10, 47712597364086534900, 38504728557868923900, 1, '0x3662FA93E6C3bcB04B95e5dD7B1266AD9e8A9965', 1, -8308, 67448), (-65040, 30190, 1676795446, 1, 10, 49105657812321847200, 45579275478804057900, 1, '0xA4b1B07974bF67f04EC51bEcABF4aD62106B1Dd0', 1, -65147, 30274), (-65730, 30403, 1676795446, 1, 10, 45522348387704252900, 45522348387704252900, 0, '0x0fa9077350FC3Ee6924743e1AD9b735c657C455E', 1, -65730, 30403), (44910, -42214, 1676794022, 2, 10, 45357567859261598500, 1440778459821428600, 0, '0xc72B1b70e69D270544369132d53529e37Be87742', 0, 46084, -42343), (46653, -43446, 1676794224, 2, 10, 46801031283344447700, 1440778459821428400, 0, '0xc72B1b70e69D270544369132d53529e37Be87742', 0, 46071, -43504), (-66515, 32317, 1676795446, 1, 10, 45779230770597138400, 35141543251792404100, 1, '0x3662FA93E6C3bcB04B95e5dD7B1266AD9e8A9965', 1, -65940, 32246), (-9929, 68183, 1676795446, 1, 10, 49113164638542216900, 49113164638542216900, 1, '0x77B770ceB4b2537e52f4534Bb39e43754eB5B7e5', 1, -9929, 68183), (-1161, -77377, 1676795446, 1, 10, 49198149075773682200, 30308960734001953300, 0, '0xBa1CD5ded4B25dF273d435c969a01dc0B577c95c', 0, -6074, -79045), (-53587, 21899, 1676794515, 3, 1, 2174749802329934300, 2174749802329934300, 1, '0x036D6B4DA0b4Eeb9d312E958c2937D9016765F50', 1, -53587, 21899), (46114, -43007, 1676794747, 2, 10, 49257381883019951000, 720389229910714300, 0, '0xc72B1b70e69D270544369132d53529e37Be87742', 0, 43800, -42251), (-65103, 31044, 1676795446, 1, 10, 52803691027070259300, 52803691027070259300, 1, '0xA4b1B07974bF67f04EC51bEcABF4aD62106B1Dd0', 1, -65103, 31044), (-7133, 68237, 1676795446, 1, 10, 51353884931390702300, 51353884931390702300, 1, '0xa79160bC038C07678C145f1B5220be15bAdB13d7', 1, -7133, 68237), (-6784, -77245, 1676794839, 2, 10, 37120942877184944000, 11116130081534929400, 0, '0xc72B1b70e69D270544369132d53529e37Be87742', 0, -13571, -80616), (-20944, 84108, 1676795048, 3, 1, 1904857557130728500, 1904857557130728500, 0, '0xBa1CD5ded4B25dF273d435c969a01dc0B577c95c', 0, -20944, 84108), (-9245, 66276, 1676795446, 1, 10, 54114251491592745800, 35346202900406452800, 1, '0xd4aEDD30d11907e10B6353e59685BB7Efc14F55D', 1, -9182, 67975), (44082, -43178, 1676795260, 0, 4, 10426934395918931950, 180097307477678550, 0, '0xc72B1b70e69D270544369132d53529e37Be87742', 0, 8358, -75437), (-3226, -80397, 1676795446, 1, 10, 51458184646622126750, 31596865889325257750, 1, '0x77B770ceB4b2537e52f4534Bb39e43754eB5B7e5', 1, -7699, -82872), (-10565, 82583, 1676795382, 0, 2, 9094721514281321000, 4339901656598693000, 1, '0xA4b1B07974bF67f04EC51bEcABF4aD62106B1Dd0', 1, -10411, 82359), (-12555, -83642, 1676795438, 0, 1, 3824723223217931000, 3824723223217931000, 1, '0xBa1CD5ded4B25dF273d435c969a01dc0B577c95c', 1, -12555, -83642), (8102, -77325, 1676795440, 0, 1, 889430120238281000, 889430120238281000, 0, '0xc72B1b70e69D270544369132d53529e37Be87742', 0, 8102, -77325)]
8 3434.781 [[-0.08048200050096435, 0.6295372924618768], [-0.14004676041617284, -0.7682818373220397], [-0.6171161105289689, 0.28985952474492416]] [(-58853, 34885, 1676795478, 1, 10, 50000000000000000000, 35000000000000000000, 1, '0x5c5f829C4c3E8C4AB97390cb053a456616c27Ea3', 0, -60987, 35376), (-61970, 29047, 1676795478, 1, 10, 47857142857142858000, 28571428571428572000, 1, '0x26CbcaC5281B6E159bc3e6C7400AF25fA46F246B', 1, -65533, 28514), (-66168, 29214, 1676795478, 1, 10, 48705357142857144000, 44151785714285715000, 1, '0xA4b1B07974bF67f04EC51bEcABF4aD62106B1Dd0', 1, -66154, 29294), (45490, -41768, 1676792189, 2, 10, 47395833333333332500, 5000000000000000000, 0, '0xc72B1b70e69D270544369132d53529e37Be87742', 0, 45512, -42787), (-6413, 64099, 1676795478, 1, 10, 48737599206349205000, 48737599206349205000, 1, '0x633462025cF12D347C0dF50B2114E65aa364f0a6', 0, -6413, 64099), (-65286, 30894, 1676795478, 1, 10, 49073454034391536000, 49073454034391536000, 1, '0x26CbcaC5281B6E159bc3e6C7400AF25fA46F246B', 1, -65286, 30894), (-38720, 54983, 1676792351, 2, 10, 49064980158730157500, 5662202380952381000, 0, '0x0fa9077350FC3Ee6924743e1AD9b735c657C455E', 0, -39006, 54962), (45647, -40318, 1676792489, 2, 10, 51381683798133452000, 4553571428571429000, 0, '0xc72B1b70e69D270544369132d53529e37Be87742', 0, 44702, -41234), (-10667, 69593, 1676795478, 1, 10, 52967923280423279000, 47684151785714285000, 1, '0xa79160bC038C07678C145f1B5220be15bAdB13d7', 1, -10613, 69546), (-9168, 64558, 1676795478, 1, 10, 49436705430629041900, 44006162505511463900, 1, '0x036D6B4DA0b4Eeb9d312E958c2937D9016765F50', 1, -9016, 64038), (-67210, 30832, 1676795478, 1, 10, 53370652131201418100, 53370652131201418100, 1, '0x0fa9077350FC3Ee6924743e1AD9b735c657C455E', 1, -67210, 30832), (-9442, 68746, 1676795478, 1, 10, 52193733886623065000, 47905097376849402000, 0, '0x05d6edC4ff8ef40321aBCf7886Bc606ed13327b0', 1, -9349, 68693), (-5645, 60493, 1676795478, 1, 10, 49648966479327931000, 40251121015160611000, 1, '0x77B770ceB4b2537e52f4534Bb39e43754eB5B7e5', 1, -6225, 62583), (43185, -42090, 1676793029, 2, 10, 54015769671939045500, 3415178571428571000, 0, '0xc72B1b70e69D270544369132d53529e37Be87742', 0, 43235, -41791), (-66307, 30351, 1676795478, 1, 10, 56144282795570109700, 56144282795570109700, 1, '0x3662FA93E6C3bcB04B95e5dD7B1266AD9e8A9965', 1, -66307, 30351), (-10150, 64919, 1676795478, 1, 10, 53019971728550711000, 43561283694404384500, 1, '0x036D6B4DA0b4Eeb9d312E958c2937D9016765F50', 1, -10296, 65769), (-32420, -110248, 1676793262, 2, 10, 46590466300053795000, 17204462052301800000, 0, '0x77B770ceB4b2537e52f4534Bb39e43754eB5B7e5', 0, -30502, -105273), (-63684, 28290, 1676795478, 1, 10, 49240295815198408000, 44670880027580123000, 1, '0xc8529dE5603FF9D6FE9A77d43c27D3e7085B4E43', 1, -63795, 28074), (44604, -42606, 1676793300, 2, 10, 50446506206585461300, 2561383928571428400, 0, '0xc72B1b70e69D270544369132d53529e37Be87742', 0, 45967, -42153), (-7093, 67939, 1676795478, 1, 10, 55851098521653284200, 49331239628927302200, 1, '0x633462025cF12D347C0dF50B2114E65aa364f0a6', 1, -7053, 68807), (45772, -41684, 1676793510, 2, 10, 38928544490703406000, 1921037946428571600, 0, '0xc72B1b70e69D270544369132d53529e37Be87742', 0, 46376, -42206), (-8353, 67488, 1676795478, 1, 10, 47712597364086534900, 38504728557868923900, 1, '0x3662FA93E6C3bcB04B95e5dD7B1266AD9e8A9965', 1, -8308, 67448), (-65040, 30190, 1676795478, 1, 10, 49105657812321847200, 45579275478804057900, 1, '0xA4b1B07974bF67f04EC51bEcABF4aD62106B1Dd0', 1, -65147, 30274), (-65730, 30403, 1676795478, 1, 10, 45522348387704252900, 45522348387704252900, 0, '0x0fa9077350FC3Ee6924743e1AD9b735c657C455E', 1, -65730, 30403), (44910, -42214, 1676794022, 2, 10, 45357567859261598500, 1440778459821428600, 0, '0xc72B1b70e69D270544369132d53529e37Be87742', 0, 46084, -42343), (46653, -43446, 1676794224, 2, 10, 46801031283344447700, 1440778459821428400, 0, '0xc72B1b70e69D270544369132d53529e37Be87742', 0, 46071, -43504), (-66515, 32317, 1676795478, 1, 10, 45779230770597138400, 35141543251792404100, 1, '0x3662FA93E6C3bcB04B95e5dD7B1266AD9e8A9965', 1, -65940, 32246), (-9929, 68183, 1676795478, 1, 10, 49113164638542216900, 49113164638542216900, 1, '0x77B770ceB4b2537e52f4534Bb39e43754eB5B7e5', 1, -9929, 68183), (-1161, -77377, 1676795478, 1, 10, 49198149075773682200, 30308960734001953300, 0, '0xBa1CD5ded4B25dF273d435c969a01dc0B577c95c', 0, -6074, -79045), (-53587, 21899, 1676794515, 3, 1, 2174749802329934300, 2174749802329934300, 1, '0x036D6B4DA0b4Eeb9d312E958c2937D9016765F50', 1, -53587, 21899), (46114, -43007, 1676794747, 2, 10, 49257381883019951000, 720389229910714300, 0, '0xc72B1b70e69D270544369132d53529e37Be87742', 0, 43800, -42251), (-65103, 31044, 1676795478, 1, 10, 52803691027070259300, 52803691027070259300, 1, '0xA4b1B07974bF67f04EC51bEcABF4aD62106B1Dd0', 1, -65103, 31044), (-7133, 68237, 1676795478, 1, 10, 51353884931390702300, 51353884931390702300, 1, '0xa79160bC038C07678C145f1B5220be15bAdB13d7', 1, -7133, 68237), (-6784, -77245, 1676794839, 2, 10, 37120942877184944000, 11116130081534929400, 0, '0xc72B1b70e69D270544369132d53529e37Be87742', 0, -13571, -80616), (-20944, 84108, 1676795048, 3, 1, 1904857557130728500, 1904857557130728500, 0, '0xBa1CD5ded4B25dF273d435c969a01dc0B577c95c', 0, -20944, 84108), (-9245, 66276, 1676795478, 1, 10, 54114251491592745800, 35346202900406452800, 1, '0xd4aEDD30d11907e10B6353e59685BB7Efc14F55D', 1, -9182, 67975), (44053, -42765, 1676795260, 0, 6, 17244066479606686250, 180097307477678550, 0, '0xc72B1b70e69D270544369132d53529e37Be87742', 0, 8358, -75437), (-3226, -80397, 1676795478, 1, 10, 51458184646622126750, 31596865889325257750, 1, '0x77B770ceB4b2537e52f4534Bb39e43754eB5B7e5', 1, -7699, -82872), (-10156, 75531, 1676795382, 0, 3, 16391285405045386000, 11636465547362758000, 1, '0xA4b1B07974bF67f04EC51bEcABF4aD62106B1Dd0', 1, -9931, 72567), (-12555, -83642, 1676795438, 0, 1, 3824723223217931000, 3824723223217931000, 1, '0xBa1CD5ded4B25dF273d435c969a01dc0B577c95c', 1, -12555, -83642), (-3324, -77117, 1676795440, 0, 2, 3198466729826222000, 3198466729826222000, 0, '0xc72B1b70e69D270544369132d53529e37Be87742', 0, -3324, -77117)]
8 3464.985 [[-0.08048200050096435, 0.6295372924618768], [-0.14004676041617284, -0.7682818373220397], [-0.6171161105289689, 0.28985952474492416]] [(-58853, 34885, 1676795514, 1, 10, 50000000000000000000, 35000000000000000000, 1, '0x5c5f829C4c3E8C4AB97390cb053a456616c27Ea3', 0, -60987, 35376), (-61970, 29047, 1676795514, 1, 10, 47857142857142858000, 28571428571428572000, 1, '0x26CbcaC5281B6E159bc3e6C7400AF25fA46F246B', 1, -65533, 28514), (-66168, 29214, 1676795514, 1, 10, 48705357142857144000, 44151785714285715000, 1, '0xA4b1B07974bF67f04EC51bEcABF4aD62106B1Dd0', 1, -66154, 29294), (45490, -41768, 1676792189, 2, 10, 47395833333333332500, 5000000000000000000, 0, '0xc72B1b70e69D270544369132d53529e37Be87742', 0, 45512, -42787), (-6413, 64099, 1676795514, 1, 10, 48737599206349205000, 48737599206349205000, 1, '0x633462025cF12D347C0dF50B2114E65aa364f0a6', 0, -6413, 64099), (-65286, 30894, 1676795514, 1, 10, 49073454034391536000, 49073454034391536000, 1, '0x26CbcaC5281B6E159bc3e6C7400AF25fA46F246B', 1, -65286, 30894), (-38720, 54983, 1676792351, 2, 10, 49064980158730157500, 5662202380952381000, 0, '0x0fa9077350FC3Ee6924743e1AD9b735c657C455E', 0, -39006, 54962), (45647, -40318, 1676792489, 2, 10, 51381683798133452000, 4553571428571429000, 0, '0xc72B1b70e69D270544369132d53529e37Be87742', 0, 44702, -41234), (-10667, 69593, 1676795514, 1, 10, 52967923280423279000, 47684151785714285000, 1, '0xa79160bC038C07678C145f1B5220be15bAdB13d7', 1, -10613, 69546), (-9168, 64558, 1676795514, 1, 10, 49436705430629041900, 44006162505511463900, 1, '0x036D6B4DA0b4Eeb9d312E958c2937D9016765F50', 1, -9016, 64038), (-67210, 30832, 1676795514, 1, 10, 53370652131201418100, 53370652131201418100, 1, '0x0fa9077350FC3Ee6924743e1AD9b735c657C455E', 1, -67210, 30832), (-9442, 68746, 1676795514, 1, 10, 52193733886623065000, 47905097376849402000, 0, '0x05d6edC4ff8ef40321aBCf7886Bc606ed13327b0', 1, -9349, 68693), (-5645, 60493, 1676795514, 1, 10, 49648966479327931000, 40251121015160611000, 1, '0x77B770ceB4b2537e52f4534Bb39e43754eB5B7e5', 1, -6225, 62583), (43185, -42090, 1676793029, 2, 10, 54015769671939045500, 3415178571428571000, 0, '0xc72B1b70e69D270544369132d53529e37Be87742', 0, 43235, -41791), (-66307, 30351, 1676795514, 1, 10, 56144282795570109700, 56144282795570109700, 1, '0x3662FA93E6C3bcB04B95e5dD7B1266AD9e8A9965', 1, -66307, 30351), (-10150, 64919, 1676795514, 1, 10, 53019971728550711000, 43561283694404384500, 1, '0x036D6B4DA0b4Eeb9d312E958c2937D9016765F50', 1, -10296, 65769), (-32420, -110248, 1676793262, 2, 10, 46590466300053795000, 17204462052301800000, 0, '0x77B770ceB4b2537e52f4534Bb39e43754eB5B7e5', 0, -30502, -105273), (-63684, 28290, 1676795514, 1, 10, 49240295815198408000, 44670880027580123000, 1, '0xc8529dE5603FF9D6FE9A77d43c27D3e7085B4E43', 1, -63795, 28074), (44604, -42606, 1676793300, 2, 10, 50446506206585461300, 2561383928571428400, 0, '0xc72B1b70e69D270544369132d53529e37Be87742', 0, 45967, -42153), (-7093, 67939, 1676795514, 1, 10, 55851098521653284200, 49331239628927302200, 1, '0x633462025cF12D347C0dF50B2114E65aa364f0a6', 1, -7053, 68807), (45772, -41684, 1676793510, 2, 10, 38928544490703406000, 1921037946428571600, 0, '0xc72B1b70e69D270544369132d53529e37Be87742', 0, 46376, -42206), (-8353, 67488, 1676795514, 1, 10, 47712597364086534900, 38504728557868923900, 1, '0x3662FA93E6C3bcB04B95e5dD7B1266AD9e8A9965', 1, -8308, 67448), (-65040, 30190, 1676795514, 1, 10, 49105657812321847200, 45579275478804057900, 1, '0xA4b1B07974bF67f04EC51bEcABF4aD62106B1Dd0', 1, -65147, 30274), (-65730, 30403, 1676795514, 1, 10, 45522348387704252900, 45522348387704252900, 0, '0x0fa9077350FC3Ee6924743e1AD9b735c657C455E', 1, -65730, 30403), (44910, -42214, 1676794022, 2, 10, 45357567859261598500, 1440778459821428600, 0, '0xc72B1b70e69D270544369132d53529e37Be87742', 0, 46084, -42343), (46653, -43446, 1676794224, 2, 10, 46801031283344447700, 1440778459821428400, 0, '0xc72B1b70e69D270544369132d53529e37Be87742', 0, 46071, -43504), (-66515, 32317, 1676795514, 1, 10, 45779230770597138400, 35141543251792404100, 1, '0x3662FA93E6C3bcB04B95e5dD7B1266AD9e8A9965', 1, -65940, 32246), (-9929, 68183, 1676795514, 1, 10, 49113164638542216900, 49113164638542216900, 1, '0x77B770ceB4b2537e52f4534Bb39e43754eB5B7e5', 1, -9929, 68183), (-1161, -77377, 1676795514, 1, 10, 49198149075773682200, 30308960734001953300, 0, '0xBa1CD5ded4B25dF273d435c969a01dc0B577c95c', 0, -6074, -79045), (-53587, 21899, 1676794515, 3, 1, 2174749802329934300, 2174749802329934300, 1, '0x036D6B4DA0b4Eeb9d312E958c2937D9016765F50', 1, -53587, 21899), (46114, -43007, 1676794747, 2, 10, 49257381883019951000, 720389229910714300, 0, '0xc72B1b70e69D270544369132d53529e37Be87742', 0, 43800, -42251), (-65103, 31044, 1676795514, 1, 10, 52803691027070259300, 52803691027070259300, 1, '0xA4b1B07974bF67f04EC51bEcABF4aD62106B1Dd0', 1, -65103, 31044), (-7133, 68237, 1676795514, 1, 10, 51353884931390702300, 51353884931390702300, 1, '0xa79160bC038C07678C145f1B5220be15bAdB13d7', 1, -7133, 68237), (-6784, -77245, 1676794839, 2, 10, 37120942877184944000, 11116130081534929400, 0, '0xc72B1b70e69D270544369132d53529e37Be87742', 0, -13571, -80616), (-20944, 84108, 1676795048, 3, 1, 1904857557130728500, 1904857557130728500, 0, '0xBa1CD5ded4B25dF273d435c969a01dc0B577c95c', 0, -20944, 84108), (-9245, 66276, 1676795514, 1, 10, 54114251491592745800, 35346202900406452800, 1, '0xd4aEDD30d11907e10B6353e59685BB7Efc14F55D', 1, -9182, 67975), (43810, -43130, 1676795260, 0, 8, 34732724288389745250, 180097307477678550, 0, '0xc72B1b70e69D270544369132d53529e37Be87742', 0, 8358, -75437), (-3226, -80397, 1676795514, 1, 10, 51458184646622126750, 31596865889325257750, 1, '0x77B770ceB4b2537e52f4534Bb39e43754eB5B7e5', 1, -7699, -82872), (-10533, 76523, 1676795382, 0, 5, 25123411063301576000, 14947642204138489000, 1, '0xA4b1B07974bF67f04EC51bEcABF4aD62106B1Dd0', 1, -10580, 71706), (-20974, -82753, 1676795438, 0, 2, 6133759832805872000, 6133759832805872000, 1, '0xBa1CD5ded4B25dF273d435c969a01dc0B577c95c', 1, -20974, -82753), (-3324, -77117, 1676795440, 0, 2, 3198466729826222000, 3198466729826222000, 0, '0xc72B1b70e69D270544369132d53529e37Be87742', 0, -3324, -77117)]
8 3495.349 [[-0.08048200050096435, 0.6295372924618768], [-0.14004676041617284, -0.7682818373220397], [-0.6171161105289689, 0.28985952474492416]] [(-58853, 34885, 1676795534, 1, 10, 50000000000000000000, 35000000000000000000, 1, '0x5c5f829C4c3E8C4AB97390cb053a456616c27Ea3', 0, -60987, 35376), (-61970, 29047, 1676795534, 1, 10, 47857142857142858000, 28571428571428572000, 1, '0x26CbcaC5281B6E159bc3e6C7400AF25fA46F246B', 1, -65533, 28514), (-66168, 29214, 1676795534, 1, 10, 48705357142857144000, 44151785714285715000, 1, '0xA4b1B07974bF67f04EC51bEcABF4aD62106B1Dd0', 1, -66154, 29294), (45490, -41768, 1676792189, 2, 10, 47395833333333332500, 5000000000000000000, 0, '0xc72B1b70e69D270544369132d53529e37Be87742', 0, 45512, -42787), (-6413, 64099, 1676795534, 1, 10, 48737599206349205000, 48737599206349205000, 1, '0x633462025cF12D347C0dF50B2114E65aa364f0a6', 0, -6413, 64099), (-65286, 30894, 1676795534, 1, 10, 49073454034391536000, 49073454034391536000, 1, '0x26CbcaC5281B6E159bc3e6C7400AF25fA46F246B', 1, -65286, 30894), (-38720, 54983, 1676792351, 2, 10, 49064980158730157500, 5662202380952381000, 0, '0x0fa9077350FC3Ee6924743e1AD9b735c657C455E', 0, -39006, 54962), (45647, -40318, 1676792489, 2, 10, 51381683798133452000, 4553571428571429000, 0, '0xc72B1b70e69D270544369132d53529e37Be87742', 0, 44702, -41234), (-10667, 69593, 1676795534, 1, 10, 52967923280423279000, 47684151785714285000, 1, '0xa79160bC038C07678C145f1B5220be15bAdB13d7', 1, -10613, 69546), (-9168, 64558, 1676795534, 1, 10, 49436705430629041900, 44006162505511463900, 1, '0x036D6B4DA0b4Eeb9d312E958c2937D9016765F50', 1, -9016, 64038), (-67210, 30832, 1676795534, 1, 10, 53370652131201418100, 53370652131201418100, 1, '0x0fa9077350FC3Ee6924743e1AD9b735c657C455E', 1, -67210, 30832), (-9442, 68746, 1676795534, 1, 10, 52193733886623065000, 47905097376849402000, 0, '0x05d6edC4ff8ef40321aBCf7886Bc606ed13327b0', 1, -9349, 68693), (-5645, 60493, 1676795534, 1, 10, 49648966479327931000, 40251121015160611000, 1, '0x77B770ceB4b2537e52f4534Bb39e43754eB5B7e5', 1, -6225, 62583), (43185, -42090, 1676793029, 2, 10, 54015769671939045500, 3415178571428571000, 0, '0xc72B1b70e69D270544369132d53529e37Be87742', 0, 43235, -41791), (-66307, 30351, 1676795534, 1, 10, 56144282795570109700, 56144282795570109700, 1, '0x3662FA93E6C3bcB04B95e5dD7B1266AD9e8A9965', 1, -66307, 30351), (-10150, 64919, 1676795534, 1, 10, 53019971728550711000, 43561283694404384500, 1, '0x036D6B4DA0b4Eeb9d312E958c2937D9016765F50', 1, -10296, 65769), (-32420, -110248, 1676793262, 2, 10, 46590466300053795000, 17204462052301800000, 0, '0x77B770ceB4b2537e52f4534Bb39e43754eB5B7e5', 0, -30502, -105273), (-63684, 28290, 1676795534, 1, 10, 49240295815198408000, 44670880027580123000, 1, '0xc8529dE5603FF9D6FE9A77d43c27D3e7085B4E43', 1, -63795, 28074), (44604, -42606, 1676793300, 2, 10, 50446506206585461300, 2561383928571428400, 0, '0xc72B1b70e69D270544369132d53529e37Be87742', 0, 45967, -42153), (-7093, 67939, 1676795534, 1, 10, 55851098521653284200, 49331239628927302200, 1, '0x633462025cF12D347C0dF50B2114E65aa364f0a6', 1, -7053, 68807), (45772, -41684, 1676793510, 2, 10, 38928544490703406000, 1921037946428571600, 0, '0xc72B1b70e69D270544369132d53529e37Be87742', 0, 46376, -42206), (-8353, 67488, 1676795534, 1, 10, 47712597364086534900, 38504728557868923900, 1, '0x3662FA93E6C3bcB04B95e5dD7B1266AD9e8A9965', 1, -8308, 67448), (-65040, 30190, 1676795534, 1, 10, 49105657812321847200, 45579275478804057900, 1, '0xA4b1B07974bF67f04EC51bEcABF4aD62106B1Dd0', 1, -65147, 30274), (-65730, 30403, 1676795534, 1, 10, 45522348387704252900, 45522348387704252900, 0, '0x0fa9077350FC3Ee6924743e1AD9b735c657C455E', 1, -65730, 30403), (44910, -42214, 1676794022, 2, 10, 45357567859261598500, 1440778459821428600, 0, '0xc72B1b70e69D270544369132d53529e37Be87742', 0, 46084, -42343), (46653, -43446, 1676794224, 2, 10, 46801031283344447700, 1440778459821428400, 0, '0xc72B1b70e69D270544369132d53529e37Be87742', 0, 46071, -43504), (-66515, 32317, 1676795534, 1, 10, 45779230770597138400, 35141543251792404100, 1, '0x3662FA93E6C3bcB04B95e5dD7B1266AD9e8A9965', 1, -65940, 32246), (-9929, 68183, 1676795534, 1, 10, 49113164638542216900, 49113164638542216900, 1, '0x77B770ceB4b2537e52f4534Bb39e43754eB5B7e5', 1, -9929, 68183), (-1161, -77377, 1676795534, 1, 10, 49198149075773682200, 30308960734001953300, 0, '0xBa1CD5ded4B25dF273d435c969a01dc0B577c95c', 0, -6074, -79045), (-53587, 21899, 1676794515, 3, 1, 2174749802329934300, 2174749802329934300, 1, '0x036D6B4DA0b4Eeb9d312E958c2937D9016765F50', 1, -53587, 21899), (46114, -43007, 1676794747, 2, 10, 49257381883019951000, 720389229910714300, 0, '0xc72B1b70e69D270544369132d53529e37Be87742', 0, 43800, -42251), (-65103, 31044, 1676795534, 1, 10, 52803691027070259300, 52803691027070259300, 1, '0xA4b1B07974bF67f04EC51bEcABF4aD62106B1Dd0', 1, -65103, 31044), (-7133, 68237, 1676795534, 1, 10, 51353884931390702300, 51353884931390702300, 1, '0xa79160bC038C07678C145f1B5220be15bAdB13d7', 1, -7133, 68237), (-6784, -77245, 1676794839, 2, 10, 37120942877184944000, 11116130081534929400, 0, '0xc72B1b70e69D270544369132d53529e37Be87742', 0, -13571, -80616), (-20944, 84108, 1676795048, 3, 1, 1904857557130728500, 1904857557130728500, 0, '0xBa1CD5ded4B25dF273d435c969a01dc0B577c95c', 0, -20944, 84108), (-9245, 66276, 1676795534, 1, 10, 54114251491592745800, 35346202900406452800, 1, '0xd4aEDD30d11907e10B6353e59685BB7Efc14F55D', 1, -9182, 67975), (43810, -43130, 1676795260, 0, 8, 34732724288389745250, 180097307477678550, 0, '0xc72B1b70e69D270544369132d53529e37Be87742', 0, 8358, -75437), (-3226, -80397, 1676795534, 1, 10, 51458184646622126750, 31596865889325257750, 1, '0x77B770ceB4b2537e52f4534Bb39e43754eB5B7e5', 1, -7699, -82872), (-10867, 75197, 1676795382, 0, 6, 28948134286519507000, 18772365427356420000, 1, '0xA4b1B07974bF67f04EC51bEcABF4aD62106B1Dd0', 1, -11086, 70642), (-17768, -85093, 1676795438, 0, 3, 13430323723569937000, 13430323723569937000, 1, '0xBa1CD5ded4B25dF273d435c969a01dc0B577c95c', 1, -17768, -85093), (-3324, -77117, 1676795440, 0, 2, 3198466729826222000, 3198466729826222000, 0, '0xc72B1b70e69D270544369132d53529e37Be87742', 0, -3324, -77117)]
8 3525.407 [[-0.08048200050096435, 0.6295372924618768], [-0.14004676041617284, -0.7682818373220397], [-0.6171161105289689, 0.28985952474492416]] [(-58853, 34885, 1676795570, 1, 10, 50000000000000000000, 35000000000000000000, 1, '0x5c5f829C4c3E8C4AB97390cb053a456616c27Ea3', 0, -60987, 35376), (-61970, 29047, 1676795570, 1, 10, 47857142857142858000, 28571428571428572000, 1, '0x26CbcaC5281B6E159bc3e6C7400AF25fA46F246B', 1, -65533, 28514), (-66168, 29214, 1676795570, 1, 10, 48705357142857144000, 44151785714285715000, 1, '0xA4b1B07974bF67f04EC51bEcABF4aD62106B1Dd0', 1, -66154, 29294), (45490, -41768, 1676792189, 2, 10, 47395833333333332500, 5000000000000000000, 0, '0xc72B1b70e69D270544369132d53529e37Be87742', 0, 45512, -42787), (-6413, 64099, 1676795570, 1, 10, 48737599206349205000, 48737599206349205000, 1, '0x633462025cF12D347C0dF50B2114E65aa364f0a6', 0, -6413, 64099), (-65286, 30894, 1676795570, 1, 10, 49073454034391536000, 49073454034391536000, 1, '0x26CbcaC5281B6E159bc3e6C7400AF25fA46F246B', 1, -65286, 30894), (-38720, 54983, 1676792351, 2, 10, 49064980158730157500, 5662202380952381000, 0, '0x0fa9077350FC3Ee6924743e1AD9b735c657C455E', 0, -39006, 54962), (45647, -40318, 1676792489, 2, 10, 51381683798133452000, 4553571428571429000, 0, '0xc72B1b70e69D270544369132d53529e37Be87742', 0, 44702, -41234), (-10667, 69593, 1676795570, 1, 10, 52967923280423279000, 47684151785714285000, 1, '0xa79160bC038C07678C145f1B5220be15bAdB13d7', 1, -10613, 69546), (-9168, 64558, 1676795570, 1, 10, 49436705430629041900, 44006162505511463900, 1, '0x036D6B4DA0b4Eeb9d312E958c2937D9016765F50', 1, -9016, 64038), (-67210, 30832, 1676795570, 1, 10, 53370652131201418100, 53370652131201418100, 1, '0x0fa9077350FC3Ee6924743e1AD9b735c657C455E', 1, -67210, 30832), (-9442, 68746, 1676795570, 1, 10, 52193733886623065000, 47905097376849402000, 0, '0x05d6edC4ff8ef40321aBCf7886Bc606ed13327b0', 1, -9349, 68693), (-5645, 60493, 1676795570, 1, 10, 49648966479327931000, 40251121015160611000, 1, '0x77B770ceB4b2537e52f4534Bb39e43754eB5B7e5', 1, -6225, 62583), (43185, -42090, 1676793029, 2, 10, 54015769671939045500, 3415178571428571000, 0, '0xc72B1b70e69D270544369132d53529e37Be87742', 0, 43235, -41791), (-66307, 30351, 1676795570, 1, 10, 56144282795570109700, 56144282795570109700, 1, '0x3662FA93E6C3bcB04B95e5dD7B1266AD9e8A9965', 1, -66307, 30351), (-10150, 64919, 1676795570, 1, 10, 53019971728550711000, 43561283694404384500, 1, '0x036D6B4DA0b4Eeb9d312E958c2937D9016765F50', 1, -10296, 65769), (-32420, -110248, 1676793262, 2, 10, 46590466300053795000, 17204462052301800000, 0, '0x77B770ceB4b2537e52f4534Bb39e43754eB5B7e5', 0, -30502, -105273), (-63684, 28290, 1676795570, 1, 10, 49240295815198408000, 44670880027580123000, 1, '0xc8529dE5603FF9D6FE9A77d43c27D3e7085B4E43', 1, -63795, 28074), (44604, -42606, 1676793300, 2, 10, 50446506206585461300, 2561383928571428400, 0, '0xc72B1b70e69D270544369132d53529e37Be87742', 0, 45967, -42153), (-7093, 67939, 1676795570, 1, 10, 55851098521653284200, 49331239628927302200, 1, '0x633462025cF12D347C0dF50B2114E65aa364f0a6', 1, -7053, 68807), (45772, -41684, 1676793510, 2, 10, 38928544490703406000, 1921037946428571600, 0, '0xc72B1b70e69D270544369132d53529e37Be87742', 0, 46376, -42206), (-8353, 67488, 1676795570, 1, 10, 47712597364086534900, 38504728557868923900, 1, '0x3662FA93E6C3bcB04B95e5dD7B1266AD9e8A9965', 1, -8308, 67448), (-65040, 30190, 1676795570, 1, 10, 49105657812321847200, 45579275478804057900, 1, '0xA4b1B07974bF67f04EC51bEcABF4aD62106B1Dd0', 1, -65147, 30274), (-65730, 30403, 1676795570, 1, 10, 45522348387704252900, 45522348387704252900, 0, '0x0fa9077350FC3Ee6924743e1AD9b735c657C455E', 1, -65730, 30403), (44910, -42214, 1676794022, 2, 10, 45357567859261598500, 1440778459821428600, 0, '0xc72B1b70e69D270544369132d53529e37Be87742', 0, 46084, -42343), (46653, -43446, 1676794224, 2, 10, 46801031283344447700, 1440778459821428400, 0, '0xc72B1b70e69D270544369132d53529e37Be87742', 0, 46071, -43504), (-66515, 32317, 1676795570, 1, 10, 45779230770597138400, 35141543251792404100, 1, '0x3662FA93E6C3bcB04B95e5dD7B1266AD9e8A9965', 1, -65940, 32246), (-9929, 68183, 1676795570, 1, 10, 49113164638542216900, 49113164638542216900, 1, '0x77B770ceB4b2537e52f4534Bb39e43754eB5B7e5', 1, -9929, 68183), (-1161, -77377, 1676795570, 1, 10, 49198149075773682200, 30308960734001953300, 0, '0xBa1CD5ded4B25dF273d435c969a01dc0B577c95c', 0, -6074, -79045), (-53587, 21899, 1676794515, 3, 1, 2174749802329934300, 2174749802329934300, 1, '0x036D6B4DA0b4Eeb9d312E958c2937D9016765F50', 1, -53587, 21899), (46114, -43007, 1676794747, 2, 10, 49257381883019951000, 720389229910714300, 0, '0xc72B1b70e69D270544369132d53529e37Be87742', 0, 43800, -42251), (-65103, 31044, 1676795570, 1, 10, 52803691027070259300, 52803691027070259300, 1, '0xA4b1B07974bF67f04EC51bEcABF4aD62106B1Dd0', 1, -65103, 31044), (-7133, 68237, 1676795570, 1, 10, 51353884931390702300, 51353884931390702300, 1, '0xa79160bC038C07678C145f1B5220be15bAdB13d7', 1, -7133, 68237), (-6784, -77245, 1676794839, 2, 10, 37120942877184944000, 11116130081534929400, 0, '0xc72B1b70e69D270544369132d53529e37Be87742', 0, -13571, -80616), (-20944, 84108, 1676795048, 3, 1, 1904857557130728500, 1904857557130728500, 0, '0xBa1CD5ded4B25dF273d435c969a01dc0B577c95c', 0, -20944, 84108), (-9245, 66276, 1676795570, 1, 10, 54114251491592745800, 35346202900406452800, 1, '0xd4aEDD30d11907e10B6353e59685BB7Efc14F55D', 1, -9182, 67975), (43683, -43280, 1676795260, 0, 9, 39325820740739838250, 180097307477678550, 0, '0xc72B1b70e69D270544369132d53529e37Be87742', 0, 8358, -75437), (-3226, -80397, 1676795570, 1, 10, 51458184646622126750, 31596865889325257750, 1, '0x77B770ceB4b2537e52f4534Bb39e43754eB5B7e5', 1, -7699, -82872), (-10933, 76024, 1676795382, 0, 7, 30716031900847966300, 20540263041684879300, 1, '0xA4b1B07974bF67f04EC51bEcABF4aD62106B1Dd0', 1, -11165, 72272), (-17768, -85093, 1676795438, 0, 3, 13430323723569937000, 13430323723569937000, 1, '0xBa1CD5ded4B25dF273d435c969a01dc0B577c95c', 1, -17768, -85093), (-9273, -75803, 1676795440, 0, 3, 7953286587508850000, 7953286587508850000, 0, '0xc72B1b70e69D270544369132d53529e37Be87742', 0, -9273, -75803)]
8 3555.44 [[-0.08048200050096435, 0.6295372924618768], [-0.14004676041617284, -0.7682818373220397], [-0.6171161105289689, 0.28985952474492416]] [(-58853, 34885, 1676795604, 1, 10, 50000000000000000000, 35000000000000000000, 1, '0x5c5f829C4c3E8C4AB97390cb053a456616c27Ea3', 0, -60987, 35376), (-61970, 29047, 1676795604, 1, 10, 47857142857142858000, 28571428571428572000, 1, '0x26CbcaC5281B6E159bc3e6C7400AF25fA46F246B', 1, -65533, 28514), (-66168, 29214, 1676795604, 1, 10, 48705357142857144000, 44151785714285715000, 1, '0xA4b1B07974bF67f04EC51bEcABF4aD62106B1Dd0', 1, -66154, 29294), (45490, -41768, 1676792189, 2, 10, 47395833333333332500, 5000000000000000000, 0, '0xc72B1b70e69D270544369132d53529e37Be87742', 0, 45512, -42787), (-6413, 64099, 1676795604, 1, 10, 48737599206349205000, 48737599206349205000, 1, '0x633462025cF12D347C0dF50B2114E65aa364f0a6', 0, -6413, 64099), (-65286, 30894, 1676795604, 1, 10, 49073454034391536000, 49073454034391536000, 1, '0x26CbcaC5281B6E159bc3e6C7400AF25fA46F246B', 1, -65286, 30894), (-38720, 54983, 1676792351, 2, 10, 49064980158730157500, 5662202380952381000, 0, '0x0fa9077350FC3Ee6924743e1AD9b735c657C455E', 0, -39006, 54962), (45647, -40318, 1676792489, 2, 10, 51381683798133452000, 4553571428571429000, 0, '0xc72B1b70e69D270544369132d53529e37Be87742', 0, 44702, -41234), (-10667, 69593, 1676795604, 1, 10, 52967923280423279000, 47684151785714285000, 1, '0xa79160bC038C07678C145f1B5220be15bAdB13d7', 1, -10613, 69546), (-9168, 64558, 1676795604, 1, 10, 49436705430629041900, 44006162505511463900, 1, '0x036D6B4DA0b4Eeb9d312E958c2937D9016765F50', 1, -9016, 64038), (-67210, 30832, 1676795604, 1, 10, 53370652131201418100, 53370652131201418100, 1, '0x0fa9077350FC3Ee6924743e1AD9b735c657C455E', 1, -67210, 30832), (-9442, 68746, 1676795604, 1, 10, 52193733886623065000, 47905097376849402000, 0, '0x05d6edC4ff8ef40321aBCf7886Bc606ed13327b0', 1, -9349, 68693), (-5645, 60493, 1676795604, 1, 10, 49648966479327931000, 40251121015160611000, 1, '0x77B770ceB4b2537e52f4534Bb39e43754eB5B7e5', 1, -6225, 62583), (43185, -42090, 1676793029, 2, 10, 54015769671939045500, 3415178571428571000, 0, '0xc72B1b70e69D270544369132d53529e37Be87742', 0, 43235, -41791), (-66307, 30351, 1676795604, 1, 10, 56144282795570109700, 56144282795570109700, 1, '0x3662FA93E6C3bcB04B95e5dD7B1266AD9e8A9965', 1, -66307, 30351), (-10150, 64919, 1676795604, 1, 10, 53019971728550711000, 43561283694404384500, 1, '0x036D6B4DA0b4Eeb9d312E958c2937D9016765F50', 1, -10296, 65769), (-32420, -110248, 1676793262, 2, 10, 46590466300053795000, 17204462052301800000, 0, '0x77B770ceB4b2537e52f4534Bb39e43754eB5B7e5', 0, -30502, -105273), (-63684, 28290, 1676795604, 1, 10, 49240295815198408000, 44670880027580123000, 1, '0xc8529dE5603FF9D6FE9A77d43c27D3e7085B4E43', 1, -63795, 28074), (44604, -42606, 1676793300, 2, 10, 50446506206585461300, 2561383928571428400, 0, '0xc72B1b70e69D270544369132d53529e37Be87742', 0, 45967, -42153), (-7093, 67939, 1676795604, 1, 10, 55851098521653284200, 49331239628927302200, 1, '0x633462025cF12D347C0dF50B2114E65aa364f0a6', 1, -7053, 68807), (45772, -41684, 1676793510, 2, 10, 38928544490703406000, 1921037946428571600, 0, '0xc72B1b70e69D270544369132d53529e37Be87742', 0, 46376, -42206), (-8353, 67488, 1676795604, 1, 10, 47712597364086534900, 38504728557868923900, 1, '0x3662FA93E6C3bcB04B95e5dD7B1266AD9e8A9965', 1, -8308, 67448), (-65040, 30190, 1676795604, 1, 10, 49105657812321847200, 45579275478804057900, 1, '0xA4b1B07974bF67f04EC51bEcABF4aD62106B1Dd0', 1, -65147, 30274), (-65730, 30403, 1676795604, 1, 10, 45522348387704252900, 45522348387704252900, 0, '0x0fa9077350FC3Ee6924743e1AD9b735c657C455E', 1, -65730, 30403), (44910, -42214, 1676794022, 2, 10, 45357567859261598500, 1440778459821428600, 0, '0xc72B1b70e69D270544369132d53529e37Be87742', 0, 46084, -42343), (46653, -43446, 1676794224, 2, 10, 46801031283344447700, 1440778459821428400, 0, '0xc72B1b70e69D270544369132d53529e37Be87742', 0, 46071, -43504), (-66515, 32317, 1676795604, 1, 10, 45779230770597138400, 35141543251792404100, 1, '0x3662FA93E6C3bcB04B95e5dD7B1266AD9e8A9965', 1, -65940, 32246), (-9929, 68183, 1676795604, 1, 10, 49113164638542216900, 49113164638542216900, 1, '0x77B770ceB4b2537e52f4534Bb39e43754eB5B7e5', 1, -9929, 68183), (-1161, -77377, 1676795604, 1, 10, 49198149075773682200, 30308960734001953300, 0, '0xBa1CD5ded4B25dF273d435c969a01dc0B577c95c', 0, -6074, -79045), (-53587, 21899, 1676794515, 3, 1, 2174749802329934300, 2174749802329934300, 1, '0x036D6B4DA0b4Eeb9d312E958c2937D9016765F50', 1, -53587, 21899), (46114, -43007, 1676794747, 2, 10, 49257381883019951000, 720389229910714300, 0, '0xc72B1b70e69D270544369132d53529e37Be87742', 0, 43800, -42251), (-65103, 31044, 1676795604, 1, 10, 52803691027070259300, 52803691027070259300, 1, '0xA4b1B07974bF67f04EC51bEcABF4aD62106B1Dd0', 1, -65103, 31044), (-7133, 68237, 1676795604, 1, 10, 51353884931390702300, 51353884931390702300, 1, '0xa79160bC038C07678C145f1B5220be15bAdB13d7', 1, -7133, 68237), (-6784, -77245, 1676794839, 2, 10, 37120942877184944000, 11116130081534929400, 0, '0xc72B1b70e69D270544369132d53529e37Be87742', 0, -13571, -80616), (-20944, 84108, 1676795048, 3, 1, 1904857557130728500, 1904857557130728500, 0, '0xBa1CD5ded4B25dF273d435c969a01dc0B577c95c', 0, -20944, 84108), (-9245, 66276, 1676795604, 1, 10, 54114251491592745800, 35346202900406452800, 1, '0xd4aEDD30d11907e10B6353e59685BB7Efc14F55D', 1, -9182, 67975), (43693, -43290, 1676795260, 0, 9, 39325820740739838250, 180097307477678550, 0, '0xc72B1b70e69D270544369132d53529e37Be87742', 0, 8358, -75437), (-3226, -80397, 1676795604, 1, 10, 51458184646622126750, 31596865889325257750, 1, '0x77B770ceB4b2537e52f4534Bb39e43754eB5B7e5', 1, -7699, -82872), (-10933, 76024, 1676795382, 0, 7, 30716031900847966300, 20540263041684879300, 1, '0xA4b1B07974bF67f04EC51bEcABF4aD62106B1Dd0', 1, -11165, 72272), (-15945, -84854, 1676795438, 0, 5, 26917682932311466300, 26917682932311466300, 1, '0xBa1CD5ded4B25dF273d435c969a01dc0B577c95c', 1, -15945, -84854), (-12169, -75222, 1676795440, 0, 6, 25735945315165865000, 25735945315165865000, 0, '0xc72B1b70e69D270544369132d53529e37Be87742', 0, -12169, -75222)]
8 3585.531 [[-0.08048200050096435, 0.6295372924618768], [-0.14004676041617284, -0.7682818373220397], [-0.6171161105289689, 0.28985952474492416]] [(-58853, 34885, 1676795618, 1, 10, 50000000000000000000, 35000000000000000000, 1, '0x5c5f829C4c3E8C4AB97390cb053a456616c27Ea3', 0, -60987, 35376), (-61970, 29047, 1676795618, 1, 10, 47857142857142858000, 28571428571428572000, 1, '0x26CbcaC5281B6E159bc3e6C7400AF25fA46F246B', 1, -65533, 28514), (-66168, 29214, 1676795618, 1, 10, 48705357142857144000, 44151785714285715000, 1, '0xA4b1B07974bF67f04EC51bEcABF4aD62106B1Dd0', 1, -66154, 29294), (45490, -41768, 1676792189, 2, 10, 47395833333333332500, 5000000000000000000, 0, '0xc72B1b70e69D270544369132d53529e37Be87742', 0, 45512, -42787), (-6413, 64099, 1676795618, 1, 10, 48737599206349205000, 48737599206349205000, 1, '0x633462025cF12D347C0dF50B2114E65aa364f0a6', 0, -6413, 64099), (-65286, 30894, 1676795618, 1, 10, 49073454034391536000, 49073454034391536000, 1, '0x26CbcaC5281B6E159bc3e6C7400AF25fA46F246B', 1, -65286, 30894), (-38720, 54983, 1676792351, 2, 10, 49064980158730157500, 5662202380952381000, 0, '0x0fa9077350FC3Ee6924743e1AD9b735c657C455E', 0, -39006, 54962), (45647, -40318, 1676792489, 2, 10, 51381683798133452000, 4553571428571429000, 0, '0xc72B1b70e69D270544369132d53529e37Be87742', 0, 44702, -41234), (-10667, 69593, 1676795618, 1, 10, 52967923280423279000, 47684151785714285000, 1, '0xa79160bC038C07678C145f1B5220be15bAdB13d7', 1, -10613, 69546), (-9168, 64558, 1676795618, 1, 10, 49436705430629041900, 44006162505511463900, 1, '0x036D6B4DA0b4Eeb9d312E958c2937D9016765F50', 1, -9016, 64038), (-67210, 30832, 1676795618, 1, 10, 53370652131201418100, 53370652131201418100, 1, '0x0fa9077350FC3Ee6924743e1AD9b735c657C455E', 1, -67210, 30832), (-9442, 68746, 1676795618, 1, 10, 52193733886623065000, 47905097376849402000, 0, '0x05d6edC4ff8ef40321aBCf7886Bc606ed13327b0', 1, -9349, 68693), (-5645, 60493, 1676795618, 1, 10, 49648966479327931000, 40251121015160611000, 1, '0x77B770ceB4b2537e52f4534Bb39e43754eB5B7e5', 1, -6225, 62583), (43185, -42090, 1676793029, 2, 10, 54015769671939045500, 3415178571428571000, 0, '0xc72B1b70e69D270544369132d53529e37Be87742', 0, 43235, -41791), (-66307, 30351, 1676795618, 1, 10, 56144282795570109700, 56144282795570109700, 1, '0x3662FA93E6C3bcB04B95e5dD7B1266AD9e8A9965', 1, -66307, 30351), (-10150, 64919, 1676795618, 1, 10, 53019971728550711000, 43561283694404384500, 1, '0x036D6B4DA0b4Eeb9d312E958c2937D9016765F50', 1, -10296, 65769), (-32420, -110248, 1676793262, 2, 10, 46590466300053795000, 17204462052301800000, 0, '0x77B770ceB4b2537e52f4534Bb39e43754eB5B7e5', 0, -30502, -105273), (-63684, 28290, 1676795618, 1, 10, 49240295815198408000, 44670880027580123000, 1, '0xc8529dE5603FF9D6FE9A77d43c27D3e7085B4E43', 1, -63795, 28074), (44604, -42606, 1676793300, 2, 10, 50446506206585461300, 2561383928571428400, 0, '0xc72B1b70e69D270544369132d53529e37Be87742', 0, 45967, -42153), (-7093, 67939, 1676795618, 1, 10, 55851098521653284200, 49331239628927302200, 1, '0x633462025cF12D347C0dF50B2114E65aa364f0a6', 1, -7053, 68807), (45772, -41684, 1676793510, 2, 10, 38928544490703406000, 1921037946428571600, 0, '0xc72B1b70e69D270544369132d53529e37Be87742', 0, 46376, -42206), (-8353, 67488, 1676795618, 1, 10, 47712597364086534900, 38504728557868923900, 1, '0x3662FA93E6C3bcB04B95e5dD7B1266AD9e8A9965', 1, -8308, 67448), (-65040, 30190, 1676795618, 1, 10, 49105657812321847200, 45579275478804057900, 1, '0xA4b1B07974bF67f04EC51bEcABF4aD62106B1Dd0', 1, -65147, 30274), (-65730, 30403, 1676795618, 1, 10, 45522348387704252900, 45522348387704252900, 0, '0x0fa9077350FC3Ee6924743e1AD9b735c657C455E', 1, -65730, 30403), (44910, -42214, 1676794022, 2, 10, 45357567859261598500, 1440778459821428600, 0, '0xc72B1b70e69D270544369132d53529e37Be87742', 0, 46084, -42343), (46653, -43446, 1676794224, 2, 10, 46801031283344447700, 1440778459821428400, 0, '0xc72B1b70e69D270544369132d53529e37Be87742', 0, 46071, -43504), (-66515, 32317, 1676795618, 1, 10, 45779230770597138400, 35141543251792404100, 1, '0x3662FA93E6C3bcB04B95e5dD7B1266AD9e8A9965', 1, -65940, 32246), (-9929, 68183, 1676795618, 1, 10, 49113164638542216900, 49113164638542216900, 1, '0x77B770ceB4b2537e52f4534Bb39e43754eB5B7e5', 1, -9929, 68183), (-1161, -77377, 1676795618, 1, 10, 49198149075773682200, 30308960734001953300, 0, '0xBa1CD5ded4B25dF273d435c969a01dc0B577c95c', 0, -6074, -79045), (-53587, 21899, 1676794515, 3, 1, 2174749802329934300, 2174749802329934300, 1, '0x036D6B4DA0b4Eeb9d312E958c2937D9016765F50', 1, -53587, 21899), (46114, -43007, 1676794747, 2, 10, 49257381883019951000, 720389229910714300, 0, '0xc72B1b70e69D270544369132d53529e37Be87742', 0, 43800, -42251), (-65103, 31044, 1676795618, 1, 10, 52803691027070259300, 52803691027070259300, 1, '0xA4b1B07974bF67f04EC51bEcABF4aD62106B1Dd0', 1, -65103, 31044), (-7133, 68237, 1676795618, 1, 10, 51353884931390702300, 51353884931390702300, 1, '0xa79160bC038C07678C145f1B5220be15bAdB13d7', 1, -7133, 68237), (-6784, -77245, 1676794839, 2, 10, 37120942877184944000, 11116130081534929400, 0, '0xc72B1b70e69D270544369132d53529e37Be87742', 0, -13571, -80616), (-20944, 84108, 1676795048, 3, 1, 1904857557130728500, 1904857557130728500, 0, '0xBa1CD5ded4B25dF273d435c969a01dc0B577c95c', 0, -20944, 84108), (-9245, 66276, 1676795618, 1, 10, 54114251491592745800, 35346202900406452800, 1, '0xd4aEDD30d11907e10B6353e59685BB7Efc14F55D', 1, -9182, 67975), (43606, -43351, 1676795260, 2, 10, 43150543963957769250, 180097307477678550, 0, '0xc72B1b70e69D270544369132d53529e37Be87742', 0, 8358, -75437), (-3226, -80397, 1676795618, 1, 10, 51458184646622126750, 31596865889325257750, 1, '0x77B770ceB4b2537e52f4534Bb39e43754eB5B7e5', 1, -7699, -82872), (-10933, 76024, 1676795382, 0, 7, 30716031900847966300, 20540263041684879300, 1, '0xA4b1B07974bF67f04EC51bEcABF4aD62106B1Dd0', 1, -11165, 72272), (-15945, -84854, 1676795438, 0, 5, 26917682932311466300, 26917682932311466300, 1, '0xBa1CD5ded4B25dF273d435c969a01dc0B577c95c', 1, -15945, -84854), (-12169, -75222, 1676795440, 0, 6, 25735945315165865000, 25735945315165865000, 0, '0xc72B1b70e69D270544369132d53529e37Be87742', 0, -12169, -75222)]
8 3616.12 [[-0.08048200050096435, 0.6295372924618768], [-0.14004676041617284, -0.7682818373220397], [-0.6171161105289689, 0.28985952474492416]] [(-58853, 34885, 1676795664, 1, 10, 50000000000000000000, 35000000000000000000, 1, '0x5c5f829C4c3E8C4AB97390cb053a456616c27Ea3', 0, -60987, 35376), (-61970, 29047, 1676795664, 1, 10, 47857142857142858000, 28571428571428572000, 1, '0x26CbcaC5281B6E159bc3e6C7400AF25fA46F246B', 1, -65533, 28514), (-66168, 29214, 1676795664, 1, 10, 48705357142857144000, 44151785714285715000, 1, '0xA4b1B07974bF67f04EC51bEcABF4aD62106B1Dd0', 1, -66154, 29294), (45490, -41768, 1676792189, 2, 10, 47395833333333332500, 5000000000000000000, 0, '0xc72B1b70e69D270544369132d53529e37Be87742', 0, 45512, -42787), (-6413, 64099, 1676795664, 1, 10, 48737599206349205000, 48737599206349205000, 1, '0x633462025cF12D347C0dF50B2114E65aa364f0a6', 0, -6413, 64099), (-65286, 30894, 1676795664, 1, 10, 49073454034391536000, 49073454034391536000, 1, '0x26CbcaC5281B6E159bc3e6C7400AF25fA46F246B', 1, -65286, 30894), (-38720, 54983, 1676792351, 2, 10, 49064980158730157500, 5662202380952381000, 0, '0x0fa9077350FC3Ee6924743e1AD9b735c657C455E', 0, -39006, 54962), (45647, -40318, 1676792489, 2, 10, 51381683798133452000, 4553571428571429000, 0, '0xc72B1b70e69D270544369132d53529e37Be87742', 0, 44702, -41234), (-10667, 69593, 1676795664, 1, 10, 52967923280423279000, 47684151785714285000, 1, '0xa79160bC038C07678C145f1B5220be15bAdB13d7', 1, -10613, 69546), (-9168, 64558, 1676795664, 1, 10, 49436705430629041900, 44006162505511463900, 1, '0x036D6B4DA0b4Eeb9d312E958c2937D9016765F50', 1, -9016, 64038), (-67210, 30832, 1676795664, 1, 10, 53370652131201418100, 53370652131201418100, 1, '0x0fa9077350FC3Ee6924743e1AD9b735c657C455E', 1, -67210, 30832), (-9442, 68746, 1676795664, 1, 10, 52193733886623065000, 47905097376849402000, 0, '0x05d6edC4ff8ef40321aBCf7886Bc606ed13327b0', 1, -9349, 68693), (-5645, 60493, 1676795664, 1, 10, 49648966479327931000, 40251121015160611000, 1, '0x77B770ceB4b2537e52f4534Bb39e43754eB5B7e5', 1, -6225, 62583), (43185, -42090, 1676793029, 2, 10, 54015769671939045500, 3415178571428571000, 0, '0xc72B1b70e69D270544369132d53529e37Be87742', 0, 43235, -41791), (-66307, 30351, 1676795664, 1, 10, 56144282795570109700, 56144282795570109700, 1, '0x3662FA93E6C3bcB04B95e5dD7B1266AD9e8A9965', 1, -66307, 30351), (-10150, 64919, 1676795664, 1, 10, 53019971728550711000, 43561283694404384500, 1, '0x036D6B4DA0b4Eeb9d312E958c2937D9016765F50', 1, -10296, 65769), (-32420, -110248, 1676793262, 2, 10, 46590466300053795000, 17204462052301800000, 0, '0x77B770ceB4b2537e52f4534Bb39e43754eB5B7e5', 0, -30502, -105273), (-63684, 28290, 1676795664, 1, 10, 49240295815198408000, 44670880027580123000, 1, '0xc8529dE5603FF9D6FE9A77d43c27D3e7085B4E43', 1, -63795, 28074), (44604, -42606, 1676793300, 2, 10, 50446506206585461300, 2561383928571428400, 0, '0xc72B1b70e69D270544369132d53529e37Be87742', 0, 45967, -42153), (-7093, 67939, 1676795664, 1, 10, 55851098521653284200, 49331239628927302200, 1, '0x633462025cF12D347C0dF50B2114E65aa364f0a6', 1, -7053, 68807), (45772, -41684, 1676793510, 2, 10, 38928544490703406000, 1921037946428571600, 0, '0xc72B1b70e69D270544369132d53529e37Be87742', 0, 46376, -42206), (-8353, 67488, 1676795664, 1, 10, 47712597364086534900, 38504728557868923900, 1, '0x3662FA93E6C3bcB04B95e5dD7B1266AD9e8A9965', 1, -8308, 67448), (-65040, 30190, 1676795664, 1, 10, 49105657812321847200, 45579275478804057900, 1, '0xA4b1B07974bF67f04EC51bEcABF4aD62106B1Dd0', 1, -65147, 30274), (-65730, 30403, 1676795664, 1, 10, 45522348387704252900, 45522348387704252900, 0, '0x0fa9077350FC3Ee6924743e1AD9b735c657C455E', 1, -65730, 30403), (44910, -42214, 1676794022, 2, 10, 45357567859261598500, 1440778459821428600, 0, '0xc72B1b70e69D270544369132d53529e37Be87742', 0, 46084, -42343), (46653, -43446, 1676794224, 2, 10, 46801031283344447700, 1440778459821428400, 0, '0xc72B1b70e69D270544369132d53529e37Be87742', 0, 46071, -43504), (-66515, 32317, 1676795664, 1, 10, 45779230770597138400, 35141543251792404100, 1, '0x3662FA93E6C3bcB04B95e5dD7B1266AD9e8A9965', 1, -65940, 32246), (-9929, 68183, 1676795664, 1, 10, 49113164638542216900, 49113164638542216900, 1, '0x77B770ceB4b2537e52f4534Bb39e43754eB5B7e5', 1, -9929, 68183), (-1161, -77377, 1676795664, 1, 10, 49198149075773682200, 30308960734001953300, 0, '0xBa1CD5ded4B25dF273d435c969a01dc0B577c95c', 0, -6074, -79045), (-53587, 21899, 1676794515, 3, 1, 2174749802329934300, 2174749802329934300, 1, '0x036D6B4DA0b4Eeb9d312E958c2937D9016765F50', 1, -53587, 21899), (46114, -43007, 1676794747, 2, 10, 49257381883019951000, 720389229910714300, 0, '0xc72B1b70e69D270544369132d53529e37Be87742', 0, 43800, -42251), (-65103, 31044, 1676795664, 1, 10, 52803691027070259300, 52803691027070259300, 1, '0xA4b1B07974bF67f04EC51bEcABF4aD62106B1Dd0', 1, -65103, 31044), (-7133, 68237, 1676795664, 1, 10, 51353884931390702300, 51353884931390702300, 1, '0xa79160bC038C07678C145f1B5220be15bAdB13d7', 1, -7133, 68237), (-6784, -77245, 1676794839, 2, 10, 37120942877184944000, 11116130081534929400, 0, '0xc72B1b70e69D270544369132d53529e37Be87742', 0, -13571, -80616), (-20944, 84108, 1676795048, 3, 1, 1904857557130728500, 1904857557130728500, 0, '0xBa1CD5ded4B25dF273d435c969a01dc0B577c95c', 0, -20944, 84108), (-9245, 66276, 1676795664, 1, 10, 54114251491592745800, 35346202900406452800, 1, '0xd4aEDD30d11907e10B6353e59685BB7Efc14F55D', 1, -9182, 67975), (43606, -43351, 1676795260, 2, 10, 43150543963957769250, 180097307477678550, 0, '0xc72B1b70e69D270544369132d53529e37Be87742', 0, 8358, -75437), (-3226, -80397, 1676795664, 1, 10, 51458184646622126750, 31596865889325257750, 1, '0x77B770ceB4b2537e52f4534Bb39e43754eB5B7e5', 1, -7699, -82872), (-10944, 73302, 1676795382, 0, 8, 40897217155799254300, 30721448296636167300, 1, '0xA4b1B07974bF67f04EC51bEcABF4aD62106B1Dd0', 1, -11104, 69892), (-15945, -84854, 1676795438, 0, 5, 26917682932311466300, 26917682932311466300, 1, '0xBa1CD5ded4B25dF273d435c969a01dc0B577c95c', 1, -15945, -84854), (-11244, -75323, 1676795440, 0, 7, 30334044470501448000, 25735945315165865000, 0, '0xc72B1b70e69D270544369132d53529e37Be87742', 0, -11508, -75553)]
8 3646.5 [[-0.08048200050096435, 0.6295372924618768], [-0.14004676041617284, -0.7682818373220397], [-0.6171161105289689, 0.28985952474492416]] [(-58853, 34885, 1676795682, 1, 10, 50000000000000000000, 35000000000000000000, 1, '0x5c5f829C4c3E8C4AB97390cb053a456616c27Ea3', 0, -60987, 35376), (-61970, 29047, 1676795682, 1, 10, 47857142857142858000, 28571428571428572000, 1, '0x26CbcaC5281B6E159bc3e6C7400AF25fA46F246B', 1, -65533, 28514), (-66168, 29214, 1676795682, 1, 10, 48705357142857144000, 44151785714285715000, 1, '0xA4b1B07974bF67f04EC51bEcABF4aD62106B1Dd0', 1, -66154, 29294), (45490, -41768, 1676792189, 2, 10, 47395833333333332500, 5000000000000000000, 0, '0xc72B1b70e69D270544369132d53529e37Be87742', 0, 45512, -42787), (-6413, 64099, 1676795682, 1, 10, 48737599206349205000, 48737599206349205000, 1, '0x633462025cF12D347C0dF50B2114E65aa364f0a6', 0, -6413, 64099), (-65286, 30894, 1676795682, 1, 10, 49073454034391536000, 49073454034391536000, 1, '0x26CbcaC5281B6E159bc3e6C7400AF25fA46F246B', 1, -65286, 30894), (-38720, 54983, 1676792351, 2, 10, 49064980158730157500, 5662202380952381000, 0, '0x0fa9077350FC3Ee6924743e1AD9b735c657C455E', 0, -39006, 54962), (45647, -40318, 1676792489, 2, 10, 51381683798133452000, 4553571428571429000, 0, '0xc72B1b70e69D270544369132d53529e37Be87742', 0, 44702, -41234), (-10667, 69593, 1676795682, 1, 10, 52967923280423279000, 47684151785714285000, 1, '0xa79160bC038C07678C145f1B5220be15bAdB13d7', 1, -10613, 69546), (-9168, 64558, 1676795682, 1, 10, 49436705430629041900, 44006162505511463900, 1, '0x036D6B4DA0b4Eeb9d312E958c2937D9016765F50', 1, -9016, 64038), (-67210, 30832, 1676795682, 1, 10, 53370652131201418100, 53370652131201418100, 1, '0x0fa9077350FC3Ee6924743e1AD9b735c657C455E', 1, -67210, 30832), (-9442, 68746, 1676795682, 1, 10, 52193733886623065000, 47905097376849402000, 0, '0x05d6edC4ff8ef40321aBCf7886Bc606ed13327b0', 1, -9349, 68693), (-5645, 60493, 1676795682, 1, 10, 49648966479327931000, 40251121015160611000, 1, '0x77B770ceB4b2537e52f4534Bb39e43754eB5B7e5', 1, -6225, 62583), (43185, -42090, 1676793029, 2, 10, 54015769671939045500, 3415178571428571000, 0, '0xc72B1b70e69D270544369132d53529e37Be87742', 0, 43235, -41791), (-66307, 30351, 1676795682, 1, 10, 56144282795570109700, 56144282795570109700, 1, '0x3662FA93E6C3bcB04B95e5dD7B1266AD9e8A9965', 1, -66307, 30351), (-10150, 64919, 1676795682, 1, 10, 53019971728550711000, 43561283694404384500, 1, '0x036D6B4DA0b4Eeb9d312E958c2937D9016765F50', 1, -10296, 65769), (-32420, -110248, 1676793262, 2, 10, 46590466300053795000, 17204462052301800000, 0, '0x77B770ceB4b2537e52f4534Bb39e43754eB5B7e5', 0, -30502, -105273), (-63684, 28290, 1676795682, 1, 10, 49240295815198408000, 44670880027580123000, 1, '0xc8529dE5603FF9D6FE9A77d43c27D3e7085B4E43', 1, -63795, 28074), (44604, -42606, 1676793300, 2, 10, 50446506206585461300, 2561383928571428400, 0, '0xc72B1b70e69D270544369132d53529e37Be87742', 0, 45967, -42153), (-7093, 67939, 1676795682, 1, 10, 55851098521653284200, 49331239628927302200, 1, '0x633462025cF12D347C0dF50B2114E65aa364f0a6', 1, -7053, 68807), (45772, -41684, 1676793510, 2, 10, 38928544490703406000, 1921037946428571600, 0, '0xc72B1b70e69D270544369132d53529e37Be87742', 0, 46376, -42206), (-8353, 67488, 1676795682, 1, 10, 47712597364086534900, 38504728557868923900, 1, '0x3662FA93E6C3bcB04B95e5dD7B1266AD9e8A9965', 1, -8308, 67448), (-65040, 30190, 1676795682, 1, 10, 49105657812321847200, 45579275478804057900, 1, '0xA4b1B07974bF67f04EC51bEcABF4aD62106B1Dd0', 1, -65147, 30274), (-65730, 30403, 1676795682, 1, 10, 45522348387704252900, 45522348387704252900, 0, '0x0fa9077350FC3Ee6924743e1AD9b735c657C455E', 1, -65730, 30403), (44910, -42214, 1676794022, 2, 10, 45357567859261598500, 1440778459821428600, 0, '0xc72B1b70e69D270544369132d53529e37Be87742', 0, 46084, -42343), (46653, -43446, 1676794224, 2, 10, 46801031283344447700, 1440778459821428400, 0, '0xc72B1b70e69D270544369132d53529e37Be87742', 0, 46071, -43504), (-66515, 32317, 1676795682, 1, 10, 45779230770597138400, 35141543251792404100, 1, '0x3662FA93E6C3bcB04B95e5dD7B1266AD9e8A9965', 1, -65940, 32246), (-9929, 68183, 1676795682, 1, 10, 49113164638542216900, 49113164638542216900, 1, '0x77B770ceB4b2537e52f4534Bb39e43754eB5B7e5', 1, -9929, 68183), (-1161, -77377, 1676795682, 1, 10, 49198149075773682200, 30308960734001953300, 0, '0xBa1CD5ded4B25dF273d435c969a01dc0B577c95c', 0, -6074, -79045), (-53587, 21899, 1676794515, 3, 1, 2174749802329934300, 2174749802329934300, 1, '0x036D6B4DA0b4Eeb9d312E958c2937D9016765F50', 1, -53587, 21899), (46114, -43007, 1676794747, 2, 10, 49257381883019951000, 720389229910714300, 0, '0xc72B1b70e69D270544369132d53529e37Be87742', 0, 43800, -42251), (-65103, 31044, 1676795682, 1, 10, 52803691027070259300, 52803691027070259300, 1, '0xA4b1B07974bF67f04EC51bEcABF4aD62106B1Dd0', 1, -65103, 31044), (-7133, 68237, 1676795682, 1, 10, 51353884931390702300, 51353884931390702300, 1, '0xa79160bC038C07678C145f1B5220be15bAdB13d7', 1, -7133, 68237), (-6784, -77245, 1676794839, 2, 10, 37120942877184944000, 11116130081534929400, 0, '0xc72B1b70e69D270544369132d53529e37Be87742', 0, -13571, -80616), (-20944, 84108, 1676795048, 3, 1, 1904857557130728500, 1904857557130728500, 0, '0xBa1CD5ded4B25dF273d435c969a01dc0B577c95c', 0, -20944, 84108), (-9245, 66276, 1676795682, 1, 10, 54114251491592745800, 35346202900406452800, 1, '0xd4aEDD30d11907e10B6353e59685BB7Efc14F55D', 1, -9182, 67975), (43606, -43351, 1676795260, 2, 10, 43150543963957769250, 180097307477678550, 0, '0xc72B1b70e69D270544369132d53529e37Be87742', 0, 8358, -75437), (-3226, -80397, 1676795682, 1, 10, 51458184646622126750, 31596865889325257750, 1, '0x77B770ceB4b2537e52f4534Bb39e43754eB5B7e5', 1, -7699, -82872), (-10944, 73302, 1676795382, 0, 8, 40897217155799254300, 30721448296636167300, 1, '0xA4b1B07974bF67f04EC51bEcABF4aD62106B1Dd0', 1, -11104, 69892), (-17891, -85417, 1676795438, 0, 6, 34235160892114218300, 34235160892114218300, 1, '0xBa1CD5ded4B25dF273d435c969a01dc0B577c95c', 1, -17891, -85417), (-11618, -75214, 1676795440, 0, 9, 35936670714018819900, 27508845632479815600, 0, '0xc72B1b70e69D270544369132d53529e37Be87742', 0, -11871, -75294)]
8 3676.656 [[-0.08048200050096435, 0.6295372924618768], [-0.14004676041617284, -0.7682818373220397], [-0.6171161105289689, 0.28985952474492416]] [(-58853, 34885, 1676795722, 1, 10, 50000000000000000000, 35000000000000000000, 1, '0x5c5f829C4c3E8C4AB97390cb053a456616c27Ea3', 0, -60987, 35376), (-61970, 29047, 1676795722, 1, 10, 47857142857142858000, 28571428571428572000, 1, '0x26CbcaC5281B6E159bc3e6C7400AF25fA46F246B', 1, -65533, 28514), (-66168, 29214, 1676795722, 1, 10, 48705357142857144000, 44151785714285715000, 1, '0xA4b1B07974bF67f04EC51bEcABF4aD62106B1Dd0', 1, -66154, 29294), (45490, -41768, 1676792189, 2, 10, 47395833333333332500, 5000000000000000000, 0, '0xc72B1b70e69D270544369132d53529e37Be87742', 0, 45512, -42787), (-6413, 64099, 1676795722, 1, 10, 48737599206349205000, 48737599206349205000, 1, '0x633462025cF12D347C0dF50B2114E65aa364f0a6', 0, -6413, 64099), (-65286, 30894, 1676795722, 1, 10, 49073454034391536000, 49073454034391536000, 1, '0x26CbcaC5281B6E159bc3e6C7400AF25fA46F246B', 1, -65286, 30894), (-38720, 54983, 1676792351, 2, 10, 49064980158730157500, 5662202380952381000, 0, '0x0fa9077350FC3Ee6924743e1AD9b735c657C455E', 0, -39006, 54962), (45647, -40318, 1676792489, 2, 10, 51381683798133452000, 4553571428571429000, 0, '0xc72B1b70e69D270544369132d53529e37Be87742', 0, 44702, -41234), (-10667, 69593, 1676795722, 1, 10, 52967923280423279000, 47684151785714285000, 1, '0xa79160bC038C07678C145f1B5220be15bAdB13d7', 1, -10613, 69546), (-9168, 64558, 1676795722, 1, 10, 49436705430629041900, 44006162505511463900, 1, '0x036D6B4DA0b4Eeb9d312E958c2937D9016765F50', 1, -9016, 64038), (-67210, 30832, 1676795722, 1, 10, 53370652131201418100, 53370652131201418100, 1, '0x0fa9077350FC3Ee6924743e1AD9b735c657C455E', 1, -67210, 30832), (-9442, 68746, 1676795722, 1, 10, 52193733886623065000, 47905097376849402000, 0, '0x05d6edC4ff8ef40321aBCf7886Bc606ed13327b0', 1, -9349, 68693), (-5645, 60493, 1676795722, 1, 10, 49648966479327931000, 40251121015160611000, 1, '0x77B770ceB4b2537e52f4534Bb39e43754eB5B7e5', 1, -6225, 62583), (43185, -42090, 1676793029, 2, 10, 54015769671939045500, 3415178571428571000, 0, '0xc72B1b70e69D270544369132d53529e37Be87742', 0, 43235, -41791), (-66307, 30351, 1676795722, 1, 10, 56144282795570109700, 56144282795570109700, 1, '0x3662FA93E6C3bcB04B95e5dD7B1266AD9e8A9965', 1, -66307, 30351), (-10150, 64919, 1676795722, 1, 10, 53019971728550711000, 43561283694404384500, 1, '0x036D6B4DA0b4Eeb9d312E958c2937D9016765F50', 1, -10296, 65769), (-32420, -110248, 1676793262, 2, 10, 46590466300053795000, 17204462052301800000, 0, '0x77B770ceB4b2537e52f4534Bb39e43754eB5B7e5', 0, -30502, -105273), (-63684, 28290, 1676795722, 1, 10, 49240295815198408000, 44670880027580123000, 1, '0xc8529dE5603FF9D6FE9A77d43c27D3e7085B4E43', 1, -63795, 28074), (44604, -42606, 1676793300, 2, 10, 50446506206585461300, 2561383928571428400, 0, '0xc72B1b70e69D270544369132d53529e37Be87742', 0, 45967, -42153), (-7093, 67939, 1676795722, 1, 10, 55851098521653284200, 49331239628927302200, 1, '0x633462025cF12D347C0dF50B2114E65aa364f0a6', 1, -7053, 68807), (45772, -41684, 1676793510, 2, 10, 38928544490703406000, 1921037946428571600, 0, '0xc72B1b70e69D270544369132d53529e37Be87742', 0, 46376, -42206), (-8353, 67488, 1676795722, 1, 10, 47712597364086534900, 38504728557868923900, 1, '0x3662FA93E6C3bcB04B95e5dD7B1266AD9e8A9965', 1, -8308, 67448), (-65040, 30190, 1676795722, 1, 10, 49105657812321847200, 45579275478804057900, 1, '0xA4b1B07974bF67f04EC51bEcABF4aD62106B1Dd0', 1, -65147, 30274), (-65730, 30403, 1676795722, 1, 10, 45522348387704252900, 45522348387704252900, 0, '0x0fa9077350FC3Ee6924743e1AD9b735c657C455E', 1, -65730, 30403), (44910, -42214, 1676794022, 2, 10, 45357567859261598500, 1440778459821428600, 0, '0xc72B1b70e69D270544369132d53529e37Be87742', 0, 46084, -42343), (46653, -43446, 1676794224, 2, 10, 46801031283344447700, 1440778459821428400, 0, '0xc72B1b70e69D270544369132d53529e37Be87742', 0, 46071, -43504), (-66515, 32317, 1676795722, 1, 10, 45779230770597138400, 35141543251792404100, 1, '0x3662FA93E6C3bcB04B95e5dD7B1266AD9e8A9965', 1, -65940, 32246), (-9929, 68183, 1676795722, 1, 10, 49113164638542216900, 49113164638542216900, 1, '0x77B770ceB4b2537e52f4534Bb39e43754eB5B7e5', 1, -9929, 68183), (-1161, -77377, 1676795722, 1, 10, 49198149075773682200, 30308960734001953300, 0, '0xBa1CD5ded4B25dF273d435c969a01dc0B577c95c', 0, -6074, -79045), (-53587, 21899, 1676794515, 3, 1, 2174749802329934300, 2174749802329934300, 1, '0x036D6B4DA0b4Eeb9d312E958c2937D9016765F50', 1, -53587, 21899), (46114, -43007, 1676794747, 2, 10, 49257381883019951000, 720389229910714300, 0, '0xc72B1b70e69D270544369132d53529e37Be87742', 0, 43800, -42251), (-65103, 31044, 1676795722, 1, 10, 52803691027070259300, 52803691027070259300, 1, '0xA4b1B07974bF67f04EC51bEcABF4aD62106B1Dd0', 1, -65103, 31044), (-7133, 68237, 1676795722, 1, 10, 51353884931390702300, 51353884931390702300, 1, '0xa79160bC038C07678C145f1B5220be15bAdB13d7', 1, -7133, 68237), (-6784, -77245, 1676794839, 2, 10, 37120942877184944000, 11116130081534929400, 0, '0xc72B1b70e69D270544369132d53529e37Be87742', 0, -13571, -80616), (-20944, 84108, 1676795048, 3, 1, 1904857557130728500, 1904857557130728500, 0, '0xBa1CD5ded4B25dF273d435c969a01dc0B577c95c', 0, -20944, 84108), (-9245, 66276, 1676795722, 1, 10, 54114251491592745800, 35346202900406452800, 1, '0xd4aEDD30d11907e10B6353e59685BB7Efc14F55D', 1, -9182, 67975), (43606, -43351, 1676795260, 2, 10, 43150543963957769250, 180097307477678550, 0, '0xc72B1b70e69D270544369132d53529e37Be87742', 0, 8358, -75437), (-3226, -80397, 1676795722, 1, 10, 51458184646622126750, 31596865889325257750, 1, '0x77B770ceB4b2537e52f4534Bb39e43754eB5B7e5', 1, -7699, -82872), (-10944, 73302, 1676795382, 0, 8, 40897217155799254300, 30721448296636167300, 1, '0xA4b1B07974bF67f04EC51bEcABF4aD62106B1Dd0', 1, -11104, 69892), (-18568, -86922, 1676795438, 0, 7, 39661112596580168300, 39661112596580168300, 1, '0xBa1CD5ded4B25dF273d435c969a01dc0B577c95c', 1, -18568, -86922), (-11014, -76054, 1676795722, 1, 10, 39252850073780042500, 30825024992241038200, 0, '0xc72B1b70e69D270544369132d53529e37Be87742', 0, -11075, -76355)]
8 3706.693 [[-0.08048200050096435, 0.6295372924618768], [-0.14004676041617284, -0.7682818373220397], [-0.6171161105289689, 0.28985952474492416]] [(-58853, 34885, 1676795750, 1, 10, 50000000000000000000, 35000000000000000000, 1, '0x5c5f829C4c3E8C4AB97390cb053a456616c27Ea3', 0, -60987, 35376), (-61970, 29047, 1676795750, 1, 10, 47857142857142858000, 28571428571428572000, 1, '0x26CbcaC5281B6E159bc3e6C7400AF25fA46F246B', 1, -65533, 28514), (-66168, 29214, 1676795750, 1, 10, 48705357142857144000, 44151785714285715000, 1, '0xA4b1B07974bF67f04EC51bEcABF4aD62106B1Dd0', 1, -66154, 29294), (45490, -41768, 1676792189, 2, 10, 47395833333333332500, 5000000000000000000, 0, '0xc72B1b70e69D270544369132d53529e37Be87742', 0, 45512, -42787), (-6413, 64099, 1676795750, 1, 10, 48737599206349205000, 48737599206349205000, 1, '0x633462025cF12D347C0dF50B2114E65aa364f0a6', 0, -6413, 64099), (-65286, 30894, 1676795750, 1, 10, 49073454034391536000, 49073454034391536000, 1, '0x26CbcaC5281B6E159bc3e6C7400AF25fA46F246B', 1, -65286, 30894), (-38720, 54983, 1676792351, 2, 10, 49064980158730157500, 5662202380952381000, 0, '0x0fa9077350FC3Ee6924743e1AD9b735c657C455E', 0, -39006, 54962), (45647, -40318, 1676792489, 2, 10, 51381683798133452000, 4553571428571429000, 0, '0xc72B1b70e69D270544369132d53529e37Be87742', 0, 44702, -41234), (-10667, 69593, 1676795750, 1, 10, 52967923280423279000, 47684151785714285000, 1, '0xa79160bC038C07678C145f1B5220be15bAdB13d7', 1, -10613, 69546), (-9168, 64558, 1676795750, 1, 10, 49436705430629041900, 44006162505511463900, 1, '0x036D6B4DA0b4Eeb9d312E958c2937D9016765F50', 1, -9016, 64038), (-67210, 30832, 1676795750, 1, 10, 53370652131201418100, 53370652131201418100, 1, '0x0fa9077350FC3Ee6924743e1AD9b735c657C455E', 1, -67210, 30832), (-9442, 68746, 1676795750, 1, 10, 52193733886623065000, 47905097376849402000, 0, '0x05d6edC4ff8ef40321aBCf7886Bc606ed13327b0', 1, -9349, 68693), (-5645, 60493, 1676795750, 1, 10, 49648966479327931000, 40251121015160611000, 1, '0x77B770ceB4b2537e52f4534Bb39e43754eB5B7e5', 1, -6225, 62583), (43185, -42090, 1676793029, 2, 10, 54015769671939045500, 3415178571428571000, 0, '0xc72B1b70e69D270544369132d53529e37Be87742', 0, 43235, -41791), (-66307, 30351, 1676795750, 1, 10, 56144282795570109700, 56144282795570109700, 1, '0x3662FA93E6C3bcB04B95e5dD7B1266AD9e8A9965', 1, -66307, 30351), (-10150, 64919, 1676795750, 1, 10, 53019971728550711000, 43561283694404384500, 1, '0x036D6B4DA0b4Eeb9d312E958c2937D9016765F50', 1, -10296, 65769), (-32420, -110248, 1676793262, 2, 10, 46590466300053795000, 17204462052301800000, 0, '0x77B770ceB4b2537e52f4534Bb39e43754eB5B7e5', 0, -30502, -105273), (-63684, 28290, 1676795750, 1, 10, 49240295815198408000, 44670880027580123000, 1, '0xc8529dE5603FF9D6FE9A77d43c27D3e7085B4E43', 1, -63795, 28074), (44604, -42606, 1676793300, 2, 10, 50446506206585461300, 2561383928571428400, 0, '0xc72B1b70e69D270544369132d53529e37Be87742', 0, 45967, -42153), (-7093, 67939, 1676795750, 1, 10, 55851098521653284200, 49331239628927302200, 1, '0x633462025cF12D347C0dF50B2114E65aa364f0a6', 1, -7053, 68807), (45772, -41684, 1676793510, 2, 10, 38928544490703406000, 1921037946428571600, 0, '0xc72B1b70e69D270544369132d53529e37Be87742', 0, 46376, -42206), (-8353, 67488, 1676795750, 1, 10, 47712597364086534900, 38504728557868923900, 1, '0x3662FA93E6C3bcB04B95e5dD7B1266AD9e8A9965', 1, -8308, 67448), (-65040, 30190, 1676795750, 1, 10, 49105657812321847200, 45579275478804057900, 1, '0xA4b1B07974bF67f04EC51bEcABF4aD62106B1Dd0', 1, -65147, 30274), (-65730, 30403, 1676795750, 1, 10, 45522348387704252900, 45522348387704252900, 0, '0x0fa9077350FC3Ee6924743e1AD9b735c657C455E', 1, -65730, 30403), (44910, -42214, 1676794022, 2, 10, 45357567859261598500, 1440778459821428600, 0, '0xc72B1b70e69D270544369132d53529e37Be87742', 0, 46084, -42343), (46653, -43446, 1676794224, 2, 10, 46801031283344447700, 1440778459821428400, 0, '0xc72B1b70e69D270544369132d53529e37Be87742', 0, 46071, -43504), (-66515, 32317, 1676795750, 1, 10, 45779230770597138400, 35141543251792404100, 1, '0x3662FA93E6C3bcB04B95e5dD7B1266AD9e8A9965', 1, -65940, 32246), (-9929, 68183, 1676795750, 1, 10, 49113164638542216900, 49113164638542216900, 1, '0x77B770ceB4b2537e52f4534Bb39e43754eB5B7e5', 1, -9929, 68183), (-1161, -77377, 1676795750, 1, 10, 49198149075773682200, 30308960734001953300, 0, '0xBa1CD5ded4B25dF273d435c969a01dc0B577c95c', 0, -6074, -79045), (-53587, 21899, 1676794515, 3, 1, 2174749802329934300, 2174749802329934300, 1, '0x036D6B4DA0b4Eeb9d312E958c2937D9016765F50', 1, -53587, 21899), (46114, -43007, 1676794747, 2, 10, 49257381883019951000, 720389229910714300, 0, '0xc72B1b70e69D270544369132d53529e37Be87742', 0, 43800, -42251), (-65103, 31044, 1676795750, 1, 10, 52803691027070259300, 52803691027070259300, 1, '0xA4b1B07974bF67f04EC51bEcABF4aD62106B1Dd0', 1, -65103, 31044), (-7133, 68237, 1676795750, 1, 10, 51353884931390702300, 51353884931390702300, 1, '0xa79160bC038C07678C145f1B5220be15bAdB13d7', 1, -7133, 68237), (-6784, -77245, 1676794839, 2, 10, 37120942877184944000, 11116130081534929400, 0, '0xc72B1b70e69D270544369132d53529e37Be87742', 0, -13571, -80616), (-20944, 84108, 1676795048, 3, 1, 1904857557130728500, 1904857557130728500, 0, '0xBa1CD5ded4B25dF273d435c969a01dc0B577c95c', 0, -20944, 84108), (-9245, 66276, 1676795750, 1, 10, 54114251491592745800, 35346202900406452800, 1, '0xd4aEDD30d11907e10B6353e59685BB7Efc14F55D', 1, -9182, 67975), (43606, -43351, 1676795260, 2, 10, 43150543963957769250, 180097307477678550, 0, '0xc72B1b70e69D270544369132d53529e37Be87742', 0, 8358, -75437), (-3226, -80397, 1676795750, 1, 10, 51458184646622126750, 31596865889325257750, 1, '0x77B770ceB4b2537e52f4534Bb39e43754eB5B7e5', 1, -7699, -82872), (-10944, 73302, 1676795382, 0, 8, 40897217155799254300, 30721448296636167300, 1, '0xA4b1B07974bF67f04EC51bEcABF4aD62106B1Dd0', 1, -11104, 69892), (-16684, -85409, 1676795438, 0, 8, 43109686963081855800, 43109686963081855800, 1, '0xBa1CD5ded4B25dF273d435c969a01dc0B577c95c', 1, -16684, -85409), (-11014, -76054, 1676795750, 1, 10, 39252850073780042500, 30825024992241038200, 0, '0xc72B1b70e69D270544369132d53529e37Be87742', 0, -11075, -76355), (-15156, -74424, 1676795740, 0, 3, 8703373565019203300, 3685184173538481300, 1, '0xc72B1b70e69D270544369132d53529e37Be87742', 0, -18655, -75123)]
8 3736.745 [[-0.08048200050096435, 0.6295372924618768], [-0.14004676041617284, -0.7682818373220397], [-0.6171161105289689, 0.28985952474492416]] [(-58853, 34885, 1676795776, 1, 10, 50000000000000000000, 35000000000000000000, 1, '0x5c5f829C4c3E8C4AB97390cb053a456616c27Ea3', 0, -60987, 35376), (-61970, 29047, 1676795776, 1, 10, 47857142857142858000, 28571428571428572000, 1, '0x26CbcaC5281B6E159bc3e6C7400AF25fA46F246B', 1, -65533, 28514), (-66168, 29214, 1676795776, 1, 10, 48705357142857144000, 44151785714285715000, 1, '0xA4b1B07974bF67f04EC51bEcABF4aD62106B1Dd0', 1, -66154, 29294), (45490, -41768, 1676792189, 2, 10, 47395833333333332500, 5000000000000000000, 0, '0xc72B1b70e69D270544369132d53529e37Be87742', 0, 45512, -42787), (-6413, 64099, 1676795776, 1, 10, 48737599206349205000, 48737599206349205000, 1, '0x633462025cF12D347C0dF50B2114E65aa364f0a6', 0, -6413, 64099), (-65286, 30894, 1676795776, 1, 10, 49073454034391536000, 49073454034391536000, 1, '0x26CbcaC5281B6E159bc3e6C7400AF25fA46F246B', 1, -65286, 30894), (-38720, 54983, 1676792351, 2, 10, 49064980158730157500, 5662202380952381000, 0, '0x0fa9077350FC3Ee6924743e1AD9b735c657C455E', 0, -39006, 54962), (45647, -40318, 1676792489, 2, 10, 51381683798133452000, 4553571428571429000, 0, '0xc72B1b70e69D270544369132d53529e37Be87742', 0, 44702, -41234), (-10667, 69593, 1676795776, 1, 10, 52967923280423279000, 47684151785714285000, 1, '0xa79160bC038C07678C145f1B5220be15bAdB13d7', 1, -10613, 69546), (-9168, 64558, 1676795776, 1, 10, 49436705430629041900, 44006162505511463900, 1, '0x036D6B4DA0b4Eeb9d312E958c2937D9016765F50', 1, -9016, 64038), (-67210, 30832, 1676795776, 1, 10, 53370652131201418100, 53370652131201418100, 1, '0x0fa9077350FC3Ee6924743e1AD9b735c657C455E', 1, -67210, 30832), (-9442, 68746, 1676795776, 1, 10, 52193733886623065000, 47905097376849402000, 0, '0x05d6edC4ff8ef40321aBCf7886Bc606ed13327b0', 1, -9349, 68693), (-5645, 60493, 1676795776, 1, 10, 49648966479327931000, 40251121015160611000, 1, '0x77B770ceB4b2537e52f4534Bb39e43754eB5B7e5', 1, -6225, 62583), (43185, -42090, 1676793029, 2, 10, 54015769671939045500, 3415178571428571000, 0, '0xc72B1b70e69D270544369132d53529e37Be87742', 0, 43235, -41791), (-66307, 30351, 1676795776, 1, 10, 56144282795570109700, 56144282795570109700, 1, '0x3662FA93E6C3bcB04B95e5dD7B1266AD9e8A9965', 1, -66307, 30351), (-10150, 64919, 1676795776, 1, 10, 53019971728550711000, 43561283694404384500, 1, '0x036D6B4DA0b4Eeb9d312E958c2937D9016765F50', 1, -10296, 65769), (-32420, -110248, 1676793262, 2, 10, 46590466300053795000, 17204462052301800000, 0, '0x77B770ceB4b2537e52f4534Bb39e43754eB5B7e5', 0, -30502, -105273), (-63684, 28290, 1676795776, 1, 10, 49240295815198408000, 44670880027580123000, 1, '0xc8529dE5603FF9D6FE9A77d43c27D3e7085B4E43', 1, -63795, 28074), (44604, -42606, 1676793300, 2, 10, 50446506206585461300, 2561383928571428400, 0, '0xc72B1b70e69D270544369132d53529e37Be87742', 0, 45967, -42153), (-7093, 67939, 1676795776, 1, 10, 55851098521653284200, 49331239628927302200, 1, '0x633462025cF12D347C0dF50B2114E65aa364f0a6', 1, -7053, 68807), (45772, -41684, 1676793510, 2, 10, 38928544490703406000, 1921037946428571600, 0, '0xc72B1b70e69D270544369132d53529e37Be87742', 0, 46376, -42206), (-8353, 67488, 1676795776, 1, 10, 47712597364086534900, 38504728557868923900, 1, '0x3662FA93E6C3bcB04B95e5dD7B1266AD9e8A9965', 1, -8308, 67448), (-65040, 30190, 1676795776, 1, 10, 49105657812321847200, 45579275478804057900, 1, '0xA4b1B07974bF67f04EC51bEcABF4aD62106B1Dd0', 1, -65147, 30274), (-65730, 30403, 1676795776, 1, 10, 45522348387704252900, 45522348387704252900, 0, '0x0fa9077350FC3Ee6924743e1AD9b735c657C455E', 1, -65730, 30403), (44910, -42214, 1676794022, 2, 10, 45357567859261598500, 1440778459821428600, 0, '0xc72B1b70e69D270544369132d53529e37Be87742', 0, 46084, -42343), (46653, -43446, 1676794224, 2, 10, 46801031283344447700, 1440778459821428400, 0, '0xc72B1b70e69D270544369132d53529e37Be87742', 0, 46071, -43504), (-66515, 32317, 1676795776, 1, 10, 45779230770597138400, 35141543251792404100, 1, '0x3662FA93E6C3bcB04B95e5dD7B1266AD9e8A9965', 1, -65940, 32246), (-9929, 68183, 1676795776, 1, 10, 49113164638542216900, 49113164638542216900, 1, '0x77B770ceB4b2537e52f4534Bb39e43754eB5B7e5', 1, -9929, 68183), (-1161, -77377, 1676795776, 1, 10, 49198149075773682200, 30308960734001953300, 0, '0xBa1CD5ded4B25dF273d435c969a01dc0B577c95c', 0, -6074, -79045), (-53587, 21899, 1676794515, 3, 1, 2174749802329934300, 2174749802329934300, 1, '0x036D6B4DA0b4Eeb9d312E958c2937D9016765F50', 1, -53587, 21899), (46114, -43007, 1676794747, 2, 10, 49257381883019951000, 720389229910714300, 0, '0xc72B1b70e69D270544369132d53529e37Be87742', 0, 43800, -42251), (-65103, 31044, 1676795776, 1, 10, 52803691027070259300, 52803691027070259300, 1, '0xA4b1B07974bF67f04EC51bEcABF4aD62106B1Dd0', 1, -65103, 31044), (-7133, 68237, 1676795776, 1, 10, 51353884931390702300, 51353884931390702300, 1, '0xa79160bC038C07678C145f1B5220be15bAdB13d7', 1, -7133, 68237), (-6784, -77245, 1676794839, 2, 10, 37120942877184944000, 11116130081534929400, 0, '0xc72B1b70e69D270544369132d53529e37Be87742', 0, -13571, -80616), (-20944, 84108, 1676795048, 3, 1, 1904857557130728500, 1904857557130728500, 0, '0xBa1CD5ded4B25dF273d435c969a01dc0B577c95c', 0, -20944, 84108), (-9245, 66276, 1676795776, 1, 10, 54114251491592745800, 35346202900406452800, 1, '0xd4aEDD30d11907e10B6353e59685BB7Efc14F55D', 1, -9182, 67975), (43606, -43351, 1676795260, 2, 10, 43150543963957769250, 180097307477678550, 0, '0xc72B1b70e69D270544369132d53529e37Be87742', 0, 8358, -75437), (-3226, -80397, 1676795776, 1, 10, 51458184646622126750, 31596865889325257750, 1, '0x77B770ceB4b2537e52f4534Bb39e43754eB5B7e5', 1, -7699, -82872), (-10944, 73302, 1676795382, 0, 8, 40897217155799254300, 30721448296636167300, 1, '0xA4b1B07974bF67f04EC51bEcABF4aD62106B1Dd0', 1, -11104, 69892), (-16877, -85132, 1676795776, 1, 10, 48581388795423813800, 48581388795423813800, 1, '0xBa1CD5ded4B25dF273d435c969a01dc0B577c95c', 1, -16877, -85132), (-11014, -76054, 1676795776, 1, 10, 39252850073780042500, 30825024992241038200, 0, '0xc72B1b70e69D270544369132d53529e37Be87742', 0, -11075, -76355), (-14199, -75319, 1676795740, 0, 4, 14020980271162084300, 3685184173538481300, 1, '0xc72B1b70e69D270544369132d53529e37Be87742', 0, -18655, -75123)]
8 3766.793 [[-0.08048200050096435, 0.6295372924618768], [-0.14004676041617284, -0.7682818373220397], [-0.6171161105289689, 0.28985952474492416]] [(-58853, 34885, 1676795816, 1, 10, 50000000000000000000, 35000000000000000000, 1, '0x5c5f829C4c3E8C4AB97390cb053a456616c27Ea3', 0, -60987, 35376), (-61970, 29047, 1676795816, 1, 10, 47857142857142858000, 28571428571428572000, 1, '0x26CbcaC5281B6E159bc3e6C7400AF25fA46F246B', 1, -65533, 28514), (-66168, 29214, 1676795816, 1, 10, 48705357142857144000, 44151785714285715000, 1, '0xA4b1B07974bF67f04EC51bEcABF4aD62106B1Dd0', 1, -66154, 29294), (45490, -41768, 1676792189, 2, 10, 47395833333333332500, 5000000000000000000, 0, '0xc72B1b70e69D270544369132d53529e37Be87742', 0, 45512, -42787), (-6413, 64099, 1676795816, 1, 10, 48737599206349205000, 48737599206349205000, 1, '0x633462025cF12D347C0dF50B2114E65aa364f0a6', 0, -6413, 64099), (-65286, 30894, 1676795816, 1, 10, 49073454034391536000, 49073454034391536000, 1, '0x26CbcaC5281B6E159bc3e6C7400AF25fA46F246B', 1, -65286, 30894), (-38720, 54983, 1676792351, 2, 10, 49064980158730157500, 5662202380952381000, 0, '0x0fa9077350FC3Ee6924743e1AD9b735c657C455E', 0, -39006, 54962), (45647, -40318, 1676792489, 2, 10, 51381683798133452000, 4553571428571429000, 0, '0xc72B1b70e69D270544369132d53529e37Be87742', 0, 44702, -41234), (-10667, 69593, 1676795816, 1, 10, 52967923280423279000, 47684151785714285000, 1, '0xa79160bC038C07678C145f1B5220be15bAdB13d7', 1, -10613, 69546), (-9168, 64558, 1676795816, 1, 10, 49436705430629041900, 44006162505511463900, 1, '0x036D6B4DA0b4Eeb9d312E958c2937D9016765F50', 1, -9016, 64038), (-67210, 30832, 1676795816, 1, 10, 53370652131201418100, 53370652131201418100, 1, '0x0fa9077350FC3Ee6924743e1AD9b735c657C455E', 1, -67210, 30832), (-9442, 68746, 1676795816, 1, 10, 52193733886623065000, 47905097376849402000, 0, '0x05d6edC4ff8ef40321aBCf7886Bc606ed13327b0', 1, -9349, 68693), (-5645, 60493, 1676795816, 1, 10, 49648966479327931000, 40251121015160611000, 1, '0x77B770ceB4b2537e52f4534Bb39e43754eB5B7e5', 1, -6225, 62583), (43185, -42090, 1676793029, 2, 10, 54015769671939045500, 3415178571428571000, 0, '0xc72B1b70e69D270544369132d53529e37Be87742', 0, 43235, -41791), (-66307, 30351, 1676795816, 1, 10, 56144282795570109700, 56144282795570109700, 1, '0x3662FA93E6C3bcB04B95e5dD7B1266AD9e8A9965', 1, -66307, 30351), (-10150, 64919, 1676795816, 1, 10, 53019971728550711000, 43561283694404384500, 1, '0x036D6B4DA0b4Eeb9d312E958c2937D9016765F50', 1, -10296, 65769), (-32420, -110248, 1676793262, 2, 10, 46590466300053795000, 17204462052301800000, 0, '0x77B770ceB4b2537e52f4534Bb39e43754eB5B7e5', 0, -30502, -105273), (-63684, 28290, 1676795816, 1, 10, 49240295815198408000, 44670880027580123000, 1, '0xc8529dE5603FF9D6FE9A77d43c27D3e7085B4E43', 1, -63795, 28074), (44604, -42606, 1676793300, 2, 10, 50446506206585461300, 2561383928571428400, 0, '0xc72B1b70e69D270544369132d53529e37Be87742', 0, 45967, -42153), (-7093, 67939, 1676795816, 1, 10, 55851098521653284200, 49331239628927302200, 1, '0x633462025cF12D347C0dF50B2114E65aa364f0a6', 1, -7053, 68807), (45772, -41684, 1676793510, 2, 10, 38928544490703406000, 1921037946428571600, 0, '0xc72B1b70e69D270544369132d53529e37Be87742', 0, 46376, -42206), (-8353, 67488, 1676795816, 1, 10, 47712597364086534900, 38504728557868923900, 1, '0x3662FA93E6C3bcB04B95e5dD7B1266AD9e8A9965', 1, -8308, 67448), (-65040, 30190, 1676795816, 1, 10, 49105657812321847200, 45579275478804057900, 1, '0xA4b1B07974bF67f04EC51bEcABF4aD62106B1Dd0', 1, -65147, 30274), (-65730, 30403, 1676795816, 1, 10, 45522348387704252900, 45522348387704252900, 0, '0x0fa9077350FC3Ee6924743e1AD9b735c657C455E', 1, -65730, 30403), (44910, -42214, 1676794022, 2, 10, 45357567859261598500, 1440778459821428600, 0, '0xc72B1b70e69D270544369132d53529e37Be87742', 0, 46084, -42343), (46653, -43446, 1676794224, 2, 10, 46801031283344447700, 1440778459821428400, 0, '0xc72B1b70e69D270544369132d53529e37Be87742', 0, 46071, -43504), (-66515, 32317, 1676795816, 1, 10, 45779230770597138400, 35141543251792404100, 1, '0x3662FA93E6C3bcB04B95e5dD7B1266AD9e8A9965', 1, -65940, 32246), (-9929, 68183, 1676795816, 1, 10, 49113164638542216900, 49113164638542216900, 1, '0x77B770ceB4b2537e52f4534Bb39e43754eB5B7e5', 1, -9929, 68183), (-1161, -77377, 1676795816, 1, 10, 49198149075773682200, 30308960734001953300, 0, '0xBa1CD5ded4B25dF273d435c969a01dc0B577c95c', 0, -6074, -79045), (-53587, 21899, 1676794515, 3, 1, 2174749802329934300, 2174749802329934300, 1, '0x036D6B4DA0b4Eeb9d312E958c2937D9016765F50', 1, -53587, 21899), (46114, -43007, 1676794747, 2, 10, 49257381883019951000, 720389229910714300, 0, '0xc72B1b70e69D270544369132d53529e37Be87742', 0, 43800, -42251), (-65103, 31044, 1676795816, 1, 10, 52803691027070259300, 52803691027070259300, 1, '0xA4b1B07974bF67f04EC51bEcABF4aD62106B1Dd0', 1, -65103, 31044), (-7133, 68237, 1676795816, 1, 10, 51353884931390702300, 51353884931390702300, 1, '0xa79160bC038C07678C145f1B5220be15bAdB13d7', 1, -7133, 68237), (-6784, -77245, 1676794839, 2, 10, 37120942877184944000, 11116130081534929400, 0, '0xc72B1b70e69D270544369132d53529e37Be87742', 0, -13571, -80616), (-20944, 84108, 1676795048, 3, 1, 1904857557130728500, 1904857557130728500, 0, '0xBa1CD5ded4B25dF273d435c969a01dc0B577c95c', 0, -20944, 84108), (-9245, 66276, 1676795816, 1, 10, 54114251491592745800, 35346202900406452800, 1, '0xd4aEDD30d11907e10B6353e59685BB7Efc14F55D', 1, -9182, 67975), (43606, -43351, 1676795260, 2, 10, 43150543963957769250, 180097307477678550, 0, '0xc72B1b70e69D270544369132d53529e37Be87742', 0, 8358, -75437), (-3226, -80397, 1676795816, 1, 10, 51458184646622126750, 31596865889325257750, 1, '0x77B770ceB4b2537e52f4534Bb39e43754eB5B7e5', 1, -7699, -82872), (-10847, 73152, 1676795816, 1, 10, 51055473495771626300, 38302295790237013300, 1, '0xA4b1B07974bF67f04EC51bEcABF4aD62106B1Dd0', 1, -11061, 70597), (-16877, -85132, 1676795816, 1, 10, 48581388795423813800, 48581388795423813800, 1, '0xBa1CD5ded4B25dF273d435c969a01dc0B577c95c', 1, -16877, -85132), (-11014, -76054, 1676795816, 1, 10, 39252850073780042500, 30825024992241038200, 0, '0xc72B1b70e69D270544369132d53529e37Be87742', 0, -11075, -76355), (-13334, -79038, 1676795740, 0, 7, 30586414293749509600, 14561296957861862600, 1, '0xc72B1b70e69D270544369132d53529e37Be87742', 0, -18423, -82437)]
8 3796.94 [[-0.08048200050096435, 0.6295372924618768], [-0.14004676041617284, -0.7682818373220397], [-0.6171161105289689, 0.28985952474492416]] [(-58853, 34885, 1676795832, 1, 10, 50000000000000000000, 35000000000000000000, 1, '0x5c5f829C4c3E8C4AB97390cb053a456616c27Ea3', 0, -60987, 35376), (-61970, 29047, 1676795832, 1, 10, 47857142857142858000, 28571428571428572000, 1, '0x26CbcaC5281B6E159bc3e6C7400AF25fA46F246B', 1, -65533, 28514), (-66168, 29214, 1676795832, 1, 10, 48705357142857144000, 44151785714285715000, 1, '0xA4b1B07974bF67f04EC51bEcABF4aD62106B1Dd0', 1, -66154, 29294), (45490, -41768, 1676792189, 2, 10, 47395833333333332500, 5000000000000000000, 0, '0xc72B1b70e69D270544369132d53529e37Be87742', 0, 45512, -42787), (-6413, 64099, 1676795832, 1, 10, 48737599206349205000, 48737599206349205000, 1, '0x633462025cF12D347C0dF50B2114E65aa364f0a6', 0, -6413, 64099), (-65286, 30894, 1676795832, 1, 10, 49073454034391536000, 49073454034391536000, 1, '0x26CbcaC5281B6E159bc3e6C7400AF25fA46F246B', 1, -65286, 30894), (-38720, 54983, 1676792351, 2, 10, 49064980158730157500, 5662202380952381000, 0, '0x0fa9077350FC3Ee6924743e1AD9b735c657C455E', 0, -39006, 54962), (45647, -40318, 1676792489, 2, 10, 51381683798133452000, 4553571428571429000, 0, '0xc72B1b70e69D270544369132d53529e37Be87742', 0, 44702, -41234), (-10667, 69593, 1676795832, 1, 10, 52967923280423279000, 47684151785714285000, 1, '0xa79160bC038C07678C145f1B5220be15bAdB13d7', 1, -10613, 69546), (-9168, 64558, 1676795832, 1, 10, 49436705430629041900, 44006162505511463900, 1, '0x036D6B4DA0b4Eeb9d312E958c2937D9016765F50', 1, -9016, 64038), (-67210, 30832, 1676795832, 1, 10, 53370652131201418100, 53370652131201418100, 1, '0x0fa9077350FC3Ee6924743e1AD9b735c657C455E', 1, -67210, 30832), (-9442, 68746, 1676795832, 1, 10, 52193733886623065000, 47905097376849402000, 0, '0x05d6edC4ff8ef40321aBCf7886Bc606ed13327b0', 1, -9349, 68693), (-5645, 60493, 1676795832, 1, 10, 49648966479327931000, 40251121015160611000, 1, '0x77B770ceB4b2537e52f4534Bb39e43754eB5B7e5', 1, -6225, 62583), (43185, -42090, 1676793029, 2, 10, 54015769671939045500, 3415178571428571000, 0, '0xc72B1b70e69D270544369132d53529e37Be87742', 0, 43235, -41791), (-66307, 30351, 1676795832, 1, 10, 56144282795570109700, 56144282795570109700, 1, '0x3662FA93E6C3bcB04B95e5dD7B1266AD9e8A9965', 1, -66307, 30351), (-10150, 64919, 1676795832, 1, 10, 53019971728550711000, 43561283694404384500, 1, '0x036D6B4DA0b4Eeb9d312E958c2937D9016765F50', 1, -10296, 65769), (-32420, -110248, 1676793262, 2, 10, 46590466300053795000, 17204462052301800000, 0, '0x77B770ceB4b2537e52f4534Bb39e43754eB5B7e5', 0, -30502, -105273), (-63684, 28290, 1676795832, 1, 10, 49240295815198408000, 44670880027580123000, 1, '0xc8529dE5603FF9D6FE9A77d43c27D3e7085B4E43', 1, -63795, 28074), (44604, -42606, 1676793300, 2, 10, 50446506206585461300, 2561383928571428400, 0, '0xc72B1b70e69D270544369132d53529e37Be87742', 0, 45967, -42153), (-7093, 67939, 1676795832, 1, 10, 55851098521653284200, 49331239628927302200, 1, '0x633462025cF12D347C0dF50B2114E65aa364f0a6', 1, -7053, 68807), (45772, -41684, 1676793510, 2, 10, 38928544490703406000, 1921037946428571600, 0, '0xc72B1b70e69D270544369132d53529e37Be87742', 0, 46376, -42206), (-8353, 67488, 1676795832, 1, 10, 47712597364086534900, 38504728557868923900, 1, '0x3662FA93E6C3bcB04B95e5dD7B1266AD9e8A9965', 1, -8308, 67448), (-65040, 30190, 1676795832, 1, 10, 49105657812321847200, 45579275478804057900, 1, '0xA4b1B07974bF67f04EC51bEcABF4aD62106B1Dd0', 1, -65147, 30274), (-65730, 30403, 1676795832, 1, 10, 45522348387704252900, 45522348387704252900, 0, '0x0fa9077350FC3Ee6924743e1AD9b735c657C455E', 1, -65730, 30403), (44910, -42214, 1676794022, 2, 10, 45357567859261598500, 1440778459821428600, 0, '0xc72B1b70e69D270544369132d53529e37Be87742', 0, 46084, -42343), (46653, -43446, 1676794224, 2, 10, 46801031283344447700, 1440778459821428400, 0, '0xc72B1b70e69D270544369132d53529e37Be87742', 0, 46071, -43504), (-66515, 32317, 1676795832, 1, 10, 45779230770597138400, 35141543251792404100, 1, '0x3662FA93E6C3bcB04B95e5dD7B1266AD9e8A9965', 1, -65940, 32246), (-9929, 68183, 1676795832, 1, 10, 49113164638542216900, 49113164638542216900, 1, '0x77B770ceB4b2537e52f4534Bb39e43754eB5B7e5', 1, -9929, 68183), (-1161, -77377, 1676795832, 1, 10, 49198149075773682200, 30308960734001953300, 0, '0xBa1CD5ded4B25dF273d435c969a01dc0B577c95c', 0, -6074, -79045), (-53587, 21899, 1676794515, 3, 1, 2174749802329934300, 2174749802329934300, 1, '0x036D6B4DA0b4Eeb9d312E958c2937D9016765F50', 1, -53587, 21899), (46114, -43007, 1676794747, 2, 10, 49257381883019951000, 720389229910714300, 0, '0xc72B1b70e69D270544369132d53529e37Be87742', 0, 43800, -42251), (-65103, 31044, 1676795832, 1, 10, 52803691027070259300, 52803691027070259300, 1, '0xA4b1B07974bF67f04EC51bEcABF4aD62106B1Dd0', 1, -65103, 31044), (-7133, 68237, 1676795832, 1, 10, 51353884931390702300, 51353884931390702300, 1, '0xa79160bC038C07678C145f1B5220be15bAdB13d7', 1, -7133, 68237), (-6784, -77245, 1676794839, 2, 10, 37120942877184944000, 11116130081534929400, 0, '0xc72B1b70e69D270544369132d53529e37Be87742', 0, -13571, -80616), (-20944, 84108, 1676795048, 3, 1, 1904857557130728500, 1904857557130728500, 0, '0xBa1CD5ded4B25dF273d435c969a01dc0B577c95c', 0, -20944, 84108), (-9245, 66276, 1676795832, 1, 10, 54114251491592745800, 35346202900406452800, 1, '0xd4aEDD30d11907e10B6353e59685BB7Efc14F55D', 1, -9182, 67975), (43606, -43351, 1676795260, 2, 10, 43150543963957769250, 180097307477678550, 0, '0xc72B1b70e69D270544369132d53529e37Be87742', 0, 8358, -75437), (-3226, -80397, 1676795832, 1, 10, 51458184646622126750, 31596865889325257750, 1, '0x77B770ceB4b2537e52f4534Bb39e43754eB5B7e5', 1, -7699, -82872), (-10847, 73152, 1676795832, 1, 10, 51055473495771626300, 38302295790237013300, 1, '0xA4b1B07974bF67f04EC51bEcABF4aD62106B1Dd0', 1, -11061, 70597), (-16877, -85132, 1676795832, 1, 10, 48581388795423813800, 48581388795423813800, 1, '0xBa1CD5ded4B25dF273d435c969a01dc0B577c95c', 1, -16877, -85132), (-11014, -76054, 1676795832, 1, 10, 39252850073780042500, 30825024992241038200, 0, '0xc72B1b70e69D270544369132d53529e37Be87742', 0, -11075, -76355), (-13865, -78049, 1676795740, 0, 9, 44216173915202487100, 14561296957861862600, 1, '0xc72B1b70e69D270544369132d53529e37Be87742', 0, -18423, -82437)]
8 3827.014 [[-0.08048200050096435, 0.6295372924618768], [-0.14004676041617284, -0.7682818373220397], [-0.6171161105289689, 0.28985952474492416]] [(-58853, 34885, 1676795872, 1, 10, 50000000000000000000, 35000000000000000000, 1, '0x5c5f829C4c3E8C4AB97390cb053a456616c27Ea3', 0, -60987, 35376), (-61970, 29047, 1676795872, 1, 10, 47857142857142858000, 28571428571428572000, 1, '0x26CbcaC5281B6E159bc3e6C7400AF25fA46F246B', 1, -65533, 28514), (-66168, 29214, 1676795872, 1, 10, 48705357142857144000, 44151785714285715000, 1, '0xA4b1B07974bF67f04EC51bEcABF4aD62106B1Dd0', 1, -66154, 29294), (45490, -41768, 1676792189, 2, 10, 47395833333333332500, 5000000000000000000, 0, '0xc72B1b70e69D270544369132d53529e37Be87742', 0, 45512, -42787), (-6413, 64099, 1676795872, 1, 10, 48737599206349205000, 48737599206349205000, 1, '0x633462025cF12D347C0dF50B2114E65aa364f0a6', 0, -6413, 64099), (-65286, 30894, 1676795872, 1, 10, 49073454034391536000, 49073454034391536000, 1, '0x26CbcaC5281B6E159bc3e6C7400AF25fA46F246B', 1, -65286, 30894), (-38720, 54983, 1676792351, 2, 10, 49064980158730157500, 5662202380952381000, 0, '0x0fa9077350FC3Ee6924743e1AD9b735c657C455E', 0, -39006, 54962), (45647, -40318, 1676792489, 2, 10, 51381683798133452000, 4553571428571429000, 0, '0xc72B1b70e69D270544369132d53529e37Be87742', 0, 44702, -41234), (-10667, 69593, 1676795872, 1, 10, 52967923280423279000, 47684151785714285000, 1, '0xa79160bC038C07678C145f1B5220be15bAdB13d7', 1, -10613, 69546), (-9168, 64558, 1676795872, 1, 10, 49436705430629041900, 44006162505511463900, 1, '0x036D6B4DA0b4Eeb9d312E958c2937D9016765F50', 1, -9016, 64038), (-67210, 30832, 1676795872, 1, 10, 53370652131201418100, 53370652131201418100, 1, '0x0fa9077350FC3Ee6924743e1AD9b735c657C455E', 1, -67210, 30832), (-9442, 68746, 1676795872, 1, 10, 52193733886623065000, 47905097376849402000, 0, '0x05d6edC4ff8ef40321aBCf7886Bc606ed13327b0', 1, -9349, 68693), (-5645, 60493, 1676795872, 1, 10, 49648966479327931000, 40251121015160611000, 1, '0x77B770ceB4b2537e52f4534Bb39e43754eB5B7e5', 1, -6225, 62583), (43185, -42090, 1676793029, 2, 10, 54015769671939045500, 3415178571428571000, 0, '0xc72B1b70e69D270544369132d53529e37Be87742', 0, 43235, -41791), (-66307, 30351, 1676795872, 1, 10, 56144282795570109700, 56144282795570109700, 1, '0x3662FA93E6C3bcB04B95e5dD7B1266AD9e8A9965', 1, -66307, 30351), (-10150, 64919, 1676795872, 1, 10, 53019971728550711000, 43561283694404384500, 1, '0x036D6B4DA0b4Eeb9d312E958c2937D9016765F50', 1, -10296, 65769), (-32420, -110248, 1676793262, 2, 10, 46590466300053795000, 17204462052301800000, 0, '0x77B770ceB4b2537e52f4534Bb39e43754eB5B7e5', 0, -30502, -105273), (-63684, 28290, 1676795872, 1, 10, 49240295815198408000, 44670880027580123000, 1, '0xc8529dE5603FF9D6FE9A77d43c27D3e7085B4E43', 1, -63795, 28074), (44604, -42606, 1676793300, 2, 10, 50446506206585461300, 2561383928571428400, 0, '0xc72B1b70e69D270544369132d53529e37Be87742', 0, 45967, -42153), (-7093, 67939, 1676795872, 1, 10, 55851098521653284200, 49331239628927302200, 1, '0x633462025cF12D347C0dF50B2114E65aa364f0a6', 1, -7053, 68807), (45772, -41684, 1676793510, 2, 10, 38928544490703406000, 1921037946428571600, 0, '0xc72B1b70e69D270544369132d53529e37Be87742', 0, 46376, -42206), (-8353, 67488, 1676795872, 1, 10, 47712597364086534900, 38504728557868923900, 1, '0x3662FA93E6C3bcB04B95e5dD7B1266AD9e8A9965', 1, -8308, 67448), (-65040, 30190, 1676795872, 1, 10, 49105657812321847200, 45579275478804057900, 1, '0xA4b1B07974bF67f04EC51bEcABF4aD62106B1Dd0', 1, -65147, 30274), (-65730, 30403, 1676795872, 1, 10, 45522348387704252900, 45522348387704252900, 0, '0x0fa9077350FC3Ee6924743e1AD9b735c657C455E', 1, -65730, 30403), (44910, -42214, 1676794022, 2, 10, 45357567859261598500, 1440778459821428600, 0, '0xc72B1b70e69D270544369132d53529e37Be87742', 0, 46084, -42343), (46653, -43446, 1676794224, 2, 10, 46801031283344447700, 1440778459821428400, 0, '0xc72B1b70e69D270544369132d53529e37Be87742', 0, 46071, -43504), (-66515, 32317, 1676795872, 1, 10, 45779230770597138400, 35141543251792404100, 1, '0x3662FA93E6C3bcB04B95e5dD7B1266AD9e8A9965', 1, -65940, 32246), (-9929, 68183, 1676795872, 1, 10, 49113164638542216900, 49113164638542216900, 1, '0x77B770ceB4b2537e52f4534Bb39e43754eB5B7e5', 1, -9929, 68183), (-1161, -77377, 1676795872, 1, 10, 49198149075773682200, 30308960734001953300, 0, '0xBa1CD5ded4B25dF273d435c969a01dc0B577c95c', 0, -6074, -79045), (-53587, 21899, 1676794515, 3, 1, 2174749802329934300, 2174749802329934300, 1, '0x036D6B4DA0b4Eeb9d312E958c2937D9016765F50', 1, -53587, 21899), (46114, -43007, 1676794747, 2, 10, 49257381883019951000, 720389229910714300, 0, '0xc72B1b70e69D270544369132d53529e37Be87742', 0, 43800, -42251), (-65103, 31044, 1676795872, 1, 10, 52803691027070259300, 52803691027070259300, 1, '0xA4b1B07974bF67f04EC51bEcABF4aD62106B1Dd0', 1, -65103, 31044), (-7133, 68237, 1676795872, 1, 10, 51353884931390702300, 51353884931390702300, 1, '0xa79160bC038C07678C145f1B5220be15bAdB13d7', 1, -7133, 68237), (-6784, -77245, 1676794839, 2, 10, 37120942877184944000, 11116130081534929400, 0, '0xc72B1b70e69D270544369132d53529e37Be87742', 0, -13571, -80616), (-20944, 84108, 1676795048, 3, 1, 1904857557130728500, 1904857557130728500, 0, '0xBa1CD5ded4B25dF273d435c969a01dc0B577c95c', 0, -20944, 84108), (-9245, 66276, 1676795872, 1, 10, 54114251491592745800, 35346202900406452800, 1, '0xd4aEDD30d11907e10B6353e59685BB7Efc14F55D', 1, -9182, 67975), (43606, -43351, 1676795260, 2, 10, 43150543963957769250, 180097307477678550, 0, '0xc72B1b70e69D270544369132d53529e37Be87742', 0, 8358, -75437), (-3226, -80397, 1676795872, 1, 10, 51458184646622126750, 31596865889325257750, 1, '0x77B770ceB4b2537e52f4534Bb39e43754eB5B7e5', 1, -7699, -82872), (-10847, 73152, 1676795872, 1, 10, 51055473495771626300, 38302295790237013300, 1, '0xA4b1B07974bF67f04EC51bEcABF4aD62106B1Dd0', 1, -11061, 70597), (-16877, -85132, 1676795872, 1, 10, 48581388795423813800, 48581388795423813800, 1, '0xBa1CD5ded4B25dF273d435c969a01dc0B577c95c', 1, -16877, -85132), (-11014, -76054, 1676795872, 1, 10, 39252850073780042500, 30825024992241038200, 0, '0xc72B1b70e69D270544369132d53529e37Be87742', 0, -11075, -76355), (-13223, -77953, 1676795740, 2, 10, 52252492041143854100, 22597615083803229600, 1, '0xc72B1b70e69D270544369132d53529e37Be87742', 0, -15318, -80654), (-58139, 65128, 1676795872, 0, 1, 5773077338483402000, 5773077338483402000, 0, '0xA4b1B07974bF67f04EC51bEcABF4aD62106B1Dd0', 0, -58139, 65128)]
8 3857.032 [[-0.08048200050096435, 0.6295372924618768], [-0.14004676041617284, -0.7682818373220397], [-0.6171161105289689, 0.28985952474492416]] [(-58853, 34885, 1676795896, 1, 10, 50000000000000000000, 35000000000000000000, 1, '0x5c5f829C4c3E8C4AB97390cb053a456616c27Ea3', 0, -60987, 35376), (-61970, 29047, 1676795896, 1, 10, 47857142857142858000, 28571428571428572000, 1, '0x26CbcaC5281B6E159bc3e6C7400AF25fA46F246B', 1, -65533, 28514), (-66168, 29214, 1676795896, 1, 10, 48705357142857144000, 44151785714285715000, 1, '0xA4b1B07974bF67f04EC51bEcABF4aD62106B1Dd0', 1, -66154, 29294), (45490, -41768, 1676792189, 2, 10, 47395833333333332500, 5000000000000000000, 0, '0xc72B1b70e69D270544369132d53529e37Be87742', 0, 45512, -42787), (-6413, 64099, 1676795896, 1, 10, 48737599206349205000, 48737599206349205000, 1, '0x633462025cF12D347C0dF50B2114E65aa364f0a6', 0, -6413, 64099), (-65286, 30894, 1676795896, 1, 10, 49073454034391536000, 49073454034391536000, 1, '0x26CbcaC5281B6E159bc3e6C7400AF25fA46F246B', 1, -65286, 30894), (-38720, 54983, 1676792351, 2, 10, 49064980158730157500, 5662202380952381000, 0, '0x0fa9077350FC3Ee6924743e1AD9b735c657C455E', 0, -39006, 54962), (45647, -40318, 1676792489, 2, 10, 51381683798133452000, 4553571428571429000, 0, '0xc72B1b70e69D270544369132d53529e37Be87742', 0, 44702, -41234), (-10667, 69593, 1676795896, 1, 10, 52967923280423279000, 47684151785714285000, 1, '0xa79160bC038C07678C145f1B5220be15bAdB13d7', 1, -10613, 69546), (-9168, 64558, 1676795896, 1, 10, 49436705430629041900, 44006162505511463900, 1, '0x036D6B4DA0b4Eeb9d312E958c2937D9016765F50', 1, -9016, 64038), (-67210, 30832, 1676795896, 1, 10, 53370652131201418100, 53370652131201418100, 1, '0x0fa9077350FC3Ee6924743e1AD9b735c657C455E', 1, -67210, 30832), (-9442, 68746, 1676795896, 1, 10, 52193733886623065000, 47905097376849402000, 0, '0x05d6edC4ff8ef40321aBCf7886Bc606ed13327b0', 1, -9349, 68693), (-5645, 60493, 1676795896, 1, 10, 49648966479327931000, 40251121015160611000, 1, '0x77B770ceB4b2537e52f4534Bb39e43754eB5B7e5', 1, -6225, 62583), (43185, -42090, 1676793029, 2, 10, 54015769671939045500, 3415178571428571000, 0, '0xc72B1b70e69D270544369132d53529e37Be87742', 0, 43235, -41791), (-66307, 30351, 1676795896, 1, 10, 56144282795570109700, 56144282795570109700, 1, '0x3662FA93E6C3bcB04B95e5dD7B1266AD9e8A9965', 1, -66307, 30351), (-10150, 64919, 1676795896, 1, 10, 53019971728550711000, 43561283694404384500, 1, '0x036D6B4DA0b4Eeb9d312E958c2937D9016765F50', 1, -10296, 65769), (-32420, -110248, 1676793262, 2, 10, 46590466300053795000, 17204462052301800000, 0, '0x77B770ceB4b2537e52f4534Bb39e43754eB5B7e5', 0, -30502, -105273), (-63684, 28290, 1676795896, 1, 10, 49240295815198408000, 44670880027580123000, 1, '0xc8529dE5603FF9D6FE9A77d43c27D3e7085B4E43', 1, -63795, 28074), (44604, -42606, 1676793300, 2, 10, 50446506206585461300, 2561383928571428400, 0, '0xc72B1b70e69D270544369132d53529e37Be87742', 0, 45967, -42153), (-7093, 67939, 1676795896, 1, 10, 55851098521653284200, 49331239628927302200, 1, '0x633462025cF12D347C0dF50B2114E65aa364f0a6', 1, -7053, 68807), (45772, -41684, 1676793510, 2, 10, 38928544490703406000, 1921037946428571600, 0, '0xc72B1b70e69D270544369132d53529e37Be87742', 0, 46376, -42206), (-8353, 67488, 1676795896, 1, 10, 47712597364086534900, 38504728557868923900, 1, '0x3662FA93E6C3bcB04B95e5dD7B1266AD9e8A9965', 1, -8308, 67448), (-65040, 30190, 1676795896, 1, 10, 49105657812321847200, 45579275478804057900, 1, '0xA4b1B07974bF67f04EC51bEcABF4aD62106B1Dd0', 1, -65147, 30274), (-65730, 30403, 1676795896, 1, 10, 45522348387704252900, 45522348387704252900, 0, '0x0fa9077350FC3Ee6924743e1AD9b735c657C455E', 1, -65730, 30403), (44910, -42214, 1676794022, 2, 10, 45357567859261598500, 1440778459821428600, 0, '0xc72B1b70e69D270544369132d53529e37Be87742', 0, 46084, -42343), (46653, -43446, 1676794224, 2, 10, 46801031283344447700, 1440778459821428400, 0, '0xc72B1b70e69D270544369132d53529e37Be87742', 0, 46071, -43504), (-66515, 32317, 1676795896, 1, 10, 45779230770597138400, 35141543251792404100, 1, '0x3662FA93E6C3bcB04B95e5dD7B1266AD9e8A9965', 1, -65940, 32246), (-9929, 68183, 1676795896, 1, 10, 49113164638542216900, 49113164638542216900, 1, '0x77B770ceB4b2537e52f4534Bb39e43754eB5B7e5', 1, -9929, 68183), (-1161, -77377, 1676795896, 1, 10, 49198149075773682200, 30308960734001953300, 0, '0xBa1CD5ded4B25dF273d435c969a01dc0B577c95c', 0, -6074, -79045), (-53587, 21899, 1676794515, 3, 1, 2174749802329934300, 2174749802329934300, 1, '0x036D6B4DA0b4Eeb9d312E958c2937D9016765F50', 1, -53587, 21899), (46114, -43007, 1676794747, 2, 10, 49257381883019951000, 720389229910714300, 0, '0xc72B1b70e69D270544369132d53529e37Be87742', 0, 43800, -42251), (-65103, 31044, 1676795896, 1, 10, 52803691027070259300, 52803691027070259300, 1, '0xA4b1B07974bF67f04EC51bEcABF4aD62106B1Dd0', 1, -65103, 31044), (-7133, 68237, 1676795896, 1, 10, 51353884931390702300, 51353884931390702300, 1, '0xa79160bC038C07678C145f1B5220be15bAdB13d7', 1, -7133, 68237), (-6784, -77245, 1676794839, 2, 10, 37120942877184944000, 11116130081534929400, 0, '0xc72B1b70e69D270544369132d53529e37Be87742', 0, -13571, -80616), (-20944, 84108, 1676795048, 3, 1, 1904857557130728500, 1904857557130728500, 0, '0xBa1CD5ded4B25dF273d435c969a01dc0B577c95c', 0, -20944, 84108), (-9245, 66276, 1676795896, 1, 10, 54114251491592745800, 35346202900406452800, 1, '0xd4aEDD30d11907e10B6353e59685BB7Efc14F55D', 1, -9182, 67975), (43606, -43351, 1676795260, 2, 10, 43150543963957769250, 180097307477678550, 0, '0xc72B1b70e69D270544369132d53529e37Be87742', 0, 8358, -75437), (-3226, -80397, 1676795896, 1, 10, 51458184646622126750, 31596865889325257750, 1, '0x77B770ceB4b2537e52f4534Bb39e43754eB5B7e5', 1, -7699, -82872), (-10847, 73152, 1676795896, 1, 10, 51055473495771626300, 38302295790237013300, 1, '0xA4b1B07974bF67f04EC51bEcABF4aD62106B1Dd0', 1, -11061, 70597), (-16877, -85132, 1676795896, 1, 10, 48581388795423813800, 48581388795423813800, 1, '0xBa1CD5ded4B25dF273d435c969a01dc0B577c95c', 1, -16877, -85132), (-11014, -76054, 1676795896, 1, 10, 39252850073780042500, 30825024992241038200, 0, '0xc72B1b70e69D270544369132d53529e37Be87742', 0, -11075, -76355), (-13223, -77953, 1676795740, 2, 10, 52252492041143854100, 22597615083803229600, 1, '0xc72B1b70e69D270544369132d53529e37Be87742', 0, -15318, -80654), (-58139, 65128, 1676795872, 0, 1, 5773077338483402000, 5773077338483402000, 0, '0xA4b1B07974bF67f04EC51bEcABF4aD62106B1Dd0', 0, -58139, 65128), (-14459, -74311, 1676795888, 0, 2, 8287130258243315700, 8287130258243315700, 1, '0xBa1CD5ded4B25dF273d435c969a01dc0B577c95c', 1, -14459, -74311), (8378, 85418, 1676795896, 0, 1, 4578455120691849000, 4578455120691849000, 0, '0x05d6edC4ff8ef40321aBCf7886Bc606ed13327b0', 0, 8378, 85418)]
8 3887.047 [[-0.08048200050096435, 0.6295372924618768], [-0.14004676041617284, -0.7682818373220397], [-0.6171161105289689, 0.28985952474492416]] [(-58853, 34885, 1676795920, 1, 10, 50000000000000000000, 35000000000000000000, 1, '0x5c5f829C4c3E8C4AB97390cb053a456616c27Ea3', 0, -60987, 35376), (-61970, 29047, 1676795920, 1, 10, 47857142857142858000, 28571428571428572000, 1, '0x26CbcaC5281B6E159bc3e6C7400AF25fA46F246B', 1, -65533, 28514), (-66168, 29214, 1676795920, 1, 10, 48705357142857144000, 44151785714285715000, 1, '0xA4b1B07974bF67f04EC51bEcABF4aD62106B1Dd0', 1, -66154, 29294), (45490, -41768, 1676792189, 2, 10, 47395833333333332500, 5000000000000000000, 0, '0xc72B1b70e69D270544369132d53529e37Be87742', 0, 45512, -42787), (-6413, 64099, 1676795920, 1, 10, 48737599206349205000, 48737599206349205000, 1, '0x633462025cF12D347C0dF50B2114E65aa364f0a6', 0, -6413, 64099), (-65286, 30894, 1676795920, 1, 10, 49073454034391536000, 49073454034391536000, 1, '0x26CbcaC5281B6E159bc3e6C7400AF25fA46F246B', 1, -65286, 30894), (-38720, 54983, 1676792351, 2, 10, 49064980158730157500, 5662202380952381000, 0, '0x0fa9077350FC3Ee6924743e1AD9b735c657C455E', 0, -39006, 54962), (45647, -40318, 1676792489, 2, 10, 51381683798133452000, 4553571428571429000, 0, '0xc72B1b70e69D270544369132d53529e37Be87742', 0, 44702, -41234), (-10667, 69593, 1676795920, 1, 10, 52967923280423279000, 47684151785714285000, 1, '0xa79160bC038C07678C145f1B5220be15bAdB13d7', 1, -10613, 69546), (-9168, 64558, 1676795920, 1, 10, 49436705430629041900, 44006162505511463900, 1, '0x036D6B4DA0b4Eeb9d312E958c2937D9016765F50', 1, -9016, 64038), (-67210, 30832, 1676795920, 1, 10, 53370652131201418100, 53370652131201418100, 1, '0x0fa9077350FC3Ee6924743e1AD9b735c657C455E', 1, -67210, 30832), (-9442, 68746, 1676795920, 1, 10, 52193733886623065000, 47905097376849402000, 0, '0x05d6edC4ff8ef40321aBCf7886Bc606ed13327b0', 1, -9349, 68693), (-5645, 60493, 1676795920, 1, 10, 49648966479327931000, 40251121015160611000, 1, '0x77B770ceB4b2537e52f4534Bb39e43754eB5B7e5', 1, -6225, 62583), (43185, -42090, 1676793029, 2, 10, 54015769671939045500, 3415178571428571000, 0, '0xc72B1b70e69D270544369132d53529e37Be87742', 0, 43235, -41791), (-66307, 30351, 1676795920, 1, 10, 56144282795570109700, 56144282795570109700, 1, '0x3662FA93E6C3bcB04B95e5dD7B1266AD9e8A9965', 1, -66307, 30351), (-10150, 64919, 1676795920, 1, 10, 53019971728550711000, 43561283694404384500, 1, '0x036D6B4DA0b4Eeb9d312E958c2937D9016765F50', 1, -10296, 65769), (-32420, -110248, 1676793262, 2, 10, 46590466300053795000, 17204462052301800000, 0, '0x77B770ceB4b2537e52f4534Bb39e43754eB5B7e5', 0, -30502, -105273), (-63684, 28290, 1676795920, 1, 10, 49240295815198408000, 44670880027580123000, 1, '0xc8529dE5603FF9D6FE9A77d43c27D3e7085B4E43', 1, -63795, 28074), (44604, -42606, 1676793300, 2, 10, 50446506206585461300, 2561383928571428400, 0, '0xc72B1b70e69D270544369132d53529e37Be87742', 0, 45967, -42153), (-7093, 67939, 1676795920, 1, 10, 55851098521653284200, 49331239628927302200, 1, '0x633462025cF12D347C0dF50B2114E65aa364f0a6', 1, -7053, 68807), (45772, -41684, 1676793510, 2, 10, 38928544490703406000, 1921037946428571600, 0, '0xc72B1b70e69D270544369132d53529e37Be87742', 0, 46376, -42206), (-8353, 67488, 1676795920, 1, 10, 47712597364086534900, 38504728557868923900, 1, '0x3662FA93E6C3bcB04B95e5dD7B1266AD9e8A9965', 1, -8308, 67448), (-65040, 30190, 1676795920, 1, 10, 49105657812321847200, 45579275478804057900, 1, '0xA4b1B07974bF67f04EC51bEcABF4aD62106B1Dd0', 1, -65147, 30274), (-65730, 30403, 1676795920, 1, 10, 45522348387704252900, 45522348387704252900, 0, '0x0fa9077350FC3Ee6924743e1AD9b735c657C455E', 1, -65730, 30403), (44910, -42214, 1676794022, 2, 10, 45357567859261598500, 1440778459821428600, 0, '0xc72B1b70e69D270544369132d53529e37Be87742', 0, 46084, -42343), (46653, -43446, 1676794224, 2, 10, 46801031283344447700, 1440778459821428400, 0, '0xc72B1b70e69D270544369132d53529e37Be87742', 0, 46071, -43504), (-66515, 32317, 1676795920, 1, 10, 45779230770597138400, 35141543251792404100, 1, '0x3662FA93E6C3bcB04B95e5dD7B1266AD9e8A9965', 1, -65940, 32246), (-9929, 68183, 1676795920, 1, 10, 49113164638542216900, 49113164638542216900, 1, '0x77B770ceB4b2537e52f4534Bb39e43754eB5B7e5', 1, -9929, 68183), (-1161, -77377, 1676795920, 1, 10, 49198149075773682200, 30308960734001953300, 0, '0xBa1CD5ded4B25dF273d435c969a01dc0B577c95c', 0, -6074, -79045), (-53587, 21899, 1676794515, 3, 1, 2174749802329934300, 2174749802329934300, 1, '0x036D6B4DA0b4Eeb9d312E958c2937D9016765F50', 1, -53587, 21899), (46114, -43007, 1676794747, 2, 10, 49257381883019951000, 720389229910714300, 0, '0xc72B1b70e69D270544369132d53529e37Be87742', 0, 43800, -42251), (-65103, 31044, 1676795920, 1, 10, 52803691027070259300, 52803691027070259300, 1, '0xA4b1B07974bF67f04EC51bEcABF4aD62106B1Dd0', 1, -65103, 31044), (-7133, 68237, 1676795920, 1, 10, 51353884931390702300, 51353884931390702300, 1, '0xa79160bC038C07678C145f1B5220be15bAdB13d7', 1, -7133, 68237), (-6784, -77245, 1676794839, 2, 10, 37120942877184944000, 11116130081534929400, 0, '0xc72B1b70e69D270544369132d53529e37Be87742', 0, -13571, -80616), (-20944, 84108, 1676795048, 3, 1, 1904857557130728500, 1904857557130728500, 0, '0xBa1CD5ded4B25dF273d435c969a01dc0B577c95c', 0, -20944, 84108), (-9245, 66276, 1676795920, 1, 10, 54114251491592745800, 35346202900406452800, 1, '0xd4aEDD30d11907e10B6353e59685BB7Efc14F55D', 1, -9182, 67975), (43606, -43351, 1676795260, 2, 10, 43150543963957769250, 180097307477678550, 0, '0xc72B1b70e69D270544369132d53529e37Be87742', 0, 8358, -75437), (-3226, -80397, 1676795920, 1, 10, 51458184646622126750, 31596865889325257750, 1, '0x77B770ceB4b2537e52f4534Bb39e43754eB5B7e5', 1, -7699, -82872), (-10847, 73152, 1676795920, 1, 10, 51055473495771626300, 38302295790237013300, 1, '0xA4b1B07974bF67f04EC51bEcABF4aD62106B1Dd0', 1, -11061, 70597), (-16877, -85132, 1676795920, 1, 10, 48581388795423813800, 48581388795423813800, 1, '0xBa1CD5ded4B25dF273d435c969a01dc0B577c95c', 1, -16877, -85132), (-11014, -76054, 1676795920, 1, 10, 39252850073780042500, 30825024992241038200, 0, '0xc72B1b70e69D270544369132d53529e37Be87742', 0, -11075, -76355), (-13223, -77953, 1676795740, 2, 10, 52252492041143854100, 22597615083803229600, 1, '0xc72B1b70e69D270544369132d53529e37Be87742', 0, -15318, -80654), (-58841, 65636, 1676795872, 0, 2, 11700970888896973000, 5773077338483402000, 0, '0xA4b1B07974bF67f04EC51bEcABF4aD62106B1Dd0', 0, -58139, 65128), (-13388, -77168, 1676795888, 0, 3, 11722562239473229400, 11722562239473229400, 1, '0xBa1CD5ded4B25dF273d435c969a01dc0B577c95c', 1, -13388, -77168), (8378, 85418, 1676795896, 0, 1, 4578455120691849000, 4578455120691849000, 0, '0x05d6edC4ff8ef40321aBCf7886Bc606ed13327b0', 0, 8378, 85418), (-10083, 71409, 1676795906, 0, 2, 7955705225536657500, 7955705225536657500, 1, '0xDA8d2BAde16dd8a6a0Eb5563F4216047b2b24294', 1, -10083, 71409), (8186, -76685, 1676795908, 3, 1, 830831495375216500, 830831495375216500, 0, '0xc72B1b70e69D270544369132d53529e37Be87742', 0, 8186, -76685)]
8 3917.285 [[-0.08048200050096435, 0.6295372924618768], [-0.14004676041617284, -0.7682818373220397], [-0.6171161105289689, 0.28985952474492416]] [(-58853, 34885, 1676795956, 1, 10, 50000000000000000000, 35000000000000000000, 1, '0x5c5f829C4c3E8C4AB97390cb053a456616c27Ea3', 0, -60987, 35376), (-61970, 29047, 1676795956, 1, 10, 47857142857142858000, 28571428571428572000, 1, '0x26CbcaC5281B6E159bc3e6C7400AF25fA46F246B', 1, -65533, 28514), (-66168, 29214, 1676795956, 1, 10, 48705357142857144000, 44151785714285715000, 1, '0xA4b1B07974bF67f04EC51bEcABF4aD62106B1Dd0', 1, -66154, 29294), (45490, -41768, 1676792189, 2, 10, 47395833333333332500, 5000000000000000000, 0, '0xc72B1b70e69D270544369132d53529e37Be87742', 0, 45512, -42787), (-6413, 64099, 1676795956, 1, 10, 48737599206349205000, 48737599206349205000, 1, '0x633462025cF12D347C0dF50B2114E65aa364f0a6', 0, -6413, 64099), (-65286, 30894, 1676795956, 1, 10, 49073454034391536000, 49073454034391536000, 1, '0x26CbcaC5281B6E159bc3e6C7400AF25fA46F246B', 1, -65286, 30894), (-38720, 54983, 1676792351, 2, 10, 49064980158730157500, 5662202380952381000, 0, '0x0fa9077350FC3Ee6924743e1AD9b735c657C455E', 0, -39006, 54962), (45647, -40318, 1676792489, 2, 10, 51381683798133452000, 4553571428571429000, 0, '0xc72B1b70e69D270544369132d53529e37Be87742', 0, 44702, -41234), (-10667, 69593, 1676795956, 1, 10, 52967923280423279000, 47684151785714285000, 1, '0xa79160bC038C07678C145f1B5220be15bAdB13d7', 1, -10613, 69546), (-9168, 64558, 1676795956, 1, 10, 49436705430629041900, 44006162505511463900, 1, '0x036D6B4DA0b4Eeb9d312E958c2937D9016765F50', 1, -9016, 64038), (-67210, 30832, 1676795956, 1, 10, 53370652131201418100, 53370652131201418100, 1, '0x0fa9077350FC3Ee6924743e1AD9b735c657C455E', 1, -67210, 30832), (-9442, 68746, 1676795956, 1, 10, 52193733886623065000, 47905097376849402000, 0, '0x05d6edC4ff8ef40321aBCf7886Bc606ed13327b0', 1, -9349, 68693), (-5645, 60493, 1676795956, 1, 10, 49648966479327931000, 40251121015160611000, 1, '0x77B770ceB4b2537e52f4534Bb39e43754eB5B7e5', 1, -6225, 62583), (43185, -42090, 1676793029, 2, 10, 54015769671939045500, 3415178571428571000, 0, '0xc72B1b70e69D270544369132d53529e37Be87742', 0, 43235, -41791), (-66307, 30351, 1676795956, 1, 10, 56144282795570109700, 56144282795570109700, 1, '0x3662FA93E6C3bcB04B95e5dD7B1266AD9e8A9965', 1, -66307, 30351), (-10150, 64919, 1676795956, 1, 10, 53019971728550711000, 43561283694404384500, 1, '0x036D6B4DA0b4Eeb9d312E958c2937D9016765F50', 1, -10296, 65769), (-32420, -110248, 1676793262, 2, 10, 46590466300053795000, 17204462052301800000, 0, '0x77B770ceB4b2537e52f4534Bb39e43754eB5B7e5', 0, -30502, -105273), (-63684, 28290, 1676795956, 1, 10, 49240295815198408000, 44670880027580123000, 1, '0xc8529dE5603FF9D6FE9A77d43c27D3e7085B4E43', 1, -63795, 28074), (44604, -42606, 1676793300, 2, 10, 50446506206585461300, 2561383928571428400, 0, '0xc72B1b70e69D270544369132d53529e37Be87742', 0, 45967, -42153), (-7093, 67939, 1676795956, 1, 10, 55851098521653284200, 49331239628927302200, 1, '0x633462025cF12D347C0dF50B2114E65aa364f0a6', 1, -7053, 68807), (45772, -41684, 1676793510, 2, 10, 38928544490703406000, 1921037946428571600, 0, '0xc72B1b70e69D270544369132d53529e37Be87742', 0, 46376, -42206), (-8353, 67488, 1676795956, 1, 10, 47712597364086534900, 38504728557868923900, 1, '0x3662FA93E6C3bcB04B95e5dD7B1266AD9e8A9965', 1, -8308, 67448), (-65040, 30190, 1676795956, 1, 10, 49105657812321847200, 45579275478804057900, 1, '0xA4b1B07974bF67f04EC51bEcABF4aD62106B1Dd0', 1, -65147, 30274), (-65730, 30403, 1676795956, 1, 10, 45522348387704252900, 45522348387704252900, 0, '0x0fa9077350FC3Ee6924743e1AD9b735c657C455E', 1, -65730, 30403), (44910, -42214, 1676794022, 2, 10, 45357567859261598500, 1440778459821428600, 0, '0xc72B1b70e69D270544369132d53529e37Be87742', 0, 46084, -42343), (46653, -43446, 1676794224, 2, 10, 46801031283344447700, 1440778459821428400, 0, '0xc72B1b70e69D270544369132d53529e37Be87742', 0, 46071, -43504), (-66515, 32317, 1676795956, 1, 10, 45779230770597138400, 35141543251792404100, 1, '0x3662FA93E6C3bcB04B95e5dD7B1266AD9e8A9965', 1, -65940, 32246), (-9929, 68183, 1676795956, 1, 10, 49113164638542216900, 49113164638542216900, 1, '0x77B770ceB4b2537e52f4534Bb39e43754eB5B7e5', 1, -9929, 68183), (-1161, -77377, 1676795956, 1, 10, 49198149075773682200, 30308960734001953300, 0, '0xBa1CD5ded4B25dF273d435c969a01dc0B577c95c', 0, -6074, -79045), (-53587, 21899, 1676794515, 3, 1, 2174749802329934300, 2174749802329934300, 1, '0x036D6B4DA0b4Eeb9d312E958c2937D9016765F50', 1, -53587, 21899), (46114, -43007, 1676794747, 2, 10, 49257381883019951000, 720389229910714300, 0, '0xc72B1b70e69D270544369132d53529e37Be87742', 0, 43800, -42251), (-65103, 31044, 1676795956, 1, 10, 52803691027070259300, 52803691027070259300, 1, '0xA4b1B07974bF67f04EC51bEcABF4aD62106B1Dd0', 1, -65103, 31044), (-7133, 68237, 1676795956, 1, 10, 51353884931390702300, 51353884931390702300, 1, '0xa79160bC038C07678C145f1B5220be15bAdB13d7', 1, -7133, 68237), (-6784, -77245, 1676794839, 2, 10, 37120942877184944000, 11116130081534929400, 0, '0xc72B1b70e69D270544369132d53529e37Be87742', 0, -13571, -80616), (-20944, 84108, 1676795048, 3, 1, 1904857557130728500, 1904857557130728500, 0, '0xBa1CD5ded4B25dF273d435c969a01dc0B577c95c', 0, -20944, 84108), (-9245, 66276, 1676795956, 1, 10, 54114251491592745800, 35346202900406452800, 1, '0xd4aEDD30d11907e10B6353e59685BB7Efc14F55D', 1, -9182, 67975), (43606, -43351, 1676795260, 2, 10, 43150543963957769250, 180097307477678550, 0, '0xc72B1b70e69D270544369132d53529e37Be87742', 0, 8358, -75437), (-3226, -80397, 1676795956, 1, 10, 51458184646622126750, 31596865889325257750, 1, '0x77B770ceB4b2537e52f4534Bb39e43754eB5B7e5', 1, -7699, -82872), (-10847, 73152, 1676795956, 1, 10, 51055473495771626300, 38302295790237013300, 1, '0xA4b1B07974bF67f04EC51bEcABF4aD62106B1Dd0', 1, -11061, 70597), (-16877, -85132, 1676795956, 1, 10, 48581388795423813800, 48581388795423813800, 1, '0xBa1CD5ded4B25dF273d435c969a01dc0B577c95c', 1, -16877, -85132), (-11014, -76054, 1676795956, 1, 10, 39252850073780042500, 30825024992241038200, 0, '0xc72B1b70e69D270544369132d53529e37Be87742', 0, -11075, -76355), (-13223, -77953, 1676795740, 2, 10, 52252492041143854100, 22597615083803229600, 1, '0xc72B1b70e69D270544369132d53529e37Be87742', 0, -15318, -80654), (-60998, 61354, 1676795872, 0, 4, 29494746124834971000, 11800315932939428000, 0, '0xA4b1B07974bF67f04EC51bEcABF4aD62106B1Dd0', 0, -63404, 56561), (-13563, -76614, 1676795888, 0, 5, 22660539858046630400, 15757581765373067400, 1, '0xBa1CD5ded4B25dF273d435c969a01dc0B577c95c', 1, -15076, -79465), (8378, 85418, 1676795896, 0, 1, 4578455120691849000, 4578455120691849000, 0, '0x05d6edC4ff8ef40321aBCf7886Bc606ed13327b0', 0, 8378, 85418), (-10083, 71409, 1676795906, 0, 2, 7955705225536657500, 7955705225536657500, 1, '0xDA8d2BAde16dd8a6a0Eb5563F4216047b2b24294', 1, -10083, 71409), (8186, -76685, 1676795908, 3, 1, 830831495375216500, 830831495375216500, 0, '0xc72B1b70e69D270544369132d53529e37Be87742', 0, 8186, -76685)]
8 3947.288 [[-0.08048200050096435, 0.6295372924618768], [-0.14004676041617284, -0.7682818373220397], [-0.6171161105289689, 0.28985952474492416]] [(-58853, 34885, 1676795990, 1, 10, 50000000000000000000, 35000000000000000000, 1, '0x5c5f829C4c3E8C4AB97390cb053a456616c27Ea3', 0, -60987, 35376), (-61970, 29047, 1676795990, 1, 10, 47857142857142858000, 28571428571428572000, 1, '0x26CbcaC5281B6E159bc3e6C7400AF25fA46F246B', 1, -65533, 28514), (-66168, 29214, 1676795990, 1, 10, 48705357142857144000, 44151785714285715000, 1, '0xA4b1B07974bF67f04EC51bEcABF4aD62106B1Dd0', 1, -66154, 29294), (45490, -41768, 1676792189, 2, 10, 47395833333333332500, 5000000000000000000, 0, '0xc72B1b70e69D270544369132d53529e37Be87742', 0, 45512, -42787), (-6413, 64099, 1676795990, 1, 10, 48737599206349205000, 48737599206349205000, 1, '0x633462025cF12D347C0dF50B2114E65aa364f0a6', 0, -6413, 64099), (-65286, 30894, 1676795990, 1, 10, 49073454034391536000, 49073454034391536000, 1, '0x26CbcaC5281B6E159bc3e6C7400AF25fA46F246B', 1, -65286, 30894), (-38720, 54983, 1676792351, 2, 10, 49064980158730157500, 5662202380952381000, 0, '0x0fa9077350FC3Ee6924743e1AD9b735c657C455E', 0, -39006, 54962), (45647, -40318, 1676792489, 2, 10, 51381683798133452000, 4553571428571429000, 0, '0xc72B1b70e69D270544369132d53529e37Be87742', 0, 44702, -41234), (-10667, 69593, 1676795990, 1, 10, 52967923280423279000, 47684151785714285000, 1, '0xa79160bC038C07678C145f1B5220be15bAdB13d7', 1, -10613, 69546), (-9168, 64558, 1676795990, 1, 10, 49436705430629041900, 44006162505511463900, 1, '0x036D6B4DA0b4Eeb9d312E958c2937D9016765F50', 1, -9016, 64038), (-67210, 30832, 1676795990, 1, 10, 53370652131201418100, 53370652131201418100, 1, '0x0fa9077350FC3Ee6924743e1AD9b735c657C455E', 1, -67210, 30832), (-9442, 68746, 1676795990, 1, 10, 52193733886623065000, 47905097376849402000, 0, '0x05d6edC4ff8ef40321aBCf7886Bc606ed13327b0', 1, -9349, 68693), (-5645, 60493, 1676795990, 1, 10, 49648966479327931000, 40251121015160611000, 1, '0x77B770ceB4b2537e52f4534Bb39e43754eB5B7e5', 1, -6225, 62583), (43185, -42090, 1676793029, 2, 10, 54015769671939045500, 3415178571428571000, 0, '0xc72B1b70e69D270544369132d53529e37Be87742', 0, 43235, -41791), (-66307, 30351, 1676795990, 1, 10, 56144282795570109700, 56144282795570109700, 1, '0x3662FA93E6C3bcB04B95e5dD7B1266AD9e8A9965', 1, -66307, 30351), (-10150, 64919, 1676795990, 1, 10, 53019971728550711000, 43561283694404384500, 1, '0x036D6B4DA0b4Eeb9d312E958c2937D9016765F50', 1, -10296, 65769), (-32420, -110248, 1676793262, 2, 10, 46590466300053795000, 17204462052301800000, 0, '0x77B770ceB4b2537e52f4534Bb39e43754eB5B7e5', 0, -30502, -105273), (-63684, 28290, 1676795990, 1, 10, 49240295815198408000, 44670880027580123000, 1, '0xc8529dE5603FF9D6FE9A77d43c27D3e7085B4E43', 1, -63795, 28074), (44604, -42606, 1676793300, 2, 10, 50446506206585461300, 2561383928571428400, 0, '0xc72B1b70e69D270544369132d53529e37Be87742', 0, 45967, -42153), (-7093, 67939, 1676795990, 1, 10, 55851098521653284200, 49331239628927302200, 1, '0x633462025cF12D347C0dF50B2114E65aa364f0a6', 1, -7053, 68807), (45772, -41684, 1676793510, 2, 10, 38928544490703406000, 1921037946428571600, 0, '0xc72B1b70e69D270544369132d53529e37Be87742', 0, 46376, -42206), (-8353, 67488, 1676795990, 1, 10, 47712597364086534900, 38504728557868923900, 1, '0x3662FA93E6C3bcB04B95e5dD7B1266AD9e8A9965', 1, -8308, 67448), (-65040, 30190, 1676795990, 1, 10, 49105657812321847200, 45579275478804057900, 1, '0xA4b1B07974bF67f04EC51bEcABF4aD62106B1Dd0', 1, -65147, 30274), (-65730, 30403, 1676795990, 1, 10, 45522348387704252900, 45522348387704252900, 0, '0x0fa9077350FC3Ee6924743e1AD9b735c657C455E', 1, -65730, 30403), (44910, -42214, 1676794022, 2, 10, 45357567859261598500, 1440778459821428600, 0, '0xc72B1b70e69D270544369132d53529e37Be87742', 0, 46084, -42343), (46653, -43446, 1676794224, 2, 10, 46801031283344447700, 1440778459821428400, 0, '0xc72B1b70e69D270544369132d53529e37Be87742', 0, 46071, -43504), (-66515, 32317, 1676795990, 1, 10, 45779230770597138400, 35141543251792404100, 1, '0x3662FA93E6C3bcB04B95e5dD7B1266AD9e8A9965', 1, -65940, 32246), (-9929, 68183, 1676795990, 1, 10, 49113164638542216900, 49113164638542216900, 1, '0x77B770ceB4b2537e52f4534Bb39e43754eB5B7e5', 1, -9929, 68183), (-1161, -77377, 1676795990, 1, 10, 49198149075773682200, 30308960734001953300, 0, '0xBa1CD5ded4B25dF273d435c969a01dc0B577c95c', 0, -6074, -79045), (-53587, 21899, 1676794515, 3, 1, 2174749802329934300, 2174749802329934300, 1, '0x036D6B4DA0b4Eeb9d312E958c2937D9016765F50', 1, -53587, 21899), (46114, -43007, 1676794747, 2, 10, 49257381883019951000, 720389229910714300, 0, '0xc72B1b70e69D270544369132d53529e37Be87742', 0, 43800, -42251), (-65103, 31044, 1676795990, 1, 10, 52803691027070259300, 52803691027070259300, 1, '0xA4b1B07974bF67f04EC51bEcABF4aD62106B1Dd0', 1, -65103, 31044), (-7133, 68237, 1676795990, 1, 10, 51353884931390702300, 51353884931390702300, 1, '0xa79160bC038C07678C145f1B5220be15bAdB13d7', 1, -7133, 68237), (-6784, -77245, 1676794839, 2, 10, 37120942877184944000, 11116130081534929400, 0, '0xc72B1b70e69D270544369132d53529e37Be87742', 0, -13571, -80616), (-20944, 84108, 1676795048, 3, 1, 1904857557130728500, 1904857557130728500, 0, '0xBa1CD5ded4B25dF273d435c969a01dc0B577c95c', 0, -20944, 84108), (-9245, 66276, 1676795990, 1, 10, 54114251491592745800, 35346202900406452800, 1, '0xd4aEDD30d11907e10B6353e59685BB7Efc14F55D', 1, -9182, 67975), (43606, -43351, 1676795260, 2, 10, 43150543963957769250, 180097307477678550, 0, '0xc72B1b70e69D270544369132d53529e37Be87742', 0, 8358, -75437), (-3226, -80397, 1676795990, 1, 10, 51458184646622126750, 31596865889325257750, 1, '0x77B770ceB4b2537e52f4534Bb39e43754eB5B7e5', 1, -7699, -82872), (-10847, 73152, 1676795990, 1, 10, 51055473495771626300, 38302295790237013300, 1, '0xA4b1B07974bF67f04EC51bEcABF4aD62106B1Dd0', 1, -11061, 70597), (-16877, -85132, 1676795990, 1, 10, 48581388795423813800, 48581388795423813800, 1, '0xBa1CD5ded4B25dF273d435c969a01dc0B577c95c', 1, -16877, -85132), (-11014, -76054, 1676795990, 1, 10, 39252850073780042500, 30825024992241038200, 0, '0xc72B1b70e69D270544369132d53529e37Be87742', 0, -11075, -76355), (-13223, -77953, 1676795740, 2, 10, 52252492041143854100, 22597615083803229600, 1, '0xc72B1b70e69D270544369132d53529e37Be87742', 0, -15318, -80654), (-60842, 61555, 1676795872, 0, 5, 30783450548020734000, 11800315932939428000, 0, '0xA4b1B07974bF67f04EC51bEcABF4aD62106B1Dd0', 0, -63404, 56561), (-12646, -78229, 1676795888, 0, 8, 35658629012604616900, 26263930436478487400, 1, '0xBa1CD5ded4B25dF273d435c969a01dc0B577c95c', 1, -13185, -80574), (8378, 85418, 1676795896, 0, 1, 4578455120691849000, 4578455120691849000, 0, '0x05d6edC4ff8ef40321aBCf7886Bc606ed13327b0', 0, 8378, 85418), (-10083, 71409, 1676795906, 0, 2, 7955705225536657500, 7955705225536657500, 1, '0xDA8d2BAde16dd8a6a0Eb5563F4216047b2b24294', 1, -10083, 71409), (8186, -76685, 1676795908, 3, 1, 830831495375216500, 830831495375216500, 0, '0xc72B1b70e69D270544369132d53529e37Be87742', 0, 8186, -76685), (6734, -74415, 1676795976, 3, 1, 830831495375216500, 830831495375216500, 0, '0xc72B1b70e69D270544369132d53529e37Be87742', 0, 6734, -74415)]
8 3977.359 [[-0.08048200050096435, 0.6295372924618768], [-0.14004676041617284, -0.7682818373220397], [-0.6171161105289689, 0.28985952474492416]] [(-58853, 34885, 1676796025, 1, 10, 50000000000000000000, 35000000000000000000, 1, '0x5c5f829C4c3E8C4AB97390cb053a456616c27Ea3', 0, -60987, 35376), (-61970, 29047, 1676796025, 1, 10, 47857142857142858000, 28571428571428572000, 1, '0x26CbcaC5281B6E159bc3e6C7400AF25fA46F246B', 1, -65533, 28514), (-66168, 29214, 1676796025, 1, 10, 48705357142857144000, 44151785714285715000, 1, '0xA4b1B07974bF67f04EC51bEcABF4aD62106B1Dd0', 1, -66154, 29294), (45490, -41768, 1676792189, 2, 10, 47395833333333332500, 5000000000000000000, 0, '0xc72B1b70e69D270544369132d53529e37Be87742', 0, 45512, -42787), (-6413, 64099, 1676796025, 1, 10, 48737599206349205000, 48737599206349205000, 1, '0x633462025cF12D347C0dF50B2114E65aa364f0a6', 0, -6413, 64099), (-65286, 30894, 1676796025, 1, 10, 49073454034391536000, 49073454034391536000, 1, '0x26CbcaC5281B6E159bc3e6C7400AF25fA46F246B', 1, -65286, 30894), (-38720, 54983, 1676792351, 2, 10, 49064980158730157500, 5662202380952381000, 0, '0x0fa9077350FC3Ee6924743e1AD9b735c657C455E', 0, -39006, 54962), (45647, -40318, 1676792489, 2, 10, 51381683798133452000, 4553571428571429000, 0, '0xc72B1b70e69D270544369132d53529e37Be87742', 0, 44702, -41234), (-10667, 69593, 1676796025, 1, 10, 52967923280423279000, 47684151785714285000, 1, '0xa79160bC038C07678C145f1B5220be15bAdB13d7', 1, -10613, 69546), (-9168, 64558, 1676796025, 1, 10, 49436705430629041900, 44006162505511463900, 1, '0x036D6B4DA0b4Eeb9d312E958c2937D9016765F50', 1, -9016, 64038), (-67210, 30832, 1676796025, 1, 10, 53370652131201418100, 53370652131201418100, 1, '0x0fa9077350FC3Ee6924743e1AD9b735c657C455E', 1, -67210, 30832), (-9442, 68746, 1676796025, 1, 10, 52193733886623065000, 47905097376849402000, 0, '0x05d6edC4ff8ef40321aBCf7886Bc606ed13327b0', 1, -9349, 68693), (-5645, 60493, 1676796025, 1, 10, 49648966479327931000, 40251121015160611000, 1, '0x77B770ceB4b2537e52f4534Bb39e43754eB5B7e5', 1, -6225, 62583), (43185, -42090, 1676793029, 2, 10, 54015769671939045500, 3415178571428571000, 0, '0xc72B1b70e69D270544369132d53529e37Be87742', 0, 43235, -41791), (-66307, 30351, 1676796025, 1, 10, 56144282795570109700, 56144282795570109700, 1, '0x3662FA93E6C3bcB04B95e5dD7B1266AD9e8A9965', 1, -66307, 30351), (-10150, 64919, 1676796025, 1, 10, 53019971728550711000, 43561283694404384500, 1, '0x036D6B4DA0b4Eeb9d312E958c2937D9016765F50', 1, -10296, 65769), (-32420, -110248, 1676793262, 2, 10, 46590466300053795000, 17204462052301800000, 0, '0x77B770ceB4b2537e52f4534Bb39e43754eB5B7e5', 0, -30502, -105273), (-63684, 28290, 1676796025, 1, 10, 49240295815198408000, 44670880027580123000, 1, '0xc8529dE5603FF9D6FE9A77d43c27D3e7085B4E43', 1, -63795, 28074), (44604, -42606, 1676793300, 2, 10, 50446506206585461300, 2561383928571428400, 0, '0xc72B1b70e69D270544369132d53529e37Be87742', 0, 45967, -42153), (-7093, 67939, 1676796025, 1, 10, 55851098521653284200, 49331239628927302200, 1, '0x633462025cF12D347C0dF50B2114E65aa364f0a6', 1, -7053, 68807), (45772, -41684, 1676793510, 2, 10, 38928544490703406000, 1921037946428571600, 0, '0xc72B1b70e69D270544369132d53529e37Be87742', 0, 46376, -42206), (-8353, 67488, 1676796025, 1, 10, 47712597364086534900, 38504728557868923900, 1, '0x3662FA93E6C3bcB04B95e5dD7B1266AD9e8A9965', 1, -8308, 67448), (-65040, 30190, 1676796025, 1, 10, 49105657812321847200, 45579275478804057900, 1, '0xA4b1B07974bF67f04EC51bEcABF4aD62106B1Dd0', 1, -65147, 30274), (-65730, 30403, 1676796025, 1, 10, 45522348387704252900, 45522348387704252900, 0, '0x0fa9077350FC3Ee6924743e1AD9b735c657C455E', 1, -65730, 30403), (44910, -42214, 1676794022, 2, 10, 45357567859261598500, 1440778459821428600, 0, '0xc72B1b70e69D270544369132d53529e37Be87742', 0, 46084, -42343), (46653, -43446, 1676794224, 2, 10, 46801031283344447700, 1440778459821428400, 0, '0xc72B1b70e69D270544369132d53529e37Be87742', 0, 46071, -43504), (-66515, 32317, 1676796025, 1, 10, 45779230770597138400, 35141543251792404100, 1, '0x3662FA93E6C3bcB04B95e5dD7B1266AD9e8A9965', 1, -65940, 32246), (-9929, 68183, 1676796025, 1, 10, 49113164638542216900, 49113164638542216900, 1, '0x77B770ceB4b2537e52f4534Bb39e43754eB5B7e5', 1, -9929, 68183), (-1161, -77377, 1676796025, 1, 10, 49198149075773682200, 30308960734001953300, 0, '0xBa1CD5ded4B25dF273d435c969a01dc0B577c95c', 0, -6074, -79045), (-53587, 21899, 1676794515, 3, 1, 2174749802329934300, 2174749802329934300, 1, '0x036D6B4DA0b4Eeb9d312E958c2937D9016765F50', 1, -53587, 21899), (46114, -43007, 1676794747, 2, 10, 49257381883019951000, 720389229910714300, 0, '0xc72B1b70e69D270544369132d53529e37Be87742', 0, 43800, -42251), (-65103, 31044, 1676796025, 1, 10, 52803691027070259300, 52803691027070259300, 1, '0xA4b1B07974bF67f04EC51bEcABF4aD62106B1Dd0', 1, -65103, 31044), (-7133, 68237, 1676796025, 1, 10, 51353884931390702300, 51353884931390702300, 1, '0xa79160bC038C07678C145f1B5220be15bAdB13d7', 1, -7133, 68237), (-6784, -77245, 1676794839, 2, 10, 37120942877184944000, 11116130081534929400, 0, '0xc72B1b70e69D270544369132d53529e37Be87742', 0, -13571, -80616), (-20944, 84108, 1676795048, 3, 1, 1904857557130728500, 1904857557130728500, 0, '0xBa1CD5ded4B25dF273d435c969a01dc0B577c95c', 0, -20944, 84108), (-9245, 66276, 1676796025, 1, 10, 54114251491592745800, 35346202900406452800, 1, '0xd4aEDD30d11907e10B6353e59685BB7Efc14F55D', 1, -9182, 67975), (43606, -43351, 1676795260, 2, 10, 43150543963957769250, 180097307477678550, 0, '0xc72B1b70e69D270544369132d53529e37Be87742', 0, 8358, -75437), (-3226, -80397, 1676796025, 1, 10, 51458184646622126750, 31596865889325257750, 1, '0x77B770ceB4b2537e52f4534Bb39e43754eB5B7e5', 1, -7699, -82872), (-10847, 73152, 1676796025, 1, 10, 51055473495771626300, 38302295790237013300, 1, '0xA4b1B07974bF67f04EC51bEcABF4aD62106B1Dd0', 1, -11061, 70597), (-16877, -85132, 1676796025, 1, 10, 48581388795423813800, 48581388795423813800, 1, '0xBa1CD5ded4B25dF273d435c969a01dc0B577c95c', 1, -16877, -85132), (-11014, -76054, 1676796025, 1, 10, 39252850073780042500, 30825024992241038200, 0, '0xc72B1b70e69D270544369132d53529e37Be87742', 0, -11075, -76355), (-13223, -77953, 1676795740, 2, 10, 52252492041143854100, 22597615083803229600, 1, '0xc72B1b70e69D270544369132d53529e37Be87742', 0, -15318, -80654), (-60925, 61499, 1676795872, 0, 6, 33923582850530742500, 11800315932939428000, 0, '0xA4b1B07974bF67f04EC51bEcABF4aD62106B1Dd0', 0, -63404, 56561), (-12646, -78229, 1676795888, 0, 8, 35658629012604616900, 26263930436478487400, 1, '0xBa1CD5ded4B25dF273d435c969a01dc0B577c95c', 1, -13185, -80574), (8345, 85952, 1676795896, 0, 3, 16069658457231966000, 4578455120691849000, 0, '0x05d6edC4ff8ef40321aBCf7886Bc606ed13327b0', 0, 8378, 85418), (-8964, 66066, 1676795906, 0, 3, 12915070406786884500, 12915070406786884500, 1, '0xDA8d2BAde16dd8a6a0Eb5563F4216047b2b24294', 1, -8964, 66066), (8186, -76685, 1676795908, 3, 1, 830831495375216500, 830831495375216500, 0, '0xc72B1b70e69D270544369132d53529e37Be87742', 0, 8186, -76685), (6734, -74415, 1676795976, 3, 1, 830831495375216500, 830831495375216500, 0, '0xc72B1b70e69D270544369132d53529e37Be87742', 0, 6734, -74415), (7631, -76628, 1676796011, 3, 1, 830831495375216500, 830831495375216500, 0, '0xc72B1b70e69D270544369132d53529e37Be87742', 0, 7631, -76628)]
8 4007.418 [[-0.08048200050096435, 0.6295372924618768], [-0.14004676041617284, -0.7682818373220397], [-0.6171161105289689, 0.28985952474492416]] [(-58853, 34885, 1676796051, 1, 10, 50000000000000000000, 35000000000000000000, 1, '0x5c5f829C4c3E8C4AB97390cb053a456616c27Ea3', 0, -60987, 35376), (-61970, 29047, 1676796051, 1, 10, 47857142857142858000, 28571428571428572000, 1, '0x26CbcaC5281B6E159bc3e6C7400AF25fA46F246B', 1, -65533, 28514), (-66168, 29214, 1676796051, 1, 10, 48705357142857144000, 44151785714285715000, 1, '0xA4b1B07974bF67f04EC51bEcABF4aD62106B1Dd0', 1, -66154, 29294), (45490, -41768, 1676792189, 2, 10, 47395833333333332500, 5000000000000000000, 0, '0xc72B1b70e69D270544369132d53529e37Be87742', 0, 45512, -42787), (-6413, 64099, 1676796051, 1, 10, 48737599206349205000, 48737599206349205000, 1, '0x633462025cF12D347C0dF50B2114E65aa364f0a6', 0, -6413, 64099), (-65286, 30894, 1676796051, 1, 10, 49073454034391536000, 49073454034391536000, 1, '0x26CbcaC5281B6E159bc3e6C7400AF25fA46F246B', 1, -65286, 30894), (-38720, 54983, 1676792351, 2, 10, 49064980158730157500, 5662202380952381000, 0, '0x0fa9077350FC3Ee6924743e1AD9b735c657C455E', 0, -39006, 54962), (45647, -40318, 1676792489, 2, 10, 51381683798133452000, 4553571428571429000, 0, '0xc72B1b70e69D270544369132d53529e37Be87742', 0, 44702, -41234), (-10667, 69593, 1676796051, 1, 10, 52967923280423279000, 47684151785714285000, 1, '0xa79160bC038C07678C145f1B5220be15bAdB13d7', 1, -10613, 69546), (-9168, 64558, 1676796051, 1, 10, 49436705430629041900, 44006162505511463900, 1, '0x036D6B4DA0b4Eeb9d312E958c2937D9016765F50', 1, -9016, 64038), (-67210, 30832, 1676796051, 1, 10, 53370652131201418100, 53370652131201418100, 1, '0x0fa9077350FC3Ee6924743e1AD9b735c657C455E', 1, -67210, 30832), (-9442, 68746, 1676796051, 1, 10, 52193733886623065000, 47905097376849402000, 0, '0x05d6edC4ff8ef40321aBCf7886Bc606ed13327b0', 1, -9349, 68693), (-5645, 60493, 1676796051, 1, 10, 49648966479327931000, 40251121015160611000, 1, '0x77B770ceB4b2537e52f4534Bb39e43754eB5B7e5', 1, -6225, 62583), (43185, -42090, 1676793029, 2, 10, 54015769671939045500, 3415178571428571000, 0, '0xc72B1b70e69D270544369132d53529e37Be87742', 0, 43235, -41791), (-66307, 30351, 1676796051, 1, 10, 56144282795570109700, 56144282795570109700, 1, '0x3662FA93E6C3bcB04B95e5dD7B1266AD9e8A9965', 1, -66307, 30351), (-10150, 64919, 1676796051, 1, 10, 53019971728550711000, 43561283694404384500, 1, '0x036D6B4DA0b4Eeb9d312E958c2937D9016765F50', 1, -10296, 65769), (-32420, -110248, 1676793262, 2, 10, 46590466300053795000, 17204462052301800000, 0, '0x77B770ceB4b2537e52f4534Bb39e43754eB5B7e5', 0, -30502, -105273), (-63684, 28290, 1676796051, 1, 10, 49240295815198408000, 44670880027580123000, 1, '0xc8529dE5603FF9D6FE9A77d43c27D3e7085B4E43', 1, -63795, 28074), (44604, -42606, 1676793300, 2, 10, 50446506206585461300, 2561383928571428400, 0, '0xc72B1b70e69D270544369132d53529e37Be87742', 0, 45967, -42153), (-7093, 67939, 1676796051, 1, 10, 55851098521653284200, 49331239628927302200, 1, '0x633462025cF12D347C0dF50B2114E65aa364f0a6', 1, -7053, 68807), (45772, -41684, 1676793510, 2, 10, 38928544490703406000, 1921037946428571600, 0, '0xc72B1b70e69D270544369132d53529e37Be87742', 0, 46376, -42206), (-8353, 67488, 1676796051, 1, 10, 47712597364086534900, 38504728557868923900, 1, '0x3662FA93E6C3bcB04B95e5dD7B1266AD9e8A9965', 1, -8308, 67448), (-65040, 30190, 1676796051, 1, 10, 49105657812321847200, 45579275478804057900, 1, '0xA4b1B07974bF67f04EC51bEcABF4aD62106B1Dd0', 1, -65147, 30274), (-65730, 30403, 1676796051, 1, 10, 45522348387704252900, 45522348387704252900, 0, '0x0fa9077350FC3Ee6924743e1AD9b735c657C455E', 1, -65730, 30403), (44910, -42214, 1676794022, 2, 10, 45357567859261598500, 1440778459821428600, 0, '0xc72B1b70e69D270544369132d53529e37Be87742', 0, 46084, -42343), (46653, -43446, 1676794224, 2, 10, 46801031283344447700, 1440778459821428400, 0, '0xc72B1b70e69D270544369132d53529e37Be87742', 0, 46071, -43504), (-66515, 32317, 1676796051, 1, 10, 45779230770597138400, 35141543251792404100, 1, '0x3662FA93E6C3bcB04B95e5dD7B1266AD9e8A9965', 1, -65940, 32246), (-9929, 68183, 1676796051, 1, 10, 49113164638542216900, 49113164638542216900, 1, '0x77B770ceB4b2537e52f4534Bb39e43754eB5B7e5', 1, -9929, 68183), (-1161, -77377, 1676796051, 1, 10, 49198149075773682200, 30308960734001953300, 0, '0xBa1CD5ded4B25dF273d435c969a01dc0B577c95c', 0, -6074, -79045), (-53587, 21899, 1676794515, 3, 1, 2174749802329934300, 2174749802329934300, 1, '0x036D6B4DA0b4Eeb9d312E958c2937D9016765F50', 1, -53587, 21899), (46114, -43007, 1676794747, 2, 10, 49257381883019951000, 720389229910714300, 0, '0xc72B1b70e69D270544369132d53529e37Be87742', 0, 43800, -42251), (-65103, 31044, 1676796051, 1, 10, 52803691027070259300, 52803691027070259300, 1, '0xA4b1B07974bF67f04EC51bEcABF4aD62106B1Dd0', 1, -65103, 31044), (-7133, 68237, 1676796051, 1, 10, 51353884931390702300, 51353884931390702300, 1, '0xa79160bC038C07678C145f1B5220be15bAdB13d7', 1, -7133, 68237), (-6784, -77245, 1676794839, 2, 10, 37120942877184944000, 11116130081534929400, 0, '0xc72B1b70e69D270544369132d53529e37Be87742', 0, -13571, -80616), (-20944, 84108, 1676795048, 3, 1, 1904857557130728500, 1904857557130728500, 0, '0xBa1CD5ded4B25dF273d435c969a01dc0B577c95c', 0, -20944, 84108), (-9245, 66276, 1676796051, 1, 10, 54114251491592745800, 35346202900406452800, 1, '0xd4aEDD30d11907e10B6353e59685BB7Efc14F55D', 1, -9182, 67975), (43606, -43351, 1676795260, 2, 10, 43150543963957769250, 180097307477678550, 0, '0xc72B1b70e69D270544369132d53529e37Be87742', 0, 8358, -75437), (-3226, -80397, 1676796051, 1, 10, 51458184646622126750, 31596865889325257750, 1, '0x77B770ceB4b2537e52f4534Bb39e43754eB5B7e5', 1, -7699, -82872), (-10847, 73152, 1676796051, 1, 10, 51055473495771626300, 38302295790237013300, 1, '0xA4b1B07974bF67f04EC51bEcABF4aD62106B1Dd0', 1, -11061, 70597), (-16877, -85132, 1676796051, 1, 10, 48581388795423813800, 48581388795423813800, 1, '0xBa1CD5ded4B25dF273d435c969a01dc0B577c95c', 1, -16877, -85132), (-11014, -76054, 1676796051, 1, 10, 39252850073780042500, 30825024992241038200, 0, '0xc72B1b70e69D270544369132d53529e37Be87742', 0, -11075, -76355), (-13223, -77953, 1676795740, 2, 10, 52252492041143854100, 22597615083803229600, 1, '0xc72B1b70e69D270544369132d53529e37Be87742', 0, -15318, -80654), (-60925, 61499, 1676795872, 0, 6, 33923582850530742500, 11800315932939428000, 0, '0xA4b1B07974bF67f04EC51bEcABF4aD62106B1Dd0', 0, -63404, 56561), (-12720, -78949, 1676795888, 0, 8, 35658629012604616900, 26263930436478487400, 1, '0xBa1CD5ded4B25dF273d435c969a01dc0B577c95c', 1, -13237, -81327), (8345, 85952, 1676795896, 0, 3, 16069658457231966000, 4578455120691849000, 0, '0x05d6edC4ff8ef40321aBCf7886Bc606ed13327b0', 0, 8378, 85418), (-8839, 67195, 1676795906, 0, 4, 24681607048268856500, 24681607048268856500, 1, '0xDA8d2BAde16dd8a6a0Eb5563F4216047b2b24294', 1, -8839, 67195), (8186, -76685, 1676795908, 3, 1, 830831495375216500, 830831495375216500, 0, '0xc72B1b70e69D270544369132d53529e37Be87742', 0, 8186, -76685), (6734, -74415, 1676795976, 3, 1, 830831495375216500, 830831495375216500, 0, '0xc72B1b70e69D270544369132d53529e37Be87742', 0, 6734, -74415), (7631, -76628, 1676796011, 3, 1, 830831495375216500, 830831495375216500, 0, '0xc72B1b70e69D270544369132d53529e37Be87742', 0, 7631, -76628)]
8 4037.46 [[-0.08048200050096435, 0.6295372924618768], [-0.14004676041617284, -0.7682818373220397], [-0.6171161105289689, 0.28985952474492416]] [(-58853, 34885, 1676796075, 1, 10, 50000000000000000000, 35000000000000000000, 1, '0x5c5f829C4c3E8C4AB97390cb053a456616c27Ea3', 0, -60987, 35376), (-61970, 29047, 1676796075, 1, 10, 47857142857142858000, 28571428571428572000, 1, '0x26CbcaC5281B6E159bc3e6C7400AF25fA46F246B', 1, -65533, 28514), (-66168, 29214, 1676796075, 1, 10, 48705357142857144000, 44151785714285715000, 1, '0xA4b1B07974bF67f04EC51bEcABF4aD62106B1Dd0', 1, -66154, 29294), (45490, -41768, 1676792189, 2, 10, 47395833333333332500, 5000000000000000000, 0, '0xc72B1b70e69D270544369132d53529e37Be87742', 0, 45512, -42787), (-6413, 64099, 1676796075, 1, 10, 48737599206349205000, 48737599206349205000, 1, '0x633462025cF12D347C0dF50B2114E65aa364f0a6', 0, -6413, 64099), (-65286, 30894, 1676796075, 1, 10, 49073454034391536000, 49073454034391536000, 1, '0x26CbcaC5281B6E159bc3e6C7400AF25fA46F246B', 1, -65286, 30894), (-38720, 54983, 1676792351, 2, 10, 49064980158730157500, 5662202380952381000, 0, '0x0fa9077350FC3Ee6924743e1AD9b735c657C455E', 0, -39006, 54962), (45647, -40318, 1676792489, 2, 10, 51381683798133452000, 4553571428571429000, 0, '0xc72B1b70e69D270544369132d53529e37Be87742', 0, 44702, -41234), (-10667, 69593, 1676796075, 1, 10, 52967923280423279000, 47684151785714285000, 1, '0xa79160bC038C07678C145f1B5220be15bAdB13d7', 1, -10613, 69546), (-9168, 64558, 1676796075, 1, 10, 49436705430629041900, 44006162505511463900, 1, '0x036D6B4DA0b4Eeb9d312E958c2937D9016765F50', 1, -9016, 64038), (-67210, 30832, 1676796075, 1, 10, 53370652131201418100, 53370652131201418100, 1, '0x0fa9077350FC3Ee6924743e1AD9b735c657C455E', 1, -67210, 30832), (-9442, 68746, 1676796075, 1, 10, 52193733886623065000, 47905097376849402000, 0, '0x05d6edC4ff8ef40321aBCf7886Bc606ed13327b0', 1, -9349, 68693), (-5645, 60493, 1676796075, 1, 10, 49648966479327931000, 40251121015160611000, 1, '0x77B770ceB4b2537e52f4534Bb39e43754eB5B7e5', 1, -6225, 62583), (43185, -42090, 1676793029, 2, 10, 54015769671939045500, 3415178571428571000, 0, '0xc72B1b70e69D270544369132d53529e37Be87742', 0, 43235, -41791), (-66307, 30351, 1676796075, 1, 10, 56144282795570109700, 56144282795570109700, 1, '0x3662FA93E6C3bcB04B95e5dD7B1266AD9e8A9965', 1, -66307, 30351), (-10150, 64919, 1676796075, 1, 10, 53019971728550711000, 43561283694404384500, 1, '0x036D6B4DA0b4Eeb9d312E958c2937D9016765F50', 1, -10296, 65769), (-32420, -110248, 1676793262, 2, 10, 46590466300053795000, 17204462052301800000, 0, '0x77B770ceB4b2537e52f4534Bb39e43754eB5B7e5', 0, -30502, -105273), (-63684, 28290, 1676796075, 1, 10, 49240295815198408000, 44670880027580123000, 1, '0xc8529dE5603FF9D6FE9A77d43c27D3e7085B4E43', 1, -63795, 28074), (44604, -42606, 1676793300, 2, 10, 50446506206585461300, 2561383928571428400, 0, '0xc72B1b70e69D270544369132d53529e37Be87742', 0, 45967, -42153), (-7093, 67939, 1676796075, 1, 10, 55851098521653284200, 49331239628927302200, 1, '0x633462025cF12D347C0dF50B2114E65aa364f0a6', 1, -7053, 68807), (45772, -41684, 1676793510, 2, 10, 38928544490703406000, 1921037946428571600, 0, '0xc72B1b70e69D270544369132d53529e37Be87742', 0, 46376, -42206), (-8353, 67488, 1676796075, 1, 10, 47712597364086534900, 38504728557868923900, 1, '0x3662FA93E6C3bcB04B95e5dD7B1266AD9e8A9965', 1, -8308, 67448), (-65040, 30190, 1676796075, 1, 10, 49105657812321847200, 45579275478804057900, 1, '0xA4b1B07974bF67f04EC51bEcABF4aD62106B1Dd0', 1, -65147, 30274), (-65730, 30403, 1676796075, 1, 10, 45522348387704252900, 45522348387704252900, 0, '0x0fa9077350FC3Ee6924743e1AD9b735c657C455E', 1, -65730, 30403), (44910, -42214, 1676794022, 2, 10, 45357567859261598500, 1440778459821428600, 0, '0xc72B1b70e69D270544369132d53529e37Be87742', 0, 46084, -42343), (46653, -43446, 1676794224, 2, 10, 46801031283344447700, 1440778459821428400, 0, '0xc72B1b70e69D270544369132d53529e37Be87742', 0, 46071, -43504), (-66515, 32317, 1676796075, 1, 10, 45779230770597138400, 35141543251792404100, 1, '0x3662FA93E6C3bcB04B95e5dD7B1266AD9e8A9965', 1, -65940, 32246), (-9929, 68183, 1676796075, 1, 10, 49113164638542216900, 49113164638542216900, 1, '0x77B770ceB4b2537e52f4534Bb39e43754eB5B7e5', 1, -9929, 68183), (-1161, -77377, 1676796075, 1, 10, 49198149075773682200, 30308960734001953300, 0, '0xBa1CD5ded4B25dF273d435c969a01dc0B577c95c', 0, -6074, -79045), (-53587, 21899, 1676794515, 3, 1, 2174749802329934300, 2174749802329934300, 1, '0x036D6B4DA0b4Eeb9d312E958c2937D9016765F50', 1, -53587, 21899), (46114, -43007, 1676794747, 2, 10, 49257381883019951000, 720389229910714300, 0, '0xc72B1b70e69D270544369132d53529e37Be87742', 0, 43800, -42251), (-65103, 31044, 1676796075, 1, 10, 52803691027070259300, 52803691027070259300, 1, '0xA4b1B07974bF67f04EC51bEcABF4aD62106B1Dd0', 1, -65103, 31044), (-7133, 68237, 1676796075, 1, 10, 51353884931390702300, 51353884931390702300, 1, '0xa79160bC038C07678C145f1B5220be15bAdB13d7', 1, -7133, 68237), (-6784, -77245, 1676794839, 2, 10, 37120942877184944000, 11116130081534929400, 0, '0xc72B1b70e69D270544369132d53529e37Be87742', 0, -13571, -80616), (-20944, 84108, 1676795048, 3, 1, 1904857557130728500, 1904857557130728500, 0, '0xBa1CD5ded4B25dF273d435c969a01dc0B577c95c', 0, -20944, 84108), (-9245, 66276, 1676796075, 1, 10, 54114251491592745800, 35346202900406452800, 1, '0xd4aEDD30d11907e10B6353e59685BB7Efc14F55D', 1, -9182, 67975), (43606, -43351, 1676795260, 2, 10, 43150543963957769250, 180097307477678550, 0, '0xc72B1b70e69D270544369132d53529e37Be87742', 0, 8358, -75437), (-3226, -80397, 1676796075, 1, 10, 51458184646622126750, 31596865889325257750, 1, '0x77B770ceB4b2537e52f4534Bb39e43754eB5B7e5', 1, -7699, -82872), (-10847, 73152, 1676796075, 1, 10, 51055473495771626300, 38302295790237013300, 1, '0xA4b1B07974bF67f04EC51bEcABF4aD62106B1Dd0', 1, -11061, 70597), (-16877, -85132, 1676796075, 1, 10, 48581388795423813800, 48581388795423813800, 1, '0xBa1CD5ded4B25dF273d435c969a01dc0B577c95c', 1, -16877, -85132), (-11014, -76054, 1676796075, 1, 10, 39252850073780042500, 30825024992241038200, 0, '0xc72B1b70e69D270544369132d53529e37Be87742', 0, -11075, -76355), (-13223, -77953, 1676795740, 2, 10, 52252492041143854100, 22597615083803229600, 1, '0xc72B1b70e69D270544369132d53529e37Be87742', 0, -15318, -80654), (-60826, 61516, 1676795872, 0, 7, 37251347927523831200, 11800315932939428000, 0, '0xA4b1B07974bF67f04EC51bEcABF4aD62106B1Dd0', 0, -63404, 56561), (-12934, -79195, 1676795888, 0, 8, 35658629012604616900, 26263930436478487400, 1, '0xBa1CD5ded4B25dF273d435c969a01dc0B577c95c', 1, -13418, -81207), (8345, 85952, 1676795896, 0, 3, 16069658457231966000, 4578455120691849000, 0, '0x05d6edC4ff8ef40321aBCf7886Bc606ed13327b0', 0, 8378, 85418), (-8309, 68573, 1676795906, 0, 5, 30708845642724882500, 30708845642724882500, 1, '0xDA8d2BAde16dd8a6a0Eb5563F4216047b2b24294', 1, -8309, 68573), (8186, -76685, 1676795908, 3, 1, 830831495375216500, 830831495375216500, 0, '0xc72B1b70e69D270544369132d53529e37Be87742', 0, 8186, -76685), (6734, -74415, 1676795976, 3, 1, 830831495375216500, 830831495375216500, 0, '0xc72B1b70e69D270544369132d53529e37Be87742', 0, 6734, -74415), (7631, -76628, 1676796011, 3, 1, 830831495375216500, 830831495375216500, 0, '0xc72B1b70e69D270544369132d53529e37Be87742', 0, 7631, -76628), (6442, -75145, 1676796071, 3, 1, 830831495375216500, 830831495375216500, 0, '0xc72B1b70e69D270544369132d53529e37Be87742', 0, 6442, -75145)]
8 4067.704 [[-0.08048200050096435, 0.6295372924618768], [-0.14004676041617284, -0.7682818373220397], [-0.6171161105289689, 0.28985952474492416]] [(-58853, 34885, 1676796113, 1, 10, 50000000000000000000, 35000000000000000000, 1, '0x5c5f829C4c3E8C4AB97390cb053a456616c27Ea3', 0, -60987, 35376), (-61970, 29047, 1676796113, 1, 10, 47857142857142858000, 28571428571428572000, 1, '0x26CbcaC5281B6E159bc3e6C7400AF25fA46F246B', 1, -65533, 28514), (-66168, 29214, 1676796113, 1, 10, 48705357142857144000, 44151785714285715000, 1, '0xA4b1B07974bF67f04EC51bEcABF4aD62106B1Dd0', 1, -66154, 29294), (45490, -41768, 1676792189, 2, 10, 47395833333333332500, 5000000000000000000, 0, '0xc72B1b70e69D270544369132d53529e37Be87742', 0, 45512, -42787), (-6413, 64099, 1676796113, 1, 10, 48737599206349205000, 48737599206349205000, 1, '0x633462025cF12D347C0dF50B2114E65aa364f0a6', 0, -6413, 64099), (-65286, 30894, 1676796113, 1, 10, 49073454034391536000, 49073454034391536000, 1, '0x26CbcaC5281B6E159bc3e6C7400AF25fA46F246B', 1, -65286, 30894), (-38720, 54983, 1676792351, 2, 10, 49064980158730157500, 5662202380952381000, 0, '0x0fa9077350FC3Ee6924743e1AD9b735c657C455E', 0, -39006, 54962), (45647, -40318, 1676792489, 2, 10, 51381683798133452000, 4553571428571429000, 0, '0xc72B1b70e69D270544369132d53529e37Be87742', 0, 44702, -41234), (-10667, 69593, 1676796113, 1, 10, 52967923280423279000, 47684151785714285000, 1, '0xa79160bC038C07678C145f1B5220be15bAdB13d7', 1, -10613, 69546), (-9168, 64558, 1676796113, 1, 10, 49436705430629041900, 44006162505511463900, 1, '0x036D6B4DA0b4Eeb9d312E958c2937D9016765F50', 1, -9016, 64038), (-67210, 30832, 1676796113, 1, 10, 53370652131201418100, 53370652131201418100, 1, '0x0fa9077350FC3Ee6924743e1AD9b735c657C455E', 1, -67210, 30832), (-9442, 68746, 1676796113, 1, 10, 52193733886623065000, 47905097376849402000, 0, '0x05d6edC4ff8ef40321aBCf7886Bc606ed13327b0', 1, -9349, 68693), (-5645, 60493, 1676796113, 1, 10, 49648966479327931000, 40251121015160611000, 1, '0x77B770ceB4b2537e52f4534Bb39e43754eB5B7e5', 1, -6225, 62583), (43185, -42090, 1676793029, 2, 10, 54015769671939045500, 3415178571428571000, 0, '0xc72B1b70e69D270544369132d53529e37Be87742', 0, 43235, -41791), (-66307, 30351, 1676796113, 1, 10, 56144282795570109700, 56144282795570109700, 1, '0x3662FA93E6C3bcB04B95e5dD7B1266AD9e8A9965', 1, -66307, 30351), (-10150, 64919, 1676796113, 1, 10, 53019971728550711000, 43561283694404384500, 1, '0x036D6B4DA0b4Eeb9d312E958c2937D9016765F50', 1, -10296, 65769), (-32420, -110248, 1676793262, 2, 10, 46590466300053795000, 17204462052301800000, 0, '0x77B770ceB4b2537e52f4534Bb39e43754eB5B7e5', 0, -30502, -105273), (-63684, 28290, 1676796113, 1, 10, 49240295815198408000, 44670880027580123000, 1, '0xc8529dE5603FF9D6FE9A77d43c27D3e7085B4E43', 1, -63795, 28074), (44604, -42606, 1676793300, 2, 10, 50446506206585461300, 2561383928571428400, 0, '0xc72B1b70e69D270544369132d53529e37Be87742', 0, 45967, -42153), (-7093, 67939, 1676796113, 1, 10, 55851098521653284200, 49331239628927302200, 1, '0x633462025cF12D347C0dF50B2114E65aa364f0a6', 1, -7053, 68807), (45772, -41684, 1676793510, 2, 10, 38928544490703406000, 1921037946428571600, 0, '0xc72B1b70e69D270544369132d53529e37Be87742', 0, 46376, -42206), (-8353, 67488, 1676796113, 1, 10, 47712597364086534900, 38504728557868923900, 1, '0x3662FA93E6C3bcB04B95e5dD7B1266AD9e8A9965', 1, -8308, 67448), (-65040, 30190, 1676796113, 1, 10, 49105657812321847200, 45579275478804057900, 1, '0xA4b1B07974bF67f04EC51bEcABF4aD62106B1Dd0', 1, -65147, 30274), (-65730, 30403, 1676796113, 1, 10, 45522348387704252900, 45522348387704252900, 0, '0x0fa9077350FC3Ee6924743e1AD9b735c657C455E', 1, -65730, 30403), (44910, -42214, 1676794022, 2, 10, 45357567859261598500, 1440778459821428600, 0, '0xc72B1b70e69D270544369132d53529e37Be87742', 0, 46084, -42343), (46653, -43446, 1676794224, 2, 10, 46801031283344447700, 1440778459821428400, 0, '0xc72B1b70e69D270544369132d53529e37Be87742', 0, 46071, -43504), (-66515, 32317, 1676796113, 1, 10, 45779230770597138400, 35141543251792404100, 1, '0x3662FA93E6C3bcB04B95e5dD7B1266AD9e8A9965', 1, -65940, 32246), (-9929, 68183, 1676796113, 1, 10, 49113164638542216900, 49113164638542216900, 1, '0x77B770ceB4b2537e52f4534Bb39e43754eB5B7e5', 1, -9929, 68183), (-1161, -77377, 1676796113, 1, 10, 49198149075773682200, 30308960734001953300, 0, '0xBa1CD5ded4B25dF273d435c969a01dc0B577c95c', 0, -6074, -79045), (-53587, 21899, 1676794515, 3, 1, 2174749802329934300, 2174749802329934300, 1, '0x036D6B4DA0b4Eeb9d312E958c2937D9016765F50', 1, -53587, 21899), (46114, -43007, 1676794747, 2, 10, 49257381883019951000, 720389229910714300, 0, '0xc72B1b70e69D270544369132d53529e37Be87742', 0, 43800, -42251), (-65103, 31044, 1676796113, 1, 10, 52803691027070259300, 52803691027070259300, 1, '0xA4b1B07974bF67f04EC51bEcABF4aD62106B1Dd0', 1, -65103, 31044), (-7133, 68237, 1676796113, 1, 10, 51353884931390702300, 51353884931390702300, 1, '0xa79160bC038C07678C145f1B5220be15bAdB13d7', 1, -7133, 68237), (-6784, -77245, 1676794839, 2, 10, 37120942877184944000, 11116130081534929400, 0, '0xc72B1b70e69D270544369132d53529e37Be87742', 0, -13571, -80616), (-20944, 84108, 1676795048, 3, 1, 1904857557130728500, 1904857557130728500, 0, '0xBa1CD5ded4B25dF273d435c969a01dc0B577c95c', 0, -20944, 84108), (-9245, 66276, 1676796113, 1, 10, 54114251491592745800, 35346202900406452800, 1, '0xd4aEDD30d11907e10B6353e59685BB7Efc14F55D', 1, -9182, 67975), (43606, -43351, 1676795260, 2, 10, 43150543963957769250, 180097307477678550, 0, '0xc72B1b70e69D270544369132d53529e37Be87742', 0, 8358, -75437), (-3226, -80397, 1676796113, 1, 10, 51458184646622126750, 31596865889325257750, 1, '0x77B770ceB4b2537e52f4534Bb39e43754eB5B7e5', 1, -7699, -82872), (-10847, 73152, 1676796113, 1, 10, 51055473495771626300, 38302295790237013300, 1, '0xA4b1B07974bF67f04EC51bEcABF4aD62106B1Dd0', 1, -11061, 70597), (-16877, -85132, 1676796113, 1, 10, 48581388795423813800, 48581388795423813800, 1, '0xBa1CD5ded4B25dF273d435c969a01dc0B577c95c', 1, -16877, -85132), (-11014, -76054, 1676796113, 1, 10, 39252850073780042500, 30825024992241038200, 0, '0xc72B1b70e69D270544369132d53529e37Be87742', 0, -11075, -76355), (-13223, -77953, 1676795740, 2, 10, 52252492041143854100, 22597615083803229600, 1, '0xc72B1b70e69D270544369132d53529e37Be87742', 0, -15318, -80654), (-61013, 61451, 1676795872, 0, 8, 42715312669607921200, 11800315932939428000, 0, '0xA4b1B07974bF67f04EC51bEcABF4aD62106B1Dd0', 0, -63404, 56561), (-12635, -79271, 1676795888, 0, 8, 35658629012604616900, 26263930436478487400, 1, '0xBa1CD5ded4B25dF273d435c969a01dc0B577c95c', 1, -12972, -81092), (8345, 85952, 1676795896, 0, 3, 16069658457231966000, 4578455120691849000, 0, '0x05d6edC4ff8ef40321aBCf7886Bc606ed13327b0', 0, 8378, 85418), (-8309, 68573, 1676795906, 0, 5, 30708845642724882500, 30708845642724882500, 1, '0xDA8d2BAde16dd8a6a0Eb5563F4216047b2b24294', 1, -8309, 68573), (8186, -76685, 1676795908, 3, 1, 830831495375216500, 830831495375216500, 0, '0xc72B1b70e69D270544369132d53529e37Be87742', 0, 8186, -76685), (6734, -74415, 1676795976, 3, 1, 830831495375216500, 830831495375216500, 0, '0xc72B1b70e69D270544369132d53529e37Be87742', 0, 6734, -74415), (7631, -76628, 1676796011, 3, 1, 830831495375216500, 830831495375216500, 0, '0xc72B1b70e69D270544369132d53529e37Be87742', 0, 7631, -76628), (6442, -75145, 1676796071, 3, 1, 830831495375216500, 830831495375216500, 0, '0xc72B1b70e69D270544369132d53529e37Be87742', 0, 6442, -75145)]
8 4097.764 [[-0.08048200050096435, 0.6295372924618768], [-0.14004676041617284, -0.7682818373220397], [-0.6171161105289689, 0.28985952474492416]] [(-58853, 34885, 1676796141, 1, 10, 50000000000000000000, 35000000000000000000, 1, '0x5c5f829C4c3E8C4AB97390cb053a456616c27Ea3', 0, -60987, 35376), (-61970, 29047, 1676796141, 1, 10, 47857142857142858000, 28571428571428572000, 1, '0x26CbcaC5281B6E159bc3e6C7400AF25fA46F246B', 1, -65533, 28514), (-66168, 29214, 1676796141, 1, 10, 48705357142857144000, 44151785714285715000, 1, '0xA4b1B07974bF67f04EC51bEcABF4aD62106B1Dd0', 1, -66154, 29294), (45490, -41768, 1676792189, 2, 10, 47395833333333332500, 5000000000000000000, 0, '0xc72B1b70e69D270544369132d53529e37Be87742', 0, 45512, -42787), (-6413, 64099, 1676796141, 1, 10, 48737599206349205000, 48737599206349205000, 1, '0x633462025cF12D347C0dF50B2114E65aa364f0a6', 0, -6413, 64099), (-65286, 30894, 1676796141, 1, 10, 49073454034391536000, 49073454034391536000, 1, '0x26CbcaC5281B6E159bc3e6C7400AF25fA46F246B', 1, -65286, 30894), (-38720, 54983, 1676792351, 2, 10, 49064980158730157500, 5662202380952381000, 0, '0x0fa9077350FC3Ee6924743e1AD9b735c657C455E', 0, -39006, 54962), (45647, -40318, 1676792489, 2, 10, 51381683798133452000, 4553571428571429000, 0, '0xc72B1b70e69D270544369132d53529e37Be87742', 0, 44702, -41234), (-10667, 69593, 1676796141, 1, 10, 52967923280423279000, 47684151785714285000, 1, '0xa79160bC038C07678C145f1B5220be15bAdB13d7', 1, -10613, 69546), (-9168, 64558, 1676796141, 1, 10, 49436705430629041900, 44006162505511463900, 1, '0x036D6B4DA0b4Eeb9d312E958c2937D9016765F50', 1, -9016, 64038), (-67210, 30832, 1676796141, 1, 10, 53370652131201418100, 53370652131201418100, 1, '0x0fa9077350FC3Ee6924743e1AD9b735c657C455E', 1, -67210, 30832), (-9442, 68746, 1676796141, 1, 10, 52193733886623065000, 47905097376849402000, 0, '0x05d6edC4ff8ef40321aBCf7886Bc606ed13327b0', 1, -9349, 68693), (-5645, 60493, 1676796141, 1, 10, 49648966479327931000, 40251121015160611000, 1, '0x77B770ceB4b2537e52f4534Bb39e43754eB5B7e5', 1, -6225, 62583), (43185, -42090, 1676793029, 2, 10, 54015769671939045500, 3415178571428571000, 0, '0xc72B1b70e69D270544369132d53529e37Be87742', 0, 43235, -41791), (-66307, 30351, 1676796141, 1, 10, 56144282795570109700, 56144282795570109700, 1, '0x3662FA93E6C3bcB04B95e5dD7B1266AD9e8A9965', 1, -66307, 30351), (-10150, 64919, 1676796141, 1, 10, 53019971728550711000, 43561283694404384500, 1, '0x036D6B4DA0b4Eeb9d312E958c2937D9016765F50', 1, -10296, 65769), (-32420, -110248, 1676793262, 2, 10, 46590466300053795000, 17204462052301800000, 0, '0x77B770ceB4b2537e52f4534Bb39e43754eB5B7e5', 0, -30502, -105273), (-63684, 28290, 1676796141, 1, 10, 49240295815198408000, 44670880027580123000, 1, '0xc8529dE5603FF9D6FE9A77d43c27D3e7085B4E43', 1, -63795, 28074), (44604, -42606, 1676793300, 2, 10, 50446506206585461300, 2561383928571428400, 0, '0xc72B1b70e69D270544369132d53529e37Be87742', 0, 45967, -42153), (-7093, 67939, 1676796141, 1, 10, 55851098521653284200, 49331239628927302200, 1, '0x633462025cF12D347C0dF50B2114E65aa364f0a6', 1, -7053, 68807), (45772, -41684, 1676793510, 2, 10, 38928544490703406000, 1921037946428571600, 0, '0xc72B1b70e69D270544369132d53529e37Be87742', 0, 46376, -42206), (-8353, 67488, 1676796141, 1, 10, 47712597364086534900, 38504728557868923900, 1, '0x3662FA93E6C3bcB04B95e5dD7B1266AD9e8A9965', 1, -8308, 67448), (-65040, 30190, 1676796141, 1, 10, 49105657812321847200, 45579275478804057900, 1, '0xA4b1B07974bF67f04EC51bEcABF4aD62106B1Dd0', 1, -65147, 30274), (-65730, 30403, 1676796141, 1, 10, 45522348387704252900, 45522348387704252900, 0, '0x0fa9077350FC3Ee6924743e1AD9b735c657C455E', 1, -65730, 30403), (44910, -42214, 1676794022, 2, 10, 45357567859261598500, 1440778459821428600, 0, '0xc72B1b70e69D270544369132d53529e37Be87742', 0, 46084, -42343), (46653, -43446, 1676794224, 2, 10, 46801031283344447700, 1440778459821428400, 0, '0xc72B1b70e69D270544369132d53529e37Be87742', 0, 46071, -43504), (-66515, 32317, 1676796141, 1, 10, 45779230770597138400, 35141543251792404100, 1, '0x3662FA93E6C3bcB04B95e5dD7B1266AD9e8A9965', 1, -65940, 32246), (-9929, 68183, 1676796141, 1, 10, 49113164638542216900, 49113164638542216900, 1, '0x77B770ceB4b2537e52f4534Bb39e43754eB5B7e5', 1, -9929, 68183), (-1161, -77377, 1676796141, 1, 10, 49198149075773682200, 30308960734001953300, 0, '0xBa1CD5ded4B25dF273d435c969a01dc0B577c95c', 0, -6074, -79045), (-53587, 21899, 1676794515, 3, 1, 2174749802329934300, 2174749802329934300, 1, '0x036D6B4DA0b4Eeb9d312E958c2937D9016765F50', 1, -53587, 21899), (46114, -43007, 1676794747, 2, 10, 49257381883019951000, 720389229910714300, 0, '0xc72B1b70e69D270544369132d53529e37Be87742', 0, 43800, -42251), (-65103, 31044, 1676796141, 1, 10, 52803691027070259300, 52803691027070259300, 1, '0xA4b1B07974bF67f04EC51bEcABF4aD62106B1Dd0', 1, -65103, 31044), (-7133, 68237, 1676796141, 1, 10, 51353884931390702300, 51353884931390702300, 1, '0xa79160bC038C07678C145f1B5220be15bAdB13d7', 1, -7133, 68237), (-6784, -77245, 1676794839, 2, 10, 37120942877184944000, 11116130081534929400, 0, '0xc72B1b70e69D270544369132d53529e37Be87742', 0, -13571, -80616), (-20944, 84108, 1676795048, 3, 1, 1904857557130728500, 1904857557130728500, 0, '0xBa1CD5ded4B25dF273d435c969a01dc0B577c95c', 0, -20944, 84108), (-9245, 66276, 1676796141, 1, 10, 54114251491592745800, 35346202900406452800, 1, '0xd4aEDD30d11907e10B6353e59685BB7Efc14F55D', 1, -9182, 67975), (43606, -43351, 1676795260, 2, 10, 43150543963957769250, 180097307477678550, 0, '0xc72B1b70e69D270544369132d53529e37Be87742', 0, 8358, -75437), (-3226, -80397, 1676796141, 1, 10, 51458184646622126750, 31596865889325257750, 1, '0x77B770ceB4b2537e52f4534Bb39e43754eB5B7e5', 1, -7699, -82872), (-10847, 73152, 1676796141, 1, 10, 51055473495771626300, 38302295790237013300, 1, '0xA4b1B07974bF67f04EC51bEcABF4aD62106B1Dd0', 1, -11061, 70597), (-16877, -85132, 1676796141, 1, 10, 48581388795423813800, 48581388795423813800, 1, '0xBa1CD5ded4B25dF273d435c969a01dc0B577c95c', 1, -16877, -85132), (-11014, -76054, 1676796141, 1, 10, 39252850073780042500, 30825024992241038200, 0, '0xc72B1b70e69D270544369132d53529e37Be87742', 0, -11075, -76355), (-13223, -77953, 1676795740, 2, 10, 52252492041143854100, 22597615083803229600, 1, '0xc72B1b70e69D270544369132d53529e37Be87742', 0, -15318, -80654), (-61213, 61299, 1676795872, 0, 9, 47674677850858148200, 11800315932939428000, 0, '0xA4b1B07974bF67f04EC51bEcABF4aD62106B1Dd0', 0, -63404, 56561), (-12638, -79302, 1676795888, 0, 9, 36947333435790379900, 27552634859664250400, 1, '0xBa1CD5ded4B25dF273d435c969a01dc0B577c95c', 1, -12961, -81048), (8536, 86129, 1676795896, 0, 4, 18561398940684532500, 4578455120691849000, 0, '0x05d6edC4ff8ef40321aBCf7886Bc606ed13327b0', 0, 8378, 85418), (-8309, 68573, 1676795906, 0, 5, 30708845642724882500, 30708845642724882500, 1, '0xDA8d2BAde16dd8a6a0Eb5563F4216047b2b24294', 1, -8309, 68573), (8186, -76685, 1676795908, 3, 1, 830831495375216500, 830831495375216500, 0, '0xc72B1b70e69D270544369132d53529e37Be87742', 0, 8186, -76685), (6734, -74415, 1676795976, 3, 1, 830831495375216500, 830831495375216500, 0, '0xc72B1b70e69D270544369132d53529e37Be87742', 0, 6734, -74415), (7631, -76628, 1676796011, 3, 1, 830831495375216500, 830831495375216500, 0, '0xc72B1b70e69D270544369132d53529e37Be87742', 0, 7631, -76628), (6442, -75145, 1676796071, 3, 1, 830831495375216500, 830831495375216500, 0, '0xc72B1b70e69D270544369132d53529e37Be87742', 0, 6442, -75145), (8787, -75150, 1676796129, 3, 1, 830831495375216500, 830831495375216500, 0, '0xc72B1b70e69D270544369132d53529e37Be87742', 0, 8787, -75150)]
8 4127.779 [[-0.08048200050096435, 0.6295372924618768], [-0.14004676041617284, -0.7682818373220397], [-0.6171161105289689, 0.28985952474492416]] [(-58853, 34885, 1676796173, 1, 10, 50000000000000000000, 35000000000000000000, 1, '0x5c5f829C4c3E8C4AB97390cb053a456616c27Ea3', 0, -60987, 35376), (-61970, 29047, 1676796173, 1, 10, 47857142857142858000, 28571428571428572000, 1, '0x26CbcaC5281B6E159bc3e6C7400AF25fA46F246B', 1, -65533, 28514), (-66168, 29214, 1676796173, 1, 10, 48705357142857144000, 44151785714285715000, 1, '0xA4b1B07974bF67f04EC51bEcABF4aD62106B1Dd0', 1, -66154, 29294), (45490, -41768, 1676792189, 2, 10, 47395833333333332500, 5000000000000000000, 0, '0xc72B1b70e69D270544369132d53529e37Be87742', 0, 45512, -42787), (-6413, 64099, 1676796173, 1, 10, 48737599206349205000, 48737599206349205000, 1, '0x633462025cF12D347C0dF50B2114E65aa364f0a6', 0, -6413, 64099), (-65286, 30894, 1676796173, 1, 10, 49073454034391536000, 49073454034391536000, 1, '0x26CbcaC5281B6E159bc3e6C7400AF25fA46F246B', 1, -65286, 30894), (-38720, 54983, 1676792351, 2, 10, 49064980158730157500, 5662202380952381000, 0, '0x0fa9077350FC3Ee6924743e1AD9b735c657C455E', 0, -39006, 54962), (45647, -40318, 1676792489, 2, 10, 51381683798133452000, 4553571428571429000, 0, '0xc72B1b70e69D270544369132d53529e37Be87742', 0, 44702, -41234), (-10667, 69593, 1676796173, 1, 10, 52967923280423279000, 47684151785714285000, 1, '0xa79160bC038C07678C145f1B5220be15bAdB13d7', 1, -10613, 69546), (-9168, 64558, 1676796173, 1, 10, 49436705430629041900, 44006162505511463900, 1, '0x036D6B4DA0b4Eeb9d312E958c2937D9016765F50', 1, -9016, 64038), (-67210, 30832, 1676796173, 1, 10, 53370652131201418100, 53370652131201418100, 1, '0x0fa9077350FC3Ee6924743e1AD9b735c657C455E', 1, -67210, 30832), (-9442, 68746, 1676796173, 1, 10, 52193733886623065000, 47905097376849402000, 0, '0x05d6edC4ff8ef40321aBCf7886Bc606ed13327b0', 1, -9349, 68693), (-5645, 60493, 1676796173, 1, 10, 49648966479327931000, 40251121015160611000, 1, '0x77B770ceB4b2537e52f4534Bb39e43754eB5B7e5', 1, -6225, 62583), (43185, -42090, 1676793029, 2, 10, 54015769671939045500, 3415178571428571000, 0, '0xc72B1b70e69D270544369132d53529e37Be87742', 0, 43235, -41791), (-66307, 30351, 1676796173, 1, 10, 56144282795570109700, 56144282795570109700, 1, '0x3662FA93E6C3bcB04B95e5dD7B1266AD9e8A9965', 1, -66307, 30351), (-10150, 64919, 1676796173, 1, 10, 53019971728550711000, 43561283694404384500, 1, '0x036D6B4DA0b4Eeb9d312E958c2937D9016765F50', 1, -10296, 65769), (-32420, -110248, 1676793262, 2, 10, 46590466300053795000, 17204462052301800000, 0, '0x77B770ceB4b2537e52f4534Bb39e43754eB5B7e5', 0, -30502, -105273), (-63684, 28290, 1676796173, 1, 10, 49240295815198408000, 44670880027580123000, 1, '0xc8529dE5603FF9D6FE9A77d43c27D3e7085B4E43', 1, -63795, 28074), (44604, -42606, 1676793300, 2, 10, 50446506206585461300, 2561383928571428400, 0, '0xc72B1b70e69D270544369132d53529e37Be87742', 0, 45967, -42153), (-7093, 67939, 1676796173, 1, 10, 55851098521653284200, 49331239628927302200, 1, '0x633462025cF12D347C0dF50B2114E65aa364f0a6', 1, -7053, 68807), (45772, -41684, 1676793510, 2, 10, 38928544490703406000, 1921037946428571600, 0, '0xc72B1b70e69D270544369132d53529e37Be87742', 0, 46376, -42206), (-8353, 67488, 1676796173, 1, 10, 47712597364086534900, 38504728557868923900, 1, '0x3662FA93E6C3bcB04B95e5dD7B1266AD9e8A9965', 1, -8308, 67448), (-65040, 30190, 1676796173, 1, 10, 49105657812321847200, 45579275478804057900, 1, '0xA4b1B07974bF67f04EC51bEcABF4aD62106B1Dd0', 1, -65147, 30274), (-65730, 30403, 1676796173, 1, 10, 45522348387704252900, 45522348387704252900, 0, '0x0fa9077350FC3Ee6924743e1AD9b735c657C455E', 1, -65730, 30403), (44910, -42214, 1676794022, 2, 10, 45357567859261598500, 1440778459821428600, 0, '0xc72B1b70e69D270544369132d53529e37Be87742', 0, 46084, -42343), (46653, -43446, 1676794224, 2, 10, 46801031283344447700, 1440778459821428400, 0, '0xc72B1b70e69D270544369132d53529e37Be87742', 0, 46071, -43504), (-66515, 32317, 1676796173, 1, 10, 45779230770597138400, 35141543251792404100, 1, '0x3662FA93E6C3bcB04B95e5dD7B1266AD9e8A9965', 1, -65940, 32246), (-9929, 68183, 1676796173, 1, 10, 49113164638542216900, 49113164638542216900, 1, '0x77B770ceB4b2537e52f4534Bb39e43754eB5B7e5', 1, -9929, 68183), (-1161, -77377, 1676796173, 1, 10, 49198149075773682200, 30308960734001953300, 0, '0xBa1CD5ded4B25dF273d435c969a01dc0B577c95c', 0, -6074, -79045), (-53587, 21899, 1676794515, 3, 1, 2174749802329934300, 2174749802329934300, 1, '0x036D6B4DA0b4Eeb9d312E958c2937D9016765F50', 1, -53587, 21899), (46114, -43007, 1676794747, 2, 10, 49257381883019951000, 720389229910714300, 0, '0xc72B1b70e69D270544369132d53529e37Be87742', 0, 43800, -42251), (-65103, 31044, 1676796173, 1, 10, 52803691027070259300, 52803691027070259300, 1, '0xA4b1B07974bF67f04EC51bEcABF4aD62106B1Dd0', 1, -65103, 31044), (-7133, 68237, 1676796173, 1, 10, 51353884931390702300, 51353884931390702300, 1, '0xa79160bC038C07678C145f1B5220be15bAdB13d7', 1, -7133, 68237), (-6784, -77245, 1676794839, 2, 10, 37120942877184944000, 11116130081534929400, 0, '0xc72B1b70e69D270544369132d53529e37Be87742', 0, -13571, -80616), (-20944, 84108, 1676795048, 3, 1, 1904857557130728500, 1904857557130728500, 0, '0xBa1CD5ded4B25dF273d435c969a01dc0B577c95c', 0, -20944, 84108), (-9245, 66276, 1676796173, 1, 10, 54114251491592745800, 35346202900406452800, 1, '0xd4aEDD30d11907e10B6353e59685BB7Efc14F55D', 1, -9182, 67975), (43606, -43351, 1676795260, 2, 10, 43150543963957769250, 180097307477678550, 0, '0xc72B1b70e69D270544369132d53529e37Be87742', 0, 8358, -75437), (-3226, -80397, 1676796173, 1, 10, 51458184646622126750, 31596865889325257750, 1, '0x77B770ceB4b2537e52f4534Bb39e43754eB5B7e5', 1, -7699, -82872), (-10847, 73152, 1676796173, 1, 10, 51055473495771626300, 38302295790237013300, 1, '0xA4b1B07974bF67f04EC51bEcABF4aD62106B1Dd0', 1, -11061, 70597), (-16877, -85132, 1676796173, 1, 10, 48581388795423813800, 48581388795423813800, 1, '0xBa1CD5ded4B25dF273d435c969a01dc0B577c95c', 1, -16877, -85132), (-11014, -76054, 1676796173, 1, 10, 39252850073780042500, 30825024992241038200, 0, '0xc72B1b70e69D270544369132d53529e37Be87742', 0, -11075, -76355), (-13223, -77953, 1676795740, 2, 10, 52252492041143854100, 22597615083803229600, 1, '0xc72B1b70e69D270544369132d53529e37Be87742', 0, -15318, -80654), (-60985, 61376, 1676795872, 0, 9, 47674677850858148200, 11800315932939428000, 0, '0xA4b1B07974bF67f04EC51bEcABF4aD62106B1Dd0', 0, -63404, 56561), (-12685, -79775, 1676796173, 1, 10, 42411298177874469900, 33016599601748340400, 1, '0xBa1CD5ded4B25dF273d435c969a01dc0B577c95c', 1, -12931, -81167), (8355, 86143, 1676795896, 0, 5, 21996830921914446200, 4578455120691849000, 0, '0x05d6edC4ff8ef40321aBCf7886Bc606ed13327b0', 0, 8378, 85418), (-8309, 68573, 1676795906, 0, 5, 30708845642724882500, 30708845642724882500, 1, '0xDA8d2BAde16dd8a6a0Eb5563F4216047b2b24294', 1, -8309, 68573), (8186, -76685, 1676795908, 3, 1, 830831495375216500, 830831495375216500, 0, '0xc72B1b70e69D270544369132d53529e37Be87742', 0, 8186, -76685), (6734, -74415, 1676795976, 3, 1, 830831495375216500, 830831495375216500, 0, '0xc72B1b70e69D270544369132d53529e37Be87742', 0, 6734, -74415), (7631, -76628, 1676796011, 3, 1, 830831495375216500, 830831495375216500, 0, '0xc72B1b70e69D270544369132d53529e37Be87742', 0, 7631, -76628), (6442, -75145, 1676796071, 3, 1, 830831495375216500, 830831495375216500, 0, '0xc72B1b70e69D270544369132d53529e37Be87742', 0, 6442, -75145), (8787, -75150, 1676796129, 3, 1, 830831495375216500, 830831495375216500, 0, '0xc72B1b70e69D270544369132d53529e37Be87742', 0, 8787, -75150)]
8 4157.876 [[-0.08048200050096435, 0.6295372924618768], [-0.14004676041617284, -0.7682818373220397], [-0.6171161105289689, 0.28985952474492416]] [(-58853, 34885, 1676796205, 1, 10, 50000000000000000000, 35000000000000000000, 1, '0x5c5f829C4c3E8C4AB97390cb053a456616c27Ea3', 0, -60987, 35376), (-61970, 29047, 1676796205, 1, 10, 47857142857142858000, 28571428571428572000, 1, '0x26CbcaC5281B6E159bc3e6C7400AF25fA46F246B', 1, -65533, 28514), (-66168, 29214, 1676796205, 1, 10, 48705357142857144000, 44151785714285715000, 1, '0xA4b1B07974bF67f04EC51bEcABF4aD62106B1Dd0', 1, -66154, 29294), (45490, -41768, 1676792189, 2, 10, 47395833333333332500, 5000000000000000000, 0, '0xc72B1b70e69D270544369132d53529e37Be87742', 0, 45512, -42787), (-6413, 64099, 1676796205, 1, 10, 48737599206349205000, 48737599206349205000, 1, '0x633462025cF12D347C0dF50B2114E65aa364f0a6', 0, -6413, 64099), (-65286, 30894, 1676796205, 1, 10, 49073454034391536000, 49073454034391536000, 1, '0x26CbcaC5281B6E159bc3e6C7400AF25fA46F246B', 1, -65286, 30894), (-38720, 54983, 1676792351, 2, 10, 49064980158730157500, 5662202380952381000, 0, '0x0fa9077350FC3Ee6924743e1AD9b735c657C455E', 0, -39006, 54962), (45647, -40318, 1676792489, 2, 10, 51381683798133452000, 4553571428571429000, 0, '0xc72B1b70e69D270544369132d53529e37Be87742', 0, 44702, -41234), (-10667, 69593, 1676796205, 1, 10, 52967923280423279000, 47684151785714285000, 1, '0xa79160bC038C07678C145f1B5220be15bAdB13d7', 1, -10613, 69546), (-9168, 64558, 1676796205, 1, 10, 49436705430629041900, 44006162505511463900, 1, '0x036D6B4DA0b4Eeb9d312E958c2937D9016765F50', 1, -9016, 64038), (-67210, 30832, 1676796205, 1, 10, 53370652131201418100, 53370652131201418100, 1, '0x0fa9077350FC3Ee6924743e1AD9b735c657C455E', 1, -67210, 30832), (-9442, 68746, 1676796205, 1, 10, 52193733886623065000, 47905097376849402000, 0, '0x05d6edC4ff8ef40321aBCf7886Bc606ed13327b0', 1, -9349, 68693), (-5645, 60493, 1676796205, 1, 10, 49648966479327931000, 40251121015160611000, 1, '0x77B770ceB4b2537e52f4534Bb39e43754eB5B7e5', 1, -6225, 62583), (43185, -42090, 1676793029, 2, 10, 54015769671939045500, 3415178571428571000, 0, '0xc72B1b70e69D270544369132d53529e37Be87742', 0, 43235, -41791), (-66307, 30351, 1676796205, 1, 10, 56144282795570109700, 56144282795570109700, 1, '0x3662FA93E6C3bcB04B95e5dD7B1266AD9e8A9965', 1, -66307, 30351), (-10150, 64919, 1676796205, 1, 10, 53019971728550711000, 43561283694404384500, 1, '0x036D6B4DA0b4Eeb9d312E958c2937D9016765F50', 1, -10296, 65769), (-32420, -110248, 1676793262, 2, 10, 46590466300053795000, 17204462052301800000, 0, '0x77B770ceB4b2537e52f4534Bb39e43754eB5B7e5', 0, -30502, -105273), (-63684, 28290, 1676796205, 1, 10, 49240295815198408000, 44670880027580123000, 1, '0xc8529dE5603FF9D6FE9A77d43c27D3e7085B4E43', 1, -63795, 28074), (44604, -42606, 1676793300, 2, 10, 50446506206585461300, 2561383928571428400, 0, '0xc72B1b70e69D270544369132d53529e37Be87742', 0, 45967, -42153), (-7093, 67939, 1676796205, 1, 10, 55851098521653284200, 49331239628927302200, 1, '0x633462025cF12D347C0dF50B2114E65aa364f0a6', 1, -7053, 68807), (45772, -41684, 1676793510, 2, 10, 38928544490703406000, 1921037946428571600, 0, '0xc72B1b70e69D270544369132d53529e37Be87742', 0, 46376, -42206), (-8353, 67488, 1676796205, 1, 10, 47712597364086534900, 38504728557868923900, 1, '0x3662FA93E6C3bcB04B95e5dD7B1266AD9e8A9965', 1, -8308, 67448), (-65040, 30190, 1676796205, 1, 10, 49105657812321847200, 45579275478804057900, 1, '0xA4b1B07974bF67f04EC51bEcABF4aD62106B1Dd0', 1, -65147, 30274), (-65730, 30403, 1676796205, 1, 10, 45522348387704252900, 45522348387704252900, 0, '0x0fa9077350FC3Ee6924743e1AD9b735c657C455E', 1, -65730, 30403), (44910, -42214, 1676794022, 2, 10, 45357567859261598500, 1440778459821428600, 0, '0xc72B1b70e69D270544369132d53529e37Be87742', 0, 46084, -42343), (46653, -43446, 1676794224, 2, 10, 46801031283344447700, 1440778459821428400, 0, '0xc72B1b70e69D270544369132d53529e37Be87742', 0, 46071, -43504), (-66515, 32317, 1676796205, 1, 10, 45779230770597138400, 35141543251792404100, 1, '0x3662FA93E6C3bcB04B95e5dD7B1266AD9e8A9965', 1, -65940, 32246), (-9929, 68183, 1676796205, 1, 10, 49113164638542216900, 49113164638542216900, 1, '0x77B770ceB4b2537e52f4534Bb39e43754eB5B7e5', 1, -9929, 68183), (-1161, -77377, 1676796205, 1, 10, 49198149075773682200, 30308960734001953300, 0, '0xBa1CD5ded4B25dF273d435c969a01dc0B577c95c', 0, -6074, -79045), (-53587, 21899, 1676794515, 3, 1, 2174749802329934300, 2174749802329934300, 1, '0x036D6B4DA0b4Eeb9d312E958c2937D9016765F50', 1, -53587, 21899), (46114, -43007, 1676794747, 2, 10, 49257381883019951000, 720389229910714300, 0, '0xc72B1b70e69D270544369132d53529e37Be87742', 0, 43800, -42251), (-65103, 31044, 1676796205, 1, 10, 52803691027070259300, 52803691027070259300, 1, '0xA4b1B07974bF67f04EC51bEcABF4aD62106B1Dd0', 1, -65103, 31044), (-7133, 68237, 1676796205, 1, 10, 51353884931390702300, 51353884931390702300, 1, '0xa79160bC038C07678C145f1B5220be15bAdB13d7', 1, -7133, 68237), (-6784, -77245, 1676794839, 2, 10, 37120942877184944000, 11116130081534929400, 0, '0xc72B1b70e69D270544369132d53529e37Be87742', 0, -13571, -80616), (-20944, 84108, 1676795048, 3, 1, 1904857557130728500, 1904857557130728500, 0, '0xBa1CD5ded4B25dF273d435c969a01dc0B577c95c', 0, -20944, 84108), (-9245, 66276, 1676796205, 1, 10, 54114251491592745800, 35346202900406452800, 1, '0xd4aEDD30d11907e10B6353e59685BB7Efc14F55D', 1, -9182, 67975), (43606, -43351, 1676795260, 2, 10, 43150543963957769250, 180097307477678550, 0, '0xc72B1b70e69D270544369132d53529e37Be87742', 0, 8358, -75437), (-3226, -80397, 1676796205, 1, 10, 51458184646622126750, 31596865889325257750, 1, '0x77B770ceB4b2537e52f4534Bb39e43754eB5B7e5', 1, -7699, -82872), (-10847, 73152, 1676796205, 1, 10, 51055473495771626300, 38302295790237013300, 1, '0xA4b1B07974bF67f04EC51bEcABF4aD62106B1Dd0', 1, -11061, 70597), (-16877, -85132, 1676796205, 1, 10, 48581388795423813800, 48581388795423813800, 1, '0xBa1CD5ded4B25dF273d435c969a01dc0B577c95c', 1, -16877, -85132), (-11014, -76054, 1676796205, 1, 10, 39252850073780042500, 30825024992241038200, 0, '0xc72B1b70e69D270544369132d53529e37Be87742', 0, -11075, -76355), (-13223, -77953, 1676795740, 2, 10, 52252492041143854100, 22597615083803229600, 1, '0xc72B1b70e69D270544369132d53529e37Be87742', 0, -15318, -80654), (-60985, 61376, 1676795872, 0, 9, 47674677850858148200, 11800315932939428000, 0, '0xA4b1B07974bF67f04EC51bEcABF4aD62106B1Dd0', 0, -63404, 56561), (-12685, -79775, 1676796205, 1, 10, 42411298177874469900, 33016599601748340400, 1, '0xBa1CD5ded4B25dF273d435c969a01dc0B577c95c', 1, -12931, -81167), (8355, 86143, 1676795896, 0, 5, 21996830921914446200, 4578455120691849000, 0, '0x05d6edC4ff8ef40321aBCf7886Bc606ed13327b0', 0, 8378, 85418), (-8404, 68217, 1676795906, 0, 6, 33848977945234891000, 33848977945234891000, 1, '0xDA8d2BAde16dd8a6a0Eb5563F4216047b2b24294', 1, -8404, 68217), (8186, -76685, 1676795908, 3, 1, 830831495375216500, 830831495375216500, 0, '0xc72B1b70e69D270544369132d53529e37Be87742', 0, 8186, -76685), (6734, -74415, 1676795976, 3, 1, 830831495375216500, 830831495375216500, 0, '0xc72B1b70e69D270544369132d53529e37Be87742', 0, 6734, -74415), (7631, -76628, 1676796011, 3, 1, 830831495375216500, 830831495375216500, 0, '0xc72B1b70e69D270544369132d53529e37Be87742', 0, 7631, -76628), (6442, -75145, 1676796071, 3, 1, 830831495375216500, 830831495375216500, 0, '0xc72B1b70e69D270544369132d53529e37Be87742', 0, 6442, -75145), (8787, -75150, 1676796129, 3, 1, 830831495375216500, 830831495375216500, 0, '0xc72B1b70e69D270544369132d53529e37Be87742', 0, 8787, -75150), (-4517, -71705, 1676796191, 0, 2, 4452180902872246800, 4452180902872246800, 0, '0xc72B1b70e69D270544369132d53529e37Be87742', 0, -4517, -71705)]
8 4188.003 [[-0.08048200050096435, 0.6295372924618768], [-0.14004676041617284, -0.7682818373220397], [-0.6171161105289689, 0.28985952474492416]] [(-58853, 34885, 1676796233, 1, 10, 50000000000000000000, 35000000000000000000, 1, '0x5c5f829C4c3E8C4AB97390cb053a456616c27Ea3', 0, -60987, 35376), (-61970, 29047, 1676796233, 1, 10, 47857142857142858000, 28571428571428572000, 1, '0x26CbcaC5281B6E159bc3e6C7400AF25fA46F246B', 1, -65533, 28514), (-66168, 29214, 1676796233, 1, 10, 48705357142857144000, 44151785714285715000, 1, '0xA4b1B07974bF67f04EC51bEcABF4aD62106B1Dd0', 1, -66154, 29294), (45490, -41768, 1676792189, 2, 10, 47395833333333332500, 5000000000000000000, 0, '0xc72B1b70e69D270544369132d53529e37Be87742', 0, 45512, -42787), (-6413, 64099, 1676796233, 1, 10, 48737599206349205000, 48737599206349205000, 1, '0x633462025cF12D347C0dF50B2114E65aa364f0a6', 0, -6413, 64099), (-65286, 30894, 1676796233, 1, 10, 49073454034391536000, 49073454034391536000, 1, '0x26CbcaC5281B6E159bc3e6C7400AF25fA46F246B', 1, -65286, 30894), (-38720, 54983, 1676792351, 2, 10, 49064980158730157500, 5662202380952381000, 0, '0x0fa9077350FC3Ee6924743e1AD9b735c657C455E', 0, -39006, 54962), (45647, -40318, 1676792489, 2, 10, 51381683798133452000, 4553571428571429000, 0, '0xc72B1b70e69D270544369132d53529e37Be87742', 0, 44702, -41234), (-10667, 69593, 1676796233, 1, 10, 52967923280423279000, 47684151785714285000, 1, '0xa79160bC038C07678C145f1B5220be15bAdB13d7', 1, -10613, 69546), (-9168, 64558, 1676796233, 1, 10, 49436705430629041900, 44006162505511463900, 1, '0x036D6B4DA0b4Eeb9d312E958c2937D9016765F50', 1, -9016, 64038), (-67210, 30832, 1676796233, 1, 10, 53370652131201418100, 53370652131201418100, 1, '0x0fa9077350FC3Ee6924743e1AD9b735c657C455E', 1, -67210, 30832), (-9442, 68746, 1676796233, 1, 10, 52193733886623065000, 47905097376849402000, 0, '0x05d6edC4ff8ef40321aBCf7886Bc606ed13327b0', 1, -9349, 68693), (-5645, 60493, 1676796233, 1, 10, 49648966479327931000, 40251121015160611000, 1, '0x77B770ceB4b2537e52f4534Bb39e43754eB5B7e5', 1, -6225, 62583), (43185, -42090, 1676793029, 2, 10, 54015769671939045500, 3415178571428571000, 0, '0xc72B1b70e69D270544369132d53529e37Be87742', 0, 43235, -41791), (-66307, 30351, 1676796233, 1, 10, 56144282795570109700, 56144282795570109700, 1, '0x3662FA93E6C3bcB04B95e5dD7B1266AD9e8A9965', 1, -66307, 30351), (-10150, 64919, 1676796233, 1, 10, 53019971728550711000, 43561283694404384500, 1, '0x036D6B4DA0b4Eeb9d312E958c2937D9016765F50', 1, -10296, 65769), (-32420, -110248, 1676793262, 2, 10, 46590466300053795000, 17204462052301800000, 0, '0x77B770ceB4b2537e52f4534Bb39e43754eB5B7e5', 0, -30502, -105273), (-63684, 28290, 1676796233, 1, 10, 49240295815198408000, 44670880027580123000, 1, '0xc8529dE5603FF9D6FE9A77d43c27D3e7085B4E43', 1, -63795, 28074), (44604, -42606, 1676793300, 2, 10, 50446506206585461300, 2561383928571428400, 0, '0xc72B1b70e69D270544369132d53529e37Be87742', 0, 45967, -42153), (-7093, 67939, 1676796233, 1, 10, 55851098521653284200, 49331239628927302200, 1, '0x633462025cF12D347C0dF50B2114E65aa364f0a6', 1, -7053, 68807), (45772, -41684, 1676793510, 2, 10, 38928544490703406000, 1921037946428571600, 0, '0xc72B1b70e69D270544369132d53529e37Be87742', 0, 46376, -42206), (-8353, 67488, 1676796233, 1, 10, 47712597364086534900, 38504728557868923900, 1, '0x3662FA93E6C3bcB04B95e5dD7B1266AD9e8A9965', 1, -8308, 67448), (-65040, 30190, 1676796233, 1, 10, 49105657812321847200, 45579275478804057900, 1, '0xA4b1B07974bF67f04EC51bEcABF4aD62106B1Dd0', 1, -65147, 30274), (-65730, 30403, 1676796233, 1, 10, 45522348387704252900, 45522348387704252900, 0, '0x0fa9077350FC3Ee6924743e1AD9b735c657C455E', 1, -65730, 30403), (44910, -42214, 1676794022, 2, 10, 45357567859261598500, 1440778459821428600, 0, '0xc72B1b70e69D270544369132d53529e37Be87742', 0, 46084, -42343), (46653, -43446, 1676794224, 2, 10, 46801031283344447700, 1440778459821428400, 0, '0xc72B1b70e69D270544369132d53529e37Be87742', 0, 46071, -43504), (-66515, 32317, 1676796233, 1, 10, 45779230770597138400, 35141543251792404100, 1, '0x3662FA93E6C3bcB04B95e5dD7B1266AD9e8A9965', 1, -65940, 32246), (-9929, 68183, 1676796233, 1, 10, 49113164638542216900, 49113164638542216900, 1, '0x77B770ceB4b2537e52f4534Bb39e43754eB5B7e5', 1, -9929, 68183), (-1161, -77377, 1676796233, 1, 10, 49198149075773682200, 30308960734001953300, 0, '0xBa1CD5ded4B25dF273d435c969a01dc0B577c95c', 0, -6074, -79045), (-53587, 21899, 1676794515, 3, 1, 2174749802329934300, 2174749802329934300, 1, '0x036D6B4DA0b4Eeb9d312E958c2937D9016765F50', 1, -53587, 21899), (46114, -43007, 1676794747, 2, 10, 49257381883019951000, 720389229910714300, 0, '0xc72B1b70e69D270544369132d53529e37Be87742', 0, 43800, -42251), (-65103, 31044, 1676796233, 1, 10, 52803691027070259300, 52803691027070259300, 1, '0xA4b1B07974bF67f04EC51bEcABF4aD62106B1Dd0', 1, -65103, 31044), (-7133, 68237, 1676796233, 1, 10, 51353884931390702300, 51353884931390702300, 1, '0xa79160bC038C07678C145f1B5220be15bAdB13d7', 1, -7133, 68237), (-6784, -77245, 1676794839, 2, 10, 37120942877184944000, 11116130081534929400, 0, '0xc72B1b70e69D270544369132d53529e37Be87742', 0, -13571, -80616), (-20944, 84108, 1676795048, 3, 1, 1904857557130728500, 1904857557130728500, 0, '0xBa1CD5ded4B25dF273d435c969a01dc0B577c95c', 0, -20944, 84108), (-9245, 66276, 1676796233, 1, 10, 54114251491592745800, 35346202900406452800, 1, '0xd4aEDD30d11907e10B6353e59685BB7Efc14F55D', 1, -9182, 67975), (43606, -43351, 1676795260, 2, 10, 43150543963957769250, 180097307477678550, 0, '0xc72B1b70e69D270544369132d53529e37Be87742', 0, 8358, -75437), (-3226, -80397, 1676796233, 1, 10, 51458184646622126750, 31596865889325257750, 1, '0x77B770ceB4b2537e52f4534Bb39e43754eB5B7e5', 1, -7699, -82872), (-10847, 73152, 1676796233, 1, 10, 51055473495771626300, 38302295790237013300, 1, '0xA4b1B07974bF67f04EC51bEcABF4aD62106B1Dd0', 1, -11061, 70597), (-16877, -85132, 1676796233, 1, 10, 48581388795423813800, 48581388795423813800, 1, '0xBa1CD5ded4B25dF273d435c969a01dc0B577c95c', 1, -16877, -85132), (-11014, -76054, 1676796233, 1, 10, 39252850073780042500, 30825024992241038200, 0, '0xc72B1b70e69D270544369132d53529e37Be87742', 0, -11075, -76355), (-13223, -77953, 1676795740, 2, 10, 52252492041143854100, 22597615083803229600, 1, '0xc72B1b70e69D270544369132d53529e37Be87742', 0, -15318, -80654), (-60985, 61376, 1676795872, 0, 9, 47674677850858148200, 11800315932939428000, 0, '0xA4b1B07974bF67f04EC51bEcABF4aD62106B1Dd0', 0, -63404, 56561), (-12685, -79775, 1676796233, 1, 10, 42411298177874469900, 33016599601748340400, 1, '0xBa1CD5ded4B25dF273d435c969a01dc0B577c95c', 1, -12931, -81167), (8355, 86143, 1676795896, 0, 5, 21996830921914446200, 4578455120691849000, 0, '0x05d6edC4ff8ef40321aBCf7886Bc606ed13327b0', 0, 8378, 85418), (-9714, 70171, 1676795906, 0, 8, 43898235965935856000, 43898235965935856000, 1, '0xDA8d2BAde16dd8a6a0Eb5563F4216047b2b24294', 1, -9714, 70171), (8186, -76685, 1676795908, 3, 1, 830831495375216500, 830831495375216500, 0, '0xc72B1b70e69D270544369132d53529e37Be87742', 0, 8186, -76685), (6734, -74415, 1676795976, 3, 1, 830831495375216500, 830831495375216500, 0, '0xc72B1b70e69D270544369132d53529e37Be87742', 0, 6734, -74415), (7631, -76628, 1676796011, 3, 1, 830831495375216500, 830831495375216500, 0, '0xc72B1b70e69D270544369132d53529e37Be87742', 0, 7631, -76628), (6442, -75145, 1676796071, 3, 1, 830831495375216500, 830831495375216500, 0, '0xc72B1b70e69D270544369132d53529e37Be87742', 0, 6442, -75145), (8787, -75150, 1676796129, 3, 1, 830831495375216500, 830831495375216500, 0, '0xc72B1b70e69D270544369132d53529e37Be87742', 0, 8787, -75150), (-9171, -80463, 1676796191, 0, 3, 16218717544354218800, 16218717544354218800, 0, '0xc72B1b70e69D270544369132d53529e37Be87742', 0, -9171, -80463)]
8 4218.065 [[-0.08048200050096435, 0.6295372924618768], [-0.14004676041617284, -0.7682818373220397], [-0.6171161105289689, 0.28985952474492416]] [(-58853, 34885, 1676796259, 1, 10, 50000000000000000000, 35000000000000000000, 1, '0x5c5f829C4c3E8C4AB97390cb053a456616c27Ea3', 0, -60987, 35376), (-61970, 29047, 1676796259, 1, 10, 47857142857142858000, 28571428571428572000, 1, '0x26CbcaC5281B6E159bc3e6C7400AF25fA46F246B', 1, -65533, 28514), (-66168, 29214, 1676796259, 1, 10, 48705357142857144000, 44151785714285715000, 1, '0xA4b1B07974bF67f04EC51bEcABF4aD62106B1Dd0', 1, -66154, 29294), (45490, -41768, 1676792189, 2, 10, 47395833333333332500, 5000000000000000000, 0, '0xc72B1b70e69D270544369132d53529e37Be87742', 0, 45512, -42787), (-6413, 64099, 1676796259, 1, 10, 48737599206349205000, 48737599206349205000, 1, '0x633462025cF12D347C0dF50B2114E65aa364f0a6', 0, -6413, 64099), (-65286, 30894, 1676796259, 1, 10, 49073454034391536000, 49073454034391536000, 1, '0x26CbcaC5281B6E159bc3e6C7400AF25fA46F246B', 1, -65286, 30894), (-38720, 54983, 1676792351, 2, 10, 49064980158730157500, 5662202380952381000, 0, '0x0fa9077350FC3Ee6924743e1AD9b735c657C455E', 0, -39006, 54962), (45647, -40318, 1676792489, 2, 10, 51381683798133452000, 4553571428571429000, 0, '0xc72B1b70e69D270544369132d53529e37Be87742', 0, 44702, -41234), (-10667, 69593, 1676796259, 1, 10, 52967923280423279000, 47684151785714285000, 1, '0xa79160bC038C07678C145f1B5220be15bAdB13d7', 1, -10613, 69546), (-9168, 64558, 1676796259, 1, 10, 49436705430629041900, 44006162505511463900, 1, '0x036D6B4DA0b4Eeb9d312E958c2937D9016765F50', 1, -9016, 64038), (-67210, 30832, 1676796259, 1, 10, 53370652131201418100, 53370652131201418100, 1, '0x0fa9077350FC3Ee6924743e1AD9b735c657C455E', 1, -67210, 30832), (-9442, 68746, 1676796259, 1, 10, 52193733886623065000, 47905097376849402000, 0, '0x05d6edC4ff8ef40321aBCf7886Bc606ed13327b0', 1, -9349, 68693), (-5645, 60493, 1676796259, 1, 10, 49648966479327931000, 40251121015160611000, 1, '0x77B770ceB4b2537e52f4534Bb39e43754eB5B7e5', 1, -6225, 62583), (43185, -42090, 1676793029, 2, 10, 54015769671939045500, 3415178571428571000, 0, '0xc72B1b70e69D270544369132d53529e37Be87742', 0, 43235, -41791), (-66307, 30351, 1676796259, 1, 10, 56144282795570109700, 56144282795570109700, 1, '0x3662FA93E6C3bcB04B95e5dD7B1266AD9e8A9965', 1, -66307, 30351), (-10150, 64919, 1676796259, 1, 10, 53019971728550711000, 43561283694404384500, 1, '0x036D6B4DA0b4Eeb9d312E958c2937D9016765F50', 1, -10296, 65769), (-32420, -110248, 1676793262, 2, 10, 46590466300053795000, 17204462052301800000, 0, '0x77B770ceB4b2537e52f4534Bb39e43754eB5B7e5', 0, -30502, -105273), (-63684, 28290, 1676796259, 1, 10, 49240295815198408000, 44670880027580123000, 1, '0xc8529dE5603FF9D6FE9A77d43c27D3e7085B4E43', 1, -63795, 28074), (44604, -42606, 1676793300, 2, 10, 50446506206585461300, 2561383928571428400, 0, '0xc72B1b70e69D270544369132d53529e37Be87742', 0, 45967, -42153), (-7093, 67939, 1676796259, 1, 10, 55851098521653284200, 49331239628927302200, 1, '0x633462025cF12D347C0dF50B2114E65aa364f0a6', 1, -7053, 68807), (45772, -41684, 1676793510, 2, 10, 38928544490703406000, 1921037946428571600, 0, '0xc72B1b70e69D270544369132d53529e37Be87742', 0, 46376, -42206), (-8353, 67488, 1676796259, 1, 10, 47712597364086534900, 38504728557868923900, 1, '0x3662FA93E6C3bcB04B95e5dD7B1266AD9e8A9965', 1, -8308, 67448), (-65040, 30190, 1676796259, 1, 10, 49105657812321847200, 45579275478804057900, 1, '0xA4b1B07974bF67f04EC51bEcABF4aD62106B1Dd0', 1, -65147, 30274), (-65730, 30403, 1676796259, 1, 10, 45522348387704252900, 45522348387704252900, 0, '0x0fa9077350FC3Ee6924743e1AD9b735c657C455E', 1, -65730, 30403), (44910, -42214, 1676794022, 2, 10, 45357567859261598500, 1440778459821428600, 0, '0xc72B1b70e69D270544369132d53529e37Be87742', 0, 46084, -42343), (46653, -43446, 1676794224, 2, 10, 46801031283344447700, 1440778459821428400, 0, '0xc72B1b70e69D270544369132d53529e37Be87742', 0, 46071, -43504), (-66515, 32317, 1676796259, 1, 10, 45779230770597138400, 35141543251792404100, 1, '0x3662FA93E6C3bcB04B95e5dD7B1266AD9e8A9965', 1, -65940, 32246), (-9929, 68183, 1676796259, 1, 10, 49113164638542216900, 49113164638542216900, 1, '0x77B770ceB4b2537e52f4534Bb39e43754eB5B7e5', 1, -9929, 68183), (-1161, -77377, 1676796259, 1, 10, 49198149075773682200, 30308960734001953300, 0, '0xBa1CD5ded4B25dF273d435c969a01dc0B577c95c', 0, -6074, -79045), (-53587, 21899, 1676794515, 3, 1, 2174749802329934300, 2174749802329934300, 1, '0x036D6B4DA0b4Eeb9d312E958c2937D9016765F50', 1, -53587, 21899), (46114, -43007, 1676794747, 2, 10, 49257381883019951000, 720389229910714300, 0, '0xc72B1b70e69D270544369132d53529e37Be87742', 0, 43800, -42251), (-65103, 31044, 1676796259, 1, 10, 52803691027070259300, 52803691027070259300, 1, '0xA4b1B07974bF67f04EC51bEcABF4aD62106B1Dd0', 1, -65103, 31044), (-7133, 68237, 1676796259, 1, 10, 51353884931390702300, 51353884931390702300, 1, '0xa79160bC038C07678C145f1B5220be15bAdB13d7', 1, -7133, 68237), (-6784, -77245, 1676794839, 2, 10, 37120942877184944000, 11116130081534929400, 0, '0xc72B1b70e69D270544369132d53529e37Be87742', 0, -13571, -80616), (-20944, 84108, 1676795048, 3, 1, 1904857557130728500, 1904857557130728500, 0, '0xBa1CD5ded4B25dF273d435c969a01dc0B577c95c', 0, -20944, 84108), (-9245, 66276, 1676796259, 1, 10, 54114251491592745800, 35346202900406452800, 1, '0xd4aEDD30d11907e10B6353e59685BB7Efc14F55D', 1, -9182, 67975), (43606, -43351, 1676795260, 2, 10, 43150543963957769250, 180097307477678550, 0, '0xc72B1b70e69D270544369132d53529e37Be87742', 0, 8358, -75437), (-3226, -80397, 1676796259, 1, 10, 51458184646622126750, 31596865889325257750, 1, '0x77B770ceB4b2537e52f4534Bb39e43754eB5B7e5', 1, -7699, -82872), (-10847, 73152, 1676796259, 1, 10, 51055473495771626300, 38302295790237013300, 1, '0xA4b1B07974bF67f04EC51bEcABF4aD62106B1Dd0', 1, -11061, 70597), (-16877, -85132, 1676796259, 1, 10, 48581388795423813800, 48581388795423813800, 1, '0xBa1CD5ded4B25dF273d435c969a01dc0B577c95c', 1, -16877, -85132), (-11014, -76054, 1676796259, 1, 10, 39252850073780042500, 30825024992241038200, 0, '0xc72B1b70e69D270544369132d53529e37Be87742', 0, -11075, -76355), (-13223, -77953, 1676795740, 2, 10, 52252492041143854100, 22597615083803229600, 1, '0xc72B1b70e69D270544369132d53529e37Be87742', 0, -15318, -80654), (-61007, 61320, 1676795872, 0, 9, 47674677850858148200, 11800315932939428000, 0, '0xA4b1B07974bF67f04EC51bEcABF4aD62106B1Dd0', 0, -63404, 56561), (-12685, -79775, 1676796259, 1, 10, 42411298177874469900, 33016599601748340400, 1, '0xBa1CD5ded4B25dF273d435c969a01dc0B577c95c', 1, -12931, -81167), (8630, 86005, 1676795896, 0, 6, 28218308802831958200, 4578455120691849000, 0, '0x05d6edC4ff8ef40321aBCf7886Bc606ed13327b0', 0, 8378, 85418), (-9714, 70171, 1676795906, 0, 8, 43898235965935856000, 43898235965935856000, 1, '0xDA8d2BAde16dd8a6a0Eb5563F4216047b2b24294', 1, -9714, 70171), (8186, -76685, 1676795908, 3, 1, 830831495375216500, 830831495375216500, 0, '0xc72B1b70e69D270544369132d53529e37Be87742', 0, 8186, -76685), (6734, -74415, 1676795976, 3, 1, 830831495375216500, 830831495375216500, 0, '0xc72B1b70e69D270544369132d53529e37Be87742', 0, 6734, -74415), (7631, -76628, 1676796011, 3, 1, 830831495375216500, 830831495375216500, 0, '0xc72B1b70e69D270544369132d53529e37Be87742', 0, 7631, -76628), (6442, -75145, 1676796071, 3, 1, 830831495375216500, 830831495375216500, 0, '0xc72B1b70e69D270544369132d53529e37Be87742', 0, 6442, -75145), (8787, -75150, 1676796129, 3, 1, 830831495375216500, 830831495375216500, 0, '0xc72B1b70e69D270544369132d53529e37Be87742', 0, 8787, -75150), (-9171, -80463, 1676796191, 0, 3, 16218717544354218800, 16218717544354218800, 0, '0xc72B1b70e69D270544369132d53529e37Be87742', 0, -9171, -80463)]
8 4248.163 [[-0.08048200050096435, 0.6295372924618768], [-0.14004676041617284, -0.7682818373220397], [-0.6171161105289689, 0.28985952474492416]] [(-58853, 34885, 1676796296, 1, 10, 50000000000000000000, 35000000000000000000, 1, '0x5c5f829C4c3E8C4AB97390cb053a456616c27Ea3', 0, -60987, 35376), (-61970, 29047, 1676796296, 1, 10, 47857142857142858000, 28571428571428572000, 1, '0x26CbcaC5281B6E159bc3e6C7400AF25fA46F246B', 1, -65533, 28514), (-66168, 29214, 1676796296, 1, 10, 48705357142857144000, 44151785714285715000, 1, '0xA4b1B07974bF67f04EC51bEcABF4aD62106B1Dd0', 1, -66154, 29294), (45490, -41768, 1676792189, 2, 10, 47395833333333332500, 5000000000000000000, 0, '0xc72B1b70e69D270544369132d53529e37Be87742', 0, 45512, -42787), (-6413, 64099, 1676796296, 1, 10, 48737599206349205000, 48737599206349205000, 1, '0x633462025cF12D347C0dF50B2114E65aa364f0a6', 0, -6413, 64099), (-65286, 30894, 1676796296, 1, 10, 49073454034391536000, 49073454034391536000, 1, '0x26CbcaC5281B6E159bc3e6C7400AF25fA46F246B', 1, -65286, 30894), (-38720, 54983, 1676792351, 2, 10, 49064980158730157500, 5662202380952381000, 0, '0x0fa9077350FC3Ee6924743e1AD9b735c657C455E', 0, -39006, 54962), (45647, -40318, 1676792489, 2, 10, 51381683798133452000, 4553571428571429000, 0, '0xc72B1b70e69D270544369132d53529e37Be87742', 0, 44702, -41234), (-10667, 69593, 1676796296, 1, 10, 52967923280423279000, 47684151785714285000, 1, '0xa79160bC038C07678C145f1B5220be15bAdB13d7', 1, -10613, 69546), (-9168, 64558, 1676796296, 1, 10, 49436705430629041900, 44006162505511463900, 1, '0x036D6B4DA0b4Eeb9d312E958c2937D9016765F50', 1, -9016, 64038), (-67210, 30832, 1676796296, 1, 10, 53370652131201418100, 53370652131201418100, 1, '0x0fa9077350FC3Ee6924743e1AD9b735c657C455E', 1, -67210, 30832), (-9442, 68746, 1676796296, 1, 10, 52193733886623065000, 47905097376849402000, 0, '0x05d6edC4ff8ef40321aBCf7886Bc606ed13327b0', 1, -9349, 68693), (-5645, 60493, 1676796296, 1, 10, 49648966479327931000, 40251121015160611000, 1, '0x77B770ceB4b2537e52f4534Bb39e43754eB5B7e5', 1, -6225, 62583), (43185, -42090, 1676793029, 2, 10, 54015769671939045500, 3415178571428571000, 0, '0xc72B1b70e69D270544369132d53529e37Be87742', 0, 43235, -41791), (-66307, 30351, 1676796296, 1, 10, 56144282795570109700, 56144282795570109700, 1, '0x3662FA93E6C3bcB04B95e5dD7B1266AD9e8A9965', 1, -66307, 30351), (-10150, 64919, 1676796296, 1, 10, 53019971728550711000, 43561283694404384500, 1, '0x036D6B4DA0b4Eeb9d312E958c2937D9016765F50', 1, -10296, 65769), (-32420, -110248, 1676793262, 2, 10, 46590466300053795000, 17204462052301800000, 0, '0x77B770ceB4b2537e52f4534Bb39e43754eB5B7e5', 0, -30502, -105273), (-63684, 28290, 1676796296, 1, 10, 49240295815198408000, 44670880027580123000, 1, '0xc8529dE5603FF9D6FE9A77d43c27D3e7085B4E43', 1, -63795, 28074), (44604, -42606, 1676793300, 2, 10, 50446506206585461300, 2561383928571428400, 0, '0xc72B1b70e69D270544369132d53529e37Be87742', 0, 45967, -42153), (-7093, 67939, 1676796296, 1, 10, 55851098521653284200, 49331239628927302200, 1, '0x633462025cF12D347C0dF50B2114E65aa364f0a6', 1, -7053, 68807), (45772, -41684, 1676793510, 2, 10, 38928544490703406000, 1921037946428571600, 0, '0xc72B1b70e69D270544369132d53529e37Be87742', 0, 46376, -42206), (-8353, 67488, 1676796296, 1, 10, 47712597364086534900, 38504728557868923900, 1, '0x3662FA93E6C3bcB04B95e5dD7B1266AD9e8A9965', 1, -8308, 67448), (-65040, 30190, 1676796296, 1, 10, 49105657812321847200, 45579275478804057900, 1, '0xA4b1B07974bF67f04EC51bEcABF4aD62106B1Dd0', 1, -65147, 30274), (-65730, 30403, 1676796296, 1, 10, 45522348387704252900, 45522348387704252900, 0, '0x0fa9077350FC3Ee6924743e1AD9b735c657C455E', 1, -65730, 30403), (44910, -42214, 1676794022, 2, 10, 45357567859261598500, 1440778459821428600, 0, '0xc72B1b70e69D270544369132d53529e37Be87742', 0, 46084, -42343), (46653, -43446, 1676794224, 2, 10, 46801031283344447700, 1440778459821428400, 0, '0xc72B1b70e69D270544369132d53529e37Be87742', 0, 46071, -43504), (-66515, 32317, 1676796296, 1, 10, 45779230770597138400, 35141543251792404100, 1, '0x3662FA93E6C3bcB04B95e5dD7B1266AD9e8A9965', 1, -65940, 32246), (-9929, 68183, 1676796296, 1, 10, 49113164638542216900, 49113164638542216900, 1, '0x77B770ceB4b2537e52f4534Bb39e43754eB5B7e5', 1, -9929, 68183), (-1161, -77377, 1676796296, 1, 10, 49198149075773682200, 30308960734001953300, 0, '0xBa1CD5ded4B25dF273d435c969a01dc0B577c95c', 0, -6074, -79045), (-53587, 21899, 1676794515, 3, 1, 2174749802329934300, 2174749802329934300, 1, '0x036D6B4DA0b4Eeb9d312E958c2937D9016765F50', 1, -53587, 21899), (46114, -43007, 1676794747, 2, 10, 49257381883019951000, 720389229910714300, 0, '0xc72B1b70e69D270544369132d53529e37Be87742', 0, 43800, -42251), (-65103, 31044, 1676796296, 1, 10, 52803691027070259300, 52803691027070259300, 1, '0xA4b1B07974bF67f04EC51bEcABF4aD62106B1Dd0', 1, -65103, 31044), (-7133, 68237, 1676796296, 1, 10, 51353884931390702300, 51353884931390702300, 1, '0xa79160bC038C07678C145f1B5220be15bAdB13d7', 1, -7133, 68237), (-6784, -77245, 1676794839, 2, 10, 37120942877184944000, 11116130081534929400, 0, '0xc72B1b70e69D270544369132d53529e37Be87742', 0, -13571, -80616), (-20944, 84108, 1676795048, 3, 1, 1904857557130728500, 1904857557130728500, 0, '0xBa1CD5ded4B25dF273d435c969a01dc0B577c95c', 0, -20944, 84108), (-9245, 66276, 1676796296, 1, 10, 54114251491592745800, 35346202900406452800, 1, '0xd4aEDD30d11907e10B6353e59685BB7Efc14F55D', 1, -9182, 67975), (43606, -43351, 1676795260, 2, 10, 43150543963957769250, 180097307477678550, 0, '0xc72B1b70e69D270544369132d53529e37Be87742', 0, 8358, -75437), (-3226, -80397, 1676796296, 1, 10, 51458184646622126750, 31596865889325257750, 1, '0x77B770ceB4b2537e52f4534Bb39e43754eB5B7e5', 1, -7699, -82872), (-10847, 73152, 1676796296, 1, 10, 51055473495771626300, 38302295790237013300, 1, '0xA4b1B07974bF67f04EC51bEcABF4aD62106B1Dd0', 1, -11061, 70597), (-16877, -85132, 1676796296, 1, 10, 48581388795423813800, 48581388795423813800, 1, '0xBa1CD5ded4B25dF273d435c969a01dc0B577c95c', 1, -16877, -85132), (-11014, -76054, 1676796296, 1, 10, 39252850073780042500, 30825024992241038200, 0, '0xc72B1b70e69D270544369132d53529e37Be87742', 0, -11075, -76355), (-13223, -77953, 1676795740, 2, 10, 52252492041143854100, 22597615083803229600, 1, '0xc72B1b70e69D270544369132d53529e37Be87742', 0, -15318, -80654), (-61007, 61320, 1676795872, 0, 9, 47674677850858148200, 11800315932939428000, 0, '0xA4b1B07974bF67f04EC51bEcABF4aD62106B1Dd0', 0, -63404, 56561), (-12685, -79775, 1676796296, 1, 10, 42411298177874469900, 33016599601748340400, 1, '0xBa1CD5ded4B25dF273d435c969a01dc0B577c95c', 1, -12931, -81167), (8293, 85958, 1676795896, 0, 6, 28218308802831958200, 4578455120691849000, 0, '0x05d6edC4ff8ef40321aBCf7886Bc606ed13327b0', 0, 8378, 85418), (-8966, 70551, 1676795906, 0, 8, 43898235965935856000, 43898235965935856000, 1, '0xDA8d2BAde16dd8a6a0Eb5563F4216047b2b24294', 1, -8966, 70551), (8186, -76685, 1676795908, 3, 1, 830831495375216500, 830831495375216500, 0, '0xc72B1b70e69D270544369132d53529e37Be87742', 0, 8186, -76685), (6734, -74415, 1676795976, 3, 1, 830831495375216500, 830831495375216500, 0, '0xc72B1b70e69D270544369132d53529e37Be87742', 0, 6734, -74415), (7631, -76628, 1676796011, 3, 1, 830831495375216500, 830831495375216500, 0, '0xc72B1b70e69D270544369132d53529e37Be87742', 0, 7631, -76628), (6442, -75145, 1676796071, 3, 1, 830831495375216500, 830831495375216500, 0, '0xc72B1b70e69D270544369132d53529e37Be87742', 0, 6442, -75145), (8787, -75150, 1676796129, 3, 1, 830831495375216500, 830831495375216500, 0, '0xc72B1b70e69D270544369132d53529e37Be87742', 0, 8787, -75150), (-9171, -80463, 1676796191, 0, 3, 16218717544354218800, 16218717544354218800, 0, '0xc72B1b70e69D270544369132d53529e37Be87742', 0, -9171, -80463), (-27550, 73414, 1676796276, 3, 1, 3621349407497030300, 3621349407497030300, 0, '0xBa1CD5ded4B25dF273d435c969a01dc0B577c95c', 1, -27550, 73414)]
8 4278.521 [[-0.08048200050096435, 0.6295372924618768], [-0.14004676041617284, -0.7682818373220397], [-0.6171161105289689, 0.28985952474492416]] [(-58853, 34885, 1676796320, 1, 10, 50000000000000000000, 35000000000000000000, 1, '0x5c5f829C4c3E8C4AB97390cb053a456616c27Ea3', 0, -60987, 35376), (-61970, 29047, 1676796320, 1, 10, 47857142857142858000, 28571428571428572000, 1, '0x26CbcaC5281B6E159bc3e6C7400AF25fA46F246B', 1, -65533, 28514), (-66168, 29214, 1676796320, 1, 10, 48705357142857144000, 44151785714285715000, 1, '0xA4b1B07974bF67f04EC51bEcABF4aD62106B1Dd0', 1, -66154, 29294), (45490, -41768, 1676792189, 2, 10, 47395833333333332500, 5000000000000000000, 0, '0xc72B1b70e69D270544369132d53529e37Be87742', 0, 45512, -42787), (-6413, 64099, 1676796320, 1, 10, 48737599206349205000, 48737599206349205000, 1, '0x633462025cF12D347C0dF50B2114E65aa364f0a6', 0, -6413, 64099), (-65286, 30894, 1676796320, 1, 10, 49073454034391536000, 49073454034391536000, 1, '0x26CbcaC5281B6E159bc3e6C7400AF25fA46F246B', 1, -65286, 30894), (-38720, 54983, 1676792351, 2, 10, 49064980158730157500, 5662202380952381000, 0, '0x0fa9077350FC3Ee6924743e1AD9b735c657C455E', 0, -39006, 54962), (45647, -40318, 1676792489, 2, 10, 51381683798133452000, 4553571428571429000, 0, '0xc72B1b70e69D270544369132d53529e37Be87742', 0, 44702, -41234), (-10667, 69593, 1676796320, 1, 10, 52967923280423279000, 47684151785714285000, 1, '0xa79160bC038C07678C145f1B5220be15bAdB13d7', 1, -10613, 69546), (-9168, 64558, 1676796320, 1, 10, 49436705430629041900, 44006162505511463900, 1, '0x036D6B4DA0b4Eeb9d312E958c2937D9016765F50', 1, -9016, 64038), (-67210, 30832, 1676796320, 1, 10, 53370652131201418100, 53370652131201418100, 1, '0x0fa9077350FC3Ee6924743e1AD9b735c657C455E', 1, -67210, 30832), (-9442, 68746, 1676796320, 1, 10, 52193733886623065000, 47905097376849402000, 0, '0x05d6edC4ff8ef40321aBCf7886Bc606ed13327b0', 1, -9349, 68693), (-5645, 60493, 1676796320, 1, 10, 49648966479327931000, 40251121015160611000, 1, '0x77B770ceB4b2537e52f4534Bb39e43754eB5B7e5', 1, -6225, 62583), (43185, -42090, 1676793029, 2, 10, 54015769671939045500, 3415178571428571000, 0, '0xc72B1b70e69D270544369132d53529e37Be87742', 0, 43235, -41791), (-66307, 30351, 1676796320, 1, 10, 56144282795570109700, 56144282795570109700, 1, '0x3662FA93E6C3bcB04B95e5dD7B1266AD9e8A9965', 1, -66307, 30351), (-10150, 64919, 1676796320, 1, 10, 53019971728550711000, 43561283694404384500, 1, '0x036D6B4DA0b4Eeb9d312E958c2937D9016765F50', 1, -10296, 65769), (-32420, -110248, 1676793262, 2, 10, 46590466300053795000, 17204462052301800000, 0, '0x77B770ceB4b2537e52f4534Bb39e43754eB5B7e5', 0, -30502, -105273), (-63684, 28290, 1676796320, 1, 10, 49240295815198408000, 44670880027580123000, 1, '0xc8529dE5603FF9D6FE9A77d43c27D3e7085B4E43', 1, -63795, 28074), (44604, -42606, 1676793300, 2, 10, 50446506206585461300, 2561383928571428400, 0, '0xc72B1b70e69D270544369132d53529e37Be87742', 0, 45967, -42153), (-7093, 67939, 1676796320, 1, 10, 55851098521653284200, 49331239628927302200, 1, '0x633462025cF12D347C0dF50B2114E65aa364f0a6', 1, -7053, 68807), (45772, -41684, 1676793510, 2, 10, 38928544490703406000, 1921037946428571600, 0, '0xc72B1b70e69D270544369132d53529e37Be87742', 0, 46376, -42206), (-8353, 67488, 1676796320, 1, 10, 47712597364086534900, 38504728557868923900, 1, '0x3662FA93E6C3bcB04B95e5dD7B1266AD9e8A9965', 1, -8308, 67448), (-65040, 30190, 1676796320, 1, 10, 49105657812321847200, 45579275478804057900, 1, '0xA4b1B07974bF67f04EC51bEcABF4aD62106B1Dd0', 1, -65147, 30274), (-65730, 30403, 1676796320, 1, 10, 45522348387704252900, 45522348387704252900, 0, '0x0fa9077350FC3Ee6924743e1AD9b735c657C455E', 1, -65730, 30403), (44910, -42214, 1676794022, 2, 10, 45357567859261598500, 1440778459821428600, 0, '0xc72B1b70e69D270544369132d53529e37Be87742', 0, 46084, -42343), (46653, -43446, 1676794224, 2, 10, 46801031283344447700, 1440778459821428400, 0, '0xc72B1b70e69D270544369132d53529e37Be87742', 0, 46071, -43504), (-66515, 32317, 1676796320, 1, 10, 45779230770597138400, 35141543251792404100, 1, '0x3662FA93E6C3bcB04B95e5dD7B1266AD9e8A9965', 1, -65940, 32246), (-9929, 68183, 1676796320, 1, 10, 49113164638542216900, 49113164638542216900, 1, '0x77B770ceB4b2537e52f4534Bb39e43754eB5B7e5', 1, -9929, 68183), (-1161, -77377, 1676796320, 1, 10, 49198149075773682200, 30308960734001953300, 0, '0xBa1CD5ded4B25dF273d435c969a01dc0B577c95c', 0, -6074, -79045), (-53587, 21899, 1676794515, 3, 1, 2174749802329934300, 2174749802329934300, 1, '0x036D6B4DA0b4Eeb9d312E958c2937D9016765F50', 1, -53587, 21899), (46114, -43007, 1676794747, 2, 10, 49257381883019951000, 720389229910714300, 0, '0xc72B1b70e69D270544369132d53529e37Be87742', 0, 43800, -42251), (-65103, 31044, 1676796320, 1, 10, 52803691027070259300, 52803691027070259300, 1, '0xA4b1B07974bF67f04EC51bEcABF4aD62106B1Dd0', 1, -65103, 31044), (-7133, 68237, 1676796320, 1, 10, 51353884931390702300, 51353884931390702300, 1, '0xa79160bC038C07678C145f1B5220be15bAdB13d7', 1, -7133, 68237), (-6784, -77245, 1676794839, 2, 10, 37120942877184944000, 11116130081534929400, 0, '0xc72B1b70e69D270544369132d53529e37Be87742', 0, -13571, -80616), (-20944, 84108, 1676795048, 3, 1, 1904857557130728500, 1904857557130728500, 0, '0xBa1CD5ded4B25dF273d435c969a01dc0B577c95c', 0, -20944, 84108), (-9245, 66276, 1676796320, 1, 10, 54114251491592745800, 35346202900406452800, 1, '0xd4aEDD30d11907e10B6353e59685BB7Efc14F55D', 1, -9182, 67975), (43606, -43351, 1676795260, 2, 10, 43150543963957769250, 180097307477678550, 0, '0xc72B1b70e69D270544369132d53529e37Be87742', 0, 8358, -75437), (-3226, -80397, 1676796320, 1, 10, 51458184646622126750, 31596865889325257750, 1, '0x77B770ceB4b2537e52f4534Bb39e43754eB5B7e5', 1, -7699, -82872), (-10847, 73152, 1676796320, 1, 10, 51055473495771626300, 38302295790237013300, 1, '0xA4b1B07974bF67f04EC51bEcABF4aD62106B1Dd0', 1, -11061, 70597), (-16877, -85132, 1676796320, 1, 10, 48581388795423813800, 48581388795423813800, 1, '0xBa1CD5ded4B25dF273d435c969a01dc0B577c95c', 1, -16877, -85132), (-11014, -76054, 1676796320, 1, 10, 39252850073780042500, 30825024992241038200, 0, '0xc72B1b70e69D270544369132d53529e37Be87742', 0, -11075, -76355), (-13223, -77953, 1676795740, 2, 10, 52252492041143854100, 22597615083803229600, 1, '0xc72B1b70e69D270544369132d53529e37Be87742', 0, -15318, -80654), (-61007, 61320, 1676795872, 0, 9, 47674677850858148200, 11800315932939428000, 0, '0xA4b1B07974bF67f04EC51bEcABF4aD62106B1Dd0', 0, -63404, 56561), (-12685, -79775, 1676796320, 1, 10, 42411298177874469900, 33016599601748340400, 1, '0xBa1CD5ded4B25dF273d435c969a01dc0B577c95c', 1, -12931, -81167), (8770, 85960, 1676795896, 0, 8, 45162064013819102200, 4578455120691849000, 0, '0x05d6edC4ff8ef40321aBCf7886Bc606ed13327b0', 0, 8378, 85418), (-8958, 70040, 1676795906, 0, 9, 47627252277669711300, 47627252277669711300, 1, '0xDA8d2BAde16dd8a6a0Eb5563F4216047b2b24294', 1, -8958, 70040), (8186, -76685, 1676795908, 3, 1, 830831495375216500, 830831495375216500, 0, '0xc72B1b70e69D270544369132d53529e37Be87742', 0, 8186, -76685), (6734, -74415, 1676795976, 3, 1, 830831495375216500, 830831495375216500, 0, '0xc72B1b70e69D270544369132d53529e37Be87742', 0, 6734, -74415), (7631, -76628, 1676796011, 3, 1, 830831495375216500, 830831495375216500, 0, '0xc72B1b70e69D270544369132d53529e37Be87742', 0, 7631, -76628), (6442, -75145, 1676796071, 3, 1, 830831495375216500, 830831495375216500, 0, '0xc72B1b70e69D270544369132d53529e37Be87742', 0, 6442, -75145), (8787, -75150, 1676796129, 3, 1, 830831495375216500, 830831495375216500, 0, '0xc72B1b70e69D270544369132d53529e37Be87742', 0, 8787, -75150), (-8983, -79710, 1676796191, 0, 5, 24114761501399669600, 24114761501399669600, 0, '0xc72B1b70e69D270544369132d53529e37Be87742', 0, -8983, -79710), (-27550, 73414, 1676796276, 3, 1, 3621349407497030300, 3621349407497030300, 0, '0xBa1CD5ded4B25dF273d435c969a01dc0B577c95c', 1, -27550, 73414)]
8 4308.605 [[-0.08048200050096435, 0.6295372924618768], [-0.14004676041617284, -0.7682818373220397], [-0.6171161105289689, 0.28985952474492416]] [(-58853, 34885, 1676796350, 1, 10, 50000000000000000000, 35000000000000000000, 1, '0x5c5f829C4c3E8C4AB97390cb053a456616c27Ea3', 0, -60987, 35376), (-61970, 29047, 1676796350, 1, 10, 47857142857142858000, 28571428571428572000, 1, '0x26CbcaC5281B6E159bc3e6C7400AF25fA46F246B', 1, -65533, 28514), (-66168, 29214, 1676796350, 1, 10, 48705357142857144000, 44151785714285715000, 1, '0xA4b1B07974bF67f04EC51bEcABF4aD62106B1Dd0', 1, -66154, 29294), (45490, -41768, 1676792189, 2, 10, 47395833333333332500, 5000000000000000000, 0, '0xc72B1b70e69D270544369132d53529e37Be87742', 0, 45512, -42787), (-6413, 64099, 1676796350, 1, 10, 48737599206349205000, 48737599206349205000, 1, '0x633462025cF12D347C0dF50B2114E65aa364f0a6', 0, -6413, 64099), (-65286, 30894, 1676796350, 1, 10, 49073454034391536000, 49073454034391536000, 1, '0x26CbcaC5281B6E159bc3e6C7400AF25fA46F246B', 1, -65286, 30894), (-38720, 54983, 1676792351, 2, 10, 49064980158730157500, 5662202380952381000, 0, '0x0fa9077350FC3Ee6924743e1AD9b735c657C455E', 0, -39006, 54962), (45647, -40318, 1676792489, 2, 10, 51381683798133452000, 4553571428571429000, 0, '0xc72B1b70e69D270544369132d53529e37Be87742', 0, 44702, -41234), (-10667, 69593, 1676796350, 1, 10, 52967923280423279000, 47684151785714285000, 1, '0xa79160bC038C07678C145f1B5220be15bAdB13d7', 1, -10613, 69546), (-9168, 64558, 1676796350, 1, 10, 49436705430629041900, 44006162505511463900, 1, '0x036D6B4DA0b4Eeb9d312E958c2937D9016765F50', 1, -9016, 64038), (-67210, 30832, 1676796350, 1, 10, 53370652131201418100, 53370652131201418100, 1, '0x0fa9077350FC3Ee6924743e1AD9b735c657C455E', 1, -67210, 30832), (-9442, 68746, 1676796350, 1, 10, 52193733886623065000, 47905097376849402000, 0, '0x05d6edC4ff8ef40321aBCf7886Bc606ed13327b0', 1, -9349, 68693), (-5645, 60493, 1676796350, 1, 10, 49648966479327931000, 40251121015160611000, 1, '0x77B770ceB4b2537e52f4534Bb39e43754eB5B7e5', 1, -6225, 62583), (43185, -42090, 1676793029, 2, 10, 54015769671939045500, 3415178571428571000, 0, '0xc72B1b70e69D270544369132d53529e37Be87742', 0, 43235, -41791), (-66307, 30351, 1676796350, 1, 10, 56144282795570109700, 56144282795570109700, 1, '0x3662FA93E6C3bcB04B95e5dD7B1266AD9e8A9965', 1, -66307, 30351), (-10150, 64919, 1676796350, 1, 10, 53019971728550711000, 43561283694404384500, 1, '0x036D6B4DA0b4Eeb9d312E958c2937D9016765F50', 1, -10296, 65769), (-32420, -110248, 1676793262, 2, 10, 46590466300053795000, 17204462052301800000, 0, '0x77B770ceB4b2537e52f4534Bb39e43754eB5B7e5', 0, -30502, -105273), (-63684, 28290, 1676796350, 1, 10, 49240295815198408000, 44670880027580123000, 1, '0xc8529dE5603FF9D6FE9A77d43c27D3e7085B4E43', 1, -63795, 28074), (44604, -42606, 1676793300, 2, 10, 50446506206585461300, 2561383928571428400, 0, '0xc72B1b70e69D270544369132d53529e37Be87742', 0, 45967, -42153), (-7093, 67939, 1676796350, 1, 10, 55851098521653284200, 49331239628927302200, 1, '0x633462025cF12D347C0dF50B2114E65aa364f0a6', 1, -7053, 68807), (45772, -41684, 1676793510, 2, 10, 38928544490703406000, 1921037946428571600, 0, '0xc72B1b70e69D270544369132d53529e37Be87742', 0, 46376, -42206), (-8353, 67488, 1676796350, 1, 10, 47712597364086534900, 38504728557868923900, 1, '0x3662FA93E6C3bcB04B95e5dD7B1266AD9e8A9965', 1, -8308, 67448), (-65040, 30190, 1676796350, 1, 10, 49105657812321847200, 45579275478804057900, 1, '0xA4b1B07974bF67f04EC51bEcABF4aD62106B1Dd0', 1, -65147, 30274), (-65730, 30403, 1676796350, 1, 10, 45522348387704252900, 45522348387704252900, 0, '0x0fa9077350FC3Ee6924743e1AD9b735c657C455E', 1, -65730, 30403), (44910, -42214, 1676794022, 2, 10, 45357567859261598500, 1440778459821428600, 0, '0xc72B1b70e69D270544369132d53529e37Be87742', 0, 46084, -42343), (46653, -43446, 1676794224, 2, 10, 46801031283344447700, 1440778459821428400, 0, '0xc72B1b70e69D270544369132d53529e37Be87742', 0, 46071, -43504), (-66515, 32317, 1676796350, 1, 10, 45779230770597138400, 35141543251792404100, 1, '0x3662FA93E6C3bcB04B95e5dD7B1266AD9e8A9965', 1, -65940, 32246), (-9929, 68183, 1676796350, 1, 10, 49113164638542216900, 49113164638542216900, 1, '0x77B770ceB4b2537e52f4534Bb39e43754eB5B7e5', 1, -9929, 68183), (-1161, -77377, 1676796350, 1, 10, 49198149075773682200, 30308960734001953300, 0, '0xBa1CD5ded4B25dF273d435c969a01dc0B577c95c', 0, -6074, -79045), (-53587, 21899, 1676794515, 3, 1, 2174749802329934300, 2174749802329934300, 1, '0x036D6B4DA0b4Eeb9d312E958c2937D9016765F50', 1, -53587, 21899), (46114, -43007, 1676794747, 2, 10, 49257381883019951000, 720389229910714300, 0, '0xc72B1b70e69D270544369132d53529e37Be87742', 0, 43800, -42251), (-65103, 31044, 1676796350, 1, 10, 52803691027070259300, 52803691027070259300, 1, '0xA4b1B07974bF67f04EC51bEcABF4aD62106B1Dd0', 1, -65103, 31044), (-7133, 68237, 1676796350, 1, 10, 51353884931390702300, 51353884931390702300, 1, '0xa79160bC038C07678C145f1B5220be15bAdB13d7', 1, -7133, 68237), (-6784, -77245, 1676794839, 2, 10, 37120942877184944000, 11116130081534929400, 0, '0xc72B1b70e69D270544369132d53529e37Be87742', 0, -13571, -80616), (-20944, 84108, 1676795048, 3, 1, 1904857557130728500, 1904857557130728500, 0, '0xBa1CD5ded4B25dF273d435c969a01dc0B577c95c', 0, -20944, 84108), (-9245, 66276, 1676796350, 1, 10, 54114251491592745800, 35346202900406452800, 1, '0xd4aEDD30d11907e10B6353e59685BB7Efc14F55D', 1, -9182, 67975), (43606, -43351, 1676795260, 2, 10, 43150543963957769250, 180097307477678550, 0, '0xc72B1b70e69D270544369132d53529e37Be87742', 0, 8358, -75437), (-3226, -80397, 1676796350, 1, 10, 51458184646622126750, 31596865889325257750, 1, '0x77B770ceB4b2537e52f4534Bb39e43754eB5B7e5', 1, -7699, -82872), (-10847, 73152, 1676796350, 1, 10, 51055473495771626300, 38302295790237013300, 1, '0xA4b1B07974bF67f04EC51bEcABF4aD62106B1Dd0', 1, -11061, 70597), (-16877, -85132, 1676796350, 1, 10, 48581388795423813800, 48581388795423813800, 1, '0xBa1CD5ded4B25dF273d435c969a01dc0B577c95c', 1, -16877, -85132), (-11014, -76054, 1676796350, 1, 10, 39252850073780042500, 30825024992241038200, 0, '0xc72B1b70e69D270544369132d53529e37Be87742', 0, -11075, -76355), (-13223, -77953, 1676795740, 2, 10, 52252492041143854100, 22597615083803229600, 1, '0xc72B1b70e69D270544369132d53529e37Be87742', 0, -15318, -80654), (-61140, 61411, 1676795872, 0, 9, 47674677850858148200, 11800315932939428000, 0, '0xA4b1B07974bF67f04EC51bEcABF4aD62106B1Dd0', 0, -63404, 56561), (-12685, -79775, 1676796350, 1, 10, 42411298177874469900, 33016599601748340400, 1, '0xBa1CD5ded4B25dF273d435c969a01dc0B577c95c', 1, -12931, -81167), (7792, 86038, 1676795896, 0, 9, 48783413421316132500, 8199804528188879300, 0, '0x05d6edC4ff8ef40321aBCf7886Bc606ed13327b0', 0, 2737, 86125), (-8980, 70095, 1676795906, 0, 9, 47627252277669711300, 47627252277669711300, 1, '0xDA8d2BAde16dd8a6a0Eb5563F4216047b2b24294', 1, -8980, 70095), (8186, -76685, 1676795908, 3, 1, 830831495375216500, 830831495375216500, 0, '0xc72B1b70e69D270544369132d53529e37Be87742', 0, 8186, -76685), (6734, -74415, 1676795976, 3, 1, 830831495375216500, 830831495375216500, 0, '0xc72B1b70e69D270544369132d53529e37Be87742', 0, 6734, -74415), (7631, -76628, 1676796011, 3, 1, 830831495375216500, 830831495375216500, 0, '0xc72B1b70e69D270544369132d53529e37Be87742', 0, 7631, -76628), (6442, -75145, 1676796071, 3, 1, 830831495375216500, 830831495375216500, 0, '0xc72B1b70e69D270544369132d53529e37Be87742', 0, 6442, -75145), (8787, -75150, 1676796129, 3, 1, 830831495375216500, 830831495375216500, 0, '0xc72B1b70e69D270544369132d53529e37Be87742', 0, 8787, -75150), (-8983, -79710, 1676796191, 0, 5, 24114761501399669600, 24114761501399669600, 0, '0xc72B1b70e69D270544369132d53529e37Be87742', 0, -8983, -79710), (-27550, 73414, 1676796276, 3, 1, 3621349407497030300, 3621349407497030300, 0, '0xBa1CD5ded4B25dF273d435c969a01dc0B577c95c', 1, -27550, 73414), (-30509, -59408, 1676796350, 0, 1, 155733780215785270, 155733780215785270, 0, '0xDA8d2BAde16dd8a6a0Eb5563F4216047b2b24294', 0, -30509, -59408)]
8 4338.729 [[-0.08048200050096435, 0.6295372924618768], [-0.14004676041617284, -0.7682818373220397], [-0.6171161105289689, 0.28985952474492416]] [(-58853, 34885, 1676796384, 1, 10, 50000000000000000000, 35000000000000000000, 1, '0x5c5f829C4c3E8C4AB97390cb053a456616c27Ea3', 0, -60987, 35376), (-61970, 29047, 1676796384, 1, 10, 47857142857142858000, 28571428571428572000, 1, '0x26CbcaC5281B6E159bc3e6C7400AF25fA46F246B', 1, -65533, 28514), (-66168, 29214, 1676796384, 1, 10, 48705357142857144000, 44151785714285715000, 1, '0xA4b1B07974bF67f04EC51bEcABF4aD62106B1Dd0', 1, -66154, 29294), (45490, -41768, 1676792189, 2, 10, 47395833333333332500, 5000000000000000000, 0, '0xc72B1b70e69D270544369132d53529e37Be87742', 0, 45512, -42787), (-6413, 64099, 1676796384, 1, 10, 48737599206349205000, 48737599206349205000, 1, '0x633462025cF12D347C0dF50B2114E65aa364f0a6', 0, -6413, 64099), (-65286, 30894, 1676796384, 1, 10, 49073454034391536000, 49073454034391536000, 1, '0x26CbcaC5281B6E159bc3e6C7400AF25fA46F246B', 1, -65286, 30894), (-38720, 54983, 1676792351, 2, 10, 49064980158730157500, 5662202380952381000, 0, '0x0fa9077350FC3Ee6924743e1AD9b735c657C455E', 0, -39006, 54962), (45647, -40318, 1676792489, 2, 10, 51381683798133452000, 4553571428571429000, 0, '0xc72B1b70e69D270544369132d53529e37Be87742', 0, 44702, -41234), (-10667, 69593, 1676796384, 1, 10, 52967923280423279000, 47684151785714285000, 1, '0xa79160bC038C07678C145f1B5220be15bAdB13d7', 1, -10613, 69546), (-9168, 64558, 1676796384, 1, 10, 49436705430629041900, 44006162505511463900, 1, '0x036D6B4DA0b4Eeb9d312E958c2937D9016765F50', 1, -9016, 64038), (-67210, 30832, 1676796384, 1, 10, 53370652131201418100, 53370652131201418100, 1, '0x0fa9077350FC3Ee6924743e1AD9b735c657C455E', 1, -67210, 30832), (-9442, 68746, 1676796384, 1, 10, 52193733886623065000, 47905097376849402000, 0, '0x05d6edC4ff8ef40321aBCf7886Bc606ed13327b0', 1, -9349, 68693), (-5645, 60493, 1676796384, 1, 10, 49648966479327931000, 40251121015160611000, 1, '0x77B770ceB4b2537e52f4534Bb39e43754eB5B7e5', 1, -6225, 62583), (43185, -42090, 1676793029, 2, 10, 54015769671939045500, 3415178571428571000, 0, '0xc72B1b70e69D270544369132d53529e37Be87742', 0, 43235, -41791), (-66307, 30351, 1676796384, 1, 10, 56144282795570109700, 56144282795570109700, 1, '0x3662FA93E6C3bcB04B95e5dD7B1266AD9e8A9965', 1, -66307, 30351), (-10150, 64919, 1676796384, 1, 10, 53019971728550711000, 43561283694404384500, 1, '0x036D6B4DA0b4Eeb9d312E958c2937D9016765F50', 1, -10296, 65769), (-32420, -110248, 1676793262, 2, 10, 46590466300053795000, 17204462052301800000, 0, '0x77B770ceB4b2537e52f4534Bb39e43754eB5B7e5', 0, -30502, -105273), (-63684, 28290, 1676796384, 1, 10, 49240295815198408000, 44670880027580123000, 1, '0xc8529dE5603FF9D6FE9A77d43c27D3e7085B4E43', 1, -63795, 28074), (44604, -42606, 1676793300, 2, 10, 50446506206585461300, 2561383928571428400, 0, '0xc72B1b70e69D270544369132d53529e37Be87742', 0, 45967, -42153), (-7093, 67939, 1676796384, 1, 10, 55851098521653284200, 49331239628927302200, 1, '0x633462025cF12D347C0dF50B2114E65aa364f0a6', 1, -7053, 68807), (45772, -41684, 1676793510, 2, 10, 38928544490703406000, 1921037946428571600, 0, '0xc72B1b70e69D270544369132d53529e37Be87742', 0, 46376, -42206), (-8353, 67488, 1676796384, 1, 10, 47712597364086534900, 38504728557868923900, 1, '0x3662FA93E6C3bcB04B95e5dD7B1266AD9e8A9965', 1, -8308, 67448), (-65040, 30190, 1676796384, 1, 10, 49105657812321847200, 45579275478804057900, 1, '0xA4b1B07974bF67f04EC51bEcABF4aD62106B1Dd0', 1, -65147, 30274), (-65730, 30403, 1676796384, 1, 10, 45522348387704252900, 45522348387704252900, 0, '0x0fa9077350FC3Ee6924743e1AD9b735c657C455E', 1, -65730, 30403), (44910, -42214, 1676794022, 2, 10, 45357567859261598500, 1440778459821428600, 0, '0xc72B1b70e69D270544369132d53529e37Be87742', 0, 46084, -42343), (46653, -43446, 1676794224, 2, 10, 46801031283344447700, 1440778459821428400, 0, '0xc72B1b70e69D270544369132d53529e37Be87742', 0, 46071, -43504), (-66515, 32317, 1676796384, 1, 10, 45779230770597138400, 35141543251792404100, 1, '0x3662FA93E6C3bcB04B95e5dD7B1266AD9e8A9965', 1, -65940, 32246), (-9929, 68183, 1676796384, 1, 10, 49113164638542216900, 49113164638542216900, 1, '0x77B770ceB4b2537e52f4534Bb39e43754eB5B7e5', 1, -9929, 68183), (-1161, -77377, 1676796384, 1, 10, 49198149075773682200, 30308960734001953300, 0, '0xBa1CD5ded4B25dF273d435c969a01dc0B577c95c', 0, -6074, -79045), (-53587, 21899, 1676794515, 3, 1, 2174749802329934300, 2174749802329934300, 1, '0x036D6B4DA0b4Eeb9d312E958c2937D9016765F50', 1, -53587, 21899), (46114, -43007, 1676794747, 2, 10, 49257381883019951000, 720389229910714300, 0, '0xc72B1b70e69D270544369132d53529e37Be87742', 0, 43800, -42251), (-65103, 31044, 1676796384, 1, 10, 52803691027070259300, 52803691027070259300, 1, '0xA4b1B07974bF67f04EC51bEcABF4aD62106B1Dd0', 1, -65103, 31044), (-7133, 68237, 1676796384, 1, 10, 51353884931390702300, 51353884931390702300, 1, '0xa79160bC038C07678C145f1B5220be15bAdB13d7', 1, -7133, 68237), (-6784, -77245, 1676794839, 2, 10, 37120942877184944000, 11116130081534929400, 0, '0xc72B1b70e69D270544369132d53529e37Be87742', 0, -13571, -80616), (-20944, 84108, 1676795048, 3, 1, 1904857557130728500, 1904857557130728500, 0, '0xBa1CD5ded4B25dF273d435c969a01dc0B577c95c', 0, -20944, 84108), (-9245, 66276, 1676796384, 1, 10, 54114251491592745800, 35346202900406452800, 1, '0xd4aEDD30d11907e10B6353e59685BB7Efc14F55D', 1, -9182, 67975), (43606, -43351, 1676795260, 2, 10, 43150543963957769250, 180097307477678550, 0, '0xc72B1b70e69D270544369132d53529e37Be87742', 0, 8358, -75437), (-3226, -80397, 1676796384, 1, 10, 51458184646622126750, 31596865889325257750, 1, '0x77B770ceB4b2537e52f4534Bb39e43754eB5B7e5', 1, -7699, -82872), (-10847, 73152, 1676796384, 1, 10, 51055473495771626300, 38302295790237013300, 1, '0xA4b1B07974bF67f04EC51bEcABF4aD62106B1Dd0', 1, -11061, 70597), (-16877, -85132, 1676796384, 1, 10, 48581388795423813800, 48581388795423813800, 1, '0xBa1CD5ded4B25dF273d435c969a01dc0B577c95c', 1, -16877, -85132), (-11014, -76054, 1676796384, 1, 10, 39252850073780042500, 30825024992241038200, 0, '0xc72B1b70e69D270544369132d53529e37Be87742', 0, -11075, -76355), (-13223, -77953, 1676795740, 2, 10, 52252492041143854100, 22597615083803229600, 1, '0xc72B1b70e69D270544369132d53529e37Be87742', 0, -15318, -80654), (-61220, 61501, 1676795872, 2, 10, 51403694162592002600, 11800315932939428000, 0, '0xA4b1B07974bF67f04EC51bEcABF4aD62106B1Dd0', 0, -63404, 56561), (-12685, -79775, 1676796384, 1, 10, 42411298177874469900, 33016599601748340400, 1, '0xBa1CD5ded4B25dF273d435c969a01dc0B577c95c', 1, -12931, -81167), (7849, 85987, 1676795896, 2, 10, 50365702175005836800, 8199804528188879300, 0, '0x05d6edC4ff8ef40321aBCf7886Bc606ed13327b0', 0, 2737, 86125), (-8980, 70095, 1676795906, 0, 9, 47627252277669711300, 47627252277669711300, 1, '0xDA8d2BAde16dd8a6a0Eb5563F4216047b2b24294', 1, -8980, 70095), (8186, -76685, 1676795908, 3, 1, 830831495375216500, 830831495375216500, 0, '0xc72B1b70e69D270544369132d53529e37Be87742', 0, 8186, -76685), (6734, -74415, 1676795976, 3, 1, 830831495375216500, 830831495375216500, 0, '0xc72B1b70e69D270544369132d53529e37Be87742', 0, 6734, -74415), (7631, -76628, 1676796011, 3, 1, 830831495375216500, 830831495375216500, 0, '0xc72B1b70e69D270544369132d53529e37Be87742', 0, 7631, -76628), (6442, -75145, 1676796071, 3, 1, 830831495375216500, 830831495375216500, 0, '0xc72B1b70e69D270544369132d53529e37Be87742', 0, 6442, -75145), (8787, -75150, 1676796129, 3, 1, 830831495375216500, 830831495375216500, 0, '0xc72B1b70e69D270544369132d53529e37Be87742', 0, 8787, -75150), (-8983, -79710, 1676796191, 0, 5, 24114761501399669600, 24114761501399669600, 0, '0xc72B1b70e69D270544369132d53529e37Be87742', 0, -8983, -79710), (-27550, 73414, 1676796276, 3, 1, 3621349407497030300, 3621349407497030300, 0, '0xBa1CD5ded4B25dF273d435c969a01dc0B577c95c', 1, -27550, 73414), (-30509, -59408, 1676796350, 3, 1, 155733780215785270, 155733780215785270, 0, '0xDA8d2BAde16dd8a6a0Eb5563F4216047b2b24294', 0, -30509, -59408)]
8 4368.731 [[-0.08048200050096435, 0.6295372924618768], [-0.14004676041617284, -0.7682818373220397], [-0.6171161105289689, 0.28985952474492416]] [(-58853, 34885, 1676796410, 1, 10, 50000000000000000000, 35000000000000000000, 1, '0x5c5f829C4c3E8C4AB97390cb053a456616c27Ea3', 0, -60987, 35376), (-61970, 29047, 1676796410, 1, 10, 47857142857142858000, 28571428571428572000, 1, '0x26CbcaC5281B6E159bc3e6C7400AF25fA46F246B', 1, -65533, 28514), (-66168, 29214, 1676796410, 1, 10, 48705357142857144000, 44151785714285715000, 1, '0xA4b1B07974bF67f04EC51bEcABF4aD62106B1Dd0', 1, -66154, 29294), (45490, -41768, 1676792189, 2, 10, 47395833333333332500, 5000000000000000000, 0, '0xc72B1b70e69D270544369132d53529e37Be87742', 0, 45512, -42787), (-6413, 64099, 1676796410, 1, 10, 48737599206349205000, 48737599206349205000, 1, '0x633462025cF12D347C0dF50B2114E65aa364f0a6', 0, -6413, 64099), (-65286, 30894, 1676796410, 1, 10, 49073454034391536000, 49073454034391536000, 1, '0x26CbcaC5281B6E159bc3e6C7400AF25fA46F246B', 1, -65286, 30894), (-38720, 54983, 1676792351, 2, 10, 49064980158730157500, 5662202380952381000, 0, '0x0fa9077350FC3Ee6924743e1AD9b735c657C455E', 0, -39006, 54962), (45647, -40318, 1676792489, 2, 10, 51381683798133452000, 4553571428571429000, 0, '0xc72B1b70e69D270544369132d53529e37Be87742', 0, 44702, -41234), (-10667, 69593, 1676796410, 1, 10, 52967923280423279000, 47684151785714285000, 1, '0xa79160bC038C07678C145f1B5220be15bAdB13d7', 1, -10613, 69546), (-9168, 64558, 1676796410, 1, 10, 49436705430629041900, 44006162505511463900, 1, '0x036D6B4DA0b4Eeb9d312E958c2937D9016765F50', 1, -9016, 64038), (-67210, 30832, 1676796410, 1, 10, 53370652131201418100, 53370652131201418100, 1, '0x0fa9077350FC3Ee6924743e1AD9b735c657C455E', 1, -67210, 30832), (-9442, 68746, 1676796410, 1, 10, 52193733886623065000, 47905097376849402000, 0, '0x05d6edC4ff8ef40321aBCf7886Bc606ed13327b0', 1, -9349, 68693), (-5645, 60493, 1676796410, 1, 10, 49648966479327931000, 40251121015160611000, 1, '0x77B770ceB4b2537e52f4534Bb39e43754eB5B7e5', 1, -6225, 62583), (43185, -42090, 1676793029, 2, 10, 54015769671939045500, 3415178571428571000, 0, '0xc72B1b70e69D270544369132d53529e37Be87742', 0, 43235, -41791), (-66307, 30351, 1676796410, 1, 10, 56144282795570109700, 56144282795570109700, 1, '0x3662FA93E6C3bcB04B95e5dD7B1266AD9e8A9965', 1, -66307, 30351), (-10150, 64919, 1676796410, 1, 10, 53019971728550711000, 43561283694404384500, 1, '0x036D6B4DA0b4Eeb9d312E958c2937D9016765F50', 1, -10296, 65769), (-32420, -110248, 1676793262, 2, 10, 46590466300053795000, 17204462052301800000, 0, '0x77B770ceB4b2537e52f4534Bb39e43754eB5B7e5', 0, -30502, -105273), (-63684, 28290, 1676796410, 1, 10, 49240295815198408000, 44670880027580123000, 1, '0xc8529dE5603FF9D6FE9A77d43c27D3e7085B4E43', 1, -63795, 28074), (44604, -42606, 1676793300, 2, 10, 50446506206585461300, 2561383928571428400, 0, '0xc72B1b70e69D270544369132d53529e37Be87742', 0, 45967, -42153), (-7093, 67939, 1676796410, 1, 10, 55851098521653284200, 49331239628927302200, 1, '0x633462025cF12D347C0dF50B2114E65aa364f0a6', 1, -7053, 68807), (45772, -41684, 1676793510, 2, 10, 38928544490703406000, 1921037946428571600, 0, '0xc72B1b70e69D270544369132d53529e37Be87742', 0, 46376, -42206), (-8353, 67488, 1676796410, 1, 10, 47712597364086534900, 38504728557868923900, 1, '0x3662FA93E6C3bcB04B95e5dD7B1266AD9e8A9965', 1, -8308, 67448), (-65040, 30190, 1676796410, 1, 10, 49105657812321847200, 45579275478804057900, 1, '0xA4b1B07974bF67f04EC51bEcABF4aD62106B1Dd0', 1, -65147, 30274), (-65730, 30403, 1676796410, 1, 10, 45522348387704252900, 45522348387704252900, 0, '0x0fa9077350FC3Ee6924743e1AD9b735c657C455E', 1, -65730, 30403), (44910, -42214, 1676794022, 2, 10, 45357567859261598500, 1440778459821428600, 0, '0xc72B1b70e69D270544369132d53529e37Be87742', 0, 46084, -42343), (46653, -43446, 1676794224, 2, 10, 46801031283344447700, 1440778459821428400, 0, '0xc72B1b70e69D270544369132d53529e37Be87742', 0, 46071, -43504), (-66515, 32317, 1676796410, 1, 10, 45779230770597138400, 35141543251792404100, 1, '0x3662FA93E6C3bcB04B95e5dD7B1266AD9e8A9965', 1, -65940, 32246), (-9929, 68183, 1676796410, 1, 10, 49113164638542216900, 49113164638542216900, 1, '0x77B770ceB4b2537e52f4534Bb39e43754eB5B7e5', 1, -9929, 68183), (-1161, -77377, 1676796410, 1, 10, 49198149075773682200, 30308960734001953300, 0, '0xBa1CD5ded4B25dF273d435c969a01dc0B577c95c', 0, -6074, -79045), (-53587, 21899, 1676794515, 3, 1, 2174749802329934300, 2174749802329934300, 1, '0x036D6B4DA0b4Eeb9d312E958c2937D9016765F50', 1, -53587, 21899), (46114, -43007, 1676794747, 2, 10, 49257381883019951000, 720389229910714300, 0, '0xc72B1b70e69D270544369132d53529e37Be87742', 0, 43800, -42251), (-65103, 31044, 1676796410, 1, 10, 52803691027070259300, 52803691027070259300, 1, '0xA4b1B07974bF67f04EC51bEcABF4aD62106B1Dd0', 1, -65103, 31044), (-7133, 68237, 1676796410, 1, 10, 51353884931390702300, 51353884931390702300, 1, '0xa79160bC038C07678C145f1B5220be15bAdB13d7', 1, -7133, 68237), (-6784, -77245, 1676794839, 2, 10, 37120942877184944000, 11116130081534929400, 0, '0xc72B1b70e69D270544369132d53529e37Be87742', 0, -13571, -80616), (-20944, 84108, 1676795048, 3, 1, 1904857557130728500, 1904857557130728500, 0, '0xBa1CD5ded4B25dF273d435c969a01dc0B577c95c', 0, -20944, 84108), (-9245, 66276, 1676796410, 1, 10, 54114251491592745800, 35346202900406452800, 1, '0xd4aEDD30d11907e10B6353e59685BB7Efc14F55D', 1, -9182, 67975), (43606, -43351, 1676795260, 2, 10, 43150543963957769250, 180097307477678550, 0, '0xc72B1b70e69D270544369132d53529e37Be87742', 0, 8358, -75437), (-3226, -80397, 1676796410, 1, 10, 51458184646622126750, 31596865889325257750, 1, '0x77B770ceB4b2537e52f4534Bb39e43754eB5B7e5', 1, -7699, -82872), (-10847, 73152, 1676796410, 1, 10, 51055473495771626300, 38302295790237013300, 1, '0xA4b1B07974bF67f04EC51bEcABF4aD62106B1Dd0', 1, -11061, 70597), (-16877, -85132, 1676796410, 1, 10, 48581388795423813800, 48581388795423813800, 1, '0xBa1CD5ded4B25dF273d435c969a01dc0B577c95c', 1, -16877, -85132), (-11014, -76054, 1676796410, 1, 10, 39252850073780042500, 30825024992241038200, 0, '0xc72B1b70e69D270544369132d53529e37Be87742', 0, -11075, -76355), (-13223, -77953, 1676795740, 2, 10, 52252492041143854100, 22597615083803229600, 1, '0xc72B1b70e69D270544369132d53529e37Be87742', 0, -15318, -80654), (-61220, 61501, 1676795872, 2, 10, 51403694162592002600, 11800315932939428000, 0, '0xA4b1B07974bF67f04EC51bEcABF4aD62106B1Dd0', 0, -63404, 56561), (-12685, -79775, 1676796410, 1, 10, 42411298177874469900, 33016599601748340400, 1, '0xBa1CD5ded4B25dF273d435c969a01dc0B577c95c', 1, -12931, -81167), (7849, 85987, 1676795896, 2, 10, 50365702175005836800, 8199804528188879300, 0, '0x05d6edC4ff8ef40321aBCf7886Bc606ed13327b0', 0, 2737, 86125), (-9002, 69601, 1676795906, 0, 9, 47627252277669711300, 47627252277669711300, 1, '0xDA8d2BAde16dd8a6a0Eb5563F4216047b2b24294', 1, -9002, 69601), (8186, -76685, 1676795908, 3, 1, 830831495375216500, 830831495375216500, 0, '0xc72B1b70e69D270544369132d53529e37Be87742', 0, 8186, -76685), (6734, -74415, 1676795976, 3, 1, 830831495375216500, 830831495375216500, 0, '0xc72B1b70e69D270544369132d53529e37Be87742', 0, 6734, -74415), (7631, -76628, 1676796011, 3, 1, 830831495375216500, 830831495375216500, 0, '0xc72B1b70e69D270544369132d53529e37Be87742', 0, 7631, -76628), (6442, -75145, 1676796071, 3, 1, 830831495375216500, 830831495375216500, 0, '0xc72B1b70e69D270544369132d53529e37Be87742', 0, 6442, -75145), (8787, -75150, 1676796129, 3, 1, 830831495375216500, 830831495375216500, 0, '0xc72B1b70e69D270544369132d53529e37Be87742', 0, 8787, -75150), (-9643, -80738, 1676796191, 0, 6, 30961243146727441100, 30961243146727441100, 0, '0xc72B1b70e69D270544369132d53529e37Be87742', 0, -9643, -80738), (-27550, 73414, 1676796276, 3, 1, 3621349407497030300, 3621349407497030300, 0, '0xBa1CD5ded4B25dF273d435c969a01dc0B577c95c', 1, -27550, 73414), (-30509, -59408, 1676796350, 3, 1, 155733780215785270, 155733780215785270, 0, '0xDA8d2BAde16dd8a6a0Eb5563F4216047b2b24294', 0, -30509, -59408)]
8 4398.945 [[-0.08048200050096435, 0.6295372924618768], [-0.14004676041617284, -0.7682818373220397], [-0.6171161105289689, 0.28985952474492416]] [(-58853, 34885, 1676796446, 1, 10, 50000000000000000000, 35000000000000000000, 1, '0x5c5f829C4c3E8C4AB97390cb053a456616c27Ea3', 0, -60987, 35376), (-61970, 29047, 1676796446, 1, 10, 47857142857142858000, 28571428571428572000, 1, '0x26CbcaC5281B6E159bc3e6C7400AF25fA46F246B', 1, -65533, 28514), (-66168, 29214, 1676796446, 1, 10, 48705357142857144000, 44151785714285715000, 1, '0xA4b1B07974bF67f04EC51bEcABF4aD62106B1Dd0', 1, -66154, 29294), (45490, -41768, 1676792189, 2, 10, 47395833333333332500, 5000000000000000000, 0, '0xc72B1b70e69D270544369132d53529e37Be87742', 0, 45512, -42787), (-6413, 64099, 1676796446, 1, 10, 48737599206349205000, 48737599206349205000, 1, '0x633462025cF12D347C0dF50B2114E65aa364f0a6', 0, -6413, 64099), (-65286, 30894, 1676796446, 1, 10, 49073454034391536000, 49073454034391536000, 1, '0x26CbcaC5281B6E159bc3e6C7400AF25fA46F246B', 1, -65286, 30894), (-38720, 54983, 1676792351, 2, 10, 49064980158730157500, 5662202380952381000, 0, '0x0fa9077350FC3Ee6924743e1AD9b735c657C455E', 0, -39006, 54962), (45647, -40318, 1676792489, 2, 10, 51381683798133452000, 4553571428571429000, 0, '0xc72B1b70e69D270544369132d53529e37Be87742', 0, 44702, -41234), (-10667, 69593, 1676796446, 1, 10, 52967923280423279000, 47684151785714285000, 1, '0xa79160bC038C07678C145f1B5220be15bAdB13d7', 1, -10613, 69546), (-9168, 64558, 1676796446, 1, 10, 49436705430629041900, 44006162505511463900, 1, '0x036D6B4DA0b4Eeb9d312E958c2937D9016765F50', 1, -9016, 64038), (-67210, 30832, 1676796446, 1, 10, 53370652131201418100, 53370652131201418100, 1, '0x0fa9077350FC3Ee6924743e1AD9b735c657C455E', 1, -67210, 30832), (-9442, 68746, 1676796446, 1, 10, 52193733886623065000, 47905097376849402000, 0, '0x05d6edC4ff8ef40321aBCf7886Bc606ed13327b0', 1, -9349, 68693), (-5645, 60493, 1676796446, 1, 10, 49648966479327931000, 40251121015160611000, 1, '0x77B770ceB4b2537e52f4534Bb39e43754eB5B7e5', 1, -6225, 62583), (43185, -42090, 1676793029, 2, 10, 54015769671939045500, 3415178571428571000, 0, '0xc72B1b70e69D270544369132d53529e37Be87742', 0, 43235, -41791), (-66307, 30351, 1676796446, 1, 10, 56144282795570109700, 56144282795570109700, 1, '0x3662FA93E6C3bcB04B95e5dD7B1266AD9e8A9965', 1, -66307, 30351), (-10150, 64919, 1676796446, 1, 10, 53019971728550711000, 43561283694404384500, 1, '0x036D6B4DA0b4Eeb9d312E958c2937D9016765F50', 1, -10296, 65769), (-32420, -110248, 1676793262, 2, 10, 46590466300053795000, 17204462052301800000, 0, '0x77B770ceB4b2537e52f4534Bb39e43754eB5B7e5', 0, -30502, -105273), (-63684, 28290, 1676796446, 1, 10, 49240295815198408000, 44670880027580123000, 1, '0xc8529dE5603FF9D6FE9A77d43c27D3e7085B4E43', 1, -63795, 28074), (44604, -42606, 1676793300, 2, 10, 50446506206585461300, 2561383928571428400, 0, '0xc72B1b70e69D270544369132d53529e37Be87742', 0, 45967, -42153), (-7093, 67939, 1676796446, 1, 10, 55851098521653284200, 49331239628927302200, 1, '0x633462025cF12D347C0dF50B2114E65aa364f0a6', 1, -7053, 68807), (45772, -41684, 1676793510, 2, 10, 38928544490703406000, 1921037946428571600, 0, '0xc72B1b70e69D270544369132d53529e37Be87742', 0, 46376, -42206), (-8353, 67488, 1676796446, 1, 10, 47712597364086534900, 38504728557868923900, 1, '0x3662FA93E6C3bcB04B95e5dD7B1266AD9e8A9965', 1, -8308, 67448), (-65040, 30190, 1676796446, 1, 10, 49105657812321847200, 45579275478804057900, 1, '0xA4b1B07974bF67f04EC51bEcABF4aD62106B1Dd0', 1, -65147, 30274), (-65730, 30403, 1676796446, 1, 10, 45522348387704252900, 45522348387704252900, 0, '0x0fa9077350FC3Ee6924743e1AD9b735c657C455E', 1, -65730, 30403), (44910, -42214, 1676794022, 2, 10, 45357567859261598500, 1440778459821428600, 0, '0xc72B1b70e69D270544369132d53529e37Be87742', 0, 46084, -42343), (46653, -43446, 1676794224, 2, 10, 46801031283344447700, 1440778459821428400, 0, '0xc72B1b70e69D270544369132d53529e37Be87742', 0, 46071, -43504), (-66515, 32317, 1676796446, 1, 10, 45779230770597138400, 35141543251792404100, 1, '0x3662FA93E6C3bcB04B95e5dD7B1266AD9e8A9965', 1, -65940, 32246), (-9929, 68183, 1676796446, 1, 10, 49113164638542216900, 49113164638542216900, 1, '0x77B770ceB4b2537e52f4534Bb39e43754eB5B7e5', 1, -9929, 68183), (-1161, -77377, 1676796446, 1, 10, 49198149075773682200, 30308960734001953300, 0, '0xBa1CD5ded4B25dF273d435c969a01dc0B577c95c', 0, -6074, -79045), (-53587, 21899, 1676794515, 3, 1, 2174749802329934300, 2174749802329934300, 1, '0x036D6B4DA0b4Eeb9d312E958c2937D9016765F50', 1, -53587, 21899), (46114, -43007, 1676794747, 2, 10, 49257381883019951000, 720389229910714300, 0, '0xc72B1b70e69D270544369132d53529e37Be87742', 0, 43800, -42251), (-65103, 31044, 1676796446, 1, 10, 52803691027070259300, 52803691027070259300, 1, '0xA4b1B07974bF67f04EC51bEcABF4aD62106B1Dd0', 1, -65103, 31044), (-7133, 68237, 1676796446, 1, 10, 51353884931390702300, 51353884931390702300, 1, '0xa79160bC038C07678C145f1B5220be15bAdB13d7', 1, -7133, 68237), (-6784, -77245, 1676794839, 2, 10, 37120942877184944000, 11116130081534929400, 0, '0xc72B1b70e69D270544369132d53529e37Be87742', 0, -13571, -80616), (-20944, 84108, 1676795048, 3, 1, 1904857557130728500, 1904857557130728500, 0, '0xBa1CD5ded4B25dF273d435c969a01dc0B577c95c', 0, -20944, 84108), (-9245, 66276, 1676796446, 1, 10, 54114251491592745800, 35346202900406452800, 1, '0xd4aEDD30d11907e10B6353e59685BB7Efc14F55D', 1, -9182, 67975), (43606, -43351, 1676795260, 2, 10, 43150543963957769250, 180097307477678550, 0, '0xc72B1b70e69D270544369132d53529e37Be87742', 0, 8358, -75437), (-3226, -80397, 1676796446, 1, 10, 51458184646622126750, 31596865889325257750, 1, '0x77B770ceB4b2537e52f4534Bb39e43754eB5B7e5', 1, -7699, -82872), (-10847, 73152, 1676796446, 1, 10, 51055473495771626300, 38302295790237013300, 1, '0xA4b1B07974bF67f04EC51bEcABF4aD62106B1Dd0', 1, -11061, 70597), (-16877, -85132, 1676796446, 1, 10, 48581388795423813800, 48581388795423813800, 1, '0xBa1CD5ded4B25dF273d435c969a01dc0B577c95c', 1, -16877, -85132), (-11014, -76054, 1676796446, 1, 10, 39252850073780042500, 30825024992241038200, 0, '0xc72B1b70e69D270544369132d53529e37Be87742', 0, -11075, -76355), (-13223, -77953, 1676795740, 2, 10, 52252492041143854100, 22597615083803229600, 1, '0xc72B1b70e69D270544369132d53529e37Be87742', 0, -15318, -80654), (-61220, 61501, 1676795872, 2, 10, 51403694162592002600, 11800315932939428000, 0, '0xA4b1B07974bF67f04EC51bEcABF4aD62106B1Dd0', 0, -63404, 56561), (-12685, -79775, 1676796446, 1, 10, 42411298177874469900, 33016599601748340400, 1, '0xBa1CD5ded4B25dF273d435c969a01dc0B577c95c', 1, -12931, -81167), (7849, 85987, 1676795896, 2, 10, 50365702175005836800, 8199804528188879300, 0, '0x05d6edC4ff8ef40321aBCf7886Bc606ed13327b0', 0, 2737, 86125), (-8907, 69587, 1676796446, 1, 10, 49834544795769675300, 49834544795769675300, 1, '0xDA8d2BAde16dd8a6a0Eb5563F4216047b2b24294', 1, -8907, 69587), (8186, -76685, 1676795908, 3, 1, 830831495375216500, 830831495375216500, 0, '0xc72B1b70e69D270544369132d53529e37Be87742', 0, 8186, -76685), (6734, -74415, 1676795976, 3, 1, 830831495375216500, 830831495375216500, 0, '0xc72B1b70e69D270544369132d53529e37Be87742', 0, 6734, -74415), (7631, -76628, 1676796011, 3, 1, 830831495375216500, 830831495375216500, 0, '0xc72B1b70e69D270544369132d53529e37Be87742', 0, 7631, -76628), (6442, -75145, 1676796071, 3, 1, 830831495375216500, 830831495375216500, 0, '0xc72B1b70e69D270544369132d53529e37Be87742', 0, 6442, -75145), (8787, -75150, 1676796129, 3, 1, 830831495375216500, 830831495375216500, 0, '0xc72B1b70e69D270544369132d53529e37Be87742', 0, 8787, -75150), (-10758, -80482, 1676796191, 0, 7, 37343795983725733100, 37343795983725733100, 0, '0xc72B1b70e69D270544369132d53529e37Be87742', 0, -10758, -80482), (-27550, 73414, 1676796276, 3, 1, 3621349407497030300, 3621349407497030300, 0, '0xBa1CD5ded4B25dF273d435c969a01dc0B577c95c', 1, -27550, 73414), (-30509, -59408, 1676796350, 3, 1, 155733780215785270, 155733780215785270, 0, '0xDA8d2BAde16dd8a6a0Eb5563F4216047b2b24294', 0, -30509, -59408)]
8 4429.072 [[-0.08048200050096435, 0.6295372924618768], [-0.14004676041617284, -0.7682818373220397], [-0.6171161105289689, 0.28985952474492416]] [(-58853, 34885, 1676796466, 1, 10, 50000000000000000000, 35000000000000000000, 1, '0x5c5f829C4c3E8C4AB97390cb053a456616c27Ea3', 0, -60987, 35376), (-61970, 29047, 1676796466, 1, 10, 47857142857142858000, 28571428571428572000, 1, '0x26CbcaC5281B6E159bc3e6C7400AF25fA46F246B', 1, -65533, 28514), (-66168, 29214, 1676796466, 1, 10, 48705357142857144000, 44151785714285715000, 1, '0xA4b1B07974bF67f04EC51bEcABF4aD62106B1Dd0', 1, -66154, 29294), (45490, -41768, 1676792189, 2, 10, 47395833333333332500, 5000000000000000000, 0, '0xc72B1b70e69D270544369132d53529e37Be87742', 0, 45512, -42787), (-6413, 64099, 1676796466, 1, 10, 48737599206349205000, 48737599206349205000, 1, '0x633462025cF12D347C0dF50B2114E65aa364f0a6', 0, -6413, 64099), (-65286, 30894, 1676796466, 1, 10, 49073454034391536000, 49073454034391536000, 1, '0x26CbcaC5281B6E159bc3e6C7400AF25fA46F246B', 1, -65286, 30894), (-38720, 54983, 1676792351, 2, 10, 49064980158730157500, 5662202380952381000, 0, '0x0fa9077350FC3Ee6924743e1AD9b735c657C455E', 0, -39006, 54962), (45647, -40318, 1676792489, 2, 10, 51381683798133452000, 4553571428571429000, 0, '0xc72B1b70e69D270544369132d53529e37Be87742', 0, 44702, -41234), (-10667, 69593, 1676796466, 1, 10, 52967923280423279000, 47684151785714285000, 1, '0xa79160bC038C07678C145f1B5220be15bAdB13d7', 1, -10613, 69546), (-9168, 64558, 1676796466, 1, 10, 49436705430629041900, 44006162505511463900, 1, '0x036D6B4DA0b4Eeb9d312E958c2937D9016765F50', 1, -9016, 64038), (-67210, 30832, 1676796466, 1, 10, 53370652131201418100, 53370652131201418100, 1, '0x0fa9077350FC3Ee6924743e1AD9b735c657C455E', 1, -67210, 30832), (-9442, 68746, 1676796466, 1, 10, 52193733886623065000, 47905097376849402000, 0, '0x05d6edC4ff8ef40321aBCf7886Bc606ed13327b0', 1, -9349, 68693), (-5645, 60493, 1676796466, 1, 10, 49648966479327931000, 40251121015160611000, 1, '0x77B770ceB4b2537e52f4534Bb39e43754eB5B7e5', 1, -6225, 62583), (43185, -42090, 1676793029, 2, 10, 54015769671939045500, 3415178571428571000, 0, '0xc72B1b70e69D270544369132d53529e37Be87742', 0, 43235, -41791), (-66307, 30351, 1676796466, 1, 10, 56144282795570109700, 56144282795570109700, 1, '0x3662FA93E6C3bcB04B95e5dD7B1266AD9e8A9965', 1, -66307, 30351), (-10150, 64919, 1676796466, 1, 10, 53019971728550711000, 43561283694404384500, 1, '0x036D6B4DA0b4Eeb9d312E958c2937D9016765F50', 1, -10296, 65769), (-32420, -110248, 1676793262, 2, 10, 46590466300053795000, 17204462052301800000, 0, '0x77B770ceB4b2537e52f4534Bb39e43754eB5B7e5', 0, -30502, -105273), (-63684, 28290, 1676796466, 1, 10, 49240295815198408000, 44670880027580123000, 1, '0xc8529dE5603FF9D6FE9A77d43c27D3e7085B4E43', 1, -63795, 28074), (44604, -42606, 1676793300, 2, 10, 50446506206585461300, 2561383928571428400, 0, '0xc72B1b70e69D270544369132d53529e37Be87742', 0, 45967, -42153), (-7093, 67939, 1676796466, 1, 10, 55851098521653284200, 49331239628927302200, 1, '0x633462025cF12D347C0dF50B2114E65aa364f0a6', 1, -7053, 68807), (45772, -41684, 1676793510, 2, 10, 38928544490703406000, 1921037946428571600, 0, '0xc72B1b70e69D270544369132d53529e37Be87742', 0, 46376, -42206), (-8353, 67488, 1676796466, 1, 10, 47712597364086534900, 38504728557868923900, 1, '0x3662FA93E6C3bcB04B95e5dD7B1266AD9e8A9965', 1, -8308, 67448), (-65040, 30190, 1676796466, 1, 10, 49105657812321847200, 45579275478804057900, 1, '0xA4b1B07974bF67f04EC51bEcABF4aD62106B1Dd0', 1, -65147, 30274), (-65730, 30403, 1676796466, 1, 10, 45522348387704252900, 45522348387704252900, 0, '0x0fa9077350FC3Ee6924743e1AD9b735c657C455E', 1, -65730, 30403), (44910, -42214, 1676794022, 2, 10, 45357567859261598500, 1440778459821428600, 0, '0xc72B1b70e69D270544369132d53529e37Be87742', 0, 46084, -42343), (46653, -43446, 1676794224, 2, 10, 46801031283344447700, 1440778459821428400, 0, '0xc72B1b70e69D270544369132d53529e37Be87742', 0, 46071, -43504), (-66515, 32317, 1676796466, 1, 10, 45779230770597138400, 35141543251792404100, 1, '0x3662FA93E6C3bcB04B95e5dD7B1266AD9e8A9965', 1, -65940, 32246), (-9929, 68183, 1676796466, 1, 10, 49113164638542216900, 49113164638542216900, 1, '0x77B770ceB4b2537e52f4534Bb39e43754eB5B7e5', 1, -9929, 68183), (-1161, -77377, 1676796466, 1, 10, 49198149075773682200, 30308960734001953300, 0, '0xBa1CD5ded4B25dF273d435c969a01dc0B577c95c', 0, -6074, -79045), (-53587, 21899, 1676794515, 3, 1, 2174749802329934300, 2174749802329934300, 1, '0x036D6B4DA0b4Eeb9d312E958c2937D9016765F50', 1, -53587, 21899), (46114, -43007, 1676794747, 2, 10, 49257381883019951000, 720389229910714300, 0, '0xc72B1b70e69D270544369132d53529e37Be87742', 0, 43800, -42251), (-65103, 31044, 1676796466, 1, 10, 52803691027070259300, 52803691027070259300, 1, '0xA4b1B07974bF67f04EC51bEcABF4aD62106B1Dd0', 1, -65103, 31044), (-7133, 68237, 1676796466, 1, 10, 51353884931390702300, 51353884931390702300, 1, '0xa79160bC038C07678C145f1B5220be15bAdB13d7', 1, -7133, 68237), (-6784, -77245, 1676794839, 2, 10, 37120942877184944000, 11116130081534929400, 0, '0xc72B1b70e69D270544369132d53529e37Be87742', 0, -13571, -80616), (-20944, 84108, 1676795048, 3, 1, 1904857557130728500, 1904857557130728500, 0, '0xBa1CD5ded4B25dF273d435c969a01dc0B577c95c', 0, -20944, 84108), (-9245, 66276, 1676796466, 1, 10, 54114251491592745800, 35346202900406452800, 1, '0xd4aEDD30d11907e10B6353e59685BB7Efc14F55D', 1, -9182, 67975), (43606, -43351, 1676795260, 2, 10, 43150543963957769250, 180097307477678550, 0, '0xc72B1b70e69D270544369132d53529e37Be87742', 0, 8358, -75437), (-3226, -80397, 1676796466, 1, 10, 51458184646622126750, 31596865889325257750, 1, '0x77B770ceB4b2537e52f4534Bb39e43754eB5B7e5', 1, -7699, -82872), (-10847, 73152, 1676796466, 1, 10, 51055473495771626300, 38302295790237013300, 1, '0xA4b1B07974bF67f04EC51bEcABF4aD62106B1Dd0', 1, -11061, 70597), (-16877, -85132, 1676796466, 1, 10, 48581388795423813800, 48581388795423813800, 1, '0xBa1CD5ded4B25dF273d435c969a01dc0B577c95c', 1, -16877, -85132), (-11014, -76054, 1676796466, 1, 10, 39252850073780042500, 30825024992241038200, 0, '0xc72B1b70e69D270544369132d53529e37Be87742', 0, -11075, -76355), (-13223, -77953, 1676795740, 2, 10, 52252492041143854100, 22597615083803229600, 1, '0xc72B1b70e69D270544369132d53529e37Be87742', 0, -15318, -80654), (-61220, 61501, 1676795872, 2, 10, 51403694162592002600, 11800315932939428000, 0, '0xA4b1B07974bF67f04EC51bEcABF4aD62106B1Dd0', 0, -63404, 56561), (-12685, -79775, 1676796466, 1, 10, 42411298177874469900, 33016599601748340400, 1, '0xBa1CD5ded4B25dF273d435c969a01dc0B577c95c', 1, -12931, -81167), (7849, 85987, 1676795896, 2, 10, 50365702175005836800, 8199804528188879300, 0, '0x05d6edC4ff8ef40321aBCf7886Bc606ed13327b0', 0, 2737, 86125), (-8907, 69587, 1676796466, 1, 10, 49834544795769675300, 49834544795769675300, 1, '0xDA8d2BAde16dd8a6a0Eb5563F4216047b2b24294', 1, -8907, 69587), (8186, -76685, 1676795908, 3, 1, 830831495375216500, 830831495375216500, 0, '0xc72B1b70e69D270544369132d53529e37Be87742', 0, 8186, -76685), (6734, -74415, 1676795976, 3, 1, 830831495375216500, 830831495375216500, 0, '0xc72B1b70e69D270544369132d53529e37Be87742', 0, 6734, -74415), (7631, -76628, 1676796011, 3, 1, 830831495375216500, 830831495375216500, 0, '0xc72B1b70e69D270544369132d53529e37Be87742', 0, 7631, -76628), (6442, -75145, 1676796071, 3, 1, 830831495375216500, 830831495375216500, 0, '0xc72B1b70e69D270544369132d53529e37Be87742', 0, 6442, -75145), (8787, -75150, 1676796129, 3, 1, 830831495375216500, 830831495375216500, 0, '0xc72B1b70e69D270544369132d53529e37Be87742', 0, 8787, -75150), (-11016, -81604, 1676796191, 0, 8, 41146272489644040800, 41146272489644040800, 0, '0xc72B1b70e69D270544369132d53529e37Be87742', 0, -11016, -81604), (-27550, 73414, 1676796276, 3, 1, 3621349407497030300, 3621349407497030300, 0, '0xBa1CD5ded4B25dF273d435c969a01dc0B577c95c', 1, -27550, 73414), (-30509, -59408, 1676796350, 3, 1, 155733780215785270, 155733780215785270, 0, '0xDA8d2BAde16dd8a6a0Eb5563F4216047b2b24294', 0, -30509, -59408), (-8674, 59052, 1676796452, 0, 1, 12391540405892231000, 12391540405892231000, 1, '0x5c5f829C4c3E8C4AB97390cb053a456616c27Ea3', 1, -8674, 59052)]
8 4459.119 [[-0.08048200050096435, 0.6295372924618768], [-0.14004676041617284, -0.7682818373220397], [-0.6171161105289689, 0.28985952474492416]] [(-58853, 34885, 1676796506, 1, 10, 50000000000000000000, 35000000000000000000, 1, '0x5c5f829C4c3E8C4AB97390cb053a456616c27Ea3', 0, -60987, 35376), (-61970, 29047, 1676796506, 1, 10, 47857142857142858000, 28571428571428572000, 1, '0x26CbcaC5281B6E159bc3e6C7400AF25fA46F246B', 1, -65533, 28514), (-66168, 29214, 1676796506, 1, 10, 48705357142857144000, 44151785714285715000, 1, '0xA4b1B07974bF67f04EC51bEcABF4aD62106B1Dd0', 1, -66154, 29294), (45490, -41768, 1676792189, 2, 10, 47395833333333332500, 5000000000000000000, 0, '0xc72B1b70e69D270544369132d53529e37Be87742', 0, 45512, -42787), (-6413, 64099, 1676796506, 1, 10, 48737599206349205000, 48737599206349205000, 1, '0x633462025cF12D347C0dF50B2114E65aa364f0a6', 0, -6413, 64099), (-65286, 30894, 1676796506, 1, 10, 49073454034391536000, 49073454034391536000, 1, '0x26CbcaC5281B6E159bc3e6C7400AF25fA46F246B', 1, -65286, 30894), (-38720, 54983, 1676792351, 2, 10, 49064980158730157500, 5662202380952381000, 0, '0x0fa9077350FC3Ee6924743e1AD9b735c657C455E', 0, -39006, 54962), (45647, -40318, 1676792489, 2, 10, 51381683798133452000, 4553571428571429000, 0, '0xc72B1b70e69D270544369132d53529e37Be87742', 0, 44702, -41234), (-10667, 69593, 1676796506, 1, 10, 52967923280423279000, 47684151785714285000, 1, '0xa79160bC038C07678C145f1B5220be15bAdB13d7', 1, -10613, 69546), (-9168, 64558, 1676796506, 1, 10, 49436705430629041900, 44006162505511463900, 1, '0x036D6B4DA0b4Eeb9d312E958c2937D9016765F50', 1, -9016, 64038), (-67210, 30832, 1676796506, 1, 10, 53370652131201418100, 53370652131201418100, 1, '0x0fa9077350FC3Ee6924743e1AD9b735c657C455E', 1, -67210, 30832), (-9442, 68746, 1676796506, 1, 10, 52193733886623065000, 47905097376849402000, 0, '0x05d6edC4ff8ef40321aBCf7886Bc606ed13327b0', 1, -9349, 68693), (-5645, 60493, 1676796506, 1, 10, 49648966479327931000, 40251121015160611000, 1, '0x77B770ceB4b2537e52f4534Bb39e43754eB5B7e5', 1, -6225, 62583), (43185, -42090, 1676793029, 2, 10, 54015769671939045500, 3415178571428571000, 0, '0xc72B1b70e69D270544369132d53529e37Be87742', 0, 43235, -41791), (-66307, 30351, 1676796506, 1, 10, 56144282795570109700, 56144282795570109700, 1, '0x3662FA93E6C3bcB04B95e5dD7B1266AD9e8A9965', 1, -66307, 30351), (-10150, 64919, 1676796506, 1, 10, 53019971728550711000, 43561283694404384500, 1, '0x036D6B4DA0b4Eeb9d312E958c2937D9016765F50', 1, -10296, 65769), (-32420, -110248, 1676793262, 2, 10, 46590466300053795000, 17204462052301800000, 0, '0x77B770ceB4b2537e52f4534Bb39e43754eB5B7e5', 0, -30502, -105273), (-63684, 28290, 1676796506, 1, 10, 49240295815198408000, 44670880027580123000, 1, '0xc8529dE5603FF9D6FE9A77d43c27D3e7085B4E43', 1, -63795, 28074), (44604, -42606, 1676793300, 2, 10, 50446506206585461300, 2561383928571428400, 0, '0xc72B1b70e69D270544369132d53529e37Be87742', 0, 45967, -42153), (-7093, 67939, 1676796506, 1, 10, 55851098521653284200, 49331239628927302200, 1, '0x633462025cF12D347C0dF50B2114E65aa364f0a6', 1, -7053, 68807), (45772, -41684, 1676793510, 2, 10, 38928544490703406000, 1921037946428571600, 0, '0xc72B1b70e69D270544369132d53529e37Be87742', 0, 46376, -42206), (-8353, 67488, 1676796506, 1, 10, 47712597364086534900, 38504728557868923900, 1, '0x3662FA93E6C3bcB04B95e5dD7B1266AD9e8A9965', 1, -8308, 67448), (-65040, 30190, 1676796506, 1, 10, 49105657812321847200, 45579275478804057900, 1, '0xA4b1B07974bF67f04EC51bEcABF4aD62106B1Dd0', 1, -65147, 30274), (-65730, 30403, 1676796506, 1, 10, 45522348387704252900, 45522348387704252900, 0, '0x0fa9077350FC3Ee6924743e1AD9b735c657C455E', 1, -65730, 30403), (44910, -42214, 1676794022, 2, 10, 45357567859261598500, 1440778459821428600, 0, '0xc72B1b70e69D270544369132d53529e37Be87742', 0, 46084, -42343), (46653, -43446, 1676794224, 2, 10, 46801031283344447700, 1440778459821428400, 0, '0xc72B1b70e69D270544369132d53529e37Be87742', 0, 46071, -43504), (-66515, 32317, 1676796506, 1, 10, 45779230770597138400, 35141543251792404100, 1, '0x3662FA93E6C3bcB04B95e5dD7B1266AD9e8A9965', 1, -65940, 32246), (-9929, 68183, 1676796506, 1, 10, 49113164638542216900, 49113164638542216900, 1, '0x77B770ceB4b2537e52f4534Bb39e43754eB5B7e5', 1, -9929, 68183), (-1161, -77377, 1676796506, 1, 10, 49198149075773682200, 30308960734001953300, 0, '0xBa1CD5ded4B25dF273d435c969a01dc0B577c95c', 0, -6074, -79045), (-53587, 21899, 1676794515, 3, 1, 2174749802329934300, 2174749802329934300, 1, '0x036D6B4DA0b4Eeb9d312E958c2937D9016765F50', 1, -53587, 21899), (46114, -43007, 1676794747, 2, 10, 49257381883019951000, 720389229910714300, 0, '0xc72B1b70e69D270544369132d53529e37Be87742', 0, 43800, -42251), (-65103, 31044, 1676796506, 1, 10, 52803691027070259300, 52803691027070259300, 1, '0xA4b1B07974bF67f04EC51bEcABF4aD62106B1Dd0', 1, -65103, 31044), (-7133, 68237, 1676796506, 1, 10, 51353884931390702300, 51353884931390702300, 1, '0xa79160bC038C07678C145f1B5220be15bAdB13d7', 1, -7133, 68237), (-6784, -77245, 1676794839, 2, 10, 37120942877184944000, 11116130081534929400, 0, '0xc72B1b70e69D270544369132d53529e37Be87742', 0, -13571, -80616), (-20944, 84108, 1676795048, 3, 1, 1904857557130728500, 1904857557130728500, 0, '0xBa1CD5ded4B25dF273d435c969a01dc0B577c95c', 0, -20944, 84108), (-9245, 66276, 1676796506, 1, 10, 54114251491592745800, 35346202900406452800, 1, '0xd4aEDD30d11907e10B6353e59685BB7Efc14F55D', 1, -9182, 67975), (43606, -43351, 1676795260, 2, 10, 43150543963957769250, 180097307477678550, 0, '0xc72B1b70e69D270544369132d53529e37Be87742', 0, 8358, -75437), (-3226, -80397, 1676796506, 1, 10, 51458184646622126750, 31596865889325257750, 1, '0x77B770ceB4b2537e52f4534Bb39e43754eB5B7e5', 1, -7699, -82872), (-10847, 73152, 1676796506, 1, 10, 51055473495771626300, 38302295790237013300, 1, '0xA4b1B07974bF67f04EC51bEcABF4aD62106B1Dd0', 1, -11061, 70597), (-16877, -85132, 1676796506, 1, 10, 48581388795423813800, 48581388795423813800, 1, '0xBa1CD5ded4B25dF273d435c969a01dc0B577c95c', 1, -16877, -85132), (-11014, -76054, 1676796506, 1, 10, 39252850073780042500, 30825024992241038200, 0, '0xc72B1b70e69D270544369132d53529e37Be87742', 0, -11075, -76355), (-13223, -77953, 1676795740, 2, 10, 52252492041143854100, 22597615083803229600, 1, '0xc72B1b70e69D270544369132d53529e37Be87742', 0, -15318, -80654), (-61220, 61501, 1676795872, 2, 10, 51403694162592002600, 11800315932939428000, 0, '0xA4b1B07974bF67f04EC51bEcABF4aD62106B1Dd0', 0, -63404, 56561), (-12685, -79775, 1676796506, 1, 10, 42411298177874469900, 33016599601748340400, 1, '0xBa1CD5ded4B25dF273d435c969a01dc0B577c95c', 1, -12931, -81167), (7849, 85987, 1676795896, 2, 10, 50365702175005836800, 8199804528188879300, 0, '0x05d6edC4ff8ef40321aBCf7886Bc606ed13327b0', 0, 2737, 86125), (-8907, 69587, 1676796506, 1, 10, 49834544795769675300, 49834544795769675300, 1, '0xDA8d2BAde16dd8a6a0Eb5563F4216047b2b24294', 1, -8907, 69587), (8186, -76685, 1676795908, 3, 1, 830831495375216500, 830831495375216500, 0, '0xc72B1b70e69D270544369132d53529e37Be87742', 0, 8186, -76685), (6734, -74415, 1676795976, 3, 1, 830831495375216500, 830831495375216500, 0, '0xc72B1b70e69D270544369132d53529e37Be87742', 0, 6734, -74415), (7631, -76628, 1676796011, 3, 1, 830831495375216500, 830831495375216500, 0, '0xc72B1b70e69D270544369132d53529e37Be87742', 0, 7631, -76628), (6442, -75145, 1676796071, 3, 1, 830831495375216500, 830831495375216500, 0, '0xc72B1b70e69D270544369132d53529e37Be87742', 0, 6442, -75145), (8787, -75150, 1676796129, 3, 1, 830831495375216500, 830831495375216500, 0, '0xc72B1b70e69D270544369132d53529e37Be87742', 0, 8787, -75150), (-11033, -82056, 1676796506, 1, 10, 50495407545325394300, 50495407545325394300, 0, '0xc72B1b70e69D270544369132d53529e37Be87742', 0, -11033, -82056), (-27550, 73414, 1676796276, 3, 1, 3621349407497030300, 3621349407497030300, 0, '0xBa1CD5ded4B25dF273d435c969a01dc0B577c95c', 1, -27550, 73414), (-30509, -59408, 1676796350, 3, 1, 155733780215785270, 155733780215785270, 0, '0xDA8d2BAde16dd8a6a0Eb5563F4216047b2b24294', 0, -30509, -59408), (-9022, 62456, 1676796452, 0, 5, 33482019654093347000, 24014694888567924500, 1, '0x5c5f829C4c3E8C4AB97390cb053a456616c27Ea3', 1, -9135, 64183)]
8 4489.523 [[-0.08048200050096435, 0.6295372924618768], [-0.14004676041617284, -0.7682818373220397], [-0.6171161105289689, 0.28985952474492416]] [(-58853, 34885, 1676796538, 1, 10, 50000000000000000000, 35000000000000000000, 1, '0x5c5f829C4c3E8C4AB97390cb053a456616c27Ea3', 0, -60987, 35376), (-61970, 29047, 1676796538, 1, 10, 47857142857142858000, 28571428571428572000, 1, '0x26CbcaC5281B6E159bc3e6C7400AF25fA46F246B', 1, -65533, 28514), (-66168, 29214, 1676796538, 1, 10, 48705357142857144000, 44151785714285715000, 1, '0xA4b1B07974bF67f04EC51bEcABF4aD62106B1Dd0', 1, -66154, 29294), (45490, -41768, 1676792189, 2, 10, 47395833333333332500, 5000000000000000000, 0, '0xc72B1b70e69D270544369132d53529e37Be87742', 0, 45512, -42787), (-6413, 64099, 1676796538, 1, 10, 48737599206349205000, 48737599206349205000, 1, '0x633462025cF12D347C0dF50B2114E65aa364f0a6', 0, -6413, 64099), (-65286, 30894, 1676796538, 1, 10, 49073454034391536000, 49073454034391536000, 1, '0x26CbcaC5281B6E159bc3e6C7400AF25fA46F246B', 1, -65286, 30894), (-38720, 54983, 1676792351, 2, 10, 49064980158730157500, 5662202380952381000, 0, '0x0fa9077350FC3Ee6924743e1AD9b735c657C455E', 0, -39006, 54962), (45647, -40318, 1676792489, 2, 10, 51381683798133452000, 4553571428571429000, 0, '0xc72B1b70e69D270544369132d53529e37Be87742', 0, 44702, -41234), (-10667, 69593, 1676796538, 1, 10, 52967923280423279000, 47684151785714285000, 1, '0xa79160bC038C07678C145f1B5220be15bAdB13d7', 1, -10613, 69546), (-9168, 64558, 1676796538, 1, 10, 49436705430629041900, 44006162505511463900, 1, '0x036D6B4DA0b4Eeb9d312E958c2937D9016765F50', 1, -9016, 64038), (-67210, 30832, 1676796538, 1, 10, 53370652131201418100, 53370652131201418100, 1, '0x0fa9077350FC3Ee6924743e1AD9b735c657C455E', 1, -67210, 30832), (-9442, 68746, 1676796538, 1, 10, 52193733886623065000, 47905097376849402000, 0, '0x05d6edC4ff8ef40321aBCf7886Bc606ed13327b0', 1, -9349, 68693), (-5645, 60493, 1676796538, 1, 10, 49648966479327931000, 40251121015160611000, 1, '0x77B770ceB4b2537e52f4534Bb39e43754eB5B7e5', 1, -6225, 62583), (43185, -42090, 1676793029, 2, 10, 54015769671939045500, 3415178571428571000, 0, '0xc72B1b70e69D270544369132d53529e37Be87742', 0, 43235, -41791), (-66307, 30351, 1676796538, 1, 10, 56144282795570109700, 56144282795570109700, 1, '0x3662FA93E6C3bcB04B95e5dD7B1266AD9e8A9965', 1, -66307, 30351), (-10150, 64919, 1676796538, 1, 10, 53019971728550711000, 43561283694404384500, 1, '0x036D6B4DA0b4Eeb9d312E958c2937D9016765F50', 1, -10296, 65769), (-32420, -110248, 1676793262, 2, 10, 46590466300053795000, 17204462052301800000, 0, '0x77B770ceB4b2537e52f4534Bb39e43754eB5B7e5', 0, -30502, -105273), (-63684, 28290, 1676796538, 1, 10, 49240295815198408000, 44670880027580123000, 1, '0xc8529dE5603FF9D6FE9A77d43c27D3e7085B4E43', 1, -63795, 28074), (44604, -42606, 1676793300, 2, 10, 50446506206585461300, 2561383928571428400, 0, '0xc72B1b70e69D270544369132d53529e37Be87742', 0, 45967, -42153), (-7093, 67939, 1676796538, 1, 10, 55851098521653284200, 49331239628927302200, 1, '0x633462025cF12D347C0dF50B2114E65aa364f0a6', 1, -7053, 68807), (45772, -41684, 1676793510, 2, 10, 38928544490703406000, 1921037946428571600, 0, '0xc72B1b70e69D270544369132d53529e37Be87742', 0, 46376, -42206), (-8353, 67488, 1676796538, 1, 10, 47712597364086534900, 38504728557868923900, 1, '0x3662FA93E6C3bcB04B95e5dD7B1266AD9e8A9965', 1, -8308, 67448), (-65040, 30190, 1676796538, 1, 10, 49105657812321847200, 45579275478804057900, 1, '0xA4b1B07974bF67f04EC51bEcABF4aD62106B1Dd0', 1, -65147, 30274), (-65730, 30403, 1676796538, 1, 10, 45522348387704252900, 45522348387704252900, 0, '0x0fa9077350FC3Ee6924743e1AD9b735c657C455E', 1, -65730, 30403), (44910, -42214, 1676794022, 2, 10, 45357567859261598500, 1440778459821428600, 0, '0xc72B1b70e69D270544369132d53529e37Be87742', 0, 46084, -42343), (46653, -43446, 1676794224, 2, 10, 46801031283344447700, 1440778459821428400, 0, '0xc72B1b70e69D270544369132d53529e37Be87742', 0, 46071, -43504), (-66515, 32317, 1676796538, 1, 10, 45779230770597138400, 35141543251792404100, 1, '0x3662FA93E6C3bcB04B95e5dD7B1266AD9e8A9965', 1, -65940, 32246), (-9929, 68183, 1676796538, 1, 10, 49113164638542216900, 49113164638542216900, 1, '0x77B770ceB4b2537e52f4534Bb39e43754eB5B7e5', 1, -9929, 68183), (-1161, -77377, 1676796538, 1, 10, 49198149075773682200, 30308960734001953300, 0, '0xBa1CD5ded4B25dF273d435c969a01dc0B577c95c', 0, -6074, -79045), (-53587, 21899, 1676794515, 3, 1, 2174749802329934300, 2174749802329934300, 1, '0x036D6B4DA0b4Eeb9d312E958c2937D9016765F50', 1, -53587, 21899), (46114, -43007, 1676794747, 2, 10, 49257381883019951000, 720389229910714300, 0, '0xc72B1b70e69D270544369132d53529e37Be87742', 0, 43800, -42251), (-65103, 31044, 1676796538, 1, 10, 52803691027070259300, 52803691027070259300, 1, '0xA4b1B07974bF67f04EC51bEcABF4aD62106B1Dd0', 1, -65103, 31044), (-7133, 68237, 1676796538, 1, 10, 51353884931390702300, 51353884931390702300, 1, '0xa79160bC038C07678C145f1B5220be15bAdB13d7', 1, -7133, 68237), (-6784, -77245, 1676794839, 2, 10, 37120942877184944000, 11116130081534929400, 0, '0xc72B1b70e69D270544369132d53529e37Be87742', 0, -13571, -80616), (-20944, 84108, 1676795048, 3, 1, 1904857557130728500, 1904857557130728500, 0, '0xBa1CD5ded4B25dF273d435c969a01dc0B577c95c', 0, -20944, 84108), (-9245, 66276, 1676796538, 1, 10, 54114251491592745800, 35346202900406452800, 1, '0xd4aEDD30d11907e10B6353e59685BB7Efc14F55D', 1, -9182, 67975), (43606, -43351, 1676795260, 2, 10, 43150543963957769250, 180097307477678550, 0, '0xc72B1b70e69D270544369132d53529e37Be87742', 0, 8358, -75437), (-3226, -80397, 1676796538, 1, 10, 51458184646622126750, 31596865889325257750, 1, '0x77B770ceB4b2537e52f4534Bb39e43754eB5B7e5', 1, -7699, -82872), (-10847, 73152, 1676796538, 1, 10, 51055473495771626300, 38302295790237013300, 1, '0xA4b1B07974bF67f04EC51bEcABF4aD62106B1Dd0', 1, -11061, 70597), (-16877, -85132, 1676796538, 1, 10, 48581388795423813800, 48581388795423813800, 1, '0xBa1CD5ded4B25dF273d435c969a01dc0B577c95c', 1, -16877, -85132), (-11014, -76054, 1676796538, 1, 10, 39252850073780042500, 30825024992241038200, 0, '0xc72B1b70e69D270544369132d53529e37Be87742', 0, -11075, -76355), (-13223, -77953, 1676795740, 2, 10, 52252492041143854100, 22597615083803229600, 1, '0xc72B1b70e69D270544369132d53529e37Be87742', 0, -15318, -80654), (-61220, 61501, 1676795872, 2, 10, 51403694162592002600, 11800315932939428000, 0, '0xA4b1B07974bF67f04EC51bEcABF4aD62106B1Dd0', 0, -63404, 56561), (-12685, -79775, 1676796538, 1, 10, 42411298177874469900, 33016599601748340400, 1, '0xBa1CD5ded4B25dF273d435c969a01dc0B577c95c', 1, -12931, -81167), (7849, 85987, 1676795896, 2, 10, 50365702175005836800, 8199804528188879300, 0, '0x05d6edC4ff8ef40321aBCf7886Bc606ed13327b0', 0, 2737, 86125), (-8907, 69587, 1676796538, 1, 10, 49834544795769675300, 49834544795769675300, 1, '0xDA8d2BAde16dd8a6a0Eb5563F4216047b2b24294', 1, -8907, 69587), (8186, -76685, 1676795908, 3, 1, 830831495375216500, 830831495375216500, 0, '0xc72B1b70e69D270544369132d53529e37Be87742', 0, 8186, -76685), (6734, -74415, 1676795976, 3, 1, 830831495375216500, 830831495375216500, 0, '0xc72B1b70e69D270544369132d53529e37Be87742', 0, 6734, -74415), (7631, -76628, 1676796011, 3, 1, 830831495375216500, 830831495375216500, 0, '0xc72B1b70e69D270544369132d53529e37Be87742', 0, 7631, -76628), (6442, -75145, 1676796071, 3, 1, 830831495375216500, 830831495375216500, 0, '0xc72B1b70e69D270544369132d53529e37Be87742', 0, 6442, -75145), (8787, -75150, 1676796129, 3, 1, 830831495375216500, 830831495375216500, 0, '0xc72B1b70e69D270544369132d53529e37Be87742', 0, 8787, -75150), (-11033, -82056, 1676796538, 1, 10, 50495407545325394300, 50495407545325394300, 0, '0xc72B1b70e69D270544369132d53529e37Be87742', 0, -11033, -82056), (-27550, 73414, 1676796276, 3, 1, 3621349407497030300, 3621349407497030300, 0, '0xBa1CD5ded4B25dF273d435c969a01dc0B577c95c', 1, -27550, 73414), (-30509, -59408, 1676796350, 3, 1, 155733780215785270, 155733780215785270, 0, '0xDA8d2BAde16dd8a6a0Eb5563F4216047b2b24294', 0, -30509, -59408), (-9903, 62634, 1676796452, 0, 7, 41638516236155768700, 32171191470630346200, 1, '0x5c5f829C4c3E8C4AB97390cb053a456616c27Ea3', 1, -10247, 63976), (-9734, -81165, 1676796524, 0, 2, 2955880749470543500, 2955880749470543500, 0, '0xc72B1b70e69D270544369132d53529e37Be87742', 0, -9734, -81165)]
8 4519.584 [[-0.08048200050096435, 0.6295372924618768], [-0.14004676041617284, -0.7682818373220397], [-0.6171161105289689, 0.28985952474492416]] [(-58853, 34885, 1676796558, 1, 10, 50000000000000000000, 35000000000000000000, 1, '0x5c5f829C4c3E8C4AB97390cb053a456616c27Ea3', 0, -60987, 35376), (-61970, 29047, 1676796558, 1, 10, 47857142857142858000, 28571428571428572000, 1, '0x26CbcaC5281B6E159bc3e6C7400AF25fA46F246B', 1, -65533, 28514), (-66168, 29214, 1676796558, 1, 10, 48705357142857144000, 44151785714285715000, 1, '0xA4b1B07974bF67f04EC51bEcABF4aD62106B1Dd0', 1, -66154, 29294), (45490, -41768, 1676792189, 2, 10, 47395833333333332500, 5000000000000000000, 0, '0xc72B1b70e69D270544369132d53529e37Be87742', 0, 45512, -42787), (-6413, 64099, 1676796558, 1, 10, 48737599206349205000, 48737599206349205000, 1, '0x633462025cF12D347C0dF50B2114E65aa364f0a6', 0, -6413, 64099), (-65286, 30894, 1676796558, 1, 10, 49073454034391536000, 49073454034391536000, 1, '0x26CbcaC5281B6E159bc3e6C7400AF25fA46F246B', 1, -65286, 30894), (-38720, 54983, 1676792351, 2, 10, 49064980158730157500, 5662202380952381000, 0, '0x0fa9077350FC3Ee6924743e1AD9b735c657C455E', 0, -39006, 54962), (45647, -40318, 1676792489, 2, 10, 51381683798133452000, 4553571428571429000, 0, '0xc72B1b70e69D270544369132d53529e37Be87742', 0, 44702, -41234), (-10667, 69593, 1676796558, 1, 10, 52967923280423279000, 47684151785714285000, 1, '0xa79160bC038C07678C145f1B5220be15bAdB13d7', 1, -10613, 69546), (-9168, 64558, 1676796558, 1, 10, 49436705430629041900, 44006162505511463900, 1, '0x036D6B4DA0b4Eeb9d312E958c2937D9016765F50', 1, -9016, 64038), (-67210, 30832, 1676796558, 1, 10, 53370652131201418100, 53370652131201418100, 1, '0x0fa9077350FC3Ee6924743e1AD9b735c657C455E', 1, -67210, 30832), (-9442, 68746, 1676796558, 1, 10, 52193733886623065000, 47905097376849402000, 0, '0x05d6edC4ff8ef40321aBCf7886Bc606ed13327b0', 1, -9349, 68693), (-5645, 60493, 1676796558, 1, 10, 49648966479327931000, 40251121015160611000, 1, '0x77B770ceB4b2537e52f4534Bb39e43754eB5B7e5', 1, -6225, 62583), (43185, -42090, 1676793029, 2, 10, 54015769671939045500, 3415178571428571000, 0, '0xc72B1b70e69D270544369132d53529e37Be87742', 0, 43235, -41791), (-66307, 30351, 1676796558, 1, 10, 56144282795570109700, 56144282795570109700, 1, '0x3662FA93E6C3bcB04B95e5dD7B1266AD9e8A9965', 1, -66307, 30351), (-10150, 64919, 1676796558, 1, 10, 53019971728550711000, 43561283694404384500, 1, '0x036D6B4DA0b4Eeb9d312E958c2937D9016765F50', 1, -10296, 65769), (-32420, -110248, 1676793262, 2, 10, 46590466300053795000, 17204462052301800000, 0, '0x77B770ceB4b2537e52f4534Bb39e43754eB5B7e5', 0, -30502, -105273), (-63684, 28290, 1676796558, 1, 10, 49240295815198408000, 44670880027580123000, 1, '0xc8529dE5603FF9D6FE9A77d43c27D3e7085B4E43', 1, -63795, 28074), (44604, -42606, 1676793300, 2, 10, 50446506206585461300, 2561383928571428400, 0, '0xc72B1b70e69D270544369132d53529e37Be87742', 0, 45967, -42153), (-7093, 67939, 1676796558, 1, 10, 55851098521653284200, 49331239628927302200, 1, '0x633462025cF12D347C0dF50B2114E65aa364f0a6', 1, -7053, 68807), (45772, -41684, 1676793510, 2, 10, 38928544490703406000, 1921037946428571600, 0, '0xc72B1b70e69D270544369132d53529e37Be87742', 0, 46376, -42206), (-8353, 67488, 1676796558, 1, 10, 47712597364086534900, 38504728557868923900, 1, '0x3662FA93E6C3bcB04B95e5dD7B1266AD9e8A9965', 1, -8308, 67448), (-65040, 30190, 1676796558, 1, 10, 49105657812321847200, 45579275478804057900, 1, '0xA4b1B07974bF67f04EC51bEcABF4aD62106B1Dd0', 1, -65147, 30274), (-65730, 30403, 1676796558, 1, 10, 45522348387704252900, 45522348387704252900, 0, '0x0fa9077350FC3Ee6924743e1AD9b735c657C455E', 1, -65730, 30403), (44910, -42214, 1676794022, 2, 10, 45357567859261598500, 1440778459821428600, 0, '0xc72B1b70e69D270544369132d53529e37Be87742', 0, 46084, -42343), (46653, -43446, 1676794224, 2, 10, 46801031283344447700, 1440778459821428400, 0, '0xc72B1b70e69D270544369132d53529e37Be87742', 0, 46071, -43504), (-66515, 32317, 1676796558, 1, 10, 45779230770597138400, 35141543251792404100, 1, '0x3662FA93E6C3bcB04B95e5dD7B1266AD9e8A9965', 1, -65940, 32246), (-9929, 68183, 1676796558, 1, 10, 49113164638542216900, 49113164638542216900, 1, '0x77B770ceB4b2537e52f4534Bb39e43754eB5B7e5', 1, -9929, 68183), (-1161, -77377, 1676796558, 1, 10, 49198149075773682200, 30308960734001953300, 0, '0xBa1CD5ded4B25dF273d435c969a01dc0B577c95c', 0, -6074, -79045), (-53587, 21899, 1676794515, 3, 1, 2174749802329934300, 2174749802329934300, 1, '0x036D6B4DA0b4Eeb9d312E958c2937D9016765F50', 1, -53587, 21899), (46114, -43007, 1676794747, 2, 10, 49257381883019951000, 720389229910714300, 0, '0xc72B1b70e69D270544369132d53529e37Be87742', 0, 43800, -42251), (-65103, 31044, 1676796558, 1, 10, 52803691027070259300, 52803691027070259300, 1, '0xA4b1B07974bF67f04EC51bEcABF4aD62106B1Dd0', 1, -65103, 31044), (-7133, 68237, 1676796558, 1, 10, 51353884931390702300, 51353884931390702300, 1, '0xa79160bC038C07678C145f1B5220be15bAdB13d7', 1, -7133, 68237), (-6784, -77245, 1676794839, 2, 10, 37120942877184944000, 11116130081534929400, 0, '0xc72B1b70e69D270544369132d53529e37Be87742', 0, -13571, -80616), (-20944, 84108, 1676795048, 3, 1, 1904857557130728500, 1904857557130728500, 0, '0xBa1CD5ded4B25dF273d435c969a01dc0B577c95c', 0, -20944, 84108), (-9245, 66276, 1676796558, 1, 10, 54114251491592745800, 35346202900406452800, 1, '0xd4aEDD30d11907e10B6353e59685BB7Efc14F55D', 1, -9182, 67975), (43606, -43351, 1676795260, 2, 10, 43150543963957769250, 180097307477678550, 0, '0xc72B1b70e69D270544369132d53529e37Be87742', 0, 8358, -75437), (-3226, -80397, 1676796558, 1, 10, 51458184646622126750, 31596865889325257750, 1, '0x77B770ceB4b2537e52f4534Bb39e43754eB5B7e5', 1, -7699, -82872), (-10847, 73152, 1676796558, 1, 10, 51055473495771626300, 38302295790237013300, 1, '0xA4b1B07974bF67f04EC51bEcABF4aD62106B1Dd0', 1, -11061, 70597), (-16877, -85132, 1676796558, 1, 10, 48581388795423813800, 48581388795423813800, 1, '0xBa1CD5ded4B25dF273d435c969a01dc0B577c95c', 1, -16877, -85132), (-11014, -76054, 1676796558, 1, 10, 39252850073780042500, 30825024992241038200, 0, '0xc72B1b70e69D270544369132d53529e37Be87742', 0, -11075, -76355), (-13223, -77953, 1676795740, 2, 10, 52252492041143854100, 22597615083803229600, 1, '0xc72B1b70e69D270544369132d53529e37Be87742', 0, -15318, -80654), (-61220, 61501, 1676795872, 2, 10, 51403694162592002600, 11800315932939428000, 0, '0xA4b1B07974bF67f04EC51bEcABF4aD62106B1Dd0', 0, -63404, 56561), (-12685, -79775, 1676796558, 1, 10, 42411298177874469900, 33016599601748340400, 1, '0xBa1CD5ded4B25dF273d435c969a01dc0B577c95c', 1, -12931, -81167), (7849, 85987, 1676795896, 2, 10, 50365702175005836800, 8199804528188879300, 0, '0x05d6edC4ff8ef40321aBCf7886Bc606ed13327b0', 0, 2737, 86125), (-8907, 69587, 1676796558, 1, 10, 49834544795769675300, 49834544795769675300, 1, '0xDA8d2BAde16dd8a6a0Eb5563F4216047b2b24294', 1, -8907, 69587), (8186, -76685, 1676795908, 3, 1, 830831495375216500, 830831495375216500, 0, '0xc72B1b70e69D270544369132d53529e37Be87742', 0, 8186, -76685), (6734, -74415, 1676795976, 3, 1, 830831495375216500, 830831495375216500, 0, '0xc72B1b70e69D270544369132d53529e37Be87742', 0, 6734, -74415), (7631, -76628, 1676796011, 3, 1, 830831495375216500, 830831495375216500, 0, '0xc72B1b70e69D270544369132d53529e37Be87742', 0, 7631, -76628), (6442, -75145, 1676796071, 3, 1, 830831495375216500, 830831495375216500, 0, '0xc72B1b70e69D270544369132d53529e37Be87742', 0, 6442, -75145), (8787, -75150, 1676796129, 3, 1, 830831495375216500, 830831495375216500, 0, '0xc72B1b70e69D270544369132d53529e37Be87742', 0, 8787, -75150), (-11033, -82056, 1676796558, 1, 10, 50495407545325394300, 50495407545325394300, 0, '0xc72B1b70e69D270544369132d53529e37Be87742', 0, -11033, -82056), (-27550, 73414, 1676796276, 3, 1, 3621349407497030300, 3621349407497030300, 0, '0xBa1CD5ded4B25dF273d435c969a01dc0B577c95c', 1, -27550, 73414), (-30509, -59408, 1676796350, 3, 1, 155733780215785270, 155733780215785270, 0, '0xDA8d2BAde16dd8a6a0Eb5563F4216047b2b24294', 0, -30509, -59408), (-9682, 64429, 1676796452, 0, 8, 45628709362545993700, 36161384597020571200, 1, '0x5c5f829C4c3E8C4AB97390cb053a456616c27Ea3', 1, -9891, 65828), (-11935, -81212, 1676796524, 0, 3, 15347421155362774500, 15347421155362774500, 0, '0xc72B1b70e69D270544369132d53529e37Be87742', 0, -11935, -81212)]
8 4549.663 [[-0.08048200050096435, 0.6295372924618768], [-0.14004676041617284, -0.7682818373220397], [-0.6171161105289689, 0.28985952474492416]] [(-58853, 34885, 1676796594, 1, 10, 50000000000000000000, 35000000000000000000, 1, '0x5c5f829C4c3E8C4AB97390cb053a456616c27Ea3', 0, -60987, 35376), (-61970, 29047, 1676796594, 1, 10, 47857142857142858000, 28571428571428572000, 1, '0x26CbcaC5281B6E159bc3e6C7400AF25fA46F246B', 1, -65533, 28514), (-66168, 29214, 1676796594, 1, 10, 48705357142857144000, 44151785714285715000, 1, '0xA4b1B07974bF67f04EC51bEcABF4aD62106B1Dd0', 1, -66154, 29294), (45490, -41768, 1676792189, 2, 10, 47395833333333332500, 5000000000000000000, 0, '0xc72B1b70e69D270544369132d53529e37Be87742', 0, 45512, -42787), (-6413, 64099, 1676796594, 1, 10, 48737599206349205000, 48737599206349205000, 1, '0x633462025cF12D347C0dF50B2114E65aa364f0a6', 0, -6413, 64099), (-65286, 30894, 1676796594, 1, 10, 49073454034391536000, 49073454034391536000, 1, '0x26CbcaC5281B6E159bc3e6C7400AF25fA46F246B', 1, -65286, 30894), (-38720, 54983, 1676792351, 2, 10, 49064980158730157500, 5662202380952381000, 0, '0x0fa9077350FC3Ee6924743e1AD9b735c657C455E', 0, -39006, 54962), (45647, -40318, 1676792489, 2, 10, 51381683798133452000, 4553571428571429000, 0, '0xc72B1b70e69D270544369132d53529e37Be87742', 0, 44702, -41234), (-10667, 69593, 1676796594, 1, 10, 52967923280423279000, 47684151785714285000, 1, '0xa79160bC038C07678C145f1B5220be15bAdB13d7', 1, -10613, 69546), (-9168, 64558, 1676796594, 1, 10, 49436705430629041900, 44006162505511463900, 1, '0x036D6B4DA0b4Eeb9d312E958c2937D9016765F50', 1, -9016, 64038), (-67210, 30832, 1676796594, 1, 10, 53370652131201418100, 53370652131201418100, 1, '0x0fa9077350FC3Ee6924743e1AD9b735c657C455E', 1, -67210, 30832), (-9442, 68746, 1676796594, 1, 10, 52193733886623065000, 47905097376849402000, 0, '0x05d6edC4ff8ef40321aBCf7886Bc606ed13327b0', 1, -9349, 68693), (-5645, 60493, 1676796594, 1, 10, 49648966479327931000, 40251121015160611000, 1, '0x77B770ceB4b2537e52f4534Bb39e43754eB5B7e5', 1, -6225, 62583), (43185, -42090, 1676793029, 2, 10, 54015769671939045500, 3415178571428571000, 0, '0xc72B1b70e69D270544369132d53529e37Be87742', 0, 43235, -41791), (-66307, 30351, 1676796594, 1, 10, 56144282795570109700, 56144282795570109700, 1, '0x3662FA93E6C3bcB04B95e5dD7B1266AD9e8A9965', 1, -66307, 30351), (-10150, 64919, 1676796594, 1, 10, 53019971728550711000, 43561283694404384500, 1, '0x036D6B4DA0b4Eeb9d312E958c2937D9016765F50', 1, -10296, 65769), (-32420, -110248, 1676793262, 2, 10, 46590466300053795000, 17204462052301800000, 0, '0x77B770ceB4b2537e52f4534Bb39e43754eB5B7e5', 0, -30502, -105273), (-63684, 28290, 1676796594, 1, 10, 49240295815198408000, 44670880027580123000, 1, '0xc8529dE5603FF9D6FE9A77d43c27D3e7085B4E43', 1, -63795, 28074), (44604, -42606, 1676793300, 2, 10, 50446506206585461300, 2561383928571428400, 0, '0xc72B1b70e69D270544369132d53529e37Be87742', 0, 45967, -42153), (-7093, 67939, 1676796594, 1, 10, 55851098521653284200, 49331239628927302200, 1, '0x633462025cF12D347C0dF50B2114E65aa364f0a6', 1, -7053, 68807), (45772, -41684, 1676793510, 2, 10, 38928544490703406000, 1921037946428571600, 0, '0xc72B1b70e69D270544369132d53529e37Be87742', 0, 46376, -42206), (-8353, 67488, 1676796594, 1, 10, 47712597364086534900, 38504728557868923900, 1, '0x3662FA93E6C3bcB04B95e5dD7B1266AD9e8A9965', 1, -8308, 67448), (-65040, 30190, 1676796594, 1, 10, 49105657812321847200, 45579275478804057900, 1, '0xA4b1B07974bF67f04EC51bEcABF4aD62106B1Dd0', 1, -65147, 30274), (-65730, 30403, 1676796594, 1, 10, 45522348387704252900, 45522348387704252900, 0, '0x0fa9077350FC3Ee6924743e1AD9b735c657C455E', 1, -65730, 30403), (44910, -42214, 1676794022, 2, 10, 45357567859261598500, 1440778459821428600, 0, '0xc72B1b70e69D270544369132d53529e37Be87742', 0, 46084, -42343), (46653, -43446, 1676794224, 2, 10, 46801031283344447700, 1440778459821428400, 0, '0xc72B1b70e69D270544369132d53529e37Be87742', 0, 46071, -43504), (-66515, 32317, 1676796594, 1, 10, 45779230770597138400, 35141543251792404100, 1, '0x3662FA93E6C3bcB04B95e5dD7B1266AD9e8A9965', 1, -65940, 32246), (-9929, 68183, 1676796594, 1, 10, 49113164638542216900, 49113164638542216900, 1, '0x77B770ceB4b2537e52f4534Bb39e43754eB5B7e5', 1, -9929, 68183), (-1161, -77377, 1676796594, 1, 10, 49198149075773682200, 30308960734001953300, 0, '0xBa1CD5ded4B25dF273d435c969a01dc0B577c95c', 0, -6074, -79045), (-53587, 21899, 1676794515, 3, 1, 2174749802329934300, 2174749802329934300, 1, '0x036D6B4DA0b4Eeb9d312E958c2937D9016765F50', 1, -53587, 21899), (46114, -43007, 1676794747, 2, 10, 49257381883019951000, 720389229910714300, 0, '0xc72B1b70e69D270544369132d53529e37Be87742', 0, 43800, -42251), (-65103, 31044, 1676796594, 1, 10, 52803691027070259300, 52803691027070259300, 1, '0xA4b1B07974bF67f04EC51bEcABF4aD62106B1Dd0', 1, -65103, 31044), (-7133, 68237, 1676796594, 1, 10, 51353884931390702300, 51353884931390702300, 1, '0xa79160bC038C07678C145f1B5220be15bAdB13d7', 1, -7133, 68237), (-6784, -77245, 1676794839, 2, 10, 37120942877184944000, 11116130081534929400, 0, '0xc72B1b70e69D270544369132d53529e37Be87742', 0, -13571, -80616), (-20944, 84108, 1676795048, 3, 1, 1904857557130728500, 1904857557130728500, 0, '0xBa1CD5ded4B25dF273d435c969a01dc0B577c95c', 0, -20944, 84108), (-9245, 66276, 1676796594, 1, 10, 54114251491592745800, 35346202900406452800, 1, '0xd4aEDD30d11907e10B6353e59685BB7Efc14F55D', 1, -9182, 67975), (43606, -43351, 1676795260, 2, 10, 43150543963957769250, 180097307477678550, 0, '0xc72B1b70e69D270544369132d53529e37Be87742', 0, 8358, -75437), (-3226, -80397, 1676796594, 1, 10, 51458184646622126750, 31596865889325257750, 1, '0x77B770ceB4b2537e52f4534Bb39e43754eB5B7e5', 1, -7699, -82872), (-10847, 73152, 1676796594, 1, 10, 51055473495771626300, 38302295790237013300, 1, '0xA4b1B07974bF67f04EC51bEcABF4aD62106B1Dd0', 1, -11061, 70597), (-16877, -85132, 1676796594, 1, 10, 48581388795423813800, 48581388795423813800, 1, '0xBa1CD5ded4B25dF273d435c969a01dc0B577c95c', 1, -16877, -85132), (-11014, -76054, 1676796594, 1, 10, 39252850073780042500, 30825024992241038200, 0, '0xc72B1b70e69D270544369132d53529e37Be87742', 0, -11075, -76355), (-13223, -77953, 1676795740, 2, 10, 52252492041143854100, 22597615083803229600, 1, '0xc72B1b70e69D270544369132d53529e37Be87742', 0, -15318, -80654), (-61220, 61501, 1676795872, 2, 10, 51403694162592002600, 11800315932939428000, 0, '0xA4b1B07974bF67f04EC51bEcABF4aD62106B1Dd0', 0, -63404, 56561), (-12685, -79775, 1676796594, 1, 10, 42411298177874469900, 33016599601748340400, 1, '0xBa1CD5ded4B25dF273d435c969a01dc0B577c95c', 1, -12931, -81167), (7849, 85987, 1676795896, 2, 10, 50365702175005836800, 8199804528188879300, 0, '0x05d6edC4ff8ef40321aBCf7886Bc606ed13327b0', 0, 2737, 86125), (-8907, 69587, 1676796594, 1, 10, 49834544795769675300, 49834544795769675300, 1, '0xDA8d2BAde16dd8a6a0Eb5563F4216047b2b24294', 1, -8907, 69587), (8186, -76685, 1676795908, 3, 1, 830831495375216500, 830831495375216500, 0, '0xc72B1b70e69D270544369132d53529e37Be87742', 0, 8186, -76685), (6734, -74415, 1676795976, 3, 1, 830831495375216500, 830831495375216500, 0, '0xc72B1b70e69D270544369132d53529e37Be87742', 0, 6734, -74415), (7631, -76628, 1676796011, 3, 1, 830831495375216500, 830831495375216500, 0, '0xc72B1b70e69D270544369132d53529e37Be87742', 0, 7631, -76628), (6442, -75145, 1676796071, 3, 1, 830831495375216500, 830831495375216500, 0, '0xc72B1b70e69D270544369132d53529e37Be87742', 0, 6442, -75145), (8787, -75150, 1676796129, 3, 1, 830831495375216500, 830831495375216500, 0, '0xc72B1b70e69D270544369132d53529e37Be87742', 0, 8787, -75150), (-11033, -82056, 1676796594, 1, 10, 50495407545325394300, 50495407545325394300, 0, '0xc72B1b70e69D270544369132d53529e37Be87742', 0, -11033, -82056), (-27550, 73414, 1676796276, 3, 1, 3621349407497030300, 3621349407497030300, 0, '0xBa1CD5ded4B25dF273d435c969a01dc0B577c95c', 1, -27550, 73414), (-30509, -59408, 1676796350, 3, 1, 155733780215785270, 155733780215785270, 0, '0xDA8d2BAde16dd8a6a0Eb5563F4216047b2b24294', 0, -30509, -59408), (-9431, 64865, 1676796594, 1, 10, 51563427551668785700, 42096102786143363200, 1, '0x5c5f829C4c3E8C4AB97390cb053a456616c27Ea3', 1, -9554, 66165), (-12639, -80280, 1676796524, 0, 4, 20124093992710696500, 20124093992710696500, 0, '0xc72B1b70e69D270544369132d53529e37Be87742', 0, -12639, -80280), (-9360, 62595, 1676796594, 0, 1, 3802476505918307700, 3802476505918307700, 1, '0xa79160bC038C07678C145f1B5220be15bAdB13d7', 1, -9360, 62595)]
8 4579.809 [[-0.08048200050096435, 0.6295372924618768], [-0.14004676041617284, -0.7682818373220397], [-0.6171161105289689, 0.28985952474492416]] [(-58853, 34885, 1676796616, 1, 10, 50000000000000000000, 35000000000000000000, 1, '0x5c5f829C4c3E8C4AB97390cb053a456616c27Ea3', 0, -60987, 35376), (-61970, 29047, 1676796616, 1, 10, 47857142857142858000, 28571428571428572000, 1, '0x26CbcaC5281B6E159bc3e6C7400AF25fA46F246B', 1, -65533, 28514), (-66168, 29214, 1676796616, 1, 10, 48705357142857144000, 44151785714285715000, 1, '0xA4b1B07974bF67f04EC51bEcABF4aD62106B1Dd0', 1, -66154, 29294), (45490, -41768, 1676792189, 2, 10, 47395833333333332500, 5000000000000000000, 0, '0xc72B1b70e69D270544369132d53529e37Be87742', 0, 45512, -42787), (-6413, 64099, 1676796616, 1, 10, 48737599206349205000, 48737599206349205000, 1, '0x633462025cF12D347C0dF50B2114E65aa364f0a6', 0, -6413, 64099), (-65286, 30894, 1676796616, 1, 10, 49073454034391536000, 49073454034391536000, 1, '0x26CbcaC5281B6E159bc3e6C7400AF25fA46F246B', 1, -65286, 30894), (-38720, 54983, 1676792351, 2, 10, 49064980158730157500, 5662202380952381000, 0, '0x0fa9077350FC3Ee6924743e1AD9b735c657C455E', 0, -39006, 54962), (45647, -40318, 1676792489, 2, 10, 51381683798133452000, 4553571428571429000, 0, '0xc72B1b70e69D270544369132d53529e37Be87742', 0, 44702, -41234), (-10667, 69593, 1676796616, 1, 10, 52967923280423279000, 47684151785714285000, 1, '0xa79160bC038C07678C145f1B5220be15bAdB13d7', 1, -10613, 69546), (-9168, 64558, 1676796616, 1, 10, 49436705430629041900, 44006162505511463900, 1, '0x036D6B4DA0b4Eeb9d312E958c2937D9016765F50', 1, -9016, 64038), (-67210, 30832, 1676796616, 1, 10, 53370652131201418100, 53370652131201418100, 1, '0x0fa9077350FC3Ee6924743e1AD9b735c657C455E', 1, -67210, 30832), (-9442, 68746, 1676796616, 1, 10, 52193733886623065000, 47905097376849402000, 0, '0x05d6edC4ff8ef40321aBCf7886Bc606ed13327b0', 1, -9349, 68693), (-5645, 60493, 1676796616, 1, 10, 49648966479327931000, 40251121015160611000, 1, '0x77B770ceB4b2537e52f4534Bb39e43754eB5B7e5', 1, -6225, 62583), (43185, -42090, 1676793029, 2, 10, 54015769671939045500, 3415178571428571000, 0, '0xc72B1b70e69D270544369132d53529e37Be87742', 0, 43235, -41791), (-66307, 30351, 1676796616, 1, 10, 56144282795570109700, 56144282795570109700, 1, '0x3662FA93E6C3bcB04B95e5dD7B1266AD9e8A9965', 1, -66307, 30351), (-10150, 64919, 1676796616, 1, 10, 53019971728550711000, 43561283694404384500, 1, '0x036D6B4DA0b4Eeb9d312E958c2937D9016765F50', 1, -10296, 65769), (-32420, -110248, 1676793262, 2, 10, 46590466300053795000, 17204462052301800000, 0, '0x77B770ceB4b2537e52f4534Bb39e43754eB5B7e5', 0, -30502, -105273), (-63684, 28290, 1676796616, 1, 10, 49240295815198408000, 44670880027580123000, 1, '0xc8529dE5603FF9D6FE9A77d43c27D3e7085B4E43', 1, -63795, 28074), (44604, -42606, 1676793300, 2, 10, 50446506206585461300, 2561383928571428400, 0, '0xc72B1b70e69D270544369132d53529e37Be87742', 0, 45967, -42153), (-7093, 67939, 1676796616, 1, 10, 55851098521653284200, 49331239628927302200, 1, '0x633462025cF12D347C0dF50B2114E65aa364f0a6', 1, -7053, 68807), (45772, -41684, 1676793510, 2, 10, 38928544490703406000, 1921037946428571600, 0, '0xc72B1b70e69D270544369132d53529e37Be87742', 0, 46376, -42206), (-8353, 67488, 1676796616, 1, 10, 47712597364086534900, 38504728557868923900, 1, '0x3662FA93E6C3bcB04B95e5dD7B1266AD9e8A9965', 1, -8308, 67448), (-65040, 30190, 1676796616, 1, 10, 49105657812321847200, 45579275478804057900, 1, '0xA4b1B07974bF67f04EC51bEcABF4aD62106B1Dd0', 1, -65147, 30274), (-65730, 30403, 1676796616, 1, 10, 45522348387704252900, 45522348387704252900, 0, '0x0fa9077350FC3Ee6924743e1AD9b735c657C455E', 1, -65730, 30403), (44910, -42214, 1676794022, 2, 10, 45357567859261598500, 1440778459821428600, 0, '0xc72B1b70e69D270544369132d53529e37Be87742', 0, 46084, -42343), (46653, -43446, 1676794224, 2, 10, 46801031283344447700, 1440778459821428400, 0, '0xc72B1b70e69D270544369132d53529e37Be87742', 0, 46071, -43504), (-66515, 32317, 1676796616, 1, 10, 45779230770597138400, 35141543251792404100, 1, '0x3662FA93E6C3bcB04B95e5dD7B1266AD9e8A9965', 1, -65940, 32246), (-9929, 68183, 1676796616, 1, 10, 49113164638542216900, 49113164638542216900, 1, '0x77B770ceB4b2537e52f4534Bb39e43754eB5B7e5', 1, -9929, 68183), (-1161, -77377, 1676796616, 1, 10, 49198149075773682200, 30308960734001953300, 0, '0xBa1CD5ded4B25dF273d435c969a01dc0B577c95c', 0, -6074, -79045), (-53587, 21899, 1676794515, 3, 1, 2174749802329934300, 2174749802329934300, 1, '0x036D6B4DA0b4Eeb9d312E958c2937D9016765F50', 1, -53587, 21899), (46114, -43007, 1676794747, 2, 10, 49257381883019951000, 720389229910714300, 0, '0xc72B1b70e69D270544369132d53529e37Be87742', 0, 43800, -42251), (-65103, 31044, 1676796616, 1, 10, 52803691027070259300, 52803691027070259300, 1, '0xA4b1B07974bF67f04EC51bEcABF4aD62106B1Dd0', 1, -65103, 31044), (-7133, 68237, 1676796616, 1, 10, 51353884931390702300, 51353884931390702300, 1, '0xa79160bC038C07678C145f1B5220be15bAdB13d7', 1, -7133, 68237), (-6784, -77245, 1676794839, 2, 10, 37120942877184944000, 11116130081534929400, 0, '0xc72B1b70e69D270544369132d53529e37Be87742', 0, -13571, -80616), (-20944, 84108, 1676795048, 3, 1, 1904857557130728500, 1904857557130728500, 0, '0xBa1CD5ded4B25dF273d435c969a01dc0B577c95c', 0, -20944, 84108), (-9245, 66276, 1676796616, 1, 10, 54114251491592745800, 35346202900406452800, 1, '0xd4aEDD30d11907e10B6353e59685BB7Efc14F55D', 1, -9182, 67975), (43606, -43351, 1676795260, 2, 10, 43150543963957769250, 180097307477678550, 0, '0xc72B1b70e69D270544369132d53529e37Be87742', 0, 8358, -75437), (-3226, -80397, 1676796616, 1, 10, 51458184646622126750, 31596865889325257750, 1, '0x77B770ceB4b2537e52f4534Bb39e43754eB5B7e5', 1, -7699, -82872), (-10847, 73152, 1676796616, 1, 10, 51055473495771626300, 38302295790237013300, 1, '0xA4b1B07974bF67f04EC51bEcABF4aD62106B1Dd0', 1, -11061, 70597), (-16877, -85132, 1676796616, 1, 10, 48581388795423813800, 48581388795423813800, 1, '0xBa1CD5ded4B25dF273d435c969a01dc0B577c95c', 1, -16877, -85132), (-11014, -76054, 1676796616, 1, 10, 39252850073780042500, 30825024992241038200, 0, '0xc72B1b70e69D270544369132d53529e37Be87742', 0, -11075, -76355), (-13223, -77953, 1676795740, 2, 10, 52252492041143854100, 22597615083803229600, 1, '0xc72B1b70e69D270544369132d53529e37Be87742', 0, -15318, -80654), (-61220, 61501, 1676795872, 2, 10, 51403694162592002600, 11800315932939428000, 0, '0xA4b1B07974bF67f04EC51bEcABF4aD62106B1Dd0', 0, -63404, 56561), (-12685, -79775, 1676796616, 1, 10, 42411298177874469900, 33016599601748340400, 1, '0xBa1CD5ded4B25dF273d435c969a01dc0B577c95c', 1, -12931, -81167), (7849, 85987, 1676795896, 2, 10, 50365702175005836800, 8199804528188879300, 0, '0x05d6edC4ff8ef40321aBCf7886Bc606ed13327b0', 0, 2737, 86125), (-8907, 69587, 1676796616, 1, 10, 49834544795769675300, 49834544795769675300, 1, '0xDA8d2BAde16dd8a6a0Eb5563F4216047b2b24294', 1, -8907, 69587), (8186, -76685, 1676795908, 3, 1, 830831495375216500, 830831495375216500, 0, '0xc72B1b70e69D270544369132d53529e37Be87742', 0, 8186, -76685), (6734, -74415, 1676795976, 3, 1, 830831495375216500, 830831495375216500, 0, '0xc72B1b70e69D270544369132d53529e37Be87742', 0, 6734, -74415), (7631, -76628, 1676796011, 3, 1, 830831495375216500, 830831495375216500, 0, '0xc72B1b70e69D270544369132d53529e37Be87742', 0, 7631, -76628), (6442, -75145, 1676796071, 3, 1, 830831495375216500, 830831495375216500, 0, '0xc72B1b70e69D270544369132d53529e37Be87742', 0, 6442, -75145), (8787, -75150, 1676796129, 3, 1, 830831495375216500, 830831495375216500, 0, '0xc72B1b70e69D270544369132d53529e37Be87742', 0, 8787, -75150), (-11033, -82056, 1676796616, 1, 10, 50495407545325394300, 50495407545325394300, 0, '0xc72B1b70e69D270544369132d53529e37Be87742', 0, -11033, -82056), (-27550, 73414, 1676796276, 3, 1, 3621349407497030300, 3621349407497030300, 0, '0xBa1CD5ded4B25dF273d435c969a01dc0B577c95c', 1, -27550, 73414), (-30509, -59408, 1676796350, 3, 1, 155733780215785270, 155733780215785270, 0, '0xDA8d2BAde16dd8a6a0Eb5563F4216047b2b24294', 0, -30509, -59408), (-9431, 64865, 1676796616, 1, 10, 51563427551668785700, 42096102786143363200, 1, '0x5c5f829C4c3E8C4AB97390cb053a456616c27Ea3', 1, -9554, 66165), (-12265, -80443, 1676796524, 0, 4, 20124093992710696500, 20124093992710696500, 0, '0xc72B1b70e69D270544369132d53529e37Be87742', 0, -12265, -80443), (-69527, 39553, 1676796596, 0, 1, 3990193126390225000, 3990193126390225000, 1, '0xA4b1B07974bF67f04EC51bEcABF4aD62106B1Dd0', 0, -69527, 39553), (-8574, 70680, 1676796598, 0, 2, 16194016911810538700, 16194016911810538700, 1, '0xa79160bC038C07678C145f1B5220be15bAdB13d7', 1, -8574, 70680)]
8 4609.812 [[-0.08048200050096435, 0.6295372924618768], [-0.14004676041617284, -0.7682818373220397], [-0.6171161105289689, 0.28985952474492416]] [(-58853, 34885, 1676796656, 1, 10, 50000000000000000000, 35000000000000000000, 1, '0x5c5f829C4c3E8C4AB97390cb053a456616c27Ea3', 0, -60987, 35376), (-61970, 29047, 1676796656, 1, 10, 47857142857142858000, 28571428571428572000, 1, '0x26CbcaC5281B6E159bc3e6C7400AF25fA46F246B', 1, -65533, 28514), (-66168, 29214, 1676796656, 1, 10, 48705357142857144000, 44151785714285715000, 1, '0xA4b1B07974bF67f04EC51bEcABF4aD62106B1Dd0', 1, -66154, 29294), (45490, -41768, 1676792189, 2, 10, 47395833333333332500, 5000000000000000000, 0, '0xc72B1b70e69D270544369132d53529e37Be87742', 0, 45512, -42787), (-6413, 64099, 1676796656, 1, 10, 48737599206349205000, 48737599206349205000, 1, '0x633462025cF12D347C0dF50B2114E65aa364f0a6', 0, -6413, 64099), (-65286, 30894, 1676796656, 1, 10, 49073454034391536000, 49073454034391536000, 1, '0x26CbcaC5281B6E159bc3e6C7400AF25fA46F246B', 1, -65286, 30894), (-38720, 54983, 1676792351, 2, 10, 49064980158730157500, 5662202380952381000, 0, '0x0fa9077350FC3Ee6924743e1AD9b735c657C455E', 0, -39006, 54962), (45647, -40318, 1676792489, 2, 10, 51381683798133452000, 4553571428571429000, 0, '0xc72B1b70e69D270544369132d53529e37Be87742', 0, 44702, -41234), (-10667, 69593, 1676796656, 1, 10, 52967923280423279000, 47684151785714285000, 1, '0xa79160bC038C07678C145f1B5220be15bAdB13d7', 1, -10613, 69546), (-9168, 64558, 1676796656, 1, 10, 49436705430629041900, 44006162505511463900, 1, '0x036D6B4DA0b4Eeb9d312E958c2937D9016765F50', 1, -9016, 64038), (-67210, 30832, 1676796656, 1, 10, 53370652131201418100, 53370652131201418100, 1, '0x0fa9077350FC3Ee6924743e1AD9b735c657C455E', 1, -67210, 30832), (-9442, 68746, 1676796656, 1, 10, 52193733886623065000, 47905097376849402000, 0, '0x05d6edC4ff8ef40321aBCf7886Bc606ed13327b0', 1, -9349, 68693), (-5645, 60493, 1676796656, 1, 10, 49648966479327931000, 40251121015160611000, 1, '0x77B770ceB4b2537e52f4534Bb39e43754eB5B7e5', 1, -6225, 62583), (43185, -42090, 1676793029, 2, 10, 54015769671939045500, 3415178571428571000, 0, '0xc72B1b70e69D270544369132d53529e37Be87742', 0, 43235, -41791), (-66307, 30351, 1676796656, 1, 10, 56144282795570109700, 56144282795570109700, 1, '0x3662FA93E6C3bcB04B95e5dD7B1266AD9e8A9965', 1, -66307, 30351), (-10150, 64919, 1676796656, 1, 10, 53019971728550711000, 43561283694404384500, 1, '0x036D6B4DA0b4Eeb9d312E958c2937D9016765F50', 1, -10296, 65769), (-32420, -110248, 1676793262, 2, 10, 46590466300053795000, 17204462052301800000, 0, '0x77B770ceB4b2537e52f4534Bb39e43754eB5B7e5', 0, -30502, -105273), (-63684, 28290, 1676796656, 1, 10, 49240295815198408000, 44670880027580123000, 1, '0xc8529dE5603FF9D6FE9A77d43c27D3e7085B4E43', 1, -63795, 28074), (44604, -42606, 1676793300, 2, 10, 50446506206585461300, 2561383928571428400, 0, '0xc72B1b70e69D270544369132d53529e37Be87742', 0, 45967, -42153), (-7093, 67939, 1676796656, 1, 10, 55851098521653284200, 49331239628927302200, 1, '0x633462025cF12D347C0dF50B2114E65aa364f0a6', 1, -7053, 68807), (45772, -41684, 1676793510, 2, 10, 38928544490703406000, 1921037946428571600, 0, '0xc72B1b70e69D270544369132d53529e37Be87742', 0, 46376, -42206), (-8353, 67488, 1676796656, 1, 10, 47712597364086534900, 38504728557868923900, 1, '0x3662FA93E6C3bcB04B95e5dD7B1266AD9e8A9965', 1, -8308, 67448), (-65040, 30190, 1676796656, 1, 10, 49105657812321847200, 45579275478804057900, 1, '0xA4b1B07974bF67f04EC51bEcABF4aD62106B1Dd0', 1, -65147, 30274), (-65730, 30403, 1676796656, 1, 10, 45522348387704252900, 45522348387704252900, 0, '0x0fa9077350FC3Ee6924743e1AD9b735c657C455E', 1, -65730, 30403), (44910, -42214, 1676794022, 2, 10, 45357567859261598500, 1440778459821428600, 0, '0xc72B1b70e69D270544369132d53529e37Be87742', 0, 46084, -42343), (46653, -43446, 1676794224, 2, 10, 46801031283344447700, 1440778459821428400, 0, '0xc72B1b70e69D270544369132d53529e37Be87742', 0, 46071, -43504), (-66515, 32317, 1676796656, 1, 10, 45779230770597138400, 35141543251792404100, 1, '0x3662FA93E6C3bcB04B95e5dD7B1266AD9e8A9965', 1, -65940, 32246), (-9929, 68183, 1676796656, 1, 10, 49113164638542216900, 49113164638542216900, 1, '0x77B770ceB4b2537e52f4534Bb39e43754eB5B7e5', 1, -9929, 68183), (-1161, -77377, 1676796656, 1, 10, 49198149075773682200, 30308960734001953300, 0, '0xBa1CD5ded4B25dF273d435c969a01dc0B577c95c', 0, -6074, -79045), (-53587, 21899, 1676794515, 3, 1, 2174749802329934300, 2174749802329934300, 1, '0x036D6B4DA0b4Eeb9d312E958c2937D9016765F50', 1, -53587, 21899), (46114, -43007, 1676794747, 2, 10, 49257381883019951000, 720389229910714300, 0, '0xc72B1b70e69D270544369132d53529e37Be87742', 0, 43800, -42251), (-65103, 31044, 1676796656, 1, 10, 52803691027070259300, 52803691027070259300, 1, '0xA4b1B07974bF67f04EC51bEcABF4aD62106B1Dd0', 1, -65103, 31044), (-7133, 68237, 1676796656, 1, 10, 51353884931390702300, 51353884931390702300, 1, '0xa79160bC038C07678C145f1B5220be15bAdB13d7', 1, -7133, 68237), (-6784, -77245, 1676794839, 2, 10, 37120942877184944000, 11116130081534929400, 0, '0xc72B1b70e69D270544369132d53529e37Be87742', 0, -13571, -80616), (-20944, 84108, 1676795048, 3, 1, 1904857557130728500, 1904857557130728500, 0, '0xBa1CD5ded4B25dF273d435c969a01dc0B577c95c', 0, -20944, 84108), (-9245, 66276, 1676796656, 1, 10, 54114251491592745800, 35346202900406452800, 1, '0xd4aEDD30d11907e10B6353e59685BB7Efc14F55D', 1, -9182, 67975), (43606, -43351, 1676795260, 2, 10, 43150543963957769250, 180097307477678550, 0, '0xc72B1b70e69D270544369132d53529e37Be87742', 0, 8358, -75437), (-3226, -80397, 1676796656, 1, 10, 51458184646622126750, 31596865889325257750, 1, '0x77B770ceB4b2537e52f4534Bb39e43754eB5B7e5', 1, -7699, -82872), (-10847, 73152, 1676796656, 1, 10, 51055473495771626300, 38302295790237013300, 1, '0xA4b1B07974bF67f04EC51bEcABF4aD62106B1Dd0', 1, -11061, 70597), (-16877, -85132, 1676796656, 1, 10, 48581388795423813800, 48581388795423813800, 1, '0xBa1CD5ded4B25dF273d435c969a01dc0B577c95c', 1, -16877, -85132), (-11014, -76054, 1676796656, 1, 10, 39252850073780042500, 30825024992241038200, 0, '0xc72B1b70e69D270544369132d53529e37Be87742', 0, -11075, -76355), (-13223, -77953, 1676795740, 2, 10, 52252492041143854100, 22597615083803229600, 1, '0xc72B1b70e69D270544369132d53529e37Be87742', 0, -15318, -80654), (-61220, 61501, 1676795872, 2, 10, 51403694162592002600, 11800315932939428000, 0, '0xA4b1B07974bF67f04EC51bEcABF4aD62106B1Dd0', 0, -63404, 56561), (-12685, -79775, 1676796656, 1, 10, 42411298177874469900, 33016599601748340400, 1, '0xBa1CD5ded4B25dF273d435c969a01dc0B577c95c', 1, -12931, -81167), (7849, 85987, 1676795896, 2, 10, 50365702175005836800, 8199804528188879300, 0, '0x05d6edC4ff8ef40321aBCf7886Bc606ed13327b0', 0, 2737, 86125), (-8907, 69587, 1676796656, 1, 10, 49834544795769675300, 49834544795769675300, 1, '0xDA8d2BAde16dd8a6a0Eb5563F4216047b2b24294', 1, -8907, 69587), (8186, -76685, 1676795908, 3, 1, 830831495375216500, 830831495375216500, 0, '0xc72B1b70e69D270544369132d53529e37Be87742', 0, 8186, -76685), (6734, -74415, 1676795976, 3, 1, 830831495375216500, 830831495375216500, 0, '0xc72B1b70e69D270544369132d53529e37Be87742', 0, 6734, -74415), (7631, -76628, 1676796011, 3, 1, 830831495375216500, 830831495375216500, 0, '0xc72B1b70e69D270544369132d53529e37Be87742', 0, 7631, -76628), (6442, -75145, 1676796071, 3, 1, 830831495375216500, 830831495375216500, 0, '0xc72B1b70e69D270544369132d53529e37Be87742', 0, 6442, -75145), (8787, -75150, 1676796129, 3, 1, 830831495375216500, 830831495375216500, 0, '0xc72B1b70e69D270544369132d53529e37Be87742', 0, 8787, -75150), (-11033, -82056, 1676796656, 1, 10, 50495407545325394300, 50495407545325394300, 0, '0xc72B1b70e69D270544369132d53529e37Be87742', 0, -11033, -82056), (-27550, 73414, 1676796276, 3, 1, 3621349407497030300, 3621349407497030300, 0, '0xBa1CD5ded4B25dF273d435c969a01dc0B577c95c', 1, -27550, 73414), (-30509, -59408, 1676796350, 3, 1, 155733780215785270, 155733780215785270, 0, '0xDA8d2BAde16dd8a6a0Eb5563F4216047b2b24294', 0, -30509, -59408), (-9431, 64865, 1676796656, 1, 10, 51563427551668785700, 42096102786143363200, 1, '0x5c5f829C4c3E8C4AB97390cb053a456616c27Ea3', 1, -9554, 66165), (-6999, -79070, 1676796524, 0, 6, 27995780548986544500, 20124093992710696500, 0, '0xc72B1b70e69D270544369132d53529e37Be87742', 0, -12265, -80443), (-69527, 39553, 1676796596, 0, 1, 3990193126390225000, 3990193126390225000, 1, '0xA4b1B07974bF67f04EC51bEcABF4aD62106B1Dd0', 0, -69527, 39553), (-10308, 67953, 1676796598, 0, 4, 28958061840719505200, 28958061840719505200, 1, '0xa79160bC038C07678C145f1B5220be15bAdB13d7', 1, -10308, 67953)]
8 4639.84 [[-0.08048200050096435, 0.6295372924618768], [-0.14004676041617284, -0.7682818373220397], [-0.6171161105289689, 0.28985952474492416]] [(-58853, 34885, 1676796680, 1, 10, 50000000000000000000, 35000000000000000000, 1, '0x5c5f829C4c3E8C4AB97390cb053a456616c27Ea3', 0, -60987, 35376), (-61970, 29047, 1676796680, 1, 10, 47857142857142858000, 28571428571428572000, 1, '0x26CbcaC5281B6E159bc3e6C7400AF25fA46F246B', 1, -65533, 28514), (-66168, 29214, 1676796680, 1, 10, 48705357142857144000, 44151785714285715000, 1, '0xA4b1B07974bF67f04EC51bEcABF4aD62106B1Dd0', 1, -66154, 29294), (45490, -41768, 1676792189, 2, 10, 47395833333333332500, 5000000000000000000, 0, '0xc72B1b70e69D270544369132d53529e37Be87742', 0, 45512, -42787), (-6413, 64099, 1676796680, 1, 10, 48737599206349205000, 48737599206349205000, 1, '0x633462025cF12D347C0dF50B2114E65aa364f0a6', 0, -6413, 64099), (-65286, 30894, 1676796680, 1, 10, 49073454034391536000, 49073454034391536000, 1, '0x26CbcaC5281B6E159bc3e6C7400AF25fA46F246B', 1, -65286, 30894), (-38720, 54983, 1676792351, 2, 10, 49064980158730157500, 5662202380952381000, 0, '0x0fa9077350FC3Ee6924743e1AD9b735c657C455E', 0, -39006, 54962), (45647, -40318, 1676792489, 2, 10, 51381683798133452000, 4553571428571429000, 0, '0xc72B1b70e69D270544369132d53529e37Be87742', 0, 44702, -41234), (-10667, 69593, 1676796680, 1, 10, 52967923280423279000, 47684151785714285000, 1, '0xa79160bC038C07678C145f1B5220be15bAdB13d7', 1, -10613, 69546), (-9168, 64558, 1676796680, 1, 10, 49436705430629041900, 44006162505511463900, 1, '0x036D6B4DA0b4Eeb9d312E958c2937D9016765F50', 1, -9016, 64038), (-67210, 30832, 1676796680, 1, 10, 53370652131201418100, 53370652131201418100, 1, '0x0fa9077350FC3Ee6924743e1AD9b735c657C455E', 1, -67210, 30832), (-9442, 68746, 1676796680, 1, 10, 52193733886623065000, 47905097376849402000, 0, '0x05d6edC4ff8ef40321aBCf7886Bc606ed13327b0', 1, -9349, 68693), (-5645, 60493, 1676796680, 1, 10, 49648966479327931000, 40251121015160611000, 1, '0x77B770ceB4b2537e52f4534Bb39e43754eB5B7e5', 1, -6225, 62583), (43185, -42090, 1676793029, 2, 10, 54015769671939045500, 3415178571428571000, 0, '0xc72B1b70e69D270544369132d53529e37Be87742', 0, 43235, -41791), (-66307, 30351, 1676796680, 1, 10, 56144282795570109700, 56144282795570109700, 1, '0x3662FA93E6C3bcB04B95e5dD7B1266AD9e8A9965', 1, -66307, 30351), (-10150, 64919, 1676796680, 1, 10, 53019971728550711000, 43561283694404384500, 1, '0x036D6B4DA0b4Eeb9d312E958c2937D9016765F50', 1, -10296, 65769), (-32420, -110248, 1676793262, 2, 10, 46590466300053795000, 17204462052301800000, 0, '0x77B770ceB4b2537e52f4534Bb39e43754eB5B7e5', 0, -30502, -105273), (-63684, 28290, 1676796680, 1, 10, 49240295815198408000, 44670880027580123000, 1, '0xc8529dE5603FF9D6FE9A77d43c27D3e7085B4E43', 1, -63795, 28074), (44604, -42606, 1676793300, 2, 10, 50446506206585461300, 2561383928571428400, 0, '0xc72B1b70e69D270544369132d53529e37Be87742', 0, 45967, -42153), (-7093, 67939, 1676796680, 1, 10, 55851098521653284200, 49331239628927302200, 1, '0x633462025cF12D347C0dF50B2114E65aa364f0a6', 1, -7053, 68807), (45772, -41684, 1676793510, 2, 10, 38928544490703406000, 1921037946428571600, 0, '0xc72B1b70e69D270544369132d53529e37Be87742', 0, 46376, -42206), (-8353, 67488, 1676796680, 1, 10, 47712597364086534900, 38504728557868923900, 1, '0x3662FA93E6C3bcB04B95e5dD7B1266AD9e8A9965', 1, -8308, 67448), (-65040, 30190, 1676796680, 1, 10, 49105657812321847200, 45579275478804057900, 1, '0xA4b1B07974bF67f04EC51bEcABF4aD62106B1Dd0', 1, -65147, 30274), (-65730, 30403, 1676796680, 1, 10, 45522348387704252900, 45522348387704252900, 0, '0x0fa9077350FC3Ee6924743e1AD9b735c657C455E', 1, -65730, 30403), (44910, -42214, 1676794022, 2, 10, 45357567859261598500, 1440778459821428600, 0, '0xc72B1b70e69D270544369132d53529e37Be87742', 0, 46084, -42343), (46653, -43446, 1676794224, 2, 10, 46801031283344447700, 1440778459821428400, 0, '0xc72B1b70e69D270544369132d53529e37Be87742', 0, 46071, -43504), (-66515, 32317, 1676796680, 1, 10, 45779230770597138400, 35141543251792404100, 1, '0x3662FA93E6C3bcB04B95e5dD7B1266AD9e8A9965', 1, -65940, 32246), (-9929, 68183, 1676796680, 1, 10, 49113164638542216900, 49113164638542216900, 1, '0x77B770ceB4b2537e52f4534Bb39e43754eB5B7e5', 1, -9929, 68183), (-1161, -77377, 1676796680, 1, 10, 49198149075773682200, 30308960734001953300, 0, '0xBa1CD5ded4B25dF273d435c969a01dc0B577c95c', 0, -6074, -79045), (-53587, 21899, 1676794515, 3, 1, 2174749802329934300, 2174749802329934300, 1, '0x036D6B4DA0b4Eeb9d312E958c2937D9016765F50', 1, -53587, 21899), (46114, -43007, 1676794747, 2, 10, 49257381883019951000, 720389229910714300, 0, '0xc72B1b70e69D270544369132d53529e37Be87742', 0, 43800, -42251), (-65103, 31044, 1676796680, 1, 10, 52803691027070259300, 52803691027070259300, 1, '0xA4b1B07974bF67f04EC51bEcABF4aD62106B1Dd0', 1, -65103, 31044), (-7133, 68237, 1676796680, 1, 10, 51353884931390702300, 51353884931390702300, 1, '0xa79160bC038C07678C145f1B5220be15bAdB13d7', 1, -7133, 68237), (-6784, -77245, 1676794839, 2, 10, 37120942877184944000, 11116130081534929400, 0, '0xc72B1b70e69D270544369132d53529e37Be87742', 0, -13571, -80616), (-20944, 84108, 1676795048, 3, 1, 1904857557130728500, 1904857557130728500, 0, '0xBa1CD5ded4B25dF273d435c969a01dc0B577c95c', 0, -20944, 84108), (-9245, 66276, 1676796680, 1, 10, 54114251491592745800, 35346202900406452800, 1, '0xd4aEDD30d11907e10B6353e59685BB7Efc14F55D', 1, -9182, 67975), (43606, -43351, 1676795260, 2, 10, 43150543963957769250, 180097307477678550, 0, '0xc72B1b70e69D270544369132d53529e37Be87742', 0, 8358, -75437), (-3226, -80397, 1676796680, 1, 10, 51458184646622126750, 31596865889325257750, 1, '0x77B770ceB4b2537e52f4534Bb39e43754eB5B7e5', 1, -7699, -82872), (-10847, 73152, 1676796680, 1, 10, 51055473495771626300, 38302295790237013300, 1, '0xA4b1B07974bF67f04EC51bEcABF4aD62106B1Dd0', 1, -11061, 70597), (-16877, -85132, 1676796680, 1, 10, 48581388795423813800, 48581388795423813800, 1, '0xBa1CD5ded4B25dF273d435c969a01dc0B577c95c', 1, -16877, -85132), (-11014, -76054, 1676796680, 1, 10, 39252850073780042500, 30825024992241038200, 0, '0xc72B1b70e69D270544369132d53529e37Be87742', 0, -11075, -76355), (-13223, -77953, 1676795740, 2, 10, 52252492041143854100, 22597615083803229600, 1, '0xc72B1b70e69D270544369132d53529e37Be87742', 0, -15318, -80654), (-61220, 61501, 1676795872, 2, 10, 51403694162592002600, 11800315932939428000, 0, '0xA4b1B07974bF67f04EC51bEcABF4aD62106B1Dd0', 0, -63404, 56561), (-12685, -79775, 1676796680, 1, 10, 42411298177874469900, 33016599601748340400, 1, '0xBa1CD5ded4B25dF273d435c969a01dc0B577c95c', 1, -12931, -81167), (7849, 85987, 1676795896, 2, 10, 50365702175005836800, 8199804528188879300, 0, '0x05d6edC4ff8ef40321aBCf7886Bc606ed13327b0', 0, 2737, 86125), (-8907, 69587, 1676796680, 1, 10, 49834544795769675300, 49834544795769675300, 1, '0xDA8d2BAde16dd8a6a0Eb5563F4216047b2b24294', 1, -8907, 69587), (8186, -76685, 1676795908, 3, 1, 830831495375216500, 830831495375216500, 0, '0xc72B1b70e69D270544369132d53529e37Be87742', 0, 8186, -76685), (6734, -74415, 1676795976, 3, 1, 830831495375216500, 830831495375216500, 0, '0xc72B1b70e69D270544369132d53529e37Be87742', 0, 6734, -74415), (7631, -76628, 1676796011, 3, 1, 830831495375216500, 830831495375216500, 0, '0xc72B1b70e69D270544369132d53529e37Be87742', 0, 7631, -76628), (6442, -75145, 1676796071, 3, 1, 830831495375216500, 830831495375216500, 0, '0xc72B1b70e69D270544369132d53529e37Be87742', 0, 6442, -75145), (8787, -75150, 1676796129, 3, 1, 830831495375216500, 830831495375216500, 0, '0xc72B1b70e69D270544369132d53529e37Be87742', 0, 8787, -75150), (-11033, -82056, 1676796680, 1, 10, 50495407545325394300, 50495407545325394300, 0, '0xc72B1b70e69D270544369132d53529e37Be87742', 0, -11033, -82056), (-27550, 73414, 1676796276, 3, 1, 3621349407497030300, 3621349407497030300, 0, '0xBa1CD5ded4B25dF273d435c969a01dc0B577c95c', 1, -27550, 73414), (-30509, -59408, 1676796350, 3, 1, 155733780215785270, 155733780215785270, 0, '0xDA8d2BAde16dd8a6a0Eb5563F4216047b2b24294', 0, -30509, -59408), (-9431, 64865, 1676796680, 1, 10, 51563427551668785700, 42096102786143363200, 1, '0x5c5f829C4c3E8C4AB97390cb053a456616c27Ea3', 1, -9554, 66165), (-6999, -79070, 1676796524, 0, 6, 27995780548986544500, 20124093992710696500, 0, '0xc72B1b70e69D270544369132d53529e37Be87742', 0, -12265, -80443), (-69664, 29660, 1676796596, 0, 3, 20775917836046103500, 20775917836046103500, 1, '0xA4b1B07974bF67f04EC51bEcABF4aD62106B1Dd0', 0, -69664, 29660), (-10303, 68588, 1676796598, 0, 5, 31083111094814832200, 31083111094814832200, 1, '0xa79160bC038C07678C145f1B5220be15bAdB13d7', 1, -10303, 68588)]
8 4670.02 [[-0.08048200050096435, 0.6295372924618768], [-0.14004676041617284, -0.7682818373220397], [-0.6171161105289689, 0.28985952474492416]] [(-58853, 34885, 1676796714, 1, 10, 50000000000000000000, 35000000000000000000, 1, '0x5c5f829C4c3E8C4AB97390cb053a456616c27Ea3', 0, -60987, 35376), (-61970, 29047, 1676796714, 1, 10, 47857142857142858000, 28571428571428572000, 1, '0x26CbcaC5281B6E159bc3e6C7400AF25fA46F246B', 1, -65533, 28514), (-66168, 29214, 1676796714, 1, 10, 48705357142857144000, 44151785714285715000, 1, '0xA4b1B07974bF67f04EC51bEcABF4aD62106B1Dd0', 1, -66154, 29294), (45490, -41768, 1676792189, 2, 10, 47395833333333332500, 5000000000000000000, 0, '0xc72B1b70e69D270544369132d53529e37Be87742', 0, 45512, -42787), (-6413, 64099, 1676796714, 1, 10, 48737599206349205000, 48737599206349205000, 1, '0x633462025cF12D347C0dF50B2114E65aa364f0a6', 0, -6413, 64099), (-65286, 30894, 1676796714, 1, 10, 49073454034391536000, 49073454034391536000, 1, '0x26CbcaC5281B6E159bc3e6C7400AF25fA46F246B', 1, -65286, 30894), (-38720, 54983, 1676792351, 2, 10, 49064980158730157500, 5662202380952381000, 0, '0x0fa9077350FC3Ee6924743e1AD9b735c657C455E', 0, -39006, 54962), (45647, -40318, 1676792489, 2, 10, 51381683798133452000, 4553571428571429000, 0, '0xc72B1b70e69D270544369132d53529e37Be87742', 0, 44702, -41234), (-10667, 69593, 1676796714, 1, 10, 52967923280423279000, 47684151785714285000, 1, '0xa79160bC038C07678C145f1B5220be15bAdB13d7', 1, -10613, 69546), (-9168, 64558, 1676796714, 1, 10, 49436705430629041900, 44006162505511463900, 1, '0x036D6B4DA0b4Eeb9d312E958c2937D9016765F50', 1, -9016, 64038), (-67210, 30832, 1676796714, 1, 10, 53370652131201418100, 53370652131201418100, 1, '0x0fa9077350FC3Ee6924743e1AD9b735c657C455E', 1, -67210, 30832), (-9442, 68746, 1676796714, 1, 10, 52193733886623065000, 47905097376849402000, 0, '0x05d6edC4ff8ef40321aBCf7886Bc606ed13327b0', 1, -9349, 68693), (-5645, 60493, 1676796714, 1, 10, 49648966479327931000, 40251121015160611000, 1, '0x77B770ceB4b2537e52f4534Bb39e43754eB5B7e5', 1, -6225, 62583), (43185, -42090, 1676793029, 2, 10, 54015769671939045500, 3415178571428571000, 0, '0xc72B1b70e69D270544369132d53529e37Be87742', 0, 43235, -41791), (-66307, 30351, 1676796714, 1, 10, 56144282795570109700, 56144282795570109700, 1, '0x3662FA93E6C3bcB04B95e5dD7B1266AD9e8A9965', 1, -66307, 30351), (-10150, 64919, 1676796714, 1, 10, 53019971728550711000, 43561283694404384500, 1, '0x036D6B4DA0b4Eeb9d312E958c2937D9016765F50', 1, -10296, 65769), (-32420, -110248, 1676793262, 2, 10, 46590466300053795000, 17204462052301800000, 0, '0x77B770ceB4b2537e52f4534Bb39e43754eB5B7e5', 0, -30502, -105273), (-63684, 28290, 1676796714, 1, 10, 49240295815198408000, 44670880027580123000, 1, '0xc8529dE5603FF9D6FE9A77d43c27D3e7085B4E43', 1, -63795, 28074), (44604, -42606, 1676793300, 2, 10, 50446506206585461300, 2561383928571428400, 0, '0xc72B1b70e69D270544369132d53529e37Be87742', 0, 45967, -42153), (-7093, 67939, 1676796714, 1, 10, 55851098521653284200, 49331239628927302200, 1, '0x633462025cF12D347C0dF50B2114E65aa364f0a6', 1, -7053, 68807), (45772, -41684, 1676793510, 2, 10, 38928544490703406000, 1921037946428571600, 0, '0xc72B1b70e69D270544369132d53529e37Be87742', 0, 46376, -42206), (-8353, 67488, 1676796714, 1, 10, 47712597364086534900, 38504728557868923900, 1, '0x3662FA93E6C3bcB04B95e5dD7B1266AD9e8A9965', 1, -8308, 67448), (-65040, 30190, 1676796714, 1, 10, 49105657812321847200, 45579275478804057900, 1, '0xA4b1B07974bF67f04EC51bEcABF4aD62106B1Dd0', 1, -65147, 30274), (-65730, 30403, 1676796714, 1, 10, 45522348387704252900, 45522348387704252900, 0, '0x0fa9077350FC3Ee6924743e1AD9b735c657C455E', 1, -65730, 30403), (44910, -42214, 1676794022, 2, 10, 45357567859261598500, 1440778459821428600, 0, '0xc72B1b70e69D270544369132d53529e37Be87742', 0, 46084, -42343), (46653, -43446, 1676794224, 2, 10, 46801031283344447700, 1440778459821428400, 0, '0xc72B1b70e69D270544369132d53529e37Be87742', 0, 46071, -43504), (-66515, 32317, 1676796714, 1, 10, 45779230770597138400, 35141543251792404100, 1, '0x3662FA93E6C3bcB04B95e5dD7B1266AD9e8A9965', 1, -65940, 32246), (-9929, 68183, 1676796714, 1, 10, 49113164638542216900, 49113164638542216900, 1, '0x77B770ceB4b2537e52f4534Bb39e43754eB5B7e5', 1, -9929, 68183), (-1161, -77377, 1676796714, 1, 10, 49198149075773682200, 30308960734001953300, 0, '0xBa1CD5ded4B25dF273d435c969a01dc0B577c95c', 0, -6074, -79045), (-53587, 21899, 1676794515, 3, 1, 2174749802329934300, 2174749802329934300, 1, '0x036D6B4DA0b4Eeb9d312E958c2937D9016765F50', 1, -53587, 21899), (46114, -43007, 1676794747, 2, 10, 49257381883019951000, 720389229910714300, 0, '0xc72B1b70e69D270544369132d53529e37Be87742', 0, 43800, -42251), (-65103, 31044, 1676796714, 1, 10, 52803691027070259300, 52803691027070259300, 1, '0xA4b1B07974bF67f04EC51bEcABF4aD62106B1Dd0', 1, -65103, 31044), (-7133, 68237, 1676796714, 1, 10, 51353884931390702300, 51353884931390702300, 1, '0xa79160bC038C07678C145f1B5220be15bAdB13d7', 1, -7133, 68237), (-6784, -77245, 1676794839, 2, 10, 37120942877184944000, 11116130081534929400, 0, '0xc72B1b70e69D270544369132d53529e37Be87742', 0, -13571, -80616), (-20944, 84108, 1676795048, 3, 1, 1904857557130728500, 1904857557130728500, 0, '0xBa1CD5ded4B25dF273d435c969a01dc0B577c95c', 0, -20944, 84108), (-9245, 66276, 1676796714, 1, 10, 54114251491592745800, 35346202900406452800, 1, '0xd4aEDD30d11907e10B6353e59685BB7Efc14F55D', 1, -9182, 67975), (43606, -43351, 1676795260, 2, 10, 43150543963957769250, 180097307477678550, 0, '0xc72B1b70e69D270544369132d53529e37Be87742', 0, 8358, -75437), (-3226, -80397, 1676796714, 1, 10, 51458184646622126750, 31596865889325257750, 1, '0x77B770ceB4b2537e52f4534Bb39e43754eB5B7e5', 1, -7699, -82872), (-10847, 73152, 1676796714, 1, 10, 51055473495771626300, 38302295790237013300, 1, '0xA4b1B07974bF67f04EC51bEcABF4aD62106B1Dd0', 1, -11061, 70597), (-16877, -85132, 1676796714, 1, 10, 48581388795423813800, 48581388795423813800, 1, '0xBa1CD5ded4B25dF273d435c969a01dc0B577c95c', 1, -16877, -85132), (-11014, -76054, 1676796714, 1, 10, 39252850073780042500, 30825024992241038200, 0, '0xc72B1b70e69D270544369132d53529e37Be87742', 0, -11075, -76355), (-13223, -77953, 1676795740, 2, 10, 52252492041143854100, 22597615083803229600, 1, '0xc72B1b70e69D270544369132d53529e37Be87742', 0, -15318, -80654), (-61220, 61501, 1676795872, 2, 10, 51403694162592002600, 11800315932939428000, 0, '0xA4b1B07974bF67f04EC51bEcABF4aD62106B1Dd0', 0, -63404, 56561), (-12685, -79775, 1676796714, 1, 10, 42411298177874469900, 33016599601748340400, 1, '0xBa1CD5ded4B25dF273d435c969a01dc0B577c95c', 1, -12931, -81167), (7849, 85987, 1676795896, 2, 10, 50365702175005836800, 8199804528188879300, 0, '0x05d6edC4ff8ef40321aBCf7886Bc606ed13327b0', 0, 2737, 86125), (-8907, 69587, 1676796714, 1, 10, 49834544795769675300, 49834544795769675300, 1, '0xDA8d2BAde16dd8a6a0Eb5563F4216047b2b24294', 1, -8907, 69587), (8186, -76685, 1676795908, 3, 1, 830831495375216500, 830831495375216500, 0, '0xc72B1b70e69D270544369132d53529e37Be87742', 0, 8186, -76685), (6734, -74415, 1676795976, 3, 1, 830831495375216500, 830831495375216500, 0, '0xc72B1b70e69D270544369132d53529e37Be87742', 0, 6734, -74415), (7631, -76628, 1676796011, 3, 1, 830831495375216500, 830831495375216500, 0, '0xc72B1b70e69D270544369132d53529e37Be87742', 0, 7631, -76628), (6442, -75145, 1676796071, 3, 1, 830831495375216500, 830831495375216500, 0, '0xc72B1b70e69D270544369132d53529e37Be87742', 0, 6442, -75145), (8787, -75150, 1676796129, 3, 1, 830831495375216500, 830831495375216500, 0, '0xc72B1b70e69D270544369132d53529e37Be87742', 0, 8787, -75150), (-11033, -82056, 1676796714, 1, 10, 50495407545325394300, 50495407545325394300, 0, '0xc72B1b70e69D270544369132d53529e37Be87742', 0, -11033, -82056), (-27550, 73414, 1676796276, 3, 1, 3621349407497030300, 3621349407497030300, 0, '0xBa1CD5ded4B25dF273d435c969a01dc0B577c95c', 1, -27550, 73414), (-30509, -59408, 1676796350, 3, 1, 155733780215785270, 155733780215785270, 0, '0xDA8d2BAde16dd8a6a0Eb5563F4216047b2b24294', 0, -30509, -59408), (-9431, 64865, 1676796714, 1, 10, 51563427551668785700, 42096102786143363200, 1, '0x5c5f829C4c3E8C4AB97390cb053a456616c27Ea3', 1, -9554, 66165), (-7658, -79504, 1676796524, 0, 7, 32019060118932042000, 24147373562656194000, 0, '0xc72B1b70e69D270544369132d53529e37Be87742', 0, -12261, -80790), (-68280, 30202, 1676796596, 0, 4, 27918253380296544500, 27918253380296544500, 1, '0xA4b1B07974bF67f04EC51bEcABF4aD62106B1Dd0', 0, -68280, 30202), (-11333, 68298, 1676796598, 0, 6, 33396690041210179200, 33396690041210179200, 1, '0xa79160bC038C07678C145f1B5220be15bAdB13d7', 1, -11333, 68298)]
8 4700.036 [[-0.08048200050096435, 0.6295372924618768], [-0.14004676041617284, -0.7682818373220397], [-0.6171161105289689, 0.28985952474492416]] [(-58853, 34885, 1676796746, 1, 10, 50000000000000000000, 35000000000000000000, 1, '0x5c5f829C4c3E8C4AB97390cb053a456616c27Ea3', 0, -60987, 35376), (-61970, 29047, 1676796746, 1, 10, 47857142857142858000, 28571428571428572000, 1, '0x26CbcaC5281B6E159bc3e6C7400AF25fA46F246B', 1, -65533, 28514), (-66168, 29214, 1676796746, 1, 10, 48705357142857144000, 44151785714285715000, 1, '0xA4b1B07974bF67f04EC51bEcABF4aD62106B1Dd0', 1, -66154, 29294), (45490, -41768, 1676792189, 2, 10, 47395833333333332500, 5000000000000000000, 0, '0xc72B1b70e69D270544369132d53529e37Be87742', 0, 45512, -42787), (-6413, 64099, 1676796746, 1, 10, 48737599206349205000, 48737599206349205000, 1, '0x633462025cF12D347C0dF50B2114E65aa364f0a6', 0, -6413, 64099), (-65286, 30894, 1676796746, 1, 10, 49073454034391536000, 49073454034391536000, 1, '0x26CbcaC5281B6E159bc3e6C7400AF25fA46F246B', 1, -65286, 30894), (-38720, 54983, 1676792351, 2, 10, 49064980158730157500, 5662202380952381000, 0, '0x0fa9077350FC3Ee6924743e1AD9b735c657C455E', 0, -39006, 54962), (45647, -40318, 1676792489, 2, 10, 51381683798133452000, 4553571428571429000, 0, '0xc72B1b70e69D270544369132d53529e37Be87742', 0, 44702, -41234), (-10667, 69593, 1676796746, 1, 10, 52967923280423279000, 47684151785714285000, 1, '0xa79160bC038C07678C145f1B5220be15bAdB13d7', 1, -10613, 69546), (-9168, 64558, 1676796746, 1, 10, 49436705430629041900, 44006162505511463900, 1, '0x036D6B4DA0b4Eeb9d312E958c2937D9016765F50', 1, -9016, 64038), (-67210, 30832, 1676796746, 1, 10, 53370652131201418100, 53370652131201418100, 1, '0x0fa9077350FC3Ee6924743e1AD9b735c657C455E', 1, -67210, 30832), (-9442, 68746, 1676796746, 1, 10, 52193733886623065000, 47905097376849402000, 0, '0x05d6edC4ff8ef40321aBCf7886Bc606ed13327b0', 1, -9349, 68693), (-5645, 60493, 1676796746, 1, 10, 49648966479327931000, 40251121015160611000, 1, '0x77B770ceB4b2537e52f4534Bb39e43754eB5B7e5', 1, -6225, 62583), (43185, -42090, 1676793029, 2, 10, 54015769671939045500, 3415178571428571000, 0, '0xc72B1b70e69D270544369132d53529e37Be87742', 0, 43235, -41791), (-66307, 30351, 1676796746, 1, 10, 56144282795570109700, 56144282795570109700, 1, '0x3662FA93E6C3bcB04B95e5dD7B1266AD9e8A9965', 1, -66307, 30351), (-10150, 64919, 1676796746, 1, 10, 53019971728550711000, 43561283694404384500, 1, '0x036D6B4DA0b4Eeb9d312E958c2937D9016765F50', 1, -10296, 65769), (-32420, -110248, 1676793262, 2, 10, 46590466300053795000, 17204462052301800000, 0, '0x77B770ceB4b2537e52f4534Bb39e43754eB5B7e5', 0, -30502, -105273), (-63684, 28290, 1676796746, 1, 10, 49240295815198408000, 44670880027580123000, 1, '0xc8529dE5603FF9D6FE9A77d43c27D3e7085B4E43', 1, -63795, 28074), (44604, -42606, 1676793300, 2, 10, 50446506206585461300, 2561383928571428400, 0, '0xc72B1b70e69D270544369132d53529e37Be87742', 0, 45967, -42153), (-7093, 67939, 1676796746, 1, 10, 55851098521653284200, 49331239628927302200, 1, '0x633462025cF12D347C0dF50B2114E65aa364f0a6', 1, -7053, 68807), (45772, -41684, 1676793510, 2, 10, 38928544490703406000, 1921037946428571600, 0, '0xc72B1b70e69D270544369132d53529e37Be87742', 0, 46376, -42206), (-8353, 67488, 1676796746, 1, 10, 47712597364086534900, 38504728557868923900, 1, '0x3662FA93E6C3bcB04B95e5dD7B1266AD9e8A9965', 1, -8308, 67448), (-65040, 30190, 1676796746, 1, 10, 49105657812321847200, 45579275478804057900, 1, '0xA4b1B07974bF67f04EC51bEcABF4aD62106B1Dd0', 1, -65147, 30274), (-65730, 30403, 1676796746, 1, 10, 45522348387704252900, 45522348387704252900, 0, '0x0fa9077350FC3Ee6924743e1AD9b735c657C455E', 1, -65730, 30403), (44910, -42214, 1676794022, 2, 10, 45357567859261598500, 1440778459821428600, 0, '0xc72B1b70e69D270544369132d53529e37Be87742', 0, 46084, -42343), (46653, -43446, 1676794224, 2, 10, 46801031283344447700, 1440778459821428400, 0, '0xc72B1b70e69D270544369132d53529e37Be87742', 0, 46071, -43504), (-66515, 32317, 1676796746, 1, 10, 45779230770597138400, 35141543251792404100, 1, '0x3662FA93E6C3bcB04B95e5dD7B1266AD9e8A9965', 1, -65940, 32246), (-9929, 68183, 1676796746, 1, 10, 49113164638542216900, 49113164638542216900, 1, '0x77B770ceB4b2537e52f4534Bb39e43754eB5B7e5', 1, -9929, 68183), (-1161, -77377, 1676796746, 1, 10, 49198149075773682200, 30308960734001953300, 0, '0xBa1CD5ded4B25dF273d435c969a01dc0B577c95c', 0, -6074, -79045), (-53587, 21899, 1676794515, 3, 1, 2174749802329934300, 2174749802329934300, 1, '0x036D6B4DA0b4Eeb9d312E958c2937D9016765F50', 1, -53587, 21899), (46114, -43007, 1676794747, 2, 10, 49257381883019951000, 720389229910714300, 0, '0xc72B1b70e69D270544369132d53529e37Be87742', 0, 43800, -42251), (-65103, 31044, 1676796746, 1, 10, 52803691027070259300, 52803691027070259300, 1, '0xA4b1B07974bF67f04EC51bEcABF4aD62106B1Dd0', 1, -65103, 31044), (-7133, 68237, 1676796746, 1, 10, 51353884931390702300, 51353884931390702300, 1, '0xa79160bC038C07678C145f1B5220be15bAdB13d7', 1, -7133, 68237), (-6784, -77245, 1676794839, 2, 10, 37120942877184944000, 11116130081534929400, 0, '0xc72B1b70e69D270544369132d53529e37Be87742', 0, -13571, -80616), (-20944, 84108, 1676795048, 3, 1, 1904857557130728500, 1904857557130728500, 0, '0xBa1CD5ded4B25dF273d435c969a01dc0B577c95c', 0, -20944, 84108), (-9245, 66276, 1676796746, 1, 10, 54114251491592745800, 35346202900406452800, 1, '0xd4aEDD30d11907e10B6353e59685BB7Efc14F55D', 1, -9182, 67975), (43606, -43351, 1676795260, 2, 10, 43150543963957769250, 180097307477678550, 0, '0xc72B1b70e69D270544369132d53529e37Be87742', 0, 8358, -75437), (-3226, -80397, 1676796746, 1, 10, 51458184646622126750, 31596865889325257750, 1, '0x77B770ceB4b2537e52f4534Bb39e43754eB5B7e5', 1, -7699, -82872), (-10847, 73152, 1676796746, 1, 10, 51055473495771626300, 38302295790237013300, 1, '0xA4b1B07974bF67f04EC51bEcABF4aD62106B1Dd0', 1, -11061, 70597), (-16877, -85132, 1676796746, 1, 10, 48581388795423813800, 48581388795423813800, 1, '0xBa1CD5ded4B25dF273d435c969a01dc0B577c95c', 1, -16877, -85132), (-11014, -76054, 1676796746, 1, 10, 39252850073780042500, 30825024992241038200, 0, '0xc72B1b70e69D270544369132d53529e37Be87742', 0, -11075, -76355), (-13223, -77953, 1676795740, 2, 10, 52252492041143854100, 22597615083803229600, 1, '0xc72B1b70e69D270544369132d53529e37Be87742', 0, -15318, -80654), (-61220, 61501, 1676795872, 2, 10, 51403694162592002600, 11800315932939428000, 0, '0xA4b1B07974bF67f04EC51bEcABF4aD62106B1Dd0', 0, -63404, 56561), (-12685, -79775, 1676796746, 1, 10, 42411298177874469900, 33016599601748340400, 1, '0xBa1CD5ded4B25dF273d435c969a01dc0B577c95c', 1, -12931, -81167), (7849, 85987, 1676795896, 2, 10, 50365702175005836800, 8199804528188879300, 0, '0x05d6edC4ff8ef40321aBCf7886Bc606ed13327b0', 0, 2737, 86125), (-8907, 69587, 1676796746, 1, 10, 49834544795769675300, 49834544795769675300, 1, '0xDA8d2BAde16dd8a6a0Eb5563F4216047b2b24294', 1, -8907, 69587), (8186, -76685, 1676795908, 3, 1, 830831495375216500, 830831495375216500, 0, '0xc72B1b70e69D270544369132d53529e37Be87742', 0, 8186, -76685), (6734, -74415, 1676795976, 3, 1, 830831495375216500, 830831495375216500, 0, '0xc72B1b70e69D270544369132d53529e37Be87742', 0, 6734, -74415), (7631, -76628, 1676796011, 3, 1, 830831495375216500, 830831495375216500, 0, '0xc72B1b70e69D270544369132d53529e37Be87742', 0, 7631, -76628), (6442, -75145, 1676796071, 3, 1, 830831495375216500, 830831495375216500, 0, '0xc72B1b70e69D270544369132d53529e37Be87742', 0, 6442, -75145), (8787, -75150, 1676796129, 3, 1, 830831495375216500, 830831495375216500, 0, '0xc72B1b70e69D270544369132d53529e37Be87742', 0, 8787, -75150), (-11033, -82056, 1676796746, 1, 10, 50495407545325394300, 50495407545325394300, 0, '0xc72B1b70e69D270544369132d53529e37Be87742', 0, -11033, -82056), (-27550, 73414, 1676796276, 3, 1, 3621349407497030300, 3621349407497030300, 0, '0xBa1CD5ded4B25dF273d435c969a01dc0B577c95c', 1, -27550, 73414), (-30509, -59408, 1676796350, 3, 1, 155733780215785270, 155733780215785270, 0, '0xDA8d2BAde16dd8a6a0Eb5563F4216047b2b24294', 0, -30509, -59408), (-9431, 64865, 1676796746, 1, 10, 51563427551668785700, 42096102786143363200, 1, '0x5c5f829C4c3E8C4AB97390cb053a456616c27Ea3', 1, -9554, 66165), (-8207, -79711, 1676796524, 0, 8, 36668934093998826000, 28797247537722978000, 0, '0xc72B1b70e69D270544369132d53529e37Be87742', 0, -12545, -80654), (-67279, 31896, 1676796596, 0, 6, 36043109181977703400, 36043109181977703400, 1, '0xA4b1B07974bF67f04EC51bEcABF4aD62106B1Dd0', 0, -67279, 31896), (-11333, 68298, 1676796598, 0, 6, 33396690041210179200, 33396690041210179200, 1, '0xa79160bC038C07678C145f1B5220be15bAdB13d7', 1, -11333, 68298)]
8 4730.131 [[-0.08048200050096435, 0.6295372924618768], [-0.14004676041617284, -0.7682818373220397], [-0.6171161105289689, 0.28985952474492416]] [(-58853, 34885, 1676796770, 1, 10, 50000000000000000000, 35000000000000000000, 1, '0x5c5f829C4c3E8C4AB97390cb053a456616c27Ea3', 0, -60987, 35376), (-61970, 29047, 1676796770, 1, 10, 47857142857142858000, 28571428571428572000, 1, '0x26CbcaC5281B6E159bc3e6C7400AF25fA46F246B', 1, -65533, 28514), (-66168, 29214, 1676796770, 1, 10, 48705357142857144000, 44151785714285715000, 1, '0xA4b1B07974bF67f04EC51bEcABF4aD62106B1Dd0', 1, -66154, 29294), (45490, -41768, 1676792189, 2, 10, 47395833333333332500, 5000000000000000000, 0, '0xc72B1b70e69D270544369132d53529e37Be87742', 0, 45512, -42787), (-6413, 64099, 1676796770, 1, 10, 48737599206349205000, 48737599206349205000, 1, '0x633462025cF12D347C0dF50B2114E65aa364f0a6', 0, -6413, 64099), (-65286, 30894, 1676796770, 1, 10, 49073454034391536000, 49073454034391536000, 1, '0x26CbcaC5281B6E159bc3e6C7400AF25fA46F246B', 1, -65286, 30894), (-38720, 54983, 1676792351, 2, 10, 49064980158730157500, 5662202380952381000, 0, '0x0fa9077350FC3Ee6924743e1AD9b735c657C455E', 0, -39006, 54962), (45647, -40318, 1676792489, 2, 10, 51381683798133452000, 4553571428571429000, 0, '0xc72B1b70e69D270544369132d53529e37Be87742', 0, 44702, -41234), (-10667, 69593, 1676796770, 1, 10, 52967923280423279000, 47684151785714285000, 1, '0xa79160bC038C07678C145f1B5220be15bAdB13d7', 1, -10613, 69546), (-9168, 64558, 1676796770, 1, 10, 49436705430629041900, 44006162505511463900, 1, '0x036D6B4DA0b4Eeb9d312E958c2937D9016765F50', 1, -9016, 64038), (-67210, 30832, 1676796770, 1, 10, 53370652131201418100, 53370652131201418100, 1, '0x0fa9077350FC3Ee6924743e1AD9b735c657C455E', 1, -67210, 30832), (-9442, 68746, 1676796770, 1, 10, 52193733886623065000, 47905097376849402000, 0, '0x05d6edC4ff8ef40321aBCf7886Bc606ed13327b0', 1, -9349, 68693), (-5645, 60493, 1676796770, 1, 10, 49648966479327931000, 40251121015160611000, 1, '0x77B770ceB4b2537e52f4534Bb39e43754eB5B7e5', 1, -6225, 62583), (43185, -42090, 1676793029, 2, 10, 54015769671939045500, 3415178571428571000, 0, '0xc72B1b70e69D270544369132d53529e37Be87742', 0, 43235, -41791), (-66307, 30351, 1676796770, 1, 10, 56144282795570109700, 56144282795570109700, 1, '0x3662FA93E6C3bcB04B95e5dD7B1266AD9e8A9965', 1, -66307, 30351), (-10150, 64919, 1676796770, 1, 10, 53019971728550711000, 43561283694404384500, 1, '0x036D6B4DA0b4Eeb9d312E958c2937D9016765F50', 1, -10296, 65769), (-32420, -110248, 1676793262, 2, 10, 46590466300053795000, 17204462052301800000, 0, '0x77B770ceB4b2537e52f4534Bb39e43754eB5B7e5', 0, -30502, -105273), (-63684, 28290, 1676796770, 1, 10, 49240295815198408000, 44670880027580123000, 1, '0xc8529dE5603FF9D6FE9A77d43c27D3e7085B4E43', 1, -63795, 28074), (44604, -42606, 1676793300, 2, 10, 50446506206585461300, 2561383928571428400, 0, '0xc72B1b70e69D270544369132d53529e37Be87742', 0, 45967, -42153), (-7093, 67939, 1676796770, 1, 10, 55851098521653284200, 49331239628927302200, 1, '0x633462025cF12D347C0dF50B2114E65aa364f0a6', 1, -7053, 68807), (45772, -41684, 1676793510, 2, 10, 38928544490703406000, 1921037946428571600, 0, '0xc72B1b70e69D270544369132d53529e37Be87742', 0, 46376, -42206), (-8353, 67488, 1676796770, 1, 10, 47712597364086534900, 38504728557868923900, 1, '0x3662FA93E6C3bcB04B95e5dD7B1266AD9e8A9965', 1, -8308, 67448), (-65040, 30190, 1676796770, 1, 10, 49105657812321847200, 45579275478804057900, 1, '0xA4b1B07974bF67f04EC51bEcABF4aD62106B1Dd0', 1, -65147, 30274), (-65730, 30403, 1676796770, 1, 10, 45522348387704252900, 45522348387704252900, 0, '0x0fa9077350FC3Ee6924743e1AD9b735c657C455E', 1, -65730, 30403), (44910, -42214, 1676794022, 2, 10, 45357567859261598500, 1440778459821428600, 0, '0xc72B1b70e69D270544369132d53529e37Be87742', 0, 46084, -42343), (46653, -43446, 1676794224, 2, 10, 46801031283344447700, 1440778459821428400, 0, '0xc72B1b70e69D270544369132d53529e37Be87742', 0, 46071, -43504), (-66515, 32317, 1676796770, 1, 10, 45779230770597138400, 35141543251792404100, 1, '0x3662FA93E6C3bcB04B95e5dD7B1266AD9e8A9965', 1, -65940, 32246), (-9929, 68183, 1676796770, 1, 10, 49113164638542216900, 49113164638542216900, 1, '0x77B770ceB4b2537e52f4534Bb39e43754eB5B7e5', 1, -9929, 68183), (-1161, -77377, 1676796770, 1, 10, 49198149075773682200, 30308960734001953300, 0, '0xBa1CD5ded4B25dF273d435c969a01dc0B577c95c', 0, -6074, -79045), (-53587, 21899, 1676794515, 3, 1, 2174749802329934300, 2174749802329934300, 1, '0x036D6B4DA0b4Eeb9d312E958c2937D9016765F50', 1, -53587, 21899), (46114, -43007, 1676794747, 2, 10, 49257381883019951000, 720389229910714300, 0, '0xc72B1b70e69D270544369132d53529e37Be87742', 0, 43800, -42251), (-65103, 31044, 1676796770, 1, 10, 52803691027070259300, 52803691027070259300, 1, '0xA4b1B07974bF67f04EC51bEcABF4aD62106B1Dd0', 1, -65103, 31044), (-7133, 68237, 1676796770, 1, 10, 51353884931390702300, 51353884931390702300, 1, '0xa79160bC038C07678C145f1B5220be15bAdB13d7', 1, -7133, 68237), (-6784, -77245, 1676794839, 2, 10, 37120942877184944000, 11116130081534929400, 0, '0xc72B1b70e69D270544369132d53529e37Be87742', 0, -13571, -80616), (-20944, 84108, 1676795048, 3, 1, 1904857557130728500, 1904857557130728500, 0, '0xBa1CD5ded4B25dF273d435c969a01dc0B577c95c', 0, -20944, 84108), (-9245, 66276, 1676796770, 1, 10, 54114251491592745800, 35346202900406452800, 1, '0xd4aEDD30d11907e10B6353e59685BB7Efc14F55D', 1, -9182, 67975), (43606, -43351, 1676795260, 2, 10, 43150543963957769250, 180097307477678550, 0, '0xc72B1b70e69D270544369132d53529e37Be87742', 0, 8358, -75437), (-3226, -80397, 1676796770, 1, 10, 51458184646622126750, 31596865889325257750, 1, '0x77B770ceB4b2537e52f4534Bb39e43754eB5B7e5', 1, -7699, -82872), (-10847, 73152, 1676796770, 1, 10, 51055473495771626300, 38302295790237013300, 1, '0xA4b1B07974bF67f04EC51bEcABF4aD62106B1Dd0', 1, -11061, 70597), (-16877, -85132, 1676796770, 1, 10, 48581388795423813800, 48581388795423813800, 1, '0xBa1CD5ded4B25dF273d435c969a01dc0B577c95c', 1, -16877, -85132), (-11014, -76054, 1676796770, 1, 10, 39252850073780042500, 30825024992241038200, 0, '0xc72B1b70e69D270544369132d53529e37Be87742', 0, -11075, -76355), (-13223, -77953, 1676795740, 2, 10, 52252492041143854100, 22597615083803229600, 1, '0xc72B1b70e69D270544369132d53529e37Be87742', 0, -15318, -80654), (-61220, 61501, 1676795872, 2, 10, 51403694162592002600, 11800315932939428000, 0, '0xA4b1B07974bF67f04EC51bEcABF4aD62106B1Dd0', 0, -63404, 56561), (-12685, -79775, 1676796770, 1, 10, 42411298177874469900, 33016599601748340400, 1, '0xBa1CD5ded4B25dF273d435c969a01dc0B577c95c', 1, -12931, -81167), (7849, 85987, 1676795896, 2, 10, 50365702175005836800, 8199804528188879300, 0, '0x05d6edC4ff8ef40321aBCf7886Bc606ed13327b0', 0, 2737, 86125), (-8907, 69587, 1676796770, 1, 10, 49834544795769675300, 49834544795769675300, 1, '0xDA8d2BAde16dd8a6a0Eb5563F4216047b2b24294', 1, -8907, 69587), (8186, -76685, 1676795908, 3, 1, 830831495375216500, 830831495375216500, 0, '0xc72B1b70e69D270544369132d53529e37Be87742', 0, 8186, -76685), (6734, -74415, 1676795976, 3, 1, 830831495375216500, 830831495375216500, 0, '0xc72B1b70e69D270544369132d53529e37Be87742', 0, 6734, -74415), (7631, -76628, 1676796011, 3, 1, 830831495375216500, 830831495375216500, 0, '0xc72B1b70e69D270544369132d53529e37Be87742', 0, 7631, -76628), (6442, -75145, 1676796071, 3, 1, 830831495375216500, 830831495375216500, 0, '0xc72B1b70e69D270544369132d53529e37Be87742', 0, 6442, -75145), (8787, -75150, 1676796129, 3, 1, 830831495375216500, 830831495375216500, 0, '0xc72B1b70e69D270544369132d53529e37Be87742', 0, 8787, -75150), (-11033, -82056, 1676796770, 1, 10, 50495407545325394300, 50495407545325394300, 0, '0xc72B1b70e69D270544369132d53529e37Be87742', 0, -11033, -82056), (-27550, 73414, 1676796276, 3, 1, 3621349407497030300, 3621349407497030300, 0, '0xBa1CD5ded4B25dF273d435c969a01dc0B577c95c', 1, -27550, 73414), (-30509, -59408, 1676796350, 3, 1, 155733780215785270, 155733780215785270, 0, '0xDA8d2BAde16dd8a6a0Eb5563F4216047b2b24294', 0, -30509, -59408), (-9431, 64865, 1676796770, 1, 10, 51563427551668785700, 42096102786143363200, 1, '0x5c5f829C4c3E8C4AB97390cb053a456616c27Ea3', 1, -9554, 66165), (-8250, -81141, 1676796524, 0, 9, 40767264498839802500, 32895577942563954500, 0, '0xc72B1b70e69D270544369132d53529e37Be87742', 0, -11827, -82237), (-66905, 31772, 1676796596, 0, 7, 41115635918248294400, 41115635918248294400, 1, '0xA4b1B07974bF67f04EC51bEcABF4aD62106B1Dd0', 0, -66905, 31772), (-9677, 67200, 1676796598, 0, 6, 33396690041210179200, 33396690041210179200, 1, '0xa79160bC038C07678C145f1B5220be15bAdB13d7', 1, -9677, 67200)]
8 4760.225 [[-0.08048200050096435, 0.6295372924618768], [-0.14004676041617284, -0.7682818373220397], [-0.6171161105289689, 0.28985952474492416]] [(-58853, 34885, 1676796804, 1, 10, 50000000000000000000, 35000000000000000000, 1, '0x5c5f829C4c3E8C4AB97390cb053a456616c27Ea3', 0, -60987, 35376), (-61970, 29047, 1676796804, 1, 10, 47857142857142858000, 28571428571428572000, 1, '0x26CbcaC5281B6E159bc3e6C7400AF25fA46F246B', 1, -65533, 28514), (-66168, 29214, 1676796804, 1, 10, 48705357142857144000, 44151785714285715000, 1, '0xA4b1B07974bF67f04EC51bEcABF4aD62106B1Dd0', 1, -66154, 29294), (45490, -41768, 1676792189, 2, 10, 47395833333333332500, 5000000000000000000, 0, '0xc72B1b70e69D270544369132d53529e37Be87742', 0, 45512, -42787), (-6413, 64099, 1676796804, 1, 10, 48737599206349205000, 48737599206349205000, 1, '0x633462025cF12D347C0dF50B2114E65aa364f0a6', 0, -6413, 64099), (-65286, 30894, 1676796804, 1, 10, 49073454034391536000, 49073454034391536000, 1, '0x26CbcaC5281B6E159bc3e6C7400AF25fA46F246B', 1, -65286, 30894), (-38720, 54983, 1676792351, 2, 10, 49064980158730157500, 5662202380952381000, 0, '0x0fa9077350FC3Ee6924743e1AD9b735c657C455E', 0, -39006, 54962), (45647, -40318, 1676792489, 2, 10, 51381683798133452000, 4553571428571429000, 0, '0xc72B1b70e69D270544369132d53529e37Be87742', 0, 44702, -41234), (-10667, 69593, 1676796804, 1, 10, 52967923280423279000, 47684151785714285000, 1, '0xa79160bC038C07678C145f1B5220be15bAdB13d7', 1, -10613, 69546), (-9168, 64558, 1676796804, 1, 10, 49436705430629041900, 44006162505511463900, 1, '0x036D6B4DA0b4Eeb9d312E958c2937D9016765F50', 1, -9016, 64038), (-67210, 30832, 1676796804, 1, 10, 53370652131201418100, 53370652131201418100, 1, '0x0fa9077350FC3Ee6924743e1AD9b735c657C455E', 1, -67210, 30832), (-9442, 68746, 1676796804, 1, 10, 52193733886623065000, 47905097376849402000, 0, '0x05d6edC4ff8ef40321aBCf7886Bc606ed13327b0', 1, -9349, 68693), (-5645, 60493, 1676796804, 1, 10, 49648966479327931000, 40251121015160611000, 1, '0x77B770ceB4b2537e52f4534Bb39e43754eB5B7e5', 1, -6225, 62583), (43185, -42090, 1676793029, 2, 10, 54015769671939045500, 3415178571428571000, 0, '0xc72B1b70e69D270544369132d53529e37Be87742', 0, 43235, -41791), (-66307, 30351, 1676796804, 1, 10, 56144282795570109700, 56144282795570109700, 1, '0x3662FA93E6C3bcB04B95e5dD7B1266AD9e8A9965', 1, -66307, 30351), (-10150, 64919, 1676796804, 1, 10, 53019971728550711000, 43561283694404384500, 1, '0x036D6B4DA0b4Eeb9d312E958c2937D9016765F50', 1, -10296, 65769), (-32420, -110248, 1676793262, 2, 10, 46590466300053795000, 17204462052301800000, 0, '0x77B770ceB4b2537e52f4534Bb39e43754eB5B7e5', 0, -30502, -105273), (-63684, 28290, 1676796804, 1, 10, 49240295815198408000, 44670880027580123000, 1, '0xc8529dE5603FF9D6FE9A77d43c27D3e7085B4E43', 1, -63795, 28074), (44604, -42606, 1676793300, 2, 10, 50446506206585461300, 2561383928571428400, 0, '0xc72B1b70e69D270544369132d53529e37Be87742', 0, 45967, -42153), (-7093, 67939, 1676796804, 1, 10, 55851098521653284200, 49331239628927302200, 1, '0x633462025cF12D347C0dF50B2114E65aa364f0a6', 1, -7053, 68807), (45772, -41684, 1676793510, 2, 10, 38928544490703406000, 1921037946428571600, 0, '0xc72B1b70e69D270544369132d53529e37Be87742', 0, 46376, -42206), (-8353, 67488, 1676796804, 1, 10, 47712597364086534900, 38504728557868923900, 1, '0x3662FA93E6C3bcB04B95e5dD7B1266AD9e8A9965', 1, -8308, 67448), (-65040, 30190, 1676796804, 1, 10, 49105657812321847200, 45579275478804057900, 1, '0xA4b1B07974bF67f04EC51bEcABF4aD62106B1Dd0', 1, -65147, 30274), (-65730, 30403, 1676796804, 1, 10, 45522348387704252900, 45522348387704252900, 0, '0x0fa9077350FC3Ee6924743e1AD9b735c657C455E', 1, -65730, 30403), (44910, -42214, 1676794022, 2, 10, 45357567859261598500, 1440778459821428600, 0, '0xc72B1b70e69D270544369132d53529e37Be87742', 0, 46084, -42343), (46653, -43446, 1676794224, 2, 10, 46801031283344447700, 1440778459821428400, 0, '0xc72B1b70e69D270544369132d53529e37Be87742', 0, 46071, -43504), (-66515, 32317, 1676796804, 1, 10, 45779230770597138400, 35141543251792404100, 1, '0x3662FA93E6C3bcB04B95e5dD7B1266AD9e8A9965', 1, -65940, 32246), (-9929, 68183, 1676796804, 1, 10, 49113164638542216900, 49113164638542216900, 1, '0x77B770ceB4b2537e52f4534Bb39e43754eB5B7e5', 1, -9929, 68183), (-1161, -77377, 1676796804, 1, 10, 49198149075773682200, 30308960734001953300, 0, '0xBa1CD5ded4B25dF273d435c969a01dc0B577c95c', 0, -6074, -79045), (-53587, 21899, 1676794515, 3, 1, 2174749802329934300, 2174749802329934300, 1, '0x036D6B4DA0b4Eeb9d312E958c2937D9016765F50', 1, -53587, 21899), (46114, -43007, 1676794747, 2, 10, 49257381883019951000, 720389229910714300, 0, '0xc72B1b70e69D270544369132d53529e37Be87742', 0, 43800, -42251), (-65103, 31044, 1676796804, 1, 10, 52803691027070259300, 52803691027070259300, 1, '0xA4b1B07974bF67f04EC51bEcABF4aD62106B1Dd0', 1, -65103, 31044), (-7133, 68237, 1676796804, 1, 10, 51353884931390702300, 51353884931390702300, 1, '0xa79160bC038C07678C145f1B5220be15bAdB13d7', 1, -7133, 68237), (-6784, -77245, 1676794839, 2, 10, 37120942877184944000, 11116130081534929400, 0, '0xc72B1b70e69D270544369132d53529e37Be87742', 0, -13571, -80616), (-20944, 84108, 1676795048, 3, 1, 1904857557130728500, 1904857557130728500, 0, '0xBa1CD5ded4B25dF273d435c969a01dc0B577c95c', 0, -20944, 84108), (-9245, 66276, 1676796804, 1, 10, 54114251491592745800, 35346202900406452800, 1, '0xd4aEDD30d11907e10B6353e59685BB7Efc14F55D', 1, -9182, 67975), (43606, -43351, 1676795260, 2, 10, 43150543963957769250, 180097307477678550, 0, '0xc72B1b70e69D270544369132d53529e37Be87742', 0, 8358, -75437), (-3226, -80397, 1676796804, 1, 10, 51458184646622126750, 31596865889325257750, 1, '0x77B770ceB4b2537e52f4534Bb39e43754eB5B7e5', 1, -7699, -82872), (-10847, 73152, 1676796804, 1, 10, 51055473495771626300, 38302295790237013300, 1, '0xA4b1B07974bF67f04EC51bEcABF4aD62106B1Dd0', 1, -11061, 70597), (-16877, -85132, 1676796804, 1, 10, 48581388795423813800, 48581388795423813800, 1, '0xBa1CD5ded4B25dF273d435c969a01dc0B577c95c', 1, -16877, -85132), (-11014, -76054, 1676796804, 1, 10, 39252850073780042500, 30825024992241038200, 0, '0xc72B1b70e69D270544369132d53529e37Be87742', 0, -11075, -76355), (-13223, -77953, 1676795740, 2, 10, 52252492041143854100, 22597615083803229600, 1, '0xc72B1b70e69D270544369132d53529e37Be87742', 0, -15318, -80654), (-61220, 61501, 1676795872, 2, 10, 51403694162592002600, 11800315932939428000, 0, '0xA4b1B07974bF67f04EC51bEcABF4aD62106B1Dd0', 0, -63404, 56561), (-12685, -79775, 1676796804, 1, 10, 42411298177874469900, 33016599601748340400, 1, '0xBa1CD5ded4B25dF273d435c969a01dc0B577c95c', 1, -12931, -81167), (7849, 85987, 1676795896, 2, 10, 50365702175005836800, 8199804528188879300, 0, '0x05d6edC4ff8ef40321aBCf7886Bc606ed13327b0', 0, 2737, 86125), (-8907, 69587, 1676796804, 1, 10, 49834544795769675300, 49834544795769675300, 1, '0xDA8d2BAde16dd8a6a0Eb5563F4216047b2b24294', 1, -8907, 69587), (8186, -76685, 1676795908, 3, 1, 830831495375216500, 830831495375216500, 0, '0xc72B1b70e69D270544369132d53529e37Be87742', 0, 8186, -76685), (6734, -74415, 1676795976, 3, 1, 830831495375216500, 830831495375216500, 0, '0xc72B1b70e69D270544369132d53529e37Be87742', 0, 6734, -74415), (7631, -76628, 1676796011, 3, 1, 830831495375216500, 830831495375216500, 0, '0xc72B1b70e69D270544369132d53529e37Be87742', 0, 7631, -76628), (6442, -75145, 1676796071, 3, 1, 830831495375216500, 830831495375216500, 0, '0xc72B1b70e69D270544369132d53529e37Be87742', 0, 6442, -75145), (8787, -75150, 1676796129, 3, 1, 830831495375216500, 830831495375216500, 0, '0xc72B1b70e69D270544369132d53529e37Be87742', 0, 8787, -75150), (-11033, -82056, 1676796804, 1, 10, 50495407545325394300, 50495407545325394300, 0, '0xc72B1b70e69D270544369132d53529e37Be87742', 0, -11033, -82056), (-27550, 73414, 1676796276, 3, 1, 3621349407497030300, 3621349407497030300, 0, '0xBa1CD5ded4B25dF273d435c969a01dc0B577c95c', 1, -27550, 73414), (-30509, -59408, 1676796350, 3, 1, 155733780215785270, 155733780215785270, 0, '0xDA8d2BAde16dd8a6a0Eb5563F4216047b2b24294', 0, -30509, -59408), (-9431, 64865, 1676796804, 1, 10, 51563427551668785700, 42096102786143363200, 1, '0x5c5f829C4c3E8C4AB97390cb053a456616c27Ea3', 1, -9554, 66165), (-8250, -81141, 1676796524, 0, 9, 40767264498839802500, 32895577942563954500, 0, '0xc72B1b70e69D270544369132d53529e37Be87742', 0, -11827, -82237), (-67168, 31650, 1676796596, 0, 8, 45138915488193791900, 45138915488193791900, 1, '0xA4b1B07974bF67f04EC51bEcABF4aD62106B1Dd0', 0, -67168, 31650), (-9716, 67208, 1676796598, 0, 7, 35899836458232812600, 33396690041210179200, 1, '0xa79160bC038C07678C145f1B5220be15bAdB13d7', 1, -9677, 67200)]
8 4790.297 [[-0.08048200050096435, 0.6295372924618768], [-0.14004676041617284, -0.7682818373220397], [-0.6171161105289689, 0.28985952474492416]] [(-58853, 34885, 1676796834, 1, 10, 50000000000000000000, 35000000000000000000, 1, '0x5c5f829C4c3E8C4AB97390cb053a456616c27Ea3', 0, -60987, 35376), (-61970, 29047, 1676796834, 1, 10, 47857142857142858000, 28571428571428572000, 1, '0x26CbcaC5281B6E159bc3e6C7400AF25fA46F246B', 1, -65533, 28514), (-66168, 29214, 1676796834, 1, 10, 48705357142857144000, 44151785714285715000, 1, '0xA4b1B07974bF67f04EC51bEcABF4aD62106B1Dd0', 1, -66154, 29294), (45490, -41768, 1676792189, 2, 10, 47395833333333332500, 5000000000000000000, 0, '0xc72B1b70e69D270544369132d53529e37Be87742', 0, 45512, -42787), (-6413, 64099, 1676796834, 1, 10, 48737599206349205000, 48737599206349205000, 1, '0x633462025cF12D347C0dF50B2114E65aa364f0a6', 0, -6413, 64099), (-65286, 30894, 1676796834, 1, 10, 49073454034391536000, 49073454034391536000, 1, '0x26CbcaC5281B6E159bc3e6C7400AF25fA46F246B', 1, -65286, 30894), (-38720, 54983, 1676792351, 2, 10, 49064980158730157500, 5662202380952381000, 0, '0x0fa9077350FC3Ee6924743e1AD9b735c657C455E', 0, -39006, 54962), (45647, -40318, 1676792489, 2, 10, 51381683798133452000, 4553571428571429000, 0, '0xc72B1b70e69D270544369132d53529e37Be87742', 0, 44702, -41234), (-10667, 69593, 1676796834, 1, 10, 52967923280423279000, 47684151785714285000, 1, '0xa79160bC038C07678C145f1B5220be15bAdB13d7', 1, -10613, 69546), (-9168, 64558, 1676796834, 1, 10, 49436705430629041900, 44006162505511463900, 1, '0x036D6B4DA0b4Eeb9d312E958c2937D9016765F50', 1, -9016, 64038), (-67210, 30832, 1676796834, 1, 10, 53370652131201418100, 53370652131201418100, 1, '0x0fa9077350FC3Ee6924743e1AD9b735c657C455E', 1, -67210, 30832), (-9442, 68746, 1676796834, 1, 10, 52193733886623065000, 47905097376849402000, 0, '0x05d6edC4ff8ef40321aBCf7886Bc606ed13327b0', 1, -9349, 68693), (-5645, 60493, 1676796834, 1, 10, 49648966479327931000, 40251121015160611000, 1, '0x77B770ceB4b2537e52f4534Bb39e43754eB5B7e5', 1, -6225, 62583), (43185, -42090, 1676793029, 2, 10, 54015769671939045500, 3415178571428571000, 0, '0xc72B1b70e69D270544369132d53529e37Be87742', 0, 43235, -41791), (-66307, 30351, 1676796834, 1, 10, 56144282795570109700, 56144282795570109700, 1, '0x3662FA93E6C3bcB04B95e5dD7B1266AD9e8A9965', 1, -66307, 30351), (-10150, 64919, 1676796834, 1, 10, 53019971728550711000, 43561283694404384500, 1, '0x036D6B4DA0b4Eeb9d312E958c2937D9016765F50', 1, -10296, 65769), (-32420, -110248, 1676793262, 2, 10, 46590466300053795000, 17204462052301800000, 0, '0x77B770ceB4b2537e52f4534Bb39e43754eB5B7e5', 0, -30502, -105273), (-63684, 28290, 1676796834, 1, 10, 49240295815198408000, 44670880027580123000, 1, '0xc8529dE5603FF9D6FE9A77d43c27D3e7085B4E43', 1, -63795, 28074), (44604, -42606, 1676793300, 2, 10, 50446506206585461300, 2561383928571428400, 0, '0xc72B1b70e69D270544369132d53529e37Be87742', 0, 45967, -42153), (-7093, 67939, 1676796834, 1, 10, 55851098521653284200, 49331239628927302200, 1, '0x633462025cF12D347C0dF50B2114E65aa364f0a6', 1, -7053, 68807), (45772, -41684, 1676793510, 2, 10, 38928544490703406000, 1921037946428571600, 0, '0xc72B1b70e69D270544369132d53529e37Be87742', 0, 46376, -42206), (-8353, 67488, 1676796834, 1, 10, 47712597364086534900, 38504728557868923900, 1, '0x3662FA93E6C3bcB04B95e5dD7B1266AD9e8A9965', 1, -8308, 67448), (-65040, 30190, 1676796834, 1, 10, 49105657812321847200, 45579275478804057900, 1, '0xA4b1B07974bF67f04EC51bEcABF4aD62106B1Dd0', 1, -65147, 30274), (-65730, 30403, 1676796834, 1, 10, 45522348387704252900, 45522348387704252900, 0, '0x0fa9077350FC3Ee6924743e1AD9b735c657C455E', 1, -65730, 30403), (44910, -42214, 1676794022, 2, 10, 45357567859261598500, 1440778459821428600, 0, '0xc72B1b70e69D270544369132d53529e37Be87742', 0, 46084, -42343), (46653, -43446, 1676794224, 2, 10, 46801031283344447700, 1440778459821428400, 0, '0xc72B1b70e69D270544369132d53529e37Be87742', 0, 46071, -43504), (-66515, 32317, 1676796834, 1, 10, 45779230770597138400, 35141543251792404100, 1, '0x3662FA93E6C3bcB04B95e5dD7B1266AD9e8A9965', 1, -65940, 32246), (-9929, 68183, 1676796834, 1, 10, 49113164638542216900, 49113164638542216900, 1, '0x77B770ceB4b2537e52f4534Bb39e43754eB5B7e5', 1, -9929, 68183), (-1161, -77377, 1676796834, 1, 10, 49198149075773682200, 30308960734001953300, 0, '0xBa1CD5ded4B25dF273d435c969a01dc0B577c95c', 0, -6074, -79045), (-53587, 21899, 1676794515, 3, 1, 2174749802329934300, 2174749802329934300, 1, '0x036D6B4DA0b4Eeb9d312E958c2937D9016765F50', 1, -53587, 21899), (46114, -43007, 1676794747, 2, 10, 49257381883019951000, 720389229910714300, 0, '0xc72B1b70e69D270544369132d53529e37Be87742', 0, 43800, -42251), (-65103, 31044, 1676796834, 1, 10, 52803691027070259300, 52803691027070259300, 1, '0xA4b1B07974bF67f04EC51bEcABF4aD62106B1Dd0', 1, -65103, 31044), (-7133, 68237, 1676796834, 1, 10, 51353884931390702300, 51353884931390702300, 1, '0xa79160bC038C07678C145f1B5220be15bAdB13d7', 1, -7133, 68237), (-6784, -77245, 1676794839, 2, 10, 37120942877184944000, 11116130081534929400, 0, '0xc72B1b70e69D270544369132d53529e37Be87742', 0, -13571, -80616), (-20944, 84108, 1676795048, 3, 1, 1904857557130728500, 1904857557130728500, 0, '0xBa1CD5ded4B25dF273d435c969a01dc0B577c95c', 0, -20944, 84108), (-9245, 66276, 1676796834, 1, 10, 54114251491592745800, 35346202900406452800, 1, '0xd4aEDD30d11907e10B6353e59685BB7Efc14F55D', 1, -9182, 67975), (43606, -43351, 1676795260, 2, 10, 43150543963957769250, 180097307477678550, 0, '0xc72B1b70e69D270544369132d53529e37Be87742', 0, 8358, -75437), (-3226, -80397, 1676796834, 1, 10, 51458184646622126750, 31596865889325257750, 1, '0x77B770ceB4b2537e52f4534Bb39e43754eB5B7e5', 1, -7699, -82872), (-10847, 73152, 1676796834, 1, 10, 51055473495771626300, 38302295790237013300, 1, '0xA4b1B07974bF67f04EC51bEcABF4aD62106B1Dd0', 1, -11061, 70597), (-16877, -85132, 1676796834, 1, 10, 48581388795423813800, 48581388795423813800, 1, '0xBa1CD5ded4B25dF273d435c969a01dc0B577c95c', 1, -16877, -85132), (-11014, -76054, 1676796834, 1, 10, 39252850073780042500, 30825024992241038200, 0, '0xc72B1b70e69D270544369132d53529e37Be87742', 0, -11075, -76355), (-13223, -77953, 1676795740, 2, 10, 52252492041143854100, 22597615083803229600, 1, '0xc72B1b70e69D270544369132d53529e37Be87742', 0, -15318, -80654), (-61220, 61501, 1676795872, 2, 10, 51403694162592002600, 11800315932939428000, 0, '0xA4b1B07974bF67f04EC51bEcABF4aD62106B1Dd0', 0, -63404, 56561), (-12685, -79775, 1676796834, 1, 10, 42411298177874469900, 33016599601748340400, 1, '0xBa1CD5ded4B25dF273d435c969a01dc0B577c95c', 1, -12931, -81167), (7849, 85987, 1676795896, 2, 10, 50365702175005836800, 8199804528188879300, 0, '0x05d6edC4ff8ef40321aBCf7886Bc606ed13327b0', 0, 2737, 86125), (-8907, 69587, 1676796834, 1, 10, 49834544795769675300, 49834544795769675300, 1, '0xDA8d2BAde16dd8a6a0Eb5563F4216047b2b24294', 1, -8907, 69587), (8186, -76685, 1676795908, 3, 1, 830831495375216500, 830831495375216500, 0, '0xc72B1b70e69D270544369132d53529e37Be87742', 0, 8186, -76685), (6734, -74415, 1676795976, 3, 1, 830831495375216500, 830831495375216500, 0, '0xc72B1b70e69D270544369132d53529e37Be87742', 0, 6734, -74415), (7631, -76628, 1676796011, 3, 1, 830831495375216500, 830831495375216500, 0, '0xc72B1b70e69D270544369132d53529e37Be87742', 0, 7631, -76628), (6442, -75145, 1676796071, 3, 1, 830831495375216500, 830831495375216500, 0, '0xc72B1b70e69D270544369132d53529e37Be87742', 0, 6442, -75145), (8787, -75150, 1676796129, 3, 1, 830831495375216500, 830831495375216500, 0, '0xc72B1b70e69D270544369132d53529e37Be87742', 0, 8787, -75150), (-11033, -82056, 1676796834, 1, 10, 50495407545325394300, 50495407545325394300, 0, '0xc72B1b70e69D270544369132d53529e37Be87742', 0, -11033, -82056), (-27550, 73414, 1676796276, 3, 1, 3621349407497030300, 3621349407497030300, 0, '0xBa1CD5ded4B25dF273d435c969a01dc0B577c95c', 1, -27550, 73414), (-30509, -59408, 1676796350, 3, 1, 155733780215785270, 155733780215785270, 0, '0xDA8d2BAde16dd8a6a0Eb5563F4216047b2b24294', 0, -30509, -59408), (-9431, 64865, 1676796834, 1, 10, 51563427551668785700, 42096102786143363200, 1, '0x5c5f829C4c3E8C4AB97390cb053a456616c27Ea3', 1, -9554, 66165), (-8920, -82644, 1676796834, 1, 10, 46388973883498328000, 38517287327222480000, 0, '0xc72B1b70e69D270544369132d53529e37Be87742', 0, -11910, -83826), (-67168, 31650, 1676796596, 0, 8, 45138915488193791900, 45138915488193791900, 1, '0xA4b1B07974bF67f04EC51bEcABF4aD62106B1Dd0', 0, -67168, 31650), (-9426, 67132, 1676796598, 0, 8, 40185883483545707600, 37682737066523074200, 1, '0xa79160bC038C07678C145f1B5220be15bAdB13d7', 1, -9372, 67120)]
8 4820.601 [[-0.08048200050096435, 0.6295372924618768], [-0.14004676041617284, -0.7682818373220397], [-0.6171161105289689, 0.28985952474492416]] [(-58853, 34885, 1676796864, 1, 10, 50000000000000000000, 35000000000000000000, 1, '0x5c5f829C4c3E8C4AB97390cb053a456616c27Ea3', 0, -60987, 35376), (-61970, 29047, 1676796864, 1, 10, 47857142857142858000, 28571428571428572000, 1, '0x26CbcaC5281B6E159bc3e6C7400AF25fA46F246B', 1, -65533, 28514), (-66168, 29214, 1676796864, 1, 10, 48705357142857144000, 44151785714285715000, 1, '0xA4b1B07974bF67f04EC51bEcABF4aD62106B1Dd0', 1, -66154, 29294), (45490, -41768, 1676792189, 2, 10, 47395833333333332500, 5000000000000000000, 0, '0xc72B1b70e69D270544369132d53529e37Be87742', 0, 45512, -42787), (-6413, 64099, 1676796864, 1, 10, 48737599206349205000, 48737599206349205000, 1, '0x633462025cF12D347C0dF50B2114E65aa364f0a6', 0, -6413, 64099), (-65286, 30894, 1676796864, 1, 10, 49073454034391536000, 49073454034391536000, 1, '0x26CbcaC5281B6E159bc3e6C7400AF25fA46F246B', 1, -65286, 30894), (-38720, 54983, 1676792351, 2, 10, 49064980158730157500, 5662202380952381000, 0, '0x0fa9077350FC3Ee6924743e1AD9b735c657C455E', 0, -39006, 54962), (45647, -40318, 1676792489, 2, 10, 51381683798133452000, 4553571428571429000, 0, '0xc72B1b70e69D270544369132d53529e37Be87742', 0, 44702, -41234), (-10667, 69593, 1676796864, 1, 10, 52967923280423279000, 47684151785714285000, 1, '0xa79160bC038C07678C145f1B5220be15bAdB13d7', 1, -10613, 69546), (-9168, 64558, 1676796864, 1, 10, 49436705430629041900, 44006162505511463900, 1, '0x036D6B4DA0b4Eeb9d312E958c2937D9016765F50', 1, -9016, 64038), (-67210, 30832, 1676796864, 1, 10, 53370652131201418100, 53370652131201418100, 1, '0x0fa9077350FC3Ee6924743e1AD9b735c657C455E', 1, -67210, 30832), (-9442, 68746, 1676796864, 1, 10, 52193733886623065000, 47905097376849402000, 0, '0x05d6edC4ff8ef40321aBCf7886Bc606ed13327b0', 1, -9349, 68693), (-5645, 60493, 1676796864, 1, 10, 49648966479327931000, 40251121015160611000, 1, '0x77B770ceB4b2537e52f4534Bb39e43754eB5B7e5', 1, -6225, 62583), (43185, -42090, 1676793029, 2, 10, 54015769671939045500, 3415178571428571000, 0, '0xc72B1b70e69D270544369132d53529e37Be87742', 0, 43235, -41791), (-66307, 30351, 1676796864, 1, 10, 56144282795570109700, 56144282795570109700, 1, '0x3662FA93E6C3bcB04B95e5dD7B1266AD9e8A9965', 1, -66307, 30351), (-10150, 64919, 1676796864, 1, 10, 53019971728550711000, 43561283694404384500, 1, '0x036D6B4DA0b4Eeb9d312E958c2937D9016765F50', 1, -10296, 65769), (-32420, -110248, 1676793262, 2, 10, 46590466300053795000, 17204462052301800000, 0, '0x77B770ceB4b2537e52f4534Bb39e43754eB5B7e5', 0, -30502, -105273), (-63684, 28290, 1676796864, 1, 10, 49240295815198408000, 44670880027580123000, 1, '0xc8529dE5603FF9D6FE9A77d43c27D3e7085B4E43', 1, -63795, 28074), (44604, -42606, 1676793300, 2, 10, 50446506206585461300, 2561383928571428400, 0, '0xc72B1b70e69D270544369132d53529e37Be87742', 0, 45967, -42153), (-7093, 67939, 1676796864, 1, 10, 55851098521653284200, 49331239628927302200, 1, '0x633462025cF12D347C0dF50B2114E65aa364f0a6', 1, -7053, 68807), (45772, -41684, 1676793510, 2, 10, 38928544490703406000, 1921037946428571600, 0, '0xc72B1b70e69D270544369132d53529e37Be87742', 0, 46376, -42206), (-8353, 67488, 1676796864, 1, 10, 47712597364086534900, 38504728557868923900, 1, '0x3662FA93E6C3bcB04B95e5dD7B1266AD9e8A9965', 1, -8308, 67448), (-65040, 30190, 1676796864, 1, 10, 49105657812321847200, 45579275478804057900, 1, '0xA4b1B07974bF67f04EC51bEcABF4aD62106B1Dd0', 1, -65147, 30274), (-65730, 30403, 1676796864, 1, 10, 45522348387704252900, 45522348387704252900, 0, '0x0fa9077350FC3Ee6924743e1AD9b735c657C455E', 1, -65730, 30403), (44910, -42214, 1676794022, 2, 10, 45357567859261598500, 1440778459821428600, 0, '0xc72B1b70e69D270544369132d53529e37Be87742', 0, 46084, -42343), (46653, -43446, 1676794224, 2, 10, 46801031283344447700, 1440778459821428400, 0, '0xc72B1b70e69D270544369132d53529e37Be87742', 0, 46071, -43504), (-66515, 32317, 1676796864, 1, 10, 45779230770597138400, 35141543251792404100, 1, '0x3662FA93E6C3bcB04B95e5dD7B1266AD9e8A9965', 1, -65940, 32246), (-9929, 68183, 1676796864, 1, 10, 49113164638542216900, 49113164638542216900, 1, '0x77B770ceB4b2537e52f4534Bb39e43754eB5B7e5', 1, -9929, 68183), (-1161, -77377, 1676796864, 1, 10, 49198149075773682200, 30308960734001953300, 0, '0xBa1CD5ded4B25dF273d435c969a01dc0B577c95c', 0, -6074, -79045), (-53587, 21899, 1676794515, 3, 1, 2174749802329934300, 2174749802329934300, 1, '0x036D6B4DA0b4Eeb9d312E958c2937D9016765F50', 1, -53587, 21899), (46114, -43007, 1676794747, 2, 10, 49257381883019951000, 720389229910714300, 0, '0xc72B1b70e69D270544369132d53529e37Be87742', 0, 43800, -42251), (-65103, 31044, 1676796864, 1, 10, 52803691027070259300, 52803691027070259300, 1, '0xA4b1B07974bF67f04EC51bEcABF4aD62106B1Dd0', 1, -65103, 31044), (-7133, 68237, 1676796864, 1, 10, 51353884931390702300, 51353884931390702300, 1, '0xa79160bC038C07678C145f1B5220be15bAdB13d7', 1, -7133, 68237), (-6784, -77245, 1676794839, 2, 10, 37120942877184944000, 11116130081534929400, 0, '0xc72B1b70e69D270544369132d53529e37Be87742', 0, -13571, -80616), (-20944, 84108, 1676795048, 3, 1, 1904857557130728500, 1904857557130728500, 0, '0xBa1CD5ded4B25dF273d435c969a01dc0B577c95c', 0, -20944, 84108), (-9245, 66276, 1676796864, 1, 10, 54114251491592745800, 35346202900406452800, 1, '0xd4aEDD30d11907e10B6353e59685BB7Efc14F55D', 1, -9182, 67975), (43606, -43351, 1676795260, 2, 10, 43150543963957769250, 180097307477678550, 0, '0xc72B1b70e69D270544369132d53529e37Be87742', 0, 8358, -75437), (-3226, -80397, 1676796864, 1, 10, 51458184646622126750, 31596865889325257750, 1, '0x77B770ceB4b2537e52f4534Bb39e43754eB5B7e5', 1, -7699, -82872), (-10847, 73152, 1676796864, 1, 10, 51055473495771626300, 38302295790237013300, 1, '0xA4b1B07974bF67f04EC51bEcABF4aD62106B1Dd0', 1, -11061, 70597), (-16877, -85132, 1676796864, 1, 10, 48581388795423813800, 48581388795423813800, 1, '0xBa1CD5ded4B25dF273d435c969a01dc0B577c95c', 1, -16877, -85132), (-11014, -76054, 1676796864, 1, 10, 39252850073780042500, 30825024992241038200, 0, '0xc72B1b70e69D270544369132d53529e37Be87742', 0, -11075, -76355), (-13223, -77953, 1676795740, 2, 10, 52252492041143854100, 22597615083803229600, 1, '0xc72B1b70e69D270544369132d53529e37Be87742', 0, -15318, -80654), (-61220, 61501, 1676795872, 2, 10, 51403694162592002600, 11800315932939428000, 0, '0xA4b1B07974bF67f04EC51bEcABF4aD62106B1Dd0', 0, -63404, 56561), (-12685, -79775, 1676796864, 1, 10, 42411298177874469900, 33016599601748340400, 1, '0xBa1CD5ded4B25dF273d435c969a01dc0B577c95c', 1, -12931, -81167), (7849, 85987, 1676795896, 2, 10, 50365702175005836800, 8199804528188879300, 0, '0x05d6edC4ff8ef40321aBCf7886Bc606ed13327b0', 0, 2737, 86125), (-8907, 69587, 1676796864, 1, 10, 49834544795769675300, 49834544795769675300, 1, '0xDA8d2BAde16dd8a6a0Eb5563F4216047b2b24294', 1, -8907, 69587), (8186, -76685, 1676795908, 3, 1, 830831495375216500, 830831495375216500, 0, '0xc72B1b70e69D270544369132d53529e37Be87742', 0, 8186, -76685), (6734, -74415, 1676795976, 3, 1, 830831495375216500, 830831495375216500, 0, '0xc72B1b70e69D270544369132d53529e37Be87742', 0, 6734, -74415), (7631, -76628, 1676796011, 3, 1, 830831495375216500, 830831495375216500, 0, '0xc72B1b70e69D270544369132d53529e37Be87742', 0, 7631, -76628), (6442, -75145, 1676796071, 3, 1, 830831495375216500, 830831495375216500, 0, '0xc72B1b70e69D270544369132d53529e37Be87742', 0, 6442, -75145), (8787, -75150, 1676796129, 3, 1, 830831495375216500, 830831495375216500, 0, '0xc72B1b70e69D270544369132d53529e37Be87742', 0, 8787, -75150), (-11033, -82056, 1676796864, 1, 10, 50495407545325394300, 50495407545325394300, 0, '0xc72B1b70e69D270544369132d53529e37Be87742', 0, -11033, -82056), (-27550, 73414, 1676796276, 3, 1, 3621349407497030300, 3621349407497030300, 0, '0xBa1CD5ded4B25dF273d435c969a01dc0B577c95c', 1, -27550, 73414), (-30509, -59408, 1676796350, 3, 1, 155733780215785270, 155733780215785270, 0, '0xDA8d2BAde16dd8a6a0Eb5563F4216047b2b24294', 0, -30509, -59408), (-9431, 64865, 1676796864, 1, 10, 51563427551668785700, 42096102786143363200, 1, '0x5c5f829C4c3E8C4AB97390cb053a456616c27Ea3', 1, -9554, 66165), (-8920, -82644, 1676796864, 1, 10, 46388973883498328000, 38517287327222480000, 0, '0xc72B1b70e69D270544369132d53529e37Be87742', 0, -11910, -83826), (-67168, 31650, 1676796596, 0, 8, 45138915488193791900, 45138915488193791900, 1, '0xA4b1B07974bF67f04EC51bEcABF4aD62106B1Dd0', 0, -67168, 31650), (-10000, 67301, 1676796598, 0, 9, 45081747663496111600, 42578601246473478200, 1, '0xa79160bC038C07678C145f1B5220be15bAdB13d7', 1, -9986, 67300), (-13503, -78379, 1676796842, 0, 2, 19829729849065342000, 19829729849065342000, 1, '0x5c5f829C4c3E8C4AB97390cb053a456616c27Ea3', 1, -13503, -78379)]
8 4851.033 [[-0.08048200050096435, 0.6295372924618768], [-0.14004676041617284, -0.7682818373220397], [-0.6171161105289689, 0.28985952474492416]] [(-58853, 34885, 1676796900, 1, 10, 50000000000000000000, 35000000000000000000, 1, '0x5c5f829C4c3E8C4AB97390cb053a456616c27Ea3', 0, -60987, 35376), (-61970, 29047, 1676796900, 1, 10, 47857142857142858000, 28571428571428572000, 1, '0x26CbcaC5281B6E159bc3e6C7400AF25fA46F246B', 1, -65533, 28514), (-66168, 29214, 1676796900, 1, 10, 48705357142857144000, 44151785714285715000, 1, '0xA4b1B07974bF67f04EC51bEcABF4aD62106B1Dd0', 1, -66154, 29294), (45490, -41768, 1676792189, 2, 10, 47395833333333332500, 5000000000000000000, 0, '0xc72B1b70e69D270544369132d53529e37Be87742', 0, 45512, -42787), (-6413, 64099, 1676796900, 1, 10, 48737599206349205000, 48737599206349205000, 1, '0x633462025cF12D347C0dF50B2114E65aa364f0a6', 0, -6413, 64099), (-65286, 30894, 1676796900, 1, 10, 49073454034391536000, 49073454034391536000, 1, '0x26CbcaC5281B6E159bc3e6C7400AF25fA46F246B', 1, -65286, 30894), (-38720, 54983, 1676792351, 2, 10, 49064980158730157500, 5662202380952381000, 0, '0x0fa9077350FC3Ee6924743e1AD9b735c657C455E', 0, -39006, 54962), (45647, -40318, 1676792489, 2, 10, 51381683798133452000, 4553571428571429000, 0, '0xc72B1b70e69D270544369132d53529e37Be87742', 0, 44702, -41234), (-10667, 69593, 1676796900, 1, 10, 52967923280423279000, 47684151785714285000, 1, '0xa79160bC038C07678C145f1B5220be15bAdB13d7', 1, -10613, 69546), (-9168, 64558, 1676796900, 1, 10, 49436705430629041900, 44006162505511463900, 1, '0x036D6B4DA0b4Eeb9d312E958c2937D9016765F50', 1, -9016, 64038), (-67210, 30832, 1676796900, 1, 10, 53370652131201418100, 53370652131201418100, 1, '0x0fa9077350FC3Ee6924743e1AD9b735c657C455E', 1, -67210, 30832), (-9442, 68746, 1676796900, 1, 10, 52193733886623065000, 47905097376849402000, 0, '0x05d6edC4ff8ef40321aBCf7886Bc606ed13327b0', 1, -9349, 68693), (-5645, 60493, 1676796900, 1, 10, 49648966479327931000, 40251121015160611000, 1, '0x77B770ceB4b2537e52f4534Bb39e43754eB5B7e5', 1, -6225, 62583), (43185, -42090, 1676793029, 2, 10, 54015769671939045500, 3415178571428571000, 0, '0xc72B1b70e69D270544369132d53529e37Be87742', 0, 43235, -41791), (-66307, 30351, 1676796900, 1, 10, 56144282795570109700, 56144282795570109700, 1, '0x3662FA93E6C3bcB04B95e5dD7B1266AD9e8A9965', 1, -66307, 30351), (-10150, 64919, 1676796900, 1, 10, 53019971728550711000, 43561283694404384500, 1, '0x036D6B4DA0b4Eeb9d312E958c2937D9016765F50', 1, -10296, 65769), (-32420, -110248, 1676793262, 2, 10, 46590466300053795000, 17204462052301800000, 0, '0x77B770ceB4b2537e52f4534Bb39e43754eB5B7e5', 0, -30502, -105273), (-63684, 28290, 1676796900, 1, 10, 49240295815198408000, 44670880027580123000, 1, '0xc8529dE5603FF9D6FE9A77d43c27D3e7085B4E43', 1, -63795, 28074), (44604, -42606, 1676793300, 2, 10, 50446506206585461300, 2561383928571428400, 0, '0xc72B1b70e69D270544369132d53529e37Be87742', 0, 45967, -42153), (-7093, 67939, 1676796900, 1, 10, 55851098521653284200, 49331239628927302200, 1, '0x633462025cF12D347C0dF50B2114E65aa364f0a6', 1, -7053, 68807), (45772, -41684, 1676793510, 2, 10, 38928544490703406000, 1921037946428571600, 0, '0xc72B1b70e69D270544369132d53529e37Be87742', 0, 46376, -42206), (-8353, 67488, 1676796900, 1, 10, 47712597364086534900, 38504728557868923900, 1, '0x3662FA93E6C3bcB04B95e5dD7B1266AD9e8A9965', 1, -8308, 67448), (-65040, 30190, 1676796900, 1, 10, 49105657812321847200, 45579275478804057900, 1, '0xA4b1B07974bF67f04EC51bEcABF4aD62106B1Dd0', 1, -65147, 30274), (-65730, 30403, 1676796900, 1, 10, 45522348387704252900, 45522348387704252900, 0, '0x0fa9077350FC3Ee6924743e1AD9b735c657C455E', 1, -65730, 30403), (44910, -42214, 1676794022, 2, 10, 45357567859261598500, 1440778459821428600, 0, '0xc72B1b70e69D270544369132d53529e37Be87742', 0, 46084, -42343), (46653, -43446, 1676794224, 2, 10, 46801031283344447700, 1440778459821428400, 0, '0xc72B1b70e69D270544369132d53529e37Be87742', 0, 46071, -43504), (-66515, 32317, 1676796900, 1, 10, 45779230770597138400, 35141543251792404100, 1, '0x3662FA93E6C3bcB04B95e5dD7B1266AD9e8A9965', 1, -65940, 32246), (-9929, 68183, 1676796900, 1, 10, 49113164638542216900, 49113164638542216900, 1, '0x77B770ceB4b2537e52f4534Bb39e43754eB5B7e5', 1, -9929, 68183), (-1161, -77377, 1676796900, 1, 10, 49198149075773682200, 30308960734001953300, 0, '0xBa1CD5ded4B25dF273d435c969a01dc0B577c95c', 0, -6074, -79045), (-53587, 21899, 1676794515, 3, 1, 2174749802329934300, 2174749802329934300, 1, '0x036D6B4DA0b4Eeb9d312E958c2937D9016765F50', 1, -53587, 21899), (46114, -43007, 1676794747, 2, 10, 49257381883019951000, 720389229910714300, 0, '0xc72B1b70e69D270544369132d53529e37Be87742', 0, 43800, -42251), (-65103, 31044, 1676796900, 1, 10, 52803691027070259300, 52803691027070259300, 1, '0xA4b1B07974bF67f04EC51bEcABF4aD62106B1Dd0', 1, -65103, 31044), (-7133, 68237, 1676796900, 1, 10, 51353884931390702300, 51353884931390702300, 1, '0xa79160bC038C07678C145f1B5220be15bAdB13d7', 1, -7133, 68237), (-6784, -77245, 1676794839, 2, 10, 37120942877184944000, 11116130081534929400, 0, '0xc72B1b70e69D270544369132d53529e37Be87742', 0, -13571, -80616), (-20944, 84108, 1676795048, 3, 1, 1904857557130728500, 1904857557130728500, 0, '0xBa1CD5ded4B25dF273d435c969a01dc0B577c95c', 0, -20944, 84108), (-9245, 66276, 1676796900, 1, 10, 54114251491592745800, 35346202900406452800, 1, '0xd4aEDD30d11907e10B6353e59685BB7Efc14F55D', 1, -9182, 67975), (43606, -43351, 1676795260, 2, 10, 43150543963957769250, 180097307477678550, 0, '0xc72B1b70e69D270544369132d53529e37Be87742', 0, 8358, -75437), (-3226, -80397, 1676796900, 1, 10, 51458184646622126750, 31596865889325257750, 1, '0x77B770ceB4b2537e52f4534Bb39e43754eB5B7e5', 1, -7699, -82872), (-10847, 73152, 1676796900, 1, 10, 51055473495771626300, 38302295790237013300, 1, '0xA4b1B07974bF67f04EC51bEcABF4aD62106B1Dd0', 1, -11061, 70597), (-16877, -85132, 1676796900, 1, 10, 48581388795423813800, 48581388795423813800, 1, '0xBa1CD5ded4B25dF273d435c969a01dc0B577c95c', 1, -16877, -85132), (-11014, -76054, 1676796900, 1, 10, 39252850073780042500, 30825024992241038200, 0, '0xc72B1b70e69D270544369132d53529e37Be87742', 0, -11075, -76355), (-13223, -77953, 1676795740, 2, 10, 52252492041143854100, 22597615083803229600, 1, '0xc72B1b70e69D270544369132d53529e37Be87742', 0, -15318, -80654), (-61220, 61501, 1676795872, 2, 10, 51403694162592002600, 11800315932939428000, 0, '0xA4b1B07974bF67f04EC51bEcABF4aD62106B1Dd0', 0, -63404, 56561), (-12685, -79775, 1676796900, 1, 10, 42411298177874469900, 33016599601748340400, 1, '0xBa1CD5ded4B25dF273d435c969a01dc0B577c95c', 1, -12931, -81167), (7849, 85987, 1676795896, 2, 10, 50365702175005836800, 8199804528188879300, 0, '0x05d6edC4ff8ef40321aBCf7886Bc606ed13327b0', 0, 2737, 86125), (-8907, 69587, 1676796900, 1, 10, 49834544795769675300, 49834544795769675300, 1, '0xDA8d2BAde16dd8a6a0Eb5563F4216047b2b24294', 1, -8907, 69587), (8186, -76685, 1676795908, 3, 1, 830831495375216500, 830831495375216500, 0, '0xc72B1b70e69D270544369132d53529e37Be87742', 0, 8186, -76685), (6734, -74415, 1676795976, 3, 1, 830831495375216500, 830831495375216500, 0, '0xc72B1b70e69D270544369132d53529e37Be87742', 0, 6734, -74415), (7631, -76628, 1676796011, 3, 1, 830831495375216500, 830831495375216500, 0, '0xc72B1b70e69D270544369132d53529e37Be87742', 0, 7631, -76628), (6442, -75145, 1676796071, 3, 1, 830831495375216500, 830831495375216500, 0, '0xc72B1b70e69D270544369132d53529e37Be87742', 0, 6442, -75145), (8787, -75150, 1676796129, 3, 1, 830831495375216500, 830831495375216500, 0, '0xc72B1b70e69D270544369132d53529e37Be87742', 0, 8787, -75150), (-11033, -82056, 1676796900, 1, 10, 50495407545325394300, 50495407545325394300, 0, '0xc72B1b70e69D270544369132d53529e37Be87742', 0, -11033, -82056), (-27550, 73414, 1676796276, 3, 1, 3621349407497030300, 3621349407497030300, 0, '0xBa1CD5ded4B25dF273d435c969a01dc0B577c95c', 1, -27550, 73414), (-30509, -59408, 1676796350, 3, 1, 155733780215785270, 155733780215785270, 0, '0xDA8d2BAde16dd8a6a0Eb5563F4216047b2b24294', 0, -30509, -59408), (-9431, 64865, 1676796900, 1, 10, 51563427551668785700, 42096102786143363200, 1, '0x5c5f829C4c3E8C4AB97390cb053a456616c27Ea3', 1, -9554, 66165), (-8920, -82644, 1676796900, 1, 10, 46388973883498328000, 38517287327222480000, 0, '0xc72B1b70e69D270544369132d53529e37Be87742', 0, -11910, -83826), (-67089, 31866, 1676796596, 0, 9, 46681301452457356900, 46681301452457356900, 1, '0xA4b1B07974bF67f04EC51bEcABF4aD62106B1Dd0', 0, -67089, 31866), (-9838, 67159, 1676796900, 1, 10, 49351017438325229600, 42578601246473478200, 1, '0xa79160bC038C07678C145f1B5220be15bAdB13d7', 1, -9986, 67300), (-13790, -81384, 1676796842, 0, 5, 33104944198524040800, 33104944198524040800, 1, '0x5c5f829C4c3E8C4AB97390cb053a456616c27Ea3', 1, -13790, -81384)]
8 4881.028 [[-0.08048200050096435, 0.6295372924618768], [-0.14004676041617284, -0.7682818373220397], [-0.6171161105289689, 0.28985952474492416]] [(-58853, 34885, 1676796920, 1, 10, 50000000000000000000, 35000000000000000000, 1, '0x5c5f829C4c3E8C4AB97390cb053a456616c27Ea3', 0, -60987, 35376), (-61970, 29047, 1676796920, 1, 10, 47857142857142858000, 28571428571428572000, 1, '0x26CbcaC5281B6E159bc3e6C7400AF25fA46F246B', 1, -65533, 28514), (-66168, 29214, 1676796920, 1, 10, 48705357142857144000, 44151785714285715000, 1, '0xA4b1B07974bF67f04EC51bEcABF4aD62106B1Dd0', 1, -66154, 29294), (45490, -41768, 1676792189, 2, 10, 47395833333333332500, 5000000000000000000, 0, '0xc72B1b70e69D270544369132d53529e37Be87742', 0, 45512, -42787), (-6413, 64099, 1676796920, 1, 10, 48737599206349205000, 48737599206349205000, 1, '0x633462025cF12D347C0dF50B2114E65aa364f0a6', 0, -6413, 64099), (-65286, 30894, 1676796920, 1, 10, 49073454034391536000, 49073454034391536000, 1, '0x26CbcaC5281B6E159bc3e6C7400AF25fA46F246B', 1, -65286, 30894), (-38720, 54983, 1676792351, 2, 10, 49064980158730157500, 5662202380952381000, 0, '0x0fa9077350FC3Ee6924743e1AD9b735c657C455E', 0, -39006, 54962), (45647, -40318, 1676792489, 2, 10, 51381683798133452000, 4553571428571429000, 0, '0xc72B1b70e69D270544369132d53529e37Be87742', 0, 44702, -41234), (-10667, 69593, 1676796920, 1, 10, 52967923280423279000, 47684151785714285000, 1, '0xa79160bC038C07678C145f1B5220be15bAdB13d7', 1, -10613, 69546), (-9168, 64558, 1676796920, 1, 10, 49436705430629041900, 44006162505511463900, 1, '0x036D6B4DA0b4Eeb9d312E958c2937D9016765F50', 1, -9016, 64038), (-67210, 30832, 1676796920, 1, 10, 53370652131201418100, 53370652131201418100, 1, '0x0fa9077350FC3Ee6924743e1AD9b735c657C455E', 1, -67210, 30832), (-9442, 68746, 1676796920, 1, 10, 52193733886623065000, 47905097376849402000, 0, '0x05d6edC4ff8ef40321aBCf7886Bc606ed13327b0', 1, -9349, 68693), (-5645, 60493, 1676796920, 1, 10, 49648966479327931000, 40251121015160611000, 1, '0x77B770ceB4b2537e52f4534Bb39e43754eB5B7e5', 1, -6225, 62583), (43185, -42090, 1676793029, 2, 10, 54015769671939045500, 3415178571428571000, 0, '0xc72B1b70e69D270544369132d53529e37Be87742', 0, 43235, -41791), (-66307, 30351, 1676796920, 1, 10, 56144282795570109700, 56144282795570109700, 1, '0x3662FA93E6C3bcB04B95e5dD7B1266AD9e8A9965', 1, -66307, 30351), (-10150, 64919, 1676796920, 1, 10, 53019971728550711000, 43561283694404384500, 1, '0x036D6B4DA0b4Eeb9d312E958c2937D9016765F50', 1, -10296, 65769), (-32420, -110248, 1676793262, 2, 10, 46590466300053795000, 17204462052301800000, 0, '0x77B770ceB4b2537e52f4534Bb39e43754eB5B7e5', 0, -30502, -105273), (-63684, 28290, 1676796920, 1, 10, 49240295815198408000, 44670880027580123000, 1, '0xc8529dE5603FF9D6FE9A77d43c27D3e7085B4E43', 1, -63795, 28074), (44604, -42606, 1676793300, 2, 10, 50446506206585461300, 2561383928571428400, 0, '0xc72B1b70e69D270544369132d53529e37Be87742', 0, 45967, -42153), (-7093, 67939, 1676796920, 1, 10, 55851098521653284200, 49331239628927302200, 1, '0x633462025cF12D347C0dF50B2114E65aa364f0a6', 1, -7053, 68807), (45772, -41684, 1676793510, 2, 10, 38928544490703406000, 1921037946428571600, 0, '0xc72B1b70e69D270544369132d53529e37Be87742', 0, 46376, -42206), (-8353, 67488, 1676796920, 1, 10, 47712597364086534900, 38504728557868923900, 1, '0x3662FA93E6C3bcB04B95e5dD7B1266AD9e8A9965', 1, -8308, 67448), (-65040, 30190, 1676796920, 1, 10, 49105657812321847200, 45579275478804057900, 1, '0xA4b1B07974bF67f04EC51bEcABF4aD62106B1Dd0', 1, -65147, 30274), (-65730, 30403, 1676796920, 1, 10, 45522348387704252900, 45522348387704252900, 0, '0x0fa9077350FC3Ee6924743e1AD9b735c657C455E', 1, -65730, 30403), (44910, -42214, 1676794022, 2, 10, 45357567859261598500, 1440778459821428600, 0, '0xc72B1b70e69D270544369132d53529e37Be87742', 0, 46084, -42343), (46653, -43446, 1676794224, 2, 10, 46801031283344447700, 1440778459821428400, 0, '0xc72B1b70e69D270544369132d53529e37Be87742', 0, 46071, -43504), (-66515, 32317, 1676796920, 1, 10, 45779230770597138400, 35141543251792404100, 1, '0x3662FA93E6C3bcB04B95e5dD7B1266AD9e8A9965', 1, -65940, 32246), (-9929, 68183, 1676796920, 1, 10, 49113164638542216900, 49113164638542216900, 1, '0x77B770ceB4b2537e52f4534Bb39e43754eB5B7e5', 1, -9929, 68183), (-1161, -77377, 1676796920, 1, 10, 49198149075773682200, 30308960734001953300, 0, '0xBa1CD5ded4B25dF273d435c969a01dc0B577c95c', 0, -6074, -79045), (-53587, 21899, 1676794515, 3, 1, 2174749802329934300, 2174749802329934300, 1, '0x036D6B4DA0b4Eeb9d312E958c2937D9016765F50', 1, -53587, 21899), (46114, -43007, 1676794747, 2, 10, 49257381883019951000, 720389229910714300, 0, '0xc72B1b70e69D270544369132d53529e37Be87742', 0, 43800, -42251), (-65103, 31044, 1676796920, 1, 10, 52803691027070259300, 52803691027070259300, 1, '0xA4b1B07974bF67f04EC51bEcABF4aD62106B1Dd0', 1, -65103, 31044), (-7133, 68237, 1676796920, 1, 10, 51353884931390702300, 51353884931390702300, 1, '0xa79160bC038C07678C145f1B5220be15bAdB13d7', 1, -7133, 68237), (-6784, -77245, 1676794839, 2, 10, 37120942877184944000, 11116130081534929400, 0, '0xc72B1b70e69D270544369132d53529e37Be87742', 0, -13571, -80616), (-20944, 84108, 1676795048, 3, 1, 1904857557130728500, 1904857557130728500, 0, '0xBa1CD5ded4B25dF273d435c969a01dc0B577c95c', 0, -20944, 84108), (-9245, 66276, 1676796920, 1, 10, 54114251491592745800, 35346202900406452800, 1, '0xd4aEDD30d11907e10B6353e59685BB7Efc14F55D', 1, -9182, 67975), (43606, -43351, 1676795260, 2, 10, 43150543963957769250, 180097307477678550, 0, '0xc72B1b70e69D270544369132d53529e37Be87742', 0, 8358, -75437), (-3226, -80397, 1676796920, 1, 10, 51458184646622126750, 31596865889325257750, 1, '0x77B770ceB4b2537e52f4534Bb39e43754eB5B7e5', 1, -7699, -82872), (-10847, 73152, 1676796920, 1, 10, 51055473495771626300, 38302295790237013300, 1, '0xA4b1B07974bF67f04EC51bEcABF4aD62106B1Dd0', 1, -11061, 70597), (-16877, -85132, 1676796920, 1, 10, 48581388795423813800, 48581388795423813800, 1, '0xBa1CD5ded4B25dF273d435c969a01dc0B577c95c', 1, -16877, -85132), (-11014, -76054, 1676796920, 1, 10, 39252850073780042500, 30825024992241038200, 0, '0xc72B1b70e69D270544369132d53529e37Be87742', 0, -11075, -76355), (-13223, -77953, 1676795740, 2, 10, 52252492041143854100, 22597615083803229600, 1, '0xc72B1b70e69D270544369132d53529e37Be87742', 0, -15318, -80654), (-61220, 61501, 1676795872, 2, 10, 51403694162592002600, 11800315932939428000, 0, '0xA4b1B07974bF67f04EC51bEcABF4aD62106B1Dd0', 0, -63404, 56561), (-12685, -79775, 1676796920, 1, 10, 42411298177874469900, 33016599601748340400, 1, '0xBa1CD5ded4B25dF273d435c969a01dc0B577c95c', 1, -12931, -81167), (7849, 85987, 1676795896, 2, 10, 50365702175005836800, 8199804528188879300, 0, '0x05d6edC4ff8ef40321aBCf7886Bc606ed13327b0', 0, 2737, 86125), (-8907, 69587, 1676796920, 1, 10, 49834544795769675300, 49834544795769675300, 1, '0xDA8d2BAde16dd8a6a0Eb5563F4216047b2b24294', 1, -8907, 69587), (8186, -76685, 1676795908, 3, 1, 830831495375216500, 830831495375216500, 0, '0xc72B1b70e69D270544369132d53529e37Be87742', 0, 8186, -76685), (6734, -74415, 1676795976, 3, 1, 830831495375216500, 830831495375216500, 0, '0xc72B1b70e69D270544369132d53529e37Be87742', 0, 6734, -74415), (7631, -76628, 1676796011, 3, 1, 830831495375216500, 830831495375216500, 0, '0xc72B1b70e69D270544369132d53529e37Be87742', 0, 7631, -76628), (6442, -75145, 1676796071, 3, 1, 830831495375216500, 830831495375216500, 0, '0xc72B1b70e69D270544369132d53529e37Be87742', 0, 6442, -75145), (8787, -75150, 1676796129, 3, 1, 830831495375216500, 830831495375216500, 0, '0xc72B1b70e69D270544369132d53529e37Be87742', 0, 8787, -75150), (-11033, -82056, 1676796920, 1, 10, 50495407545325394300, 50495407545325394300, 0, '0xc72B1b70e69D270544369132d53529e37Be87742', 0, -11033, -82056), (-27550, 73414, 1676796276, 3, 1, 3621349407497030300, 3621349407497030300, 0, '0xBa1CD5ded4B25dF273d435c969a01dc0B577c95c', 1, -27550, 73414), (-30509, -59408, 1676796350, 3, 1, 155733780215785270, 155733780215785270, 0, '0xDA8d2BAde16dd8a6a0Eb5563F4216047b2b24294', 0, -30509, -59408), (-9431, 64865, 1676796920, 1, 10, 51563427551668785700, 42096102786143363200, 1, '0x5c5f829C4c3E8C4AB97390cb053a456616c27Ea3', 1, -9554, 66165), (-8920, -82644, 1676796920, 1, 10, 46388973883498328000, 38517287327222480000, 0, '0xc72B1b70e69D270544369132d53529e37Be87742', 0, -11910, -83826), (-66934, 31463, 1676796920, 1, 10, 49263978917431671400, 49263978917431671400, 1, '0xA4b1B07974bF67f04EC51bEcABF4aD62106B1Dd0', 0, -66934, 31463), (-9838, 67159, 1676796920, 1, 10, 49351017438325229600, 42578601246473478200, 1, '0xa79160bC038C07678C145f1B5220be15bAdB13d7', 1, -9986, 67300), (-13747, -81232, 1676796842, 0, 6, 37660902814244004800, 37660902814244004800, 1, '0x5c5f829C4c3E8C4AB97390cb053a456616c27Ea3', 1, -13747, -81232), (-11946, -68142, 1676796902, 0, 2, 5574506731567098200, 5574506731567098200, 0, '0xc72B1b70e69D270544369132d53529e37Be87742', 0, -11946, -68142)]
8 4911.181 [[-0.08048200050096435, 0.6295372924618768], [-0.14004676041617284, -0.7682818373220397], [-0.6171161105289689, 0.28985952474492416]] [(-58853, 34885, 1676796956, 1, 10, 50000000000000000000, 35000000000000000000, 1, '0x5c5f829C4c3E8C4AB97390cb053a456616c27Ea3', 0, -60987, 35376), (-61970, 29047, 1676796956, 1, 10, 47857142857142858000, 28571428571428572000, 1, '0x26CbcaC5281B6E159bc3e6C7400AF25fA46F246B', 1, -65533, 28514), (-66168, 29214, 1676796956, 1, 10, 48705357142857144000, 44151785714285715000, 1, '0xA4b1B07974bF67f04EC51bEcABF4aD62106B1Dd0', 1, -66154, 29294), (45490, -41768, 1676792189, 2, 10, 47395833333333332500, 5000000000000000000, 0, '0xc72B1b70e69D270544369132d53529e37Be87742', 0, 45512, -42787), (-6413, 64099, 1676796956, 1, 10, 48737599206349205000, 48737599206349205000, 1, '0x633462025cF12D347C0dF50B2114E65aa364f0a6', 0, -6413, 64099), (-65286, 30894, 1676796956, 1, 10, 49073454034391536000, 49073454034391536000, 1, '0x26CbcaC5281B6E159bc3e6C7400AF25fA46F246B', 1, -65286, 30894), (-38720, 54983, 1676792351, 2, 10, 49064980158730157500, 5662202380952381000, 0, '0x0fa9077350FC3Ee6924743e1AD9b735c657C455E', 0, -39006, 54962), (45647, -40318, 1676792489, 2, 10, 51381683798133452000, 4553571428571429000, 0, '0xc72B1b70e69D270544369132d53529e37Be87742', 0, 44702, -41234), (-10667, 69593, 1676796956, 1, 10, 52967923280423279000, 47684151785714285000, 1, '0xa79160bC038C07678C145f1B5220be15bAdB13d7', 1, -10613, 69546), (-9168, 64558, 1676796956, 1, 10, 49436705430629041900, 44006162505511463900, 1, '0x036D6B4DA0b4Eeb9d312E958c2937D9016765F50', 1, -9016, 64038), (-67210, 30832, 1676796956, 1, 10, 53370652131201418100, 53370652131201418100, 1, '0x0fa9077350FC3Ee6924743e1AD9b735c657C455E', 1, -67210, 30832), (-9442, 68746, 1676796956, 1, 10, 52193733886623065000, 47905097376849402000, 0, '0x05d6edC4ff8ef40321aBCf7886Bc606ed13327b0', 1, -9349, 68693), (-5645, 60493, 1676796956, 1, 10, 49648966479327931000, 40251121015160611000, 1, '0x77B770ceB4b2537e52f4534Bb39e43754eB5B7e5', 1, -6225, 62583), (43185, -42090, 1676793029, 2, 10, 54015769671939045500, 3415178571428571000, 0, '0xc72B1b70e69D270544369132d53529e37Be87742', 0, 43235, -41791), (-66307, 30351, 1676796956, 1, 10, 56144282795570109700, 56144282795570109700, 1, '0x3662FA93E6C3bcB04B95e5dD7B1266AD9e8A9965', 1, -66307, 30351), (-10150, 64919, 1676796956, 1, 10, 53019971728550711000, 43561283694404384500, 1, '0x036D6B4DA0b4Eeb9d312E958c2937D9016765F50', 1, -10296, 65769), (-32420, -110248, 1676793262, 2, 10, 46590466300053795000, 17204462052301800000, 0, '0x77B770ceB4b2537e52f4534Bb39e43754eB5B7e5', 0, -30502, -105273), (-63684, 28290, 1676796956, 1, 10, 49240295815198408000, 44670880027580123000, 1, '0xc8529dE5603FF9D6FE9A77d43c27D3e7085B4E43', 1, -63795, 28074), (44604, -42606, 1676793300, 2, 10, 50446506206585461300, 2561383928571428400, 0, '0xc72B1b70e69D270544369132d53529e37Be87742', 0, 45967, -42153), (-7093, 67939, 1676796956, 1, 10, 55851098521653284200, 49331239628927302200, 1, '0x633462025cF12D347C0dF50B2114E65aa364f0a6', 1, -7053, 68807), (45772, -41684, 1676793510, 2, 10, 38928544490703406000, 1921037946428571600, 0, '0xc72B1b70e69D270544369132d53529e37Be87742', 0, 46376, -42206), (-8353, 67488, 1676796956, 1, 10, 47712597364086534900, 38504728557868923900, 1, '0x3662FA93E6C3bcB04B95e5dD7B1266AD9e8A9965', 1, -8308, 67448), (-65040, 30190, 1676796956, 1, 10, 49105657812321847200, 45579275478804057900, 1, '0xA4b1B07974bF67f04EC51bEcABF4aD62106B1Dd0', 1, -65147, 30274), (-65730, 30403, 1676796956, 1, 10, 45522348387704252900, 45522348387704252900, 0, '0x0fa9077350FC3Ee6924743e1AD9b735c657C455E', 1, -65730, 30403), (44910, -42214, 1676794022, 2, 10, 45357567859261598500, 1440778459821428600, 0, '0xc72B1b70e69D270544369132d53529e37Be87742', 0, 46084, -42343), (46653, -43446, 1676794224, 2, 10, 46801031283344447700, 1440778459821428400, 0, '0xc72B1b70e69D270544369132d53529e37Be87742', 0, 46071, -43504), (-66515, 32317, 1676796956, 1, 10, 45779230770597138400, 35141543251792404100, 1, '0x3662FA93E6C3bcB04B95e5dD7B1266AD9e8A9965', 1, -65940, 32246), (-9929, 68183, 1676796956, 1, 10, 49113164638542216900, 49113164638542216900, 1, '0x77B770ceB4b2537e52f4534Bb39e43754eB5B7e5', 1, -9929, 68183), (-1161, -77377, 1676796956, 1, 10, 49198149075773682200, 30308960734001953300, 0, '0xBa1CD5ded4B25dF273d435c969a01dc0B577c95c', 0, -6074, -79045), (-53587, 21899, 1676794515, 3, 1, 2174749802329934300, 2174749802329934300, 1, '0x036D6B4DA0b4Eeb9d312E958c2937D9016765F50', 1, -53587, 21899), (46114, -43007, 1676794747, 2, 10, 49257381883019951000, 720389229910714300, 0, '0xc72B1b70e69D270544369132d53529e37Be87742', 0, 43800, -42251), (-65103, 31044, 1676796956, 1, 10, 52803691027070259300, 52803691027070259300, 1, '0xA4b1B07974bF67f04EC51bEcABF4aD62106B1Dd0', 1, -65103, 31044), (-7133, 68237, 1676796956, 1, 10, 51353884931390702300, 51353884931390702300, 1, '0xa79160bC038C07678C145f1B5220be15bAdB13d7', 1, -7133, 68237), (-6784, -77245, 1676794839, 2, 10, 37120942877184944000, 11116130081534929400, 0, '0xc72B1b70e69D270544369132d53529e37Be87742', 0, -13571, -80616), (-20944, 84108, 1676795048, 3, 1, 1904857557130728500, 1904857557130728500, 0, '0xBa1CD5ded4B25dF273d435c969a01dc0B577c95c', 0, -20944, 84108), (-9245, 66276, 1676796956, 1, 10, 54114251491592745800, 35346202900406452800, 1, '0xd4aEDD30d11907e10B6353e59685BB7Efc14F55D', 1, -9182, 67975), (43606, -43351, 1676795260, 2, 10, 43150543963957769250, 180097307477678550, 0, '0xc72B1b70e69D270544369132d53529e37Be87742', 0, 8358, -75437), (-3226, -80397, 1676796956, 1, 10, 51458184646622126750, 31596865889325257750, 1, '0x77B770ceB4b2537e52f4534Bb39e43754eB5B7e5', 1, -7699, -82872), (-10847, 73152, 1676796956, 1, 10, 51055473495771626300, 38302295790237013300, 1, '0xA4b1B07974bF67f04EC51bEcABF4aD62106B1Dd0', 1, -11061, 70597), (-16877, -85132, 1676796956, 1, 10, 48581388795423813800, 48581388795423813800, 1, '0xBa1CD5ded4B25dF273d435c969a01dc0B577c95c', 1, -16877, -85132), (-11014, -76054, 1676796956, 1, 10, 39252850073780042500, 30825024992241038200, 0, '0xc72B1b70e69D270544369132d53529e37Be87742', 0, -11075, -76355), (-13223, -77953, 1676795740, 2, 10, 52252492041143854100, 22597615083803229600, 1, '0xc72B1b70e69D270544369132d53529e37Be87742', 0, -15318, -80654), (-61220, 61501, 1676795872, 2, 10, 51403694162592002600, 11800315932939428000, 0, '0xA4b1B07974bF67f04EC51bEcABF4aD62106B1Dd0', 0, -63404, 56561), (-12685, -79775, 1676796956, 1, 10, 42411298177874469900, 33016599601748340400, 1, '0xBa1CD5ded4B25dF273d435c969a01dc0B577c95c', 1, -12931, -81167), (7849, 85987, 1676795896, 2, 10, 50365702175005836800, 8199804528188879300, 0, '0x05d6edC4ff8ef40321aBCf7886Bc606ed13327b0', 0, 2737, 86125), (-8907, 69587, 1676796956, 1, 10, 49834544795769675300, 49834544795769675300, 1, '0xDA8d2BAde16dd8a6a0Eb5563F4216047b2b24294', 1, -8907, 69587), (8186, -76685, 1676795908, 3, 1, 830831495375216500, 830831495375216500, 0, '0xc72B1b70e69D270544369132d53529e37Be87742', 0, 8186, -76685), (6734, -74415, 1676795976, 3, 1, 830831495375216500, 830831495375216500, 0, '0xc72B1b70e69D270544369132d53529e37Be87742', 0, 6734, -74415), (7631, -76628, 1676796011, 3, 1, 830831495375216500, 830831495375216500, 0, '0xc72B1b70e69D270544369132d53529e37Be87742', 0, 7631, -76628), (6442, -75145, 1676796071, 3, 1, 830831495375216500, 830831495375216500, 0, '0xc72B1b70e69D270544369132d53529e37Be87742', 0, 6442, -75145), (8787, -75150, 1676796129, 3, 1, 830831495375216500, 830831495375216500, 0, '0xc72B1b70e69D270544369132d53529e37Be87742', 0, 8787, -75150), (-11033, -82056, 1676796956, 1, 10, 50495407545325394300, 50495407545325394300, 0, '0xc72B1b70e69D270544369132d53529e37Be87742', 0, -11033, -82056), (-27550, 73414, 1676796276, 3, 1, 3621349407497030300, 3621349407497030300, 0, '0xBa1CD5ded4B25dF273d435c969a01dc0B577c95c', 1, -27550, 73414), (-30509, -59408, 1676796350, 3, 1, 155733780215785270, 155733780215785270, 0, '0xDA8d2BAde16dd8a6a0Eb5563F4216047b2b24294', 0, -30509, -59408), (-9431, 64865, 1676796956, 1, 10, 51563427551668785700, 42096102786143363200, 1, '0x5c5f829C4c3E8C4AB97390cb053a456616c27Ea3', 1, -9554, 66165), (-8920, -82644, 1676796956, 1, 10, 46388973883498328000, 38517287327222480000, 0, '0xc72B1b70e69D270544369132d53529e37Be87742', 0, -11910, -83826), (-66934, 31463, 1676796956, 1, 10, 49263978917431671400, 49263978917431671400, 1, '0xA4b1B07974bF67f04EC51bEcABF4aD62106B1Dd0', 0, -66934, 31463), (-9838, 67159, 1676796956, 1, 10, 49351017438325229600, 42578601246473478200, 1, '0xa79160bC038C07678C145f1B5220be15bAdB13d7', 1, -9986, 67300), (-14553, -81497, 1676796842, 0, 6, 37660902814244004800, 37660902814244004800, 1, '0x5c5f829C4c3E8C4AB97390cb053a456616c27Ea3', 1, -14553, -81497), (-11946, -68142, 1676796902, 0, 2, 5574506731567098200, 5574506731567098200, 0, '0xc72B1b70e69D270544369132d53529e37Be87742', 0, -11946, -68142), (-64455, 35931, 1676796942, 0, 2, 5344209941070471000, 5344209941070471000, 1, '0xBa1CD5ded4B25dF273d435c969a01dc0B577c95c', 1, -64455, 35931)]
8 4941.099 [[-0.08048200050096435, 0.6295372924618768], [-0.14004676041617284, -0.7682818373220397], [-0.6171161105289689, 0.28985952474492416]] [(-58853, 34885, 1676796990, 1, 10, 50000000000000000000, 35000000000000000000, 1, '0x5c5f829C4c3E8C4AB97390cb053a456616c27Ea3', 0, -60987, 35376), (-61970, 29047, 1676796990, 1, 10, 47857142857142858000, 28571428571428572000, 1, '0x26CbcaC5281B6E159bc3e6C7400AF25fA46F246B', 1, -65533, 28514), (-66168, 29214, 1676796990, 1, 10, 48705357142857144000, 44151785714285715000, 1, '0xA4b1B07974bF67f04EC51bEcABF4aD62106B1Dd0', 1, -66154, 29294), (45490, -41768, 1676792189, 2, 10, 47395833333333332500, 5000000000000000000, 0, '0xc72B1b70e69D270544369132d53529e37Be87742', 0, 45512, -42787), (-6413, 64099, 1676796990, 1, 10, 48737599206349205000, 48737599206349205000, 1, '0x633462025cF12D347C0dF50B2114E65aa364f0a6', 0, -6413, 64099), (-65286, 30894, 1676796990, 1, 10, 49073454034391536000, 49073454034391536000, 1, '0x26CbcaC5281B6E159bc3e6C7400AF25fA46F246B', 1, -65286, 30894), (-38720, 54983, 1676792351, 2, 10, 49064980158730157500, 5662202380952381000, 0, '0x0fa9077350FC3Ee6924743e1AD9b735c657C455E', 0, -39006, 54962), (45647, -40318, 1676792489, 2, 10, 51381683798133452000, 4553571428571429000, 0, '0xc72B1b70e69D270544369132d53529e37Be87742', 0, 44702, -41234), (-10667, 69593, 1676796990, 1, 10, 52967923280423279000, 47684151785714285000, 1, '0xa79160bC038C07678C145f1B5220be15bAdB13d7', 1, -10613, 69546), (-9168, 64558, 1676796990, 1, 10, 49436705430629041900, 44006162505511463900, 1, '0x036D6B4DA0b4Eeb9d312E958c2937D9016765F50', 1, -9016, 64038), (-67210, 30832, 1676796990, 1, 10, 53370652131201418100, 53370652131201418100, 1, '0x0fa9077350FC3Ee6924743e1AD9b735c657C455E', 1, -67210, 30832), (-9442, 68746, 1676796990, 1, 10, 52193733886623065000, 47905097376849402000, 0, '0x05d6edC4ff8ef40321aBCf7886Bc606ed13327b0', 1, -9349, 68693), (-5645, 60493, 1676796990, 1, 10, 49648966479327931000, 40251121015160611000, 1, '0x77B770ceB4b2537e52f4534Bb39e43754eB5B7e5', 1, -6225, 62583), (43185, -42090, 1676793029, 2, 10, 54015769671939045500, 3415178571428571000, 0, '0xc72B1b70e69D270544369132d53529e37Be87742', 0, 43235, -41791), (-66307, 30351, 1676796990, 1, 10, 56144282795570109700, 56144282795570109700, 1, '0x3662FA93E6C3bcB04B95e5dD7B1266AD9e8A9965', 1, -66307, 30351), (-10150, 64919, 1676796990, 1, 10, 53019971728550711000, 43561283694404384500, 1, '0x036D6B4DA0b4Eeb9d312E958c2937D9016765F50', 1, -10296, 65769), (-32420, -110248, 1676793262, 2, 10, 46590466300053795000, 17204462052301800000, 0, '0x77B770ceB4b2537e52f4534Bb39e43754eB5B7e5', 0, -30502, -105273), (-63684, 28290, 1676796990, 1, 10, 49240295815198408000, 44670880027580123000, 1, '0xc8529dE5603FF9D6FE9A77d43c27D3e7085B4E43', 1, -63795, 28074), (44604, -42606, 1676793300, 2, 10, 50446506206585461300, 2561383928571428400, 0, '0xc72B1b70e69D270544369132d53529e37Be87742', 0, 45967, -42153), (-7093, 67939, 1676796990, 1, 10, 55851098521653284200, 49331239628927302200, 1, '0x633462025cF12D347C0dF50B2114E65aa364f0a6', 1, -7053, 68807), (45772, -41684, 1676793510, 2, 10, 38928544490703406000, 1921037946428571600, 0, '0xc72B1b70e69D270544369132d53529e37Be87742', 0, 46376, -42206), (-8353, 67488, 1676796990, 1, 10, 47712597364086534900, 38504728557868923900, 1, '0x3662FA93E6C3bcB04B95e5dD7B1266AD9e8A9965', 1, -8308, 67448), (-65040, 30190, 1676796990, 1, 10, 49105657812321847200, 45579275478804057900, 1, '0xA4b1B07974bF67f04EC51bEcABF4aD62106B1Dd0', 1, -65147, 30274), (-65730, 30403, 1676796990, 1, 10, 45522348387704252900, 45522348387704252900, 0, '0x0fa9077350FC3Ee6924743e1AD9b735c657C455E', 1, -65730, 30403), (44910, -42214, 1676794022, 2, 10, 45357567859261598500, 1440778459821428600, 0, '0xc72B1b70e69D270544369132d53529e37Be87742', 0, 46084, -42343), (46653, -43446, 1676794224, 2, 10, 46801031283344447700, 1440778459821428400, 0, '0xc72B1b70e69D270544369132d53529e37Be87742', 0, 46071, -43504), (-66515, 32317, 1676796990, 1, 10, 45779230770597138400, 35141543251792404100, 1, '0x3662FA93E6C3bcB04B95e5dD7B1266AD9e8A9965', 1, -65940, 32246), (-9929, 68183, 1676796990, 1, 10, 49113164638542216900, 49113164638542216900, 1, '0x77B770ceB4b2537e52f4534Bb39e43754eB5B7e5', 1, -9929, 68183), (-1161, -77377, 1676796990, 1, 10, 49198149075773682200, 30308960734001953300, 0, '0xBa1CD5ded4B25dF273d435c969a01dc0B577c95c', 0, -6074, -79045), (-53587, 21899, 1676794515, 3, 1, 2174749802329934300, 2174749802329934300, 1, '0x036D6B4DA0b4Eeb9d312E958c2937D9016765F50', 1, -53587, 21899), (46114, -43007, 1676794747, 2, 10, 49257381883019951000, 720389229910714300, 0, '0xc72B1b70e69D270544369132d53529e37Be87742', 0, 43800, -42251), (-65103, 31044, 1676796990, 1, 10, 52803691027070259300, 52803691027070259300, 1, '0xA4b1B07974bF67f04EC51bEcABF4aD62106B1Dd0', 1, -65103, 31044), (-7133, 68237, 1676796990, 1, 10, 51353884931390702300, 51353884931390702300, 1, '0xa79160bC038C07678C145f1B5220be15bAdB13d7', 1, -7133, 68237), (-6784, -77245, 1676794839, 2, 10, 37120942877184944000, 11116130081534929400, 0, '0xc72B1b70e69D270544369132d53529e37Be87742', 0, -13571, -80616), (-20944, 84108, 1676795048, 3, 1, 1904857557130728500, 1904857557130728500, 0, '0xBa1CD5ded4B25dF273d435c969a01dc0B577c95c', 0, -20944, 84108), (-9245, 66276, 1676796990, 1, 10, 54114251491592745800, 35346202900406452800, 1, '0xd4aEDD30d11907e10B6353e59685BB7Efc14F55D', 1, -9182, 67975), (43606, -43351, 1676795260, 2, 10, 43150543963957769250, 180097307477678550, 0, '0xc72B1b70e69D270544369132d53529e37Be87742', 0, 8358, -75437), (-3226, -80397, 1676796990, 1, 10, 51458184646622126750, 31596865889325257750, 1, '0x77B770ceB4b2537e52f4534Bb39e43754eB5B7e5', 1, -7699, -82872), (-10847, 73152, 1676796990, 1, 10, 51055473495771626300, 38302295790237013300, 1, '0xA4b1B07974bF67f04EC51bEcABF4aD62106B1Dd0', 1, -11061, 70597), (-16877, -85132, 1676796990, 1, 10, 48581388795423813800, 48581388795423813800, 1, '0xBa1CD5ded4B25dF273d435c969a01dc0B577c95c', 1, -16877, -85132), (-11014, -76054, 1676796990, 1, 10, 39252850073780042500, 30825024992241038200, 0, '0xc72B1b70e69D270544369132d53529e37Be87742', 0, -11075, -76355), (-13223, -77953, 1676795740, 2, 10, 52252492041143854100, 22597615083803229600, 1, '0xc72B1b70e69D270544369132d53529e37Be87742', 0, -15318, -80654), (-61220, 61501, 1676795872, 2, 10, 51403694162592002600, 11800315932939428000, 0, '0xA4b1B07974bF67f04EC51bEcABF4aD62106B1Dd0', 0, -63404, 56561), (-12685, -79775, 1676796990, 1, 10, 42411298177874469900, 33016599601748340400, 1, '0xBa1CD5ded4B25dF273d435c969a01dc0B577c95c', 1, -12931, -81167), (7849, 85987, 1676795896, 2, 10, 50365702175005836800, 8199804528188879300, 0, '0x05d6edC4ff8ef40321aBCf7886Bc606ed13327b0', 0, 2737, 86125), (-8907, 69587, 1676796990, 1, 10, 49834544795769675300, 49834544795769675300, 1, '0xDA8d2BAde16dd8a6a0Eb5563F4216047b2b24294', 1, -8907, 69587), (8186, -76685, 1676795908, 3, 1, 830831495375216500, 830831495375216500, 0, '0xc72B1b70e69D270544369132d53529e37Be87742', 0, 8186, -76685), (6734, -74415, 1676795976, 3, 1, 830831495375216500, 830831495375216500, 0, '0xc72B1b70e69D270544369132d53529e37Be87742', 0, 6734, -74415), (7631, -76628, 1676796011, 3, 1, 830831495375216500, 830831495375216500, 0, '0xc72B1b70e69D270544369132d53529e37Be87742', 0, 7631, -76628), (6442, -75145, 1676796071, 3, 1, 830831495375216500, 830831495375216500, 0, '0xc72B1b70e69D270544369132d53529e37Be87742', 0, 6442, -75145), (8787, -75150, 1676796129, 3, 1, 830831495375216500, 830831495375216500, 0, '0xc72B1b70e69D270544369132d53529e37Be87742', 0, 8787, -75150), (-11033, -82056, 1676796990, 1, 10, 50495407545325394300, 50495407545325394300, 0, '0xc72B1b70e69D270544369132d53529e37Be87742', 0, -11033, -82056), (-27550, 73414, 1676796276, 3, 1, 3621349407497030300, 3621349407497030300, 0, '0xBa1CD5ded4B25dF273d435c969a01dc0B577c95c', 1, -27550, 73414), (-30509, -59408, 1676796350, 3, 1, 155733780215785270, 155733780215785270, 0, '0xDA8d2BAde16dd8a6a0Eb5563F4216047b2b24294', 0, -30509, -59408), (-9431, 64865, 1676796990, 1, 10, 51563427551668785700, 42096102786143363200, 1, '0x5c5f829C4c3E8C4AB97390cb053a456616c27Ea3', 1, -9554, 66165), (-8920, -82644, 1676796990, 1, 10, 46388973883498328000, 38517287327222480000, 0, '0xc72B1b70e69D270544369132d53529e37Be87742', 0, -11910, -83826), (-66934, 31463, 1676796990, 1, 10, 49263978917431671400, 49263978917431671400, 1, '0xA4b1B07974bF67f04EC51bEcABF4aD62106B1Dd0', 0, -66934, 31463), (-9838, 67159, 1676796990, 1, 10, 49351017438325229600, 42578601246473478200, 1, '0xa79160bC038C07678C145f1B5220be15bAdB13d7', 1, -9986, 67300), (-15476, -79467, 1676796842, 0, 8, 43445532610340157600, 40862855145365843100, 1, '0x5c5f829C4c3E8C4AB97390cb053a456616c27Ea3', 1, -15800, -80444), (-10341, -85958, 1676796902, 0, 4, 24798866842798499200, 24798866842798499200, 0, '0xc72B1b70e69D270544369132d53529e37Be87742', 0, -10341, -85958), (-62660, 33418, 1676796942, 0, 3, 10451712127016243000, 10451712127016243000, 1, '0xBa1CD5ded4B25dF273d435c969a01dc0B577c95c', 1, -62660, 33418)]
8 4971.327 [[-0.08048200050096435, 0.6295372924618768], [-0.14004676041617284, -0.7682818373220397], [-0.6171161105289689, 0.28985952474492416]] [(-58853, 34885, 1676797016, 1, 10, 50000000000000000000, 35000000000000000000, 1, '0x5c5f829C4c3E8C4AB97390cb053a456616c27Ea3', 0, -60987, 35376), (-61970, 29047, 1676797016, 1, 10, 47857142857142858000, 28571428571428572000, 1, '0x26CbcaC5281B6E159bc3e6C7400AF25fA46F246B', 1, -65533, 28514), (-66168, 29214, 1676797016, 1, 10, 48705357142857144000, 44151785714285715000, 1, '0xA4b1B07974bF67f04EC51bEcABF4aD62106B1Dd0', 1, -66154, 29294), (45490, -41768, 1676792189, 2, 10, 47395833333333332500, 5000000000000000000, 0, '0xc72B1b70e69D270544369132d53529e37Be87742', 0, 45512, -42787), (-6413, 64099, 1676797016, 1, 10, 48737599206349205000, 48737599206349205000, 1, '0x633462025cF12D347C0dF50B2114E65aa364f0a6', 0, -6413, 64099), (-65286, 30894, 1676797016, 1, 10, 49073454034391536000, 49073454034391536000, 1, '0x26CbcaC5281B6E159bc3e6C7400AF25fA46F246B', 1, -65286, 30894), (-38720, 54983, 1676792351, 2, 10, 49064980158730157500, 5662202380952381000, 0, '0x0fa9077350FC3Ee6924743e1AD9b735c657C455E', 0, -39006, 54962), (45647, -40318, 1676792489, 2, 10, 51381683798133452000, 4553571428571429000, 0, '0xc72B1b70e69D270544369132d53529e37Be87742', 0, 44702, -41234), (-10667, 69593, 1676797016, 1, 10, 52967923280423279000, 47684151785714285000, 1, '0xa79160bC038C07678C145f1B5220be15bAdB13d7', 1, -10613, 69546), (-9168, 64558, 1676797016, 1, 10, 49436705430629041900, 44006162505511463900, 1, '0x036D6B4DA0b4Eeb9d312E958c2937D9016765F50', 1, -9016, 64038), (-67210, 30832, 1676797016, 1, 10, 53370652131201418100, 53370652131201418100, 1, '0x0fa9077350FC3Ee6924743e1AD9b735c657C455E', 1, -67210, 30832), (-9442, 68746, 1676797016, 1, 10, 52193733886623065000, 47905097376849402000, 0, '0x05d6edC4ff8ef40321aBCf7886Bc606ed13327b0', 1, -9349, 68693), (-5645, 60493, 1676797016, 1, 10, 49648966479327931000, 40251121015160611000, 1, '0x77B770ceB4b2537e52f4534Bb39e43754eB5B7e5', 1, -6225, 62583), (43185, -42090, 1676793029, 2, 10, 54015769671939045500, 3415178571428571000, 0, '0xc72B1b70e69D270544369132d53529e37Be87742', 0, 43235, -41791), (-66307, 30351, 1676797016, 1, 10, 56144282795570109700, 56144282795570109700, 1, '0x3662FA93E6C3bcB04B95e5dD7B1266AD9e8A9965', 1, -66307, 30351), (-10150, 64919, 1676797016, 1, 10, 53019971728550711000, 43561283694404384500, 1, '0x036D6B4DA0b4Eeb9d312E958c2937D9016765F50', 1, -10296, 65769), (-32420, -110248, 1676793262, 2, 10, 46590466300053795000, 17204462052301800000, 0, '0x77B770ceB4b2537e52f4534Bb39e43754eB5B7e5', 0, -30502, -105273), (-63684, 28290, 1676797016, 1, 10, 49240295815198408000, 44670880027580123000, 1, '0xc8529dE5603FF9D6FE9A77d43c27D3e7085B4E43', 1, -63795, 28074), (44604, -42606, 1676793300, 2, 10, 50446506206585461300, 2561383928571428400, 0, '0xc72B1b70e69D270544369132d53529e37Be87742', 0, 45967, -42153), (-7093, 67939, 1676797016, 1, 10, 55851098521653284200, 49331239628927302200, 1, '0x633462025cF12D347C0dF50B2114E65aa364f0a6', 1, -7053, 68807), (45772, -41684, 1676793510, 2, 10, 38928544490703406000, 1921037946428571600, 0, '0xc72B1b70e69D270544369132d53529e37Be87742', 0, 46376, -42206), (-8353, 67488, 1676797016, 1, 10, 47712597364086534900, 38504728557868923900, 1, '0x3662FA93E6C3bcB04B95e5dD7B1266AD9e8A9965', 1, -8308, 67448), (-65040, 30190, 1676797016, 1, 10, 49105657812321847200, 45579275478804057900, 1, '0xA4b1B07974bF67f04EC51bEcABF4aD62106B1Dd0', 1, -65147, 30274), (-65730, 30403, 1676797016, 1, 10, 45522348387704252900, 45522348387704252900, 0, '0x0fa9077350FC3Ee6924743e1AD9b735c657C455E', 1, -65730, 30403), (44910, -42214, 1676794022, 2, 10, 45357567859261598500, 1440778459821428600, 0, '0xc72B1b70e69D270544369132d53529e37Be87742', 0, 46084, -42343), (46653, -43446, 1676794224, 2, 10, 46801031283344447700, 1440778459821428400, 0, '0xc72B1b70e69D270544369132d53529e37Be87742', 0, 46071, -43504), (-66515, 32317, 1676797016, 1, 10, 45779230770597138400, 35141543251792404100, 1, '0x3662FA93E6C3bcB04B95e5dD7B1266AD9e8A9965', 1, -65940, 32246), (-9929, 68183, 1676797016, 1, 10, 49113164638542216900, 49113164638542216900, 1, '0x77B770ceB4b2537e52f4534Bb39e43754eB5B7e5', 1, -9929, 68183), (-1161, -77377, 1676797016, 1, 10, 49198149075773682200, 30308960734001953300, 0, '0xBa1CD5ded4B25dF273d435c969a01dc0B577c95c', 0, -6074, -79045), (-53587, 21899, 1676794515, 3, 1, 2174749802329934300, 2174749802329934300, 1, '0x036D6B4DA0b4Eeb9d312E958c2937D9016765F50', 1, -53587, 21899), (46114, -43007, 1676794747, 2, 10, 49257381883019951000, 720389229910714300, 0, '0xc72B1b70e69D270544369132d53529e37Be87742', 0, 43800, -42251), (-65103, 31044, 1676797016, 1, 10, 52803691027070259300, 52803691027070259300, 1, '0xA4b1B07974bF67f04EC51bEcABF4aD62106B1Dd0', 1, -65103, 31044), (-7133, 68237, 1676797016, 1, 10, 51353884931390702300, 51353884931390702300, 1, '0xa79160bC038C07678C145f1B5220be15bAdB13d7', 1, -7133, 68237), (-6784, -77245, 1676794839, 2, 10, 37120942877184944000, 11116130081534929400, 0, '0xc72B1b70e69D270544369132d53529e37Be87742', 0, -13571, -80616), (-20944, 84108, 1676795048, 3, 1, 1904857557130728500, 1904857557130728500, 0, '0xBa1CD5ded4B25dF273d435c969a01dc0B577c95c', 0, -20944, 84108), (-9245, 66276, 1676797016, 1, 10, 54114251491592745800, 35346202900406452800, 1, '0xd4aEDD30d11907e10B6353e59685BB7Efc14F55D', 1, -9182, 67975), (43606, -43351, 1676795260, 2, 10, 43150543963957769250, 180097307477678550, 0, '0xc72B1b70e69D270544369132d53529e37Be87742', 0, 8358, -75437), (-3226, -80397, 1676797016, 1, 10, 51458184646622126750, 31596865889325257750, 1, '0x77B770ceB4b2537e52f4534Bb39e43754eB5B7e5', 1, -7699, -82872), (-10847, 73152, 1676797016, 1, 10, 51055473495771626300, 38302295790237013300, 1, '0xA4b1B07974bF67f04EC51bEcABF4aD62106B1Dd0', 1, -11061, 70597), (-16877, -85132, 1676797016, 1, 10, 48581388795423813800, 48581388795423813800, 1, '0xBa1CD5ded4B25dF273d435c969a01dc0B577c95c', 1, -16877, -85132), (-11014, -76054, 1676797016, 1, 10, 39252850073780042500, 30825024992241038200, 0, '0xc72B1b70e69D270544369132d53529e37Be87742', 0, -11075, -76355), (-13223, -77953, 1676795740, 2, 10, 52252492041143854100, 22597615083803229600, 1, '0xc72B1b70e69D270544369132d53529e37Be87742', 0, -15318, -80654), (-61220, 61501, 1676795872, 2, 10, 51403694162592002600, 11800315932939428000, 0, '0xA4b1B07974bF67f04EC51bEcABF4aD62106B1Dd0', 0, -63404, 56561), (-12685, -79775, 1676797016, 1, 10, 42411298177874469900, 33016599601748340400, 1, '0xBa1CD5ded4B25dF273d435c969a01dc0B577c95c', 1, -12931, -81167), (7849, 85987, 1676795896, 2, 10, 50365702175005836800, 8199804528188879300, 0, '0x05d6edC4ff8ef40321aBCf7886Bc606ed13327b0', 0, 2737, 86125), (-8907, 69587, 1676797016, 1, 10, 49834544795769675300, 49834544795769675300, 1, '0xDA8d2BAde16dd8a6a0Eb5563F4216047b2b24294', 1, -8907, 69587), (8186, -76685, 1676795908, 3, 1, 830831495375216500, 830831495375216500, 0, '0xc72B1b70e69D270544369132d53529e37Be87742', 0, 8186, -76685), (6734, -74415, 1676795976, 3, 1, 830831495375216500, 830831495375216500, 0, '0xc72B1b70e69D270544369132d53529e37Be87742', 0, 6734, -74415), (7631, -76628, 1676796011, 3, 1, 830831495375216500, 830831495375216500, 0, '0xc72B1b70e69D270544369132d53529e37Be87742', 0, 7631, -76628), (6442, -75145, 1676796071, 3, 1, 830831495375216500, 830831495375216500, 0, '0xc72B1b70e69D270544369132d53529e37Be87742', 0, 6442, -75145), (8787, -75150, 1676796129, 3, 1, 830831495375216500, 830831495375216500, 0, '0xc72B1b70e69D270544369132d53529e37Be87742', 0, 8787, -75150), (-11033, -82056, 1676797016, 1, 10, 50495407545325394300, 50495407545325394300, 0, '0xc72B1b70e69D270544369132d53529e37Be87742', 0, -11033, -82056), (-27550, 73414, 1676796276, 3, 1, 3621349407497030300, 3621349407497030300, 0, '0xBa1CD5ded4B25dF273d435c969a01dc0B577c95c', 1, -27550, 73414), (-30509, -59408, 1676796350, 3, 1, 155733780215785270, 155733780215785270, 0, '0xDA8d2BAde16dd8a6a0Eb5563F4216047b2b24294', 0, -30509, -59408), (-9431, 64865, 1676797016, 1, 10, 51563427551668785700, 42096102786143363200, 1, '0x5c5f829C4c3E8C4AB97390cb053a456616c27Ea3', 1, -9554, 66165), (-8920, -82644, 1676797016, 1, 10, 46388973883498328000, 38517287327222480000, 0, '0xc72B1b70e69D270544369132d53529e37Be87742', 0, -11910, -83826), (-66934, 31463, 1676797016, 1, 10, 49263978917431671400, 49263978917431671400, 1, '0xA4b1B07974bF67f04EC51bEcABF4aD62106B1Dd0', 0, -66934, 31463), (-9838, 67159, 1676797016, 1, 10, 49351017438325229600, 42578601246473478200, 1, '0xa79160bC038C07678C145f1B5220be15bAdB13d7', 1, -9986, 67300), (-15342, -79483, 1676796842, 0, 9, 47035718581151696600, 40862855145365843100, 1, '0x5c5f829C4c3E8C4AB97390cb053a456616c27Ea3', 1, -15800, -80444), (-10341, -85958, 1676796902, 0, 4, 24798866842798499200, 24798866842798499200, 0, '0xc72B1b70e69D270544369132d53529e37Be87742', 0, -10341, -85958), (-62660, 33418, 1676796942, 0, 3, 10451712127016243000, 10451712127016243000, 1, '0xBa1CD5ded4B25dF273d435c969a01dc0B577c95c', 1, -62660, 33418), (6140, -74318, 1676797004, 0, 1, 1076821700258836700, 1076821700258836700, 0, '0xc72B1b70e69D270544369132d53529e37Be87742', 0, 6140, -74318)]
8 5001.244 [[-0.08048200050096435, 0.6295372924618768], [-0.14004676041617284, -0.7682818373220397], [-0.6171161105289689, 0.28985952474492416]] [(-58853, 34885, 1676797038, 1, 10, 50000000000000000000, 35000000000000000000, 1, '0x5c5f829C4c3E8C4AB97390cb053a456616c27Ea3', 0, -60987, 35376), (-61970, 29047, 1676797038, 1, 10, 47857142857142858000, 28571428571428572000, 1, '0x26CbcaC5281B6E159bc3e6C7400AF25fA46F246B', 1, -65533, 28514), (-66168, 29214, 1676797038, 1, 10, 48705357142857144000, 44151785714285715000, 1, '0xA4b1B07974bF67f04EC51bEcABF4aD62106B1Dd0', 1, -66154, 29294), (45490, -41768, 1676792189, 2, 10, 47395833333333332500, 5000000000000000000, 0, '0xc72B1b70e69D270544369132d53529e37Be87742', 0, 45512, -42787), (-6413, 64099, 1676797038, 1, 10, 48737599206349205000, 48737599206349205000, 1, '0x633462025cF12D347C0dF50B2114E65aa364f0a6', 0, -6413, 64099), (-65286, 30894, 1676797038, 1, 10, 49073454034391536000, 49073454034391536000, 1, '0x26CbcaC5281B6E159bc3e6C7400AF25fA46F246B', 1, -65286, 30894), (-38720, 54983, 1676792351, 2, 10, 49064980158730157500, 5662202380952381000, 0, '0x0fa9077350FC3Ee6924743e1AD9b735c657C455E', 0, -39006, 54962), (45647, -40318, 1676792489, 2, 10, 51381683798133452000, 4553571428571429000, 0, '0xc72B1b70e69D270544369132d53529e37Be87742', 0, 44702, -41234), (-10667, 69593, 1676797038, 1, 10, 52967923280423279000, 47684151785714285000, 1, '0xa79160bC038C07678C145f1B5220be15bAdB13d7', 1, -10613, 69546), (-9168, 64558, 1676797038, 1, 10, 49436705430629041900, 44006162505511463900, 1, '0x036D6B4DA0b4Eeb9d312E958c2937D9016765F50', 1, -9016, 64038), (-67210, 30832, 1676797038, 1, 10, 53370652131201418100, 53370652131201418100, 1, '0x0fa9077350FC3Ee6924743e1AD9b735c657C455E', 1, -67210, 30832), (-9442, 68746, 1676797038, 1, 10, 52193733886623065000, 47905097376849402000, 0, '0x05d6edC4ff8ef40321aBCf7886Bc606ed13327b0', 1, -9349, 68693), (-5645, 60493, 1676797038, 1, 10, 49648966479327931000, 40251121015160611000, 1, '0x77B770ceB4b2537e52f4534Bb39e43754eB5B7e5', 1, -6225, 62583), (43185, -42090, 1676793029, 2, 10, 54015769671939045500, 3415178571428571000, 0, '0xc72B1b70e69D270544369132d53529e37Be87742', 0, 43235, -41791), (-66307, 30351, 1676797038, 1, 10, 56144282795570109700, 56144282795570109700, 1, '0x3662FA93E6C3bcB04B95e5dD7B1266AD9e8A9965', 1, -66307, 30351), (-10150, 64919, 1676797038, 1, 10, 53019971728550711000, 43561283694404384500, 1, '0x036D6B4DA0b4Eeb9d312E958c2937D9016765F50', 1, -10296, 65769), (-32420, -110248, 1676793262, 2, 10, 46590466300053795000, 17204462052301800000, 0, '0x77B770ceB4b2537e52f4534Bb39e43754eB5B7e5', 0, -30502, -105273), (-63684, 28290, 1676797038, 1, 10, 49240295815198408000, 44670880027580123000, 1, '0xc8529dE5603FF9D6FE9A77d43c27D3e7085B4E43', 1, -63795, 28074), (44604, -42606, 1676793300, 2, 10, 50446506206585461300, 2561383928571428400, 0, '0xc72B1b70e69D270544369132d53529e37Be87742', 0, 45967, -42153), (-7093, 67939, 1676797038, 1, 10, 55851098521653284200, 49331239628927302200, 1, '0x633462025cF12D347C0dF50B2114E65aa364f0a6', 1, -7053, 68807), (45772, -41684, 1676793510, 2, 10, 38928544490703406000, 1921037946428571600, 0, '0xc72B1b70e69D270544369132d53529e37Be87742', 0, 46376, -42206), (-8353, 67488, 1676797038, 1, 10, 47712597364086534900, 38504728557868923900, 1, '0x3662FA93E6C3bcB04B95e5dD7B1266AD9e8A9965', 1, -8308, 67448), (-65040, 30190, 1676797038, 1, 10, 49105657812321847200, 45579275478804057900, 1, '0xA4b1B07974bF67f04EC51bEcABF4aD62106B1Dd0', 1, -65147, 30274), (-65730, 30403, 1676797038, 1, 10, 45522348387704252900, 45522348387704252900, 0, '0x0fa9077350FC3Ee6924743e1AD9b735c657C455E', 1, -65730, 30403), (44910, -42214, 1676794022, 2, 10, 45357567859261598500, 1440778459821428600, 0, '0xc72B1b70e69D270544369132d53529e37Be87742', 0, 46084, -42343), (46653, -43446, 1676794224, 2, 10, 46801031283344447700, 1440778459821428400, 0, '0xc72B1b70e69D270544369132d53529e37Be87742', 0, 46071, -43504), (-66515, 32317, 1676797038, 1, 10, 45779230770597138400, 35141543251792404100, 1, '0x3662FA93E6C3bcB04B95e5dD7B1266AD9e8A9965', 1, -65940, 32246), (-9929, 68183, 1676797038, 1, 10, 49113164638542216900, 49113164638542216900, 1, '0x77B770ceB4b2537e52f4534Bb39e43754eB5B7e5', 1, -9929, 68183), (-1161, -77377, 1676797038, 1, 10, 49198149075773682200, 30308960734001953300, 0, '0xBa1CD5ded4B25dF273d435c969a01dc0B577c95c', 0, -6074, -79045), (-53587, 21899, 1676794515, 3, 1, 2174749802329934300, 2174749802329934300, 1, '0x036D6B4DA0b4Eeb9d312E958c2937D9016765F50', 1, -53587, 21899), (46114, -43007, 1676794747, 2, 10, 49257381883019951000, 720389229910714300, 0, '0xc72B1b70e69D270544369132d53529e37Be87742', 0, 43800, -42251), (-65103, 31044, 1676797038, 1, 10, 52803691027070259300, 52803691027070259300, 1, '0xA4b1B07974bF67f04EC51bEcABF4aD62106B1Dd0', 1, -65103, 31044), (-7133, 68237, 1676797038, 1, 10, 51353884931390702300, 51353884931390702300, 1, '0xa79160bC038C07678C145f1B5220be15bAdB13d7', 1, -7133, 68237), (-6784, -77245, 1676794839, 2, 10, 37120942877184944000, 11116130081534929400, 0, '0xc72B1b70e69D270544369132d53529e37Be87742', 0, -13571, -80616), (-20944, 84108, 1676795048, 3, 1, 1904857557130728500, 1904857557130728500, 0, '0xBa1CD5ded4B25dF273d435c969a01dc0B577c95c', 0, -20944, 84108), (-9245, 66276, 1676797038, 1, 10, 54114251491592745800, 35346202900406452800, 1, '0xd4aEDD30d11907e10B6353e59685BB7Efc14F55D', 1, -9182, 67975), (43606, -43351, 1676795260, 2, 10, 43150543963957769250, 180097307477678550, 0, '0xc72B1b70e69D270544369132d53529e37Be87742', 0, 8358, -75437), (-3226, -80397, 1676797038, 1, 10, 51458184646622126750, 31596865889325257750, 1, '0x77B770ceB4b2537e52f4534Bb39e43754eB5B7e5', 1, -7699, -82872), (-10847, 73152, 1676797038, 1, 10, 51055473495771626300, 38302295790237013300, 1, '0xA4b1B07974bF67f04EC51bEcABF4aD62106B1Dd0', 1, -11061, 70597), (-16877, -85132, 1676797038, 1, 10, 48581388795423813800, 48581388795423813800, 1, '0xBa1CD5ded4B25dF273d435c969a01dc0B577c95c', 1, -16877, -85132), (-11014, -76054, 1676797038, 1, 10, 39252850073780042500, 30825024992241038200, 0, '0xc72B1b70e69D270544369132d53529e37Be87742', 0, -11075, -76355), (-13223, -77953, 1676795740, 2, 10, 52252492041143854100, 22597615083803229600, 1, '0xc72B1b70e69D270544369132d53529e37Be87742', 0, -15318, -80654), (-61220, 61501, 1676795872, 2, 10, 51403694162592002600, 11800315932939428000, 0, '0xA4b1B07974bF67f04EC51bEcABF4aD62106B1Dd0', 0, -63404, 56561), (-12685, -79775, 1676797038, 1, 10, 42411298177874469900, 33016599601748340400, 1, '0xBa1CD5ded4B25dF273d435c969a01dc0B577c95c', 1, -12931, -81167), (7849, 85987, 1676795896, 2, 10, 50365702175005836800, 8199804528188879300, 0, '0x05d6edC4ff8ef40321aBCf7886Bc606ed13327b0', 0, 2737, 86125), (-8907, 69587, 1676797038, 1, 10, 49834544795769675300, 49834544795769675300, 1, '0xDA8d2BAde16dd8a6a0Eb5563F4216047b2b24294', 1, -8907, 69587), (8186, -76685, 1676795908, 3, 1, 830831495375216500, 830831495375216500, 0, '0xc72B1b70e69D270544369132d53529e37Be87742', 0, 8186, -76685), (6734, -74415, 1676795976, 3, 1, 830831495375216500, 830831495375216500, 0, '0xc72B1b70e69D270544369132d53529e37Be87742', 0, 6734, -74415), (7631, -76628, 1676796011, 3, 1, 830831495375216500, 830831495375216500, 0, '0xc72B1b70e69D270544369132d53529e37Be87742', 0, 7631, -76628), (6442, -75145, 1676796071, 3, 1, 830831495375216500, 830831495375216500, 0, '0xc72B1b70e69D270544369132d53529e37Be87742', 0, 6442, -75145), (8787, -75150, 1676796129, 3, 1, 830831495375216500, 830831495375216500, 0, '0xc72B1b70e69D270544369132d53529e37Be87742', 0, 8787, -75150), (-11033, -82056, 1676797038, 1, 10, 50495407545325394300, 50495407545325394300, 0, '0xc72B1b70e69D270544369132d53529e37Be87742', 0, -11033, -82056), (-27550, 73414, 1676796276, 3, 1, 3621349407497030300, 3621349407497030300, 0, '0xBa1CD5ded4B25dF273d435c969a01dc0B577c95c', 1, -27550, 73414), (-30509, -59408, 1676796350, 3, 1, 155733780215785270, 155733780215785270, 0, '0xDA8d2BAde16dd8a6a0Eb5563F4216047b2b24294', 0, -30509, -59408), (-9431, 64865, 1676797038, 1, 10, 51563427551668785700, 42096102786143363200, 1, '0x5c5f829C4c3E8C4AB97390cb053a456616c27Ea3', 1, -9554, 66165), (-8920, -82644, 1676797038, 1, 10, 46388973883498328000, 38517287327222480000, 0, '0xc72B1b70e69D270544369132d53529e37Be87742', 0, -11910, -83826), (-66934, 31463, 1676797038, 1, 10, 49263978917431671400, 49263978917431671400, 1, '0xA4b1B07974bF67f04EC51bEcABF4aD62106B1Dd0', 0, -66934, 31463), (-9838, 67159, 1676797038, 1, 10, 49351017438325229600, 42578601246473478200, 1, '0xa79160bC038C07678C145f1B5220be15bAdB13d7', 1, -9986, 67300), (-15342, -79483, 1676796842, 0, 9, 47035718581151696600, 40862855145365843100, 1, '0x5c5f829C4c3E8C4AB97390cb053a456616c27Ea3', 1, -15800, -80444), (-10741, -87478, 1676796902, 0, 5, 32152840393044308200, 32152840393044308200, 0, '0xc72B1b70e69D270544369132d53529e37Be87742', 0, -10741, -87478), (-62660, 33418, 1676796942, 0, 3, 10451712127016243000, 10451712127016243000, 1, '0xBa1CD5ded4B25dF273d435c969a01dc0B577c95c', 1, -62660, 33418), (-6411, -77801, 1676797004, 0, 2, 5574506731567098200, 5574506731567098200, 0, '0xc72B1b70e69D270544369132d53529e37Be87742', 0, -6411, -77801)]
8 5031.595 [[-0.08048200050096435, 0.6295372924618768], [-0.14004676041617284, -0.7682818373220397], [-0.6171161105289689, 0.28985952474492416]] [(-58853, 34885, 1676797080, 1, 10, 50000000000000000000, 35000000000000000000, 1, '0x5c5f829C4c3E8C4AB97390cb053a456616c27Ea3', 0, -60987, 35376), (-61970, 29047, 1676797080, 1, 10, 47857142857142858000, 28571428571428572000, 1, '0x26CbcaC5281B6E159bc3e6C7400AF25fA46F246B', 1, -65533, 28514), (-66168, 29214, 1676797080, 1, 10, 48705357142857144000, 44151785714285715000, 1, '0xA4b1B07974bF67f04EC51bEcABF4aD62106B1Dd0', 1, -66154, 29294), (45490, -41768, 1676792189, 2, 10, 47395833333333332500, 5000000000000000000, 0, '0xc72B1b70e69D270544369132d53529e37Be87742', 0, 45512, -42787), (-6413, 64099, 1676797080, 1, 10, 48737599206349205000, 48737599206349205000, 1, '0x633462025cF12D347C0dF50B2114E65aa364f0a6', 0, -6413, 64099), (-65286, 30894, 1676797080, 1, 10, 49073454034391536000, 49073454034391536000, 1, '0x26CbcaC5281B6E159bc3e6C7400AF25fA46F246B', 1, -65286, 30894), (-38720, 54983, 1676792351, 2, 10, 49064980158730157500, 5662202380952381000, 0, '0x0fa9077350FC3Ee6924743e1AD9b735c657C455E', 0, -39006, 54962), (45647, -40318, 1676792489, 2, 10, 51381683798133452000, 4553571428571429000, 0, '0xc72B1b70e69D270544369132d53529e37Be87742', 0, 44702, -41234), (-10667, 69593, 1676797080, 1, 10, 52967923280423279000, 47684151785714285000, 1, '0xa79160bC038C07678C145f1B5220be15bAdB13d7', 1, -10613, 69546), (-9168, 64558, 1676797080, 1, 10, 49436705430629041900, 44006162505511463900, 1, '0x036D6B4DA0b4Eeb9d312E958c2937D9016765F50', 1, -9016, 64038), (-67210, 30832, 1676797080, 1, 10, 53370652131201418100, 53370652131201418100, 1, '0x0fa9077350FC3Ee6924743e1AD9b735c657C455E', 1, -67210, 30832), (-9442, 68746, 1676797080, 1, 10, 52193733886623065000, 47905097376849402000, 0, '0x05d6edC4ff8ef40321aBCf7886Bc606ed13327b0', 1, -9349, 68693), (-5645, 60493, 1676797080, 1, 10, 49648966479327931000, 40251121015160611000, 1, '0x77B770ceB4b2537e52f4534Bb39e43754eB5B7e5', 1, -6225, 62583), (43185, -42090, 1676793029, 2, 10, 54015769671939045500, 3415178571428571000, 0, '0xc72B1b70e69D270544369132d53529e37Be87742', 0, 43235, -41791), (-66307, 30351, 1676797080, 1, 10, 56144282795570109700, 56144282795570109700, 1, '0x3662FA93E6C3bcB04B95e5dD7B1266AD9e8A9965', 1, -66307, 30351), (-10150, 64919, 1676797080, 1, 10, 53019971728550711000, 43561283694404384500, 1, '0x036D6B4DA0b4Eeb9d312E958c2937D9016765F50', 1, -10296, 65769), (-32420, -110248, 1676793262, 2, 10, 46590466300053795000, 17204462052301800000, 0, '0x77B770ceB4b2537e52f4534Bb39e43754eB5B7e5', 0, -30502, -105273), (-63684, 28290, 1676797080, 1, 10, 49240295815198408000, 44670880027580123000, 1, '0xc8529dE5603FF9D6FE9A77d43c27D3e7085B4E43', 1, -63795, 28074), (44604, -42606, 1676793300, 2, 10, 50446506206585461300, 2561383928571428400, 0, '0xc72B1b70e69D270544369132d53529e37Be87742', 0, 45967, -42153), (-7093, 67939, 1676797080, 1, 10, 55851098521653284200, 49331239628927302200, 1, '0x633462025cF12D347C0dF50B2114E65aa364f0a6', 1, -7053, 68807), (45772, -41684, 1676793510, 2, 10, 38928544490703406000, 1921037946428571600, 0, '0xc72B1b70e69D270544369132d53529e37Be87742', 0, 46376, -42206), (-8353, 67488, 1676797080, 1, 10, 47712597364086534900, 38504728557868923900, 1, '0x3662FA93E6C3bcB04B95e5dD7B1266AD9e8A9965', 1, -8308, 67448), (-65040, 30190, 1676797080, 1, 10, 49105657812321847200, 45579275478804057900, 1, '0xA4b1B07974bF67f04EC51bEcABF4aD62106B1Dd0', 1, -65147, 30274), (-65730, 30403, 1676797080, 1, 10, 45522348387704252900, 45522348387704252900, 0, '0x0fa9077350FC3Ee6924743e1AD9b735c657C455E', 1, -65730, 30403), (44910, -42214, 1676794022, 2, 10, 45357567859261598500, 1440778459821428600, 0, '0xc72B1b70e69D270544369132d53529e37Be87742', 0, 46084, -42343), (46653, -43446, 1676794224, 2, 10, 46801031283344447700, 1440778459821428400, 0, '0xc72B1b70e69D270544369132d53529e37Be87742', 0, 46071, -43504), (-66515, 32317, 1676797080, 1, 10, 45779230770597138400, 35141543251792404100, 1, '0x3662FA93E6C3bcB04B95e5dD7B1266AD9e8A9965', 1, -65940, 32246), (-9929, 68183, 1676797080, 1, 10, 49113164638542216900, 49113164638542216900, 1, '0x77B770ceB4b2537e52f4534Bb39e43754eB5B7e5', 1, -9929, 68183), (-1161, -77377, 1676797080, 1, 10, 49198149075773682200, 30308960734001953300, 0, '0xBa1CD5ded4B25dF273d435c969a01dc0B577c95c', 0, -6074, -79045), (-53587, 21899, 1676794515, 3, 1, 2174749802329934300, 2174749802329934300, 1, '0x036D6B4DA0b4Eeb9d312E958c2937D9016765F50', 1, -53587, 21899), (46114, -43007, 1676794747, 2, 10, 49257381883019951000, 720389229910714300, 0, '0xc72B1b70e69D270544369132d53529e37Be87742', 0, 43800, -42251), (-65103, 31044, 1676797080, 1, 10, 52803691027070259300, 52803691027070259300, 1, '0xA4b1B07974bF67f04EC51bEcABF4aD62106B1Dd0', 1, -65103, 31044), (-7133, 68237, 1676797080, 1, 10, 51353884931390702300, 51353884931390702300, 1, '0xa79160bC038C07678C145f1B5220be15bAdB13d7', 1, -7133, 68237), (-6784, -77245, 1676794839, 2, 10, 37120942877184944000, 11116130081534929400, 0, '0xc72B1b70e69D270544369132d53529e37Be87742', 0, -13571, -80616), (-20944, 84108, 1676795048, 3, 1, 1904857557130728500, 1904857557130728500, 0, '0xBa1CD5ded4B25dF273d435c969a01dc0B577c95c', 0, -20944, 84108), (-9245, 66276, 1676797080, 1, 10, 54114251491592745800, 35346202900406452800, 1, '0xd4aEDD30d11907e10B6353e59685BB7Efc14F55D', 1, -9182, 67975), (43606, -43351, 1676795260, 2, 10, 43150543963957769250, 180097307477678550, 0, '0xc72B1b70e69D270544369132d53529e37Be87742', 0, 8358, -75437), (-3226, -80397, 1676797080, 1, 10, 51458184646622126750, 31596865889325257750, 1, '0x77B770ceB4b2537e52f4534Bb39e43754eB5B7e5', 1, -7699, -82872), (-10847, 73152, 1676797080, 1, 10, 51055473495771626300, 38302295790237013300, 1, '0xA4b1B07974bF67f04EC51bEcABF4aD62106B1Dd0', 1, -11061, 70597), (-16877, -85132, 1676797080, 1, 10, 48581388795423813800, 48581388795423813800, 1, '0xBa1CD5ded4B25dF273d435c969a01dc0B577c95c', 1, -16877, -85132), (-11014, -76054, 1676797080, 1, 10, 39252850073780042500, 30825024992241038200, 0, '0xc72B1b70e69D270544369132d53529e37Be87742', 0, -11075, -76355), (-13223, -77953, 1676795740, 2, 10, 52252492041143854100, 22597615083803229600, 1, '0xc72B1b70e69D270544369132d53529e37Be87742', 0, -15318, -80654), (-61220, 61501, 1676795872, 2, 10, 51403694162592002600, 11800315932939428000, 0, '0xA4b1B07974bF67f04EC51bEcABF4aD62106B1Dd0', 0, -63404, 56561), (-12685, -79775, 1676797080, 1, 10, 42411298177874469900, 33016599601748340400, 1, '0xBa1CD5ded4B25dF273d435c969a01dc0B577c95c', 1, -12931, -81167), (7849, 85987, 1676795896, 2, 10, 50365702175005836800, 8199804528188879300, 0, '0x05d6edC4ff8ef40321aBCf7886Bc606ed13327b0', 0, 2737, 86125), (-8907, 69587, 1676797080, 1, 10, 49834544795769675300, 49834544795769675300, 1, '0xDA8d2BAde16dd8a6a0Eb5563F4216047b2b24294', 1, -8907, 69587), (8186, -76685, 1676795908, 3, 1, 830831495375216500, 830831495375216500, 0, '0xc72B1b70e69D270544369132d53529e37Be87742', 0, 8186, -76685), (6734, -74415, 1676795976, 3, 1, 830831495375216500, 830831495375216500, 0, '0xc72B1b70e69D270544369132d53529e37Be87742', 0, 6734, -74415), (7631, -76628, 1676796011, 3, 1, 830831495375216500, 830831495375216500, 0, '0xc72B1b70e69D270544369132d53529e37Be87742', 0, 7631, -76628), (6442, -75145, 1676796071, 3, 1, 830831495375216500, 830831495375216500, 0, '0xc72B1b70e69D270544369132d53529e37Be87742', 0, 6442, -75145), (8787, -75150, 1676796129, 3, 1, 830831495375216500, 830831495375216500, 0, '0xc72B1b70e69D270544369132d53529e37Be87742', 0, 8787, -75150), (-11033, -82056, 1676797080, 1, 10, 50495407545325394300, 50495407545325394300, 0, '0xc72B1b70e69D270544369132d53529e37Be87742', 0, -11033, -82056), (-27550, 73414, 1676796276, 3, 1, 3621349407497030300, 3621349407497030300, 0, '0xBa1CD5ded4B25dF273d435c969a01dc0B577c95c', 1, -27550, 73414), (-30509, -59408, 1676796350, 3, 1, 155733780215785270, 155733780215785270, 0, '0xDA8d2BAde16dd8a6a0Eb5563F4216047b2b24294', 0, -30509, -59408), (-9431, 64865, 1676797080, 1, 10, 51563427551668785700, 42096102786143363200, 1, '0x5c5f829C4c3E8C4AB97390cb053a456616c27Ea3', 1, -9554, 66165), (-8920, -82644, 1676797080, 1, 10, 46388973883498328000, 38517287327222480000, 0, '0xc72B1b70e69D270544369132d53529e37Be87742', 0, -11910, -83826), (-66934, 31463, 1676797080, 1, 10, 49263978917431671400, 49263978917431671400, 1, '0xA4b1B07974bF67f04EC51bEcABF4aD62106B1Dd0', 0, -66934, 31463), (-9838, 67159, 1676797080, 1, 10, 49351017438325229600, 42578601246473478200, 1, '0xa79160bC038C07678C145f1B5220be15bAdB13d7', 1, -9986, 67300), (-15332, -79320, 1676797080, 1, 10, 48789742551410628600, 42616879115624775100, 1, '0x5c5f829C4c3E8C4AB97390cb053a456616c27Ea3', 1, -15770, -80218), (-10741, -87478, 1676796902, 0, 5, 32152840393044308200, 32152840393044308200, 0, '0xc72B1b70e69D270544369132d53529e37Be87742', 0, -10741, -87478), (-62849, 33157, 1676796942, 0, 6, 34232030853967608000, 34232030853967608000, 1, '0xBa1CD5ded4B25dF273d435c969a01dc0B577c95c', 1, -62849, 33157), (-11468, -78902, 1676797004, 0, 4, 11552038510031559000, 11552038510031559000, 0, '0xc72B1b70e69D270544369132d53529e37Be87742', 0, -11468, -78902)]
8 5061.925 [[-0.08048200050096435, 0.6295372924618768], [-0.14004676041617284, -0.7682818373220397], [-0.6171161105289689, 0.28985952474492416]] [(-58853, 34885, 1676797106, 1, 10, 50000000000000000000, 35000000000000000000, 1, '0x5c5f829C4c3E8C4AB97390cb053a456616c27Ea3', 0, -60987, 35376), (-61970, 29047, 1676797106, 1, 10, 47857142857142858000, 28571428571428572000, 1, '0x26CbcaC5281B6E159bc3e6C7400AF25fA46F246B', 1, -65533, 28514), (-66168, 29214, 1676797106, 1, 10, 48705357142857144000, 44151785714285715000, 1, '0xA4b1B07974bF67f04EC51bEcABF4aD62106B1Dd0', 1, -66154, 29294), (45490, -41768, 1676792189, 2, 10, 47395833333333332500, 5000000000000000000, 0, '0xc72B1b70e69D270544369132d53529e37Be87742', 0, 45512, -42787), (-6413, 64099, 1676797106, 1, 10, 48737599206349205000, 48737599206349205000, 1, '0x633462025cF12D347C0dF50B2114E65aa364f0a6', 0, -6413, 64099), (-65286, 30894, 1676797106, 1, 10, 49073454034391536000, 49073454034391536000, 1, '0x26CbcaC5281B6E159bc3e6C7400AF25fA46F246B', 1, -65286, 30894), (-38720, 54983, 1676792351, 2, 10, 49064980158730157500, 5662202380952381000, 0, '0x0fa9077350FC3Ee6924743e1AD9b735c657C455E', 0, -39006, 54962), (45647, -40318, 1676792489, 2, 10, 51381683798133452000, 4553571428571429000, 0, '0xc72B1b70e69D270544369132d53529e37Be87742', 0, 44702, -41234), (-10667, 69593, 1676797106, 1, 10, 52967923280423279000, 47684151785714285000, 1, '0xa79160bC038C07678C145f1B5220be15bAdB13d7', 1, -10613, 69546), (-9168, 64558, 1676797106, 1, 10, 49436705430629041900, 44006162505511463900, 1, '0x036D6B4DA0b4Eeb9d312E958c2937D9016765F50', 1, -9016, 64038), (-67210, 30832, 1676797106, 1, 10, 53370652131201418100, 53370652131201418100, 1, '0x0fa9077350FC3Ee6924743e1AD9b735c657C455E', 1, -67210, 30832), (-9442, 68746, 1676797106, 1, 10, 52193733886623065000, 47905097376849402000, 0, '0x05d6edC4ff8ef40321aBCf7886Bc606ed13327b0', 1, -9349, 68693), (-5645, 60493, 1676797106, 1, 10, 49648966479327931000, 40251121015160611000, 1, '0x77B770ceB4b2537e52f4534Bb39e43754eB5B7e5', 1, -6225, 62583), (43185, -42090, 1676793029, 2, 10, 54015769671939045500, 3415178571428571000, 0, '0xc72B1b70e69D270544369132d53529e37Be87742', 0, 43235, -41791), (-66307, 30351, 1676797106, 1, 10, 56144282795570109700, 56144282795570109700, 1, '0x3662FA93E6C3bcB04B95e5dD7B1266AD9e8A9965', 1, -66307, 30351), (-10150, 64919, 1676797106, 1, 10, 53019971728550711000, 43561283694404384500, 1, '0x036D6B4DA0b4Eeb9d312E958c2937D9016765F50', 1, -10296, 65769), (-32420, -110248, 1676793262, 2, 10, 46590466300053795000, 17204462052301800000, 0, '0x77B770ceB4b2537e52f4534Bb39e43754eB5B7e5', 0, -30502, -105273), (-63684, 28290, 1676797106, 1, 10, 49240295815198408000, 44670880027580123000, 1, '0xc8529dE5603FF9D6FE9A77d43c27D3e7085B4E43', 1, -63795, 28074), (44604, -42606, 1676793300, 2, 10, 50446506206585461300, 2561383928571428400, 0, '0xc72B1b70e69D270544369132d53529e37Be87742', 0, 45967, -42153), (-7093, 67939, 1676797106, 1, 10, 55851098521653284200, 49331239628927302200, 1, '0x633462025cF12D347C0dF50B2114E65aa364f0a6', 1, -7053, 68807), (45772, -41684, 1676793510, 2, 10, 38928544490703406000, 1921037946428571600, 0, '0xc72B1b70e69D270544369132d53529e37Be87742', 0, 46376, -42206), (-8353, 67488, 1676797106, 1, 10, 47712597364086534900, 38504728557868923900, 1, '0x3662FA93E6C3bcB04B95e5dD7B1266AD9e8A9965', 1, -8308, 67448), (-65040, 30190, 1676797106, 1, 10, 49105657812321847200, 45579275478804057900, 1, '0xA4b1B07974bF67f04EC51bEcABF4aD62106B1Dd0', 1, -65147, 30274), (-65730, 30403, 1676797106, 1, 10, 45522348387704252900, 45522348387704252900, 0, '0x0fa9077350FC3Ee6924743e1AD9b735c657C455E', 1, -65730, 30403), (44910, -42214, 1676794022, 2, 10, 45357567859261598500, 1440778459821428600, 0, '0xc72B1b70e69D270544369132d53529e37Be87742', 0, 46084, -42343), (46653, -43446, 1676794224, 2, 10, 46801031283344447700, 1440778459821428400, 0, '0xc72B1b70e69D270544369132d53529e37Be87742', 0, 46071, -43504), (-66515, 32317, 1676797106, 1, 10, 45779230770597138400, 35141543251792404100, 1, '0x3662FA93E6C3bcB04B95e5dD7B1266AD9e8A9965', 1, -65940, 32246), (-9929, 68183, 1676797106, 1, 10, 49113164638542216900, 49113164638542216900, 1, '0x77B770ceB4b2537e52f4534Bb39e43754eB5B7e5', 1, -9929, 68183), (-1161, -77377, 1676797106, 1, 10, 49198149075773682200, 30308960734001953300, 0, '0xBa1CD5ded4B25dF273d435c969a01dc0B577c95c', 0, -6074, -79045), (-53587, 21899, 1676794515, 3, 1, 2174749802329934300, 2174749802329934300, 1, '0x036D6B4DA0b4Eeb9d312E958c2937D9016765F50', 1, -53587, 21899), (46114, -43007, 1676794747, 2, 10, 49257381883019951000, 720389229910714300, 0, '0xc72B1b70e69D270544369132d53529e37Be87742', 0, 43800, -42251), (-65103, 31044, 1676797106, 1, 10, 52803691027070259300, 52803691027070259300, 1, '0xA4b1B07974bF67f04EC51bEcABF4aD62106B1Dd0', 1, -65103, 31044), (-7133, 68237, 1676797106, 1, 10, 51353884931390702300, 51353884931390702300, 1, '0xa79160bC038C07678C145f1B5220be15bAdB13d7', 1, -7133, 68237), (-6784, -77245, 1676794839, 2, 10, 37120942877184944000, 11116130081534929400, 0, '0xc72B1b70e69D270544369132d53529e37Be87742', 0, -13571, -80616), (-20944, 84108, 1676795048, 3, 1, 1904857557130728500, 1904857557130728500, 0, '0xBa1CD5ded4B25dF273d435c969a01dc0B577c95c', 0, -20944, 84108), (-9245, 66276, 1676797106, 1, 10, 54114251491592745800, 35346202900406452800, 1, '0xd4aEDD30d11907e10B6353e59685BB7Efc14F55D', 1, -9182, 67975), (43606, -43351, 1676795260, 2, 10, 43150543963957769250, 180097307477678550, 0, '0xc72B1b70e69D270544369132d53529e37Be87742', 0, 8358, -75437), (-3226, -80397, 1676797106, 1, 10, 51458184646622126750, 31596865889325257750, 1, '0x77B770ceB4b2537e52f4534Bb39e43754eB5B7e5', 1, -7699, -82872), (-10847, 73152, 1676797106, 1, 10, 51055473495771626300, 38302295790237013300, 1, '0xA4b1B07974bF67f04EC51bEcABF4aD62106B1Dd0', 1, -11061, 70597), (-16877, -85132, 1676797106, 1, 10, 48581388795423813800, 48581388795423813800, 1, '0xBa1CD5ded4B25dF273d435c969a01dc0B577c95c', 1, -16877, -85132), (-11014, -76054, 1676797106, 1, 10, 39252850073780042500, 30825024992241038200, 0, '0xc72B1b70e69D270544369132d53529e37Be87742', 0, -11075, -76355), (-13223, -77953, 1676795740, 2, 10, 52252492041143854100, 22597615083803229600, 1, '0xc72B1b70e69D270544369132d53529e37Be87742', 0, -15318, -80654), (-61220, 61501, 1676795872, 2, 10, 51403694162592002600, 11800315932939428000, 0, '0xA4b1B07974bF67f04EC51bEcABF4aD62106B1Dd0', 0, -63404, 56561), (-12685, -79775, 1676797106, 1, 10, 42411298177874469900, 33016599601748340400, 1, '0xBa1CD5ded4B25dF273d435c969a01dc0B577c95c', 1, -12931, -81167), (7849, 85987, 1676795896, 2, 10, 50365702175005836800, 8199804528188879300, 0, '0x05d6edC4ff8ef40321aBCf7886Bc606ed13327b0', 0, 2737, 86125), (-8907, 69587, 1676797106, 1, 10, 49834544795769675300, 49834544795769675300, 1, '0xDA8d2BAde16dd8a6a0Eb5563F4216047b2b24294', 1, -8907, 69587), (8186, -76685, 1676795908, 3, 1, 830831495375216500, 830831495375216500, 0, '0xc72B1b70e69D270544369132d53529e37Be87742', 0, 8186, -76685), (6734, -74415, 1676795976, 3, 1, 830831495375216500, 830831495375216500, 0, '0xc72B1b70e69D270544369132d53529e37Be87742', 0, 6734, -74415), (7631, -76628, 1676796011, 3, 1, 830831495375216500, 830831495375216500, 0, '0xc72B1b70e69D270544369132d53529e37Be87742', 0, 7631, -76628), (6442, -75145, 1676796071, 3, 1, 830831495375216500, 830831495375216500, 0, '0xc72B1b70e69D270544369132d53529e37Be87742', 0, 6442, -75145), (8787, -75150, 1676796129, 3, 1, 830831495375216500, 830831495375216500, 0, '0xc72B1b70e69D270544369132d53529e37Be87742', 0, 8787, -75150), (-11033, -82056, 1676797106, 1, 10, 50495407545325394300, 50495407545325394300, 0, '0xc72B1b70e69D270544369132d53529e37Be87742', 0, -11033, -82056), (-27550, 73414, 1676796276, 3, 1, 3621349407497030300, 3621349407497030300, 0, '0xBa1CD5ded4B25dF273d435c969a01dc0B577c95c', 1, -27550, 73414), (-30509, -59408, 1676796350, 3, 1, 155733780215785270, 155733780215785270, 0, '0xDA8d2BAde16dd8a6a0Eb5563F4216047b2b24294', 0, -30509, -59408), (-9431, 64865, 1676797106, 1, 10, 51563427551668785700, 42096102786143363200, 1, '0x5c5f829C4c3E8C4AB97390cb053a456616c27Ea3', 1, -9554, 66165), (-8920, -82644, 1676797106, 1, 10, 46388973883498328000, 38517287327222480000, 0, '0xc72B1b70e69D270544369132d53529e37Be87742', 0, -11910, -83826), (-66934, 31463, 1676797106, 1, 10, 49263978917431671400, 49263978917431671400, 1, '0xA4b1B07974bF67f04EC51bEcABF4aD62106B1Dd0', 0, -66934, 31463), (-9838, 67159, 1676797106, 1, 10, 49351017438325229600, 42578601246473478200, 1, '0xa79160bC038C07678C145f1B5220be15bAdB13d7', 1, -9986, 67300), (-15332, -79320, 1676797106, 1, 10, 48789742551410628600, 42616879115624775100, 1, '0x5c5f829C4c3E8C4AB97390cb053a456616c27Ea3', 1, -15770, -80218), (-10741, -87478, 1676796902, 0, 5, 32152840393044308200, 32152840393044308200, 0, '0xc72B1b70e69D270544369132d53529e37Be87742', 0, -10741, -87478), (-62823, 31845, 1676796942, 0, 7, 39743449777490128000, 39743449777490128000, 1, '0xBa1CD5ded4B25dF273d435c969a01dc0B577c95c', 1, -62823, 31845), (-11468, -78902, 1676797004, 0, 4, 11552038510031559000, 11552038510031559000, 0, '0xc72B1b70e69D270544369132d53529e37Be87742', 0, -11468, -78902)]
8 5092.041 [[-0.08048200050096435, 0.6295372924618768], [-0.14004676041617284, -0.7682818373220397], [-0.6171161105289689, 0.28985952474492416]] [(-58853, 34885, 1676797132, 1, 10, 50000000000000000000, 35000000000000000000, 1, '0x5c5f829C4c3E8C4AB97390cb053a456616c27Ea3', 0, -60987, 35376), (-61970, 29047, 1676797132, 1, 10, 47857142857142858000, 28571428571428572000, 1, '0x26CbcaC5281B6E159bc3e6C7400AF25fA46F246B', 1, -65533, 28514), (-66168, 29214, 1676797132, 1, 10, 48705357142857144000, 44151785714285715000, 1, '0xA4b1B07974bF67f04EC51bEcABF4aD62106B1Dd0', 1, -66154, 29294), (45490, -41768, 1676792189, 2, 10, 47395833333333332500, 5000000000000000000, 0, '0xc72B1b70e69D270544369132d53529e37Be87742', 0, 45512, -42787), (-6413, 64099, 1676797132, 1, 10, 48737599206349205000, 48737599206349205000, 1, '0x633462025cF12D347C0dF50B2114E65aa364f0a6', 0, -6413, 64099), (-65286, 30894, 1676797132, 1, 10, 49073454034391536000, 49073454034391536000, 1, '0x26CbcaC5281B6E159bc3e6C7400AF25fA46F246B', 1, -65286, 30894), (-38720, 54983, 1676792351, 2, 10, 49064980158730157500, 5662202380952381000, 0, '0x0fa9077350FC3Ee6924743e1AD9b735c657C455E', 0, -39006, 54962), (45647, -40318, 1676792489, 2, 10, 51381683798133452000, 4553571428571429000, 0, '0xc72B1b70e69D270544369132d53529e37Be87742', 0, 44702, -41234), (-10667, 69593, 1676797132, 1, 10, 52967923280423279000, 47684151785714285000, 1, '0xa79160bC038C07678C145f1B5220be15bAdB13d7', 1, -10613, 69546), (-9168, 64558, 1676797132, 1, 10, 49436705430629041900, 44006162505511463900, 1, '0x036D6B4DA0b4Eeb9d312E958c2937D9016765F50', 1, -9016, 64038), (-67210, 30832, 1676797132, 1, 10, 53370652131201418100, 53370652131201418100, 1, '0x0fa9077350FC3Ee6924743e1AD9b735c657C455E', 1, -67210, 30832), (-9442, 68746, 1676797132, 1, 10, 52193733886623065000, 47905097376849402000, 0, '0x05d6edC4ff8ef40321aBCf7886Bc606ed13327b0', 1, -9349, 68693), (-5645, 60493, 1676797132, 1, 10, 49648966479327931000, 40251121015160611000, 1, '0x77B770ceB4b2537e52f4534Bb39e43754eB5B7e5', 1, -6225, 62583), (43185, -42090, 1676793029, 2, 10, 54015769671939045500, 3415178571428571000, 0, '0xc72B1b70e69D270544369132d53529e37Be87742', 0, 43235, -41791), (-66307, 30351, 1676797132, 1, 10, 56144282795570109700, 56144282795570109700, 1, '0x3662FA93E6C3bcB04B95e5dD7B1266AD9e8A9965', 1, -66307, 30351), (-10150, 64919, 1676797132, 1, 10, 53019971728550711000, 43561283694404384500, 1, '0x036D6B4DA0b4Eeb9d312E958c2937D9016765F50', 1, -10296, 65769), (-32420, -110248, 1676793262, 2, 10, 46590466300053795000, 17204462052301800000, 0, '0x77B770ceB4b2537e52f4534Bb39e43754eB5B7e5', 0, -30502, -105273), (-63684, 28290, 1676797132, 1, 10, 49240295815198408000, 44670880027580123000, 1, '0xc8529dE5603FF9D6FE9A77d43c27D3e7085B4E43', 1, -63795, 28074), (44604, -42606, 1676793300, 2, 10, 50446506206585461300, 2561383928571428400, 0, '0xc72B1b70e69D270544369132d53529e37Be87742', 0, 45967, -42153), (-7093, 67939, 1676797132, 1, 10, 55851098521653284200, 49331239628927302200, 1, '0x633462025cF12D347C0dF50B2114E65aa364f0a6', 1, -7053, 68807), (45772, -41684, 1676793510, 2, 10, 38928544490703406000, 1921037946428571600, 0, '0xc72B1b70e69D270544369132d53529e37Be87742', 0, 46376, -42206), (-8353, 67488, 1676797132, 1, 10, 47712597364086534900, 38504728557868923900, 1, '0x3662FA93E6C3bcB04B95e5dD7B1266AD9e8A9965', 1, -8308, 67448), (-65040, 30190, 1676797132, 1, 10, 49105657812321847200, 45579275478804057900, 1, '0xA4b1B07974bF67f04EC51bEcABF4aD62106B1Dd0', 1, -65147, 30274), (-65730, 30403, 1676797132, 1, 10, 45522348387704252900, 45522348387704252900, 0, '0x0fa9077350FC3Ee6924743e1AD9b735c657C455E', 1, -65730, 30403), (44910, -42214, 1676794022, 2, 10, 45357567859261598500, 1440778459821428600, 0, '0xc72B1b70e69D270544369132d53529e37Be87742', 0, 46084, -42343), (46653, -43446, 1676794224, 2, 10, 46801031283344447700, 1440778459821428400, 0, '0xc72B1b70e69D270544369132d53529e37Be87742', 0, 46071, -43504), (-66515, 32317, 1676797132, 1, 10, 45779230770597138400, 35141543251792404100, 1, '0x3662FA93E6C3bcB04B95e5dD7B1266AD9e8A9965', 1, -65940, 32246), (-9929, 68183, 1676797132, 1, 10, 49113164638542216900, 49113164638542216900, 1, '0x77B770ceB4b2537e52f4534Bb39e43754eB5B7e5', 1, -9929, 68183), (-1161, -77377, 1676797132, 1, 10, 49198149075773682200, 30308960734001953300, 0, '0xBa1CD5ded4B25dF273d435c969a01dc0B577c95c', 0, -6074, -79045), (-53587, 21899, 1676794515, 3, 1, 2174749802329934300, 2174749802329934300, 1, '0x036D6B4DA0b4Eeb9d312E958c2937D9016765F50', 1, -53587, 21899), (46114, -43007, 1676794747, 2, 10, 49257381883019951000, 720389229910714300, 0, '0xc72B1b70e69D270544369132d53529e37Be87742', 0, 43800, -42251), (-65103, 31044, 1676797132, 1, 10, 52803691027070259300, 52803691027070259300, 1, '0xA4b1B07974bF67f04EC51bEcABF4aD62106B1Dd0', 1, -65103, 31044), (-7133, 68237, 1676797132, 1, 10, 51353884931390702300, 51353884931390702300, 1, '0xa79160bC038C07678C145f1B5220be15bAdB13d7', 1, -7133, 68237), (-6784, -77245, 1676794839, 2, 10, 37120942877184944000, 11116130081534929400, 0, '0xc72B1b70e69D270544369132d53529e37Be87742', 0, -13571, -80616), (-20944, 84108, 1676795048, 3, 1, 1904857557130728500, 1904857557130728500, 0, '0xBa1CD5ded4B25dF273d435c969a01dc0B577c95c', 0, -20944, 84108), (-9245, 66276, 1676797132, 1, 10, 54114251491592745800, 35346202900406452800, 1, '0xd4aEDD30d11907e10B6353e59685BB7Efc14F55D', 1, -9182, 67975), (43606, -43351, 1676795260, 2, 10, 43150543963957769250, 180097307477678550, 0, '0xc72B1b70e69D270544369132d53529e37Be87742', 0, 8358, -75437), (-3226, -80397, 1676797132, 1, 10, 51458184646622126750, 31596865889325257750, 1, '0x77B770ceB4b2537e52f4534Bb39e43754eB5B7e5', 1, -7699, -82872), (-10847, 73152, 1676797132, 1, 10, 51055473495771626300, 38302295790237013300, 1, '0xA4b1B07974bF67f04EC51bEcABF4aD62106B1Dd0', 1, -11061, 70597), (-16877, -85132, 1676797132, 1, 10, 48581388795423813800, 48581388795423813800, 1, '0xBa1CD5ded4B25dF273d435c969a01dc0B577c95c', 1, -16877, -85132), (-11014, -76054, 1676797132, 1, 10, 39252850073780042500, 30825024992241038200, 0, '0xc72B1b70e69D270544369132d53529e37Be87742', 0, -11075, -76355), (-13223, -77953, 1676795740, 2, 10, 52252492041143854100, 22597615083803229600, 1, '0xc72B1b70e69D270544369132d53529e37Be87742', 0, -15318, -80654), (-61220, 61501, 1676795872, 2, 10, 51403694162592002600, 11800315932939428000, 0, '0xA4b1B07974bF67f04EC51bEcABF4aD62106B1Dd0', 0, -63404, 56561), (-12685, -79775, 1676797132, 1, 10, 42411298177874469900, 33016599601748340400, 1, '0xBa1CD5ded4B25dF273d435c969a01dc0B577c95c', 1, -12931, -81167), (7849, 85987, 1676795896, 2, 10, 50365702175005836800, 8199804528188879300, 0, '0x05d6edC4ff8ef40321aBCf7886Bc606ed13327b0', 0, 2737, 86125), (-8907, 69587, 1676797132, 1, 10, 49834544795769675300, 49834544795769675300, 1, '0xDA8d2BAde16dd8a6a0Eb5563F4216047b2b24294', 1, -8907, 69587), (8186, -76685, 1676795908, 3, 1, 830831495375216500, 830831495375216500, 0, '0xc72B1b70e69D270544369132d53529e37Be87742', 0, 8186, -76685), (6734, -74415, 1676795976, 3, 1, 830831495375216500, 830831495375216500, 0, '0xc72B1b70e69D270544369132d53529e37Be87742', 0, 6734, -74415), (7631, -76628, 1676796011, 3, 1, 830831495375216500, 830831495375216500, 0, '0xc72B1b70e69D270544369132d53529e37Be87742', 0, 7631, -76628), (6442, -75145, 1676796071, 3, 1, 830831495375216500, 830831495375216500, 0, '0xc72B1b70e69D270544369132d53529e37Be87742', 0, 6442, -75145), (8787, -75150, 1676796129, 3, 1, 830831495375216500, 830831495375216500, 0, '0xc72B1b70e69D270544369132d53529e37Be87742', 0, 8787, -75150), (-11033, -82056, 1676797132, 1, 10, 50495407545325394300, 50495407545325394300, 0, '0xc72B1b70e69D270544369132d53529e37Be87742', 0, -11033, -82056), (-27550, 73414, 1676796276, 3, 1, 3621349407497030300, 3621349407497030300, 0, '0xBa1CD5ded4B25dF273d435c969a01dc0B577c95c', 1, -27550, 73414), (-30509, -59408, 1676796350, 3, 1, 155733780215785270, 155733780215785270, 0, '0xDA8d2BAde16dd8a6a0Eb5563F4216047b2b24294', 0, -30509, -59408), (-9431, 64865, 1676797132, 1, 10, 51563427551668785700, 42096102786143363200, 1, '0x5c5f829C4c3E8C4AB97390cb053a456616c27Ea3', 1, -9554, 66165), (-8920, -82644, 1676797132, 1, 10, 46388973883498328000, 38517287327222480000, 0, '0xc72B1b70e69D270544369132d53529e37Be87742', 0, -11910, -83826), (-66934, 31463, 1676797132, 1, 10, 49263978917431671400, 49263978917431671400, 1, '0xA4b1B07974bF67f04EC51bEcABF4aD62106B1Dd0', 0, -66934, 31463), (-9838, 67159, 1676797132, 1, 10, 49351017438325229600, 42578601246473478200, 1, '0xa79160bC038C07678C145f1B5220be15bAdB13d7', 1, -9986, 67300), (-15332, -79320, 1676797132, 1, 10, 48789742551410628600, 42616879115624775100, 1, '0x5c5f829C4c3E8C4AB97390cb053a456616c27Ea3', 1, -15770, -80218), (-10741, -87478, 1676796902, 0, 5, 32152840393044308200, 32152840393044308200, 0, '0xc72B1b70e69D270544369132d53529e37Be87742', 0, -10741, -87478), (-62675, 32021, 1676796942, 0, 9, 46311396603933672500, 41813711572625411000, 1, '0xBa1CD5ded4B25dF273d435c969a01dc0B577c95c', 1, -62739, 31715), (-13117, -79220, 1676797004, 0, 5, 13498964462658798600, 13498964462658798600, 0, '0xc72B1b70e69D270544369132d53529e37Be87742', 0, -13117, -79220)]
8 5122.023 [[-0.08048200050096435, 0.6295372924618768], [-0.14004676041617284, -0.7682818373220397], [-0.6171161105289689, 0.28985952474492416]] [(-58853, 34885, 1676797170, 1, 10, 50000000000000000000, 35000000000000000000, 1, '0x5c5f829C4c3E8C4AB97390cb053a456616c27Ea3', 0, -60987, 35376), (-61970, 29047, 1676797170, 1, 10, 47857142857142858000, 28571428571428572000, 1, '0x26CbcaC5281B6E159bc3e6C7400AF25fA46F246B', 1, -65533, 28514), (-66168, 29214, 1676797170, 1, 10, 48705357142857144000, 44151785714285715000, 1, '0xA4b1B07974bF67f04EC51bEcABF4aD62106B1Dd0', 1, -66154, 29294), (45490, -41768, 1676792189, 2, 10, 47395833333333332500, 5000000000000000000, 0, '0xc72B1b70e69D270544369132d53529e37Be87742', 0, 45512, -42787), (-6413, 64099, 1676797170, 1, 10, 48737599206349205000, 48737599206349205000, 1, '0x633462025cF12D347C0dF50B2114E65aa364f0a6', 0, -6413, 64099), (-65286, 30894, 1676797170, 1, 10, 49073454034391536000, 49073454034391536000, 1, '0x26CbcaC5281B6E159bc3e6C7400AF25fA46F246B', 1, -65286, 30894), (-38720, 54983, 1676792351, 2, 10, 49064980158730157500, 5662202380952381000, 0, '0x0fa9077350FC3Ee6924743e1AD9b735c657C455E', 0, -39006, 54962), (45647, -40318, 1676792489, 2, 10, 51381683798133452000, 4553571428571429000, 0, '0xc72B1b70e69D270544369132d53529e37Be87742', 0, 44702, -41234), (-10667, 69593, 1676797170, 1, 10, 52967923280423279000, 47684151785714285000, 1, '0xa79160bC038C07678C145f1B5220be15bAdB13d7', 1, -10613, 69546), (-9168, 64558, 1676797170, 1, 10, 49436705430629041900, 44006162505511463900, 1, '0x036D6B4DA0b4Eeb9d312E958c2937D9016765F50', 1, -9016, 64038), (-67210, 30832, 1676797170, 1, 10, 53370652131201418100, 53370652131201418100, 1, '0x0fa9077350FC3Ee6924743e1AD9b735c657C455E', 1, -67210, 30832), (-9442, 68746, 1676797170, 1, 10, 52193733886623065000, 47905097376849402000, 0, '0x05d6edC4ff8ef40321aBCf7886Bc606ed13327b0', 1, -9349, 68693), (-5645, 60493, 1676797170, 1, 10, 49648966479327931000, 40251121015160611000, 1, '0x77B770ceB4b2537e52f4534Bb39e43754eB5B7e5', 1, -6225, 62583), (43185, -42090, 1676793029, 2, 10, 54015769671939045500, 3415178571428571000, 0, '0xc72B1b70e69D270544369132d53529e37Be87742', 0, 43235, -41791), (-66307, 30351, 1676797170, 1, 10, 56144282795570109700, 56144282795570109700, 1, '0x3662FA93E6C3bcB04B95e5dD7B1266AD9e8A9965', 1, -66307, 30351), (-10150, 64919, 1676797170, 1, 10, 53019971728550711000, 43561283694404384500, 1, '0x036D6B4DA0b4Eeb9d312E958c2937D9016765F50', 1, -10296, 65769), (-32420, -110248, 1676793262, 2, 10, 46590466300053795000, 17204462052301800000, 0, '0x77B770ceB4b2537e52f4534Bb39e43754eB5B7e5', 0, -30502, -105273), (-63684, 28290, 1676797170, 1, 10, 49240295815198408000, 44670880027580123000, 1, '0xc8529dE5603FF9D6FE9A77d43c27D3e7085B4E43', 1, -63795, 28074), (44604, -42606, 1676793300, 2, 10, 50446506206585461300, 2561383928571428400, 0, '0xc72B1b70e69D270544369132d53529e37Be87742', 0, 45967, -42153), (-7093, 67939, 1676797170, 1, 10, 55851098521653284200, 49331239628927302200, 1, '0x633462025cF12D347C0dF50B2114E65aa364f0a6', 1, -7053, 68807), (45772, -41684, 1676793510, 2, 10, 38928544490703406000, 1921037946428571600, 0, '0xc72B1b70e69D270544369132d53529e37Be87742', 0, 46376, -42206), (-8353, 67488, 1676797170, 1, 10, 47712597364086534900, 38504728557868923900, 1, '0x3662FA93E6C3bcB04B95e5dD7B1266AD9e8A9965', 1, -8308, 67448), (-65040, 30190, 1676797170, 1, 10, 49105657812321847200, 45579275478804057900, 1, '0xA4b1B07974bF67f04EC51bEcABF4aD62106B1Dd0', 1, -65147, 30274), (-65730, 30403, 1676797170, 1, 10, 45522348387704252900, 45522348387704252900, 0, '0x0fa9077350FC3Ee6924743e1AD9b735c657C455E', 1, -65730, 30403), (44910, -42214, 1676794022, 2, 10, 45357567859261598500, 1440778459821428600, 0, '0xc72B1b70e69D270544369132d53529e37Be87742', 0, 46084, -42343), (46653, -43446, 1676794224, 2, 10, 46801031283344447700, 1440778459821428400, 0, '0xc72B1b70e69D270544369132d53529e37Be87742', 0, 46071, -43504), (-66515, 32317, 1676797170, 1, 10, 45779230770597138400, 35141543251792404100, 1, '0x3662FA93E6C3bcB04B95e5dD7B1266AD9e8A9965', 1, -65940, 32246), (-9929, 68183, 1676797170, 1, 10, 49113164638542216900, 49113164638542216900, 1, '0x77B770ceB4b2537e52f4534Bb39e43754eB5B7e5', 1, -9929, 68183), (-1161, -77377, 1676797170, 1, 10, 49198149075773682200, 30308960734001953300, 0, '0xBa1CD5ded4B25dF273d435c969a01dc0B577c95c', 0, -6074, -79045), (-53587, 21899, 1676794515, 3, 1, 2174749802329934300, 2174749802329934300, 1, '0x036D6B4DA0b4Eeb9d312E958c2937D9016765F50', 1, -53587, 21899), (46114, -43007, 1676794747, 2, 10, 49257381883019951000, 720389229910714300, 0, '0xc72B1b70e69D270544369132d53529e37Be87742', 0, 43800, -42251), (-65103, 31044, 1676797170, 1, 10, 52803691027070259300, 52803691027070259300, 1, '0xA4b1B07974bF67f04EC51bEcABF4aD62106B1Dd0', 1, -65103, 31044), (-7133, 68237, 1676797170, 1, 10, 51353884931390702300, 51353884931390702300, 1, '0xa79160bC038C07678C145f1B5220be15bAdB13d7', 1, -7133, 68237), (-6784, -77245, 1676794839, 2, 10, 37120942877184944000, 11116130081534929400, 0, '0xc72B1b70e69D270544369132d53529e37Be87742', 0, -13571, -80616), (-20944, 84108, 1676795048, 3, 1, 1904857557130728500, 1904857557130728500, 0, '0xBa1CD5ded4B25dF273d435c969a01dc0B577c95c', 0, -20944, 84108), (-9245, 66276, 1676797170, 1, 10, 54114251491592745800, 35346202900406452800, 1, '0xd4aEDD30d11907e10B6353e59685BB7Efc14F55D', 1, -9182, 67975), (43606, -43351, 1676795260, 2, 10, 43150543963957769250, 180097307477678550, 0, '0xc72B1b70e69D270544369132d53529e37Be87742', 0, 8358, -75437), (-3226, -80397, 1676797170, 1, 10, 51458184646622126750, 31596865889325257750, 1, '0x77B770ceB4b2537e52f4534Bb39e43754eB5B7e5', 1, -7699, -82872), (-10847, 73152, 1676797170, 1, 10, 51055473495771626300, 38302295790237013300, 1, '0xA4b1B07974bF67f04EC51bEcABF4aD62106B1Dd0', 1, -11061, 70597), (-16877, -85132, 1676797170, 1, 10, 48581388795423813800, 48581388795423813800, 1, '0xBa1CD5ded4B25dF273d435c969a01dc0B577c95c', 1, -16877, -85132), (-11014, -76054, 1676797170, 1, 10, 39252850073780042500, 30825024992241038200, 0, '0xc72B1b70e69D270544369132d53529e37Be87742', 0, -11075, -76355), (-13223, -77953, 1676795740, 2, 10, 52252492041143854100, 22597615083803229600, 1, '0xc72B1b70e69D270544369132d53529e37Be87742', 0, -15318, -80654), (-61220, 61501, 1676795872, 2, 10, 51403694162592002600, 11800315932939428000, 0, '0xA4b1B07974bF67f04EC51bEcABF4aD62106B1Dd0', 0, -63404, 56561), (-12685, -79775, 1676797170, 1, 10, 42411298177874469900, 33016599601748340400, 1, '0xBa1CD5ded4B25dF273d435c969a01dc0B577c95c', 1, -12931, -81167), (7849, 85987, 1676795896, 2, 10, 50365702175005836800, 8199804528188879300, 0, '0x05d6edC4ff8ef40321aBCf7886Bc606ed13327b0', 0, 2737, 86125), (-8907, 69587, 1676797170, 1, 10, 49834544795769675300, 49834544795769675300, 1, '0xDA8d2BAde16dd8a6a0Eb5563F4216047b2b24294', 1, -8907, 69587), (8186, -76685, 1676795908, 3, 1, 830831495375216500, 830831495375216500, 0, '0xc72B1b70e69D270544369132d53529e37Be87742', 0, 8186, -76685), (6734, -74415, 1676795976, 3, 1, 830831495375216500, 830831495375216500, 0, '0xc72B1b70e69D270544369132d53529e37Be87742', 0, 6734, -74415), (7631, -76628, 1676796011, 3, 1, 830831495375216500, 830831495375216500, 0, '0xc72B1b70e69D270544369132d53529e37Be87742', 0, 7631, -76628), (6442, -75145, 1676796071, 3, 1, 830831495375216500, 830831495375216500, 0, '0xc72B1b70e69D270544369132d53529e37Be87742', 0, 6442, -75145), (8787, -75150, 1676796129, 3, 1, 830831495375216500, 830831495375216500, 0, '0xc72B1b70e69D270544369132d53529e37Be87742', 0, 8787, -75150), (-11033, -82056, 1676797170, 1, 10, 50495407545325394300, 50495407545325394300, 0, '0xc72B1b70e69D270544369132d53529e37Be87742', 0, -11033, -82056), (-27550, 73414, 1676796276, 3, 1, 3621349407497030300, 3621349407497030300, 0, '0xBa1CD5ded4B25dF273d435c969a01dc0B577c95c', 1, -27550, 73414), (-30509, -59408, 1676796350, 3, 1, 155733780215785270, 155733780215785270, 0, '0xDA8d2BAde16dd8a6a0Eb5563F4216047b2b24294', 0, -30509, -59408), (-9431, 64865, 1676797170, 1, 10, 51563427551668785700, 42096102786143363200, 1, '0x5c5f829C4c3E8C4AB97390cb053a456616c27Ea3', 1, -9554, 66165), (-8920, -82644, 1676797170, 1, 10, 46388973883498328000, 38517287327222480000, 0, '0xc72B1b70e69D270544369132d53529e37Be87742', 0, -11910, -83826), (-66934, 31463, 1676797170, 1, 10, 49263978917431671400, 49263978917431671400, 1, '0xA4b1B07974bF67f04EC51bEcABF4aD62106B1Dd0', 0, -66934, 31463), (-9838, 67159, 1676797170, 1, 10, 49351017438325229600, 42578601246473478200, 1, '0xa79160bC038C07678C145f1B5220be15bAdB13d7', 1, -9986, 67300), (-15332, -79320, 1676797170, 1, 10, 48789742551410628600, 42616879115624775100, 1, '0x5c5f829C4c3E8C4AB97390cb053a456616c27Ea3', 1, -15770, -80218), (-11431, -88428, 1676796902, 0, 5, 32152840393044308200, 32152840393044308200, 0, '0xc72B1b70e69D270544369132d53529e37Be87742', 0, -11431, -88428), (-62693, 31588, 1676797170, 1, 10, 53858272136547788500, 49360587105239527000, 1, '0xBa1CD5ded4B25dF273d435c969a01dc0B577c95c', 1, -62749, 31289), (-12004, -79887, 1676797004, 0, 7, 23355327246692843600, 23355327246692843600, 0, '0xc72B1b70e69D270544369132d53529e37Be87742', 0, -12004, -79887), (-61597, 32326, 1676797164, 0, 1, 3394854313490146300, 3394854313490146300, 1, '0x05d6edC4ff8ef40321aBCf7886Bc606ed13327b0', 1, -61597, 32326)]
8 5152.101 [[-0.08048200050096435, 0.6295372924618768], [-0.14004676041617284, -0.7682818373220397], [-0.6171161105289689, 0.28985952474492416]] [(-58853, 34885, 1676797186, 1, 10, 50000000000000000000, 35000000000000000000, 1, '0x5c5f829C4c3E8C4AB97390cb053a456616c27Ea3', 0, -60987, 35376), (-61970, 29047, 1676797186, 1, 10, 47857142857142858000, 28571428571428572000, 1, '0x26CbcaC5281B6E159bc3e6C7400AF25fA46F246B', 1, -65533, 28514), (-66168, 29214, 1676797186, 1, 10, 48705357142857144000, 44151785714285715000, 1, '0xA4b1B07974bF67f04EC51bEcABF4aD62106B1Dd0', 1, -66154, 29294), (45490, -41768, 1676792189, 2, 10, 47395833333333332500, 5000000000000000000, 0, '0xc72B1b70e69D270544369132d53529e37Be87742', 0, 45512, -42787), (-6413, 64099, 1676797186, 1, 10, 48737599206349205000, 48737599206349205000, 1, '0x633462025cF12D347C0dF50B2114E65aa364f0a6', 0, -6413, 64099), (-65286, 30894, 1676797186, 1, 10, 49073454034391536000, 49073454034391536000, 1, '0x26CbcaC5281B6E159bc3e6C7400AF25fA46F246B', 1, -65286, 30894), (-38720, 54983, 1676792351, 2, 10, 49064980158730157500, 5662202380952381000, 0, '0x0fa9077350FC3Ee6924743e1AD9b735c657C455E', 0, -39006, 54962), (45647, -40318, 1676792489, 2, 10, 51381683798133452000, 4553571428571429000, 0, '0xc72B1b70e69D270544369132d53529e37Be87742', 0, 44702, -41234), (-10667, 69593, 1676797186, 1, 10, 52967923280423279000, 47684151785714285000, 1, '0xa79160bC038C07678C145f1B5220be15bAdB13d7', 1, -10613, 69546), (-9168, 64558, 1676797186, 1, 10, 49436705430629041900, 44006162505511463900, 1, '0x036D6B4DA0b4Eeb9d312E958c2937D9016765F50', 1, -9016, 64038), (-67210, 30832, 1676797186, 1, 10, 53370652131201418100, 53370652131201418100, 1, '0x0fa9077350FC3Ee6924743e1AD9b735c657C455E', 1, -67210, 30832), (-9442, 68746, 1676797186, 1, 10, 52193733886623065000, 47905097376849402000, 0, '0x05d6edC4ff8ef40321aBCf7886Bc606ed13327b0', 1, -9349, 68693), (-5645, 60493, 1676797186, 1, 10, 49648966479327931000, 40251121015160611000, 1, '0x77B770ceB4b2537e52f4534Bb39e43754eB5B7e5', 1, -6225, 62583), (43185, -42090, 1676793029, 2, 10, 54015769671939045500, 3415178571428571000, 0, '0xc72B1b70e69D270544369132d53529e37Be87742', 0, 43235, -41791), (-66307, 30351, 1676797186, 1, 10, 56144282795570109700, 56144282795570109700, 1, '0x3662FA93E6C3bcB04B95e5dD7B1266AD9e8A9965', 1, -66307, 30351), (-10150, 64919, 1676797186, 1, 10, 53019971728550711000, 43561283694404384500, 1, '0x036D6B4DA0b4Eeb9d312E958c2937D9016765F50', 1, -10296, 65769), (-32420, -110248, 1676793262, 2, 10, 46590466300053795000, 17204462052301800000, 0, '0x77B770ceB4b2537e52f4534Bb39e43754eB5B7e5', 0, -30502, -105273), (-63684, 28290, 1676797186, 1, 10, 49240295815198408000, 44670880027580123000, 1, '0xc8529dE5603FF9D6FE9A77d43c27D3e7085B4E43', 1, -63795, 28074), (44604, -42606, 1676793300, 2, 10, 50446506206585461300, 2561383928571428400, 0, '0xc72B1b70e69D270544369132d53529e37Be87742', 0, 45967, -42153), (-7093, 67939, 1676797186, 1, 10, 55851098521653284200, 49331239628927302200, 1, '0x633462025cF12D347C0dF50B2114E65aa364f0a6', 1, -7053, 68807), (45772, -41684, 1676793510, 2, 10, 38928544490703406000, 1921037946428571600, 0, '0xc72B1b70e69D270544369132d53529e37Be87742', 0, 46376, -42206), (-8353, 67488, 1676797186, 1, 10, 47712597364086534900, 38504728557868923900, 1, '0x3662FA93E6C3bcB04B95e5dD7B1266AD9e8A9965', 1, -8308, 67448), (-65040, 30190, 1676797186, 1, 10, 49105657812321847200, 45579275478804057900, 1, '0xA4b1B07974bF67f04EC51bEcABF4aD62106B1Dd0', 1, -65147, 30274), (-65730, 30403, 1676797186, 1, 10, 45522348387704252900, 45522348387704252900, 0, '0x0fa9077350FC3Ee6924743e1AD9b735c657C455E', 1, -65730, 30403), (44910, -42214, 1676794022, 2, 10, 45357567859261598500, 1440778459821428600, 0, '0xc72B1b70e69D270544369132d53529e37Be87742', 0, 46084, -42343), (46653, -43446, 1676794224, 2, 10, 46801031283344447700, 1440778459821428400, 0, '0xc72B1b70e69D270544369132d53529e37Be87742', 0, 46071, -43504), (-66515, 32317, 1676797186, 1, 10, 45779230770597138400, 35141543251792404100, 1, '0x3662FA93E6C3bcB04B95e5dD7B1266AD9e8A9965', 1, -65940, 32246), (-9929, 68183, 1676797186, 1, 10, 49113164638542216900, 49113164638542216900, 1, '0x77B770ceB4b2537e52f4534Bb39e43754eB5B7e5', 1, -9929, 68183), (-1161, -77377, 1676797186, 1, 10, 49198149075773682200, 30308960734001953300, 0, '0xBa1CD5ded4B25dF273d435c969a01dc0B577c95c', 0, -6074, -79045), (-53587, 21899, 1676794515, 3, 1, 2174749802329934300, 2174749802329934300, 1, '0x036D6B4DA0b4Eeb9d312E958c2937D9016765F50', 1, -53587, 21899), (46114, -43007, 1676794747, 2, 10, 49257381883019951000, 720389229910714300, 0, '0xc72B1b70e69D270544369132d53529e37Be87742', 0, 43800, -42251), (-65103, 31044, 1676797186, 1, 10, 52803691027070259300, 52803691027070259300, 1, '0xA4b1B07974bF67f04EC51bEcABF4aD62106B1Dd0', 1, -65103, 31044), (-7133, 68237, 1676797186, 1, 10, 51353884931390702300, 51353884931390702300, 1, '0xa79160bC038C07678C145f1B5220be15bAdB13d7', 1, -7133, 68237), (-6784, -77245, 1676794839, 2, 10, 37120942877184944000, 11116130081534929400, 0, '0xc72B1b70e69D270544369132d53529e37Be87742', 0, -13571, -80616), (-20944, 84108, 1676795048, 3, 1, 1904857557130728500, 1904857557130728500, 0, '0xBa1CD5ded4B25dF273d435c969a01dc0B577c95c', 0, -20944, 84108), (-9245, 66276, 1676797186, 1, 10, 54114251491592745800, 35346202900406452800, 1, '0xd4aEDD30d11907e10B6353e59685BB7Efc14F55D', 1, -9182, 67975), (43606, -43351, 1676795260, 2, 10, 43150543963957769250, 180097307477678550, 0, '0xc72B1b70e69D270544369132d53529e37Be87742', 0, 8358, -75437), (-3226, -80397, 1676797186, 1, 10, 51458184646622126750, 31596865889325257750, 1, '0x77B770ceB4b2537e52f4534Bb39e43754eB5B7e5', 1, -7699, -82872), (-10847, 73152, 1676797186, 1, 10, 51055473495771626300, 38302295790237013300, 1, '0xA4b1B07974bF67f04EC51bEcABF4aD62106B1Dd0', 1, -11061, 70597), (-16877, -85132, 1676797186, 1, 10, 48581388795423813800, 48581388795423813800, 1, '0xBa1CD5ded4B25dF273d435c969a01dc0B577c95c', 1, -16877, -85132), (-11014, -76054, 1676797186, 1, 10, 39252850073780042500, 30825024992241038200, 0, '0xc72B1b70e69D270544369132d53529e37Be87742', 0, -11075, -76355), (-13223, -77953, 1676795740, 2, 10, 52252492041143854100, 22597615083803229600, 1, '0xc72B1b70e69D270544369132d53529e37Be87742', 0, -15318, -80654), (-61220, 61501, 1676795872, 2, 10, 51403694162592002600, 11800315932939428000, 0, '0xA4b1B07974bF67f04EC51bEcABF4aD62106B1Dd0', 0, -63404, 56561), (-12685, -79775, 1676797186, 1, 10, 42411298177874469900, 33016599601748340400, 1, '0xBa1CD5ded4B25dF273d435c969a01dc0B577c95c', 1, -12931, -81167), (7849, 85987, 1676795896, 2, 10, 50365702175005836800, 8199804528188879300, 0, '0x05d6edC4ff8ef40321aBCf7886Bc606ed13327b0', 0, 2737, 86125), (-8907, 69587, 1676797186, 1, 10, 49834544795769675300, 49834544795769675300, 1, '0xDA8d2BAde16dd8a6a0Eb5563F4216047b2b24294', 1, -8907, 69587), (8186, -76685, 1676795908, 3, 1, 830831495375216500, 830831495375216500, 0, '0xc72B1b70e69D270544369132d53529e37Be87742', 0, 8186, -76685), (6734, -74415, 1676795976, 3, 1, 830831495375216500, 830831495375216500, 0, '0xc72B1b70e69D270544369132d53529e37Be87742', 0, 6734, -74415), (7631, -76628, 1676796011, 3, 1, 830831495375216500, 830831495375216500, 0, '0xc72B1b70e69D270544369132d53529e37Be87742', 0, 7631, -76628), (6442, -75145, 1676796071, 3, 1, 830831495375216500, 830831495375216500, 0, '0xc72B1b70e69D270544369132d53529e37Be87742', 0, 6442, -75145), (8787, -75150, 1676796129, 3, 1, 830831495375216500, 830831495375216500, 0, '0xc72B1b70e69D270544369132d53529e37Be87742', 0, 8787, -75150), (-11033, -82056, 1676797186, 1, 10, 50495407545325394300, 50495407545325394300, 0, '0xc72B1b70e69D270544369132d53529e37Be87742', 0, -11033, -82056), (-27550, 73414, 1676796276, 3, 1, 3621349407497030300, 3621349407497030300, 0, '0xBa1CD5ded4B25dF273d435c969a01dc0B577c95c', 1, -27550, 73414), (-30509, -59408, 1676796350, 3, 1, 155733780215785270, 155733780215785270, 0, '0xDA8d2BAde16dd8a6a0Eb5563F4216047b2b24294', 0, -30509, -59408), (-9431, 64865, 1676797186, 1, 10, 51563427551668785700, 42096102786143363200, 1, '0x5c5f829C4c3E8C4AB97390cb053a456616c27Ea3', 1, -9554, 66165), (-8920, -82644, 1676797186, 1, 10, 46388973883498328000, 38517287327222480000, 0, '0xc72B1b70e69D270544369132d53529e37Be87742', 0, -11910, -83826), (-66934, 31463, 1676797186, 1, 10, 49263978917431671400, 49263978917431671400, 1, '0xA4b1B07974bF67f04EC51bEcABF4aD62106B1Dd0', 0, -66934, 31463), (-9838, 67159, 1676797186, 1, 10, 49351017438325229600, 42578601246473478200, 1, '0xa79160bC038C07678C145f1B5220be15bAdB13d7', 1, -9986, 67300), (-15332, -79320, 1676797186, 1, 10, 48789742551410628600, 42616879115624775100, 1, '0x5c5f829C4c3E8C4AB97390cb053a456616c27Ea3', 1, -15770, -80218), (-11431, -88428, 1676796902, 0, 5, 32152840393044308200, 32152840393044308200, 0, '0xc72B1b70e69D270544369132d53529e37Be87742', 0, -11431, -88428), (-62693, 31588, 1676797186, 1, 10, 53858272136547788500, 49360587105239527000, 1, '0xBa1CD5ded4B25dF273d435c969a01dc0B577c95c', 1, -62749, 31289), (-11600, -79698, 1676797004, 0, 8, 28991681865529481600, 23355327246692843600, 0, '0xc72B1b70e69D270544369132d53529e37Be87742', 0, -12004, -79887), (-61597, 32326, 1676797164, 0, 1, 3394854313490146300, 3394854313490146300, 1, '0x05d6edC4ff8ef40321aBCf7886Bc606ed13327b0', 1, -61597, 32326)]
8 5182.413 [[-0.08048200050096435, 0.6295372924618768], [-0.14004676041617284, -0.7682818373220397], [-0.6171161105289689, 0.28985952474492416]] [(-58853, 34885, 1676797224, 1, 10, 50000000000000000000, 35000000000000000000, 1, '0x5c5f829C4c3E8C4AB97390cb053a456616c27Ea3', 0, -60987, 35376), (-61970, 29047, 1676797224, 1, 10, 47857142857142858000, 28571428571428572000, 1, '0x26CbcaC5281B6E159bc3e6C7400AF25fA46F246B', 1, -65533, 28514), (-66168, 29214, 1676797224, 1, 10, 48705357142857144000, 44151785714285715000, 1, '0xA4b1B07974bF67f04EC51bEcABF4aD62106B1Dd0', 1, -66154, 29294), (45490, -41768, 1676792189, 2, 10, 47395833333333332500, 5000000000000000000, 0, '0xc72B1b70e69D270544369132d53529e37Be87742', 0, 45512, -42787), (-6413, 64099, 1676797224, 1, 10, 48737599206349205000, 48737599206349205000, 1, '0x633462025cF12D347C0dF50B2114E65aa364f0a6', 0, -6413, 64099), (-65286, 30894, 1676797224, 1, 10, 49073454034391536000, 49073454034391536000, 1, '0x26CbcaC5281B6E159bc3e6C7400AF25fA46F246B', 1, -65286, 30894), (-38720, 54983, 1676792351, 2, 10, 49064980158730157500, 5662202380952381000, 0, '0x0fa9077350FC3Ee6924743e1AD9b735c657C455E', 0, -39006, 54962), (45647, -40318, 1676792489, 2, 10, 51381683798133452000, 4553571428571429000, 0, '0xc72B1b70e69D270544369132d53529e37Be87742', 0, 44702, -41234), (-10667, 69593, 1676797224, 1, 10, 52967923280423279000, 47684151785714285000, 1, '0xa79160bC038C07678C145f1B5220be15bAdB13d7', 1, -10613, 69546), (-9168, 64558, 1676797224, 1, 10, 49436705430629041900, 44006162505511463900, 1, '0x036D6B4DA0b4Eeb9d312E958c2937D9016765F50', 1, -9016, 64038), (-67210, 30832, 1676797224, 1, 10, 53370652131201418100, 53370652131201418100, 1, '0x0fa9077350FC3Ee6924743e1AD9b735c657C455E', 1, -67210, 30832), (-9442, 68746, 1676797224, 1, 10, 52193733886623065000, 47905097376849402000, 0, '0x05d6edC4ff8ef40321aBCf7886Bc606ed13327b0', 1, -9349, 68693), (-5645, 60493, 1676797224, 1, 10, 49648966479327931000, 40251121015160611000, 1, '0x77B770ceB4b2537e52f4534Bb39e43754eB5B7e5', 1, -6225, 62583), (43185, -42090, 1676793029, 2, 10, 54015769671939045500, 3415178571428571000, 0, '0xc72B1b70e69D270544369132d53529e37Be87742', 0, 43235, -41791), (-66307, 30351, 1676797224, 1, 10, 56144282795570109700, 56144282795570109700, 1, '0x3662FA93E6C3bcB04B95e5dD7B1266AD9e8A9965', 1, -66307, 30351), (-10150, 64919, 1676797224, 1, 10, 53019971728550711000, 43561283694404384500, 1, '0x036D6B4DA0b4Eeb9d312E958c2937D9016765F50', 1, -10296, 65769), (-32420, -110248, 1676793262, 2, 10, 46590466300053795000, 17204462052301800000, 0, '0x77B770ceB4b2537e52f4534Bb39e43754eB5B7e5', 0, -30502, -105273), (-63684, 28290, 1676797224, 1, 10, 49240295815198408000, 44670880027580123000, 1, '0xc8529dE5603FF9D6FE9A77d43c27D3e7085B4E43', 1, -63795, 28074), (44604, -42606, 1676793300, 2, 10, 50446506206585461300, 2561383928571428400, 0, '0xc72B1b70e69D270544369132d53529e37Be87742', 0, 45967, -42153), (-7093, 67939, 1676797224, 1, 10, 55851098521653284200, 49331239628927302200, 1, '0x633462025cF12D347C0dF50B2114E65aa364f0a6', 1, -7053, 68807), (45772, -41684, 1676793510, 2, 10, 38928544490703406000, 1921037946428571600, 0, '0xc72B1b70e69D270544369132d53529e37Be87742', 0, 46376, -42206), (-8353, 67488, 1676797224, 1, 10, 47712597364086534900, 38504728557868923900, 1, '0x3662FA93E6C3bcB04B95e5dD7B1266AD9e8A9965', 1, -8308, 67448), (-65040, 30190, 1676797224, 1, 10, 49105657812321847200, 45579275478804057900, 1, '0xA4b1B07974bF67f04EC51bEcABF4aD62106B1Dd0', 1, -65147, 30274), (-65730, 30403, 1676797224, 1, 10, 45522348387704252900, 45522348387704252900, 0, '0x0fa9077350FC3Ee6924743e1AD9b735c657C455E', 1, -65730, 30403), (44910, -42214, 1676794022, 2, 10, 45357567859261598500, 1440778459821428600, 0, '0xc72B1b70e69D270544369132d53529e37Be87742', 0, 46084, -42343), (46653, -43446, 1676794224, 2, 10, 46801031283344447700, 1440778459821428400, 0, '0xc72B1b70e69D270544369132d53529e37Be87742', 0, 46071, -43504), (-66515, 32317, 1676797224, 1, 10, 45779230770597138400, 35141543251792404100, 1, '0x3662FA93E6C3bcB04B95e5dD7B1266AD9e8A9965', 1, -65940, 32246), (-9929, 68183, 1676797224, 1, 10, 49113164638542216900, 49113164638542216900, 1, '0x77B770ceB4b2537e52f4534Bb39e43754eB5B7e5', 1, -9929, 68183), (-1161, -77377, 1676797224, 1, 10, 49198149075773682200, 30308960734001953300, 0, '0xBa1CD5ded4B25dF273d435c969a01dc0B577c95c', 0, -6074, -79045), (-53587, 21899, 1676794515, 3, 1, 2174749802329934300, 2174749802329934300, 1, '0x036D6B4DA0b4Eeb9d312E958c2937D9016765F50', 1, -53587, 21899), (46114, -43007, 1676794747, 2, 10, 49257381883019951000, 720389229910714300, 0, '0xc72B1b70e69D270544369132d53529e37Be87742', 0, 43800, -42251), (-65103, 31044, 1676797224, 1, 10, 52803691027070259300, 52803691027070259300, 1, '0xA4b1B07974bF67f04EC51bEcABF4aD62106B1Dd0', 1, -65103, 31044), (-7133, 68237, 1676797224, 1, 10, 51353884931390702300, 51353884931390702300, 1, '0xa79160bC038C07678C145f1B5220be15bAdB13d7', 1, -7133, 68237), (-6784, -77245, 1676794839, 2, 10, 37120942877184944000, 11116130081534929400, 0, '0xc72B1b70e69D270544369132d53529e37Be87742', 0, -13571, -80616), (-20944, 84108, 1676795048, 3, 1, 1904857557130728500, 1904857557130728500, 0, '0xBa1CD5ded4B25dF273d435c969a01dc0B577c95c', 0, -20944, 84108), (-9245, 66276, 1676797224, 1, 10, 54114251491592745800, 35346202900406452800, 1, '0xd4aEDD30d11907e10B6353e59685BB7Efc14F55D', 1, -9182, 67975), (43606, -43351, 1676795260, 2, 10, 43150543963957769250, 180097307477678550, 0, '0xc72B1b70e69D270544369132d53529e37Be87742', 0, 8358, -75437), (-3226, -80397, 1676797224, 1, 10, 51458184646622126750, 31596865889325257750, 1, '0x77B770ceB4b2537e52f4534Bb39e43754eB5B7e5', 1, -7699, -82872), (-10847, 73152, 1676797224, 1, 10, 51055473495771626300, 38302295790237013300, 1, '0xA4b1B07974bF67f04EC51bEcABF4aD62106B1Dd0', 1, -11061, 70597), (-16877, -85132, 1676797224, 1, 10, 48581388795423813800, 48581388795423813800, 1, '0xBa1CD5ded4B25dF273d435c969a01dc0B577c95c', 1, -16877, -85132), (-11014, -76054, 1676797224, 1, 10, 39252850073780042500, 30825024992241038200, 0, '0xc72B1b70e69D270544369132d53529e37Be87742', 0, -11075, -76355), (-13223, -77953, 1676795740, 2, 10, 52252492041143854100, 22597615083803229600, 1, '0xc72B1b70e69D270544369132d53529e37Be87742', 0, -15318, -80654), (-61220, 61501, 1676795872, 2, 10, 51403694162592002600, 11800315932939428000, 0, '0xA4b1B07974bF67f04EC51bEcABF4aD62106B1Dd0', 0, -63404, 56561), (-12685, -79775, 1676797224, 1, 10, 42411298177874469900, 33016599601748340400, 1, '0xBa1CD5ded4B25dF273d435c969a01dc0B577c95c', 1, -12931, -81167), (7849, 85987, 1676795896, 2, 10, 50365702175005836800, 8199804528188879300, 0, '0x05d6edC4ff8ef40321aBCf7886Bc606ed13327b0', 0, 2737, 86125), (-8907, 69587, 1676797224, 1, 10, 49834544795769675300, 49834544795769675300, 1, '0xDA8d2BAde16dd8a6a0Eb5563F4216047b2b24294', 1, -8907, 69587), (8186, -76685, 1676795908, 3, 1, 830831495375216500, 830831495375216500, 0, '0xc72B1b70e69D270544369132d53529e37Be87742', 0, 8186, -76685), (6734, -74415, 1676795976, 3, 1, 830831495375216500, 830831495375216500, 0, '0xc72B1b70e69D270544369132d53529e37Be87742', 0, 6734, -74415), (7631, -76628, 1676796011, 3, 1, 830831495375216500, 830831495375216500, 0, '0xc72B1b70e69D270544369132d53529e37Be87742', 0, 7631, -76628), (6442, -75145, 1676796071, 3, 1, 830831495375216500, 830831495375216500, 0, '0xc72B1b70e69D270544369132d53529e37Be87742', 0, 6442, -75145), (8787, -75150, 1676796129, 3, 1, 830831495375216500, 830831495375216500, 0, '0xc72B1b70e69D270544369132d53529e37Be87742', 0, 8787, -75150), (-11033, -82056, 1676797224, 1, 10, 50495407545325394300, 50495407545325394300, 0, '0xc72B1b70e69D270544369132d53529e37Be87742', 0, -11033, -82056), (-27550, 73414, 1676796276, 3, 1, 3621349407497030300, 3621349407497030300, 0, '0xBa1CD5ded4B25dF273d435c969a01dc0B577c95c', 1, -27550, 73414), (-30509, -59408, 1676796350, 3, 1, 155733780215785270, 155733780215785270, 0, '0xDA8d2BAde16dd8a6a0Eb5563F4216047b2b24294', 0, -30509, -59408), (-9431, 64865, 1676797224, 1, 10, 51563427551668785700, 42096102786143363200, 1, '0x5c5f829C4c3E8C4AB97390cb053a456616c27Ea3', 1, -9554, 66165), (-8920, -82644, 1676797224, 1, 10, 46388973883498328000, 38517287327222480000, 0, '0xc72B1b70e69D270544369132d53529e37Be87742', 0, -11910, -83826), (-66934, 31463, 1676797224, 1, 10, 49263978917431671400, 49263978917431671400, 1, '0xA4b1B07974bF67f04EC51bEcABF4aD62106B1Dd0', 0, -66934, 31463), (-9838, 67159, 1676797224, 1, 10, 49351017438325229600, 42578601246473478200, 1, '0xa79160bC038C07678C145f1B5220be15bAdB13d7', 1, -9986, 67300), (-15332, -79320, 1676797224, 1, 10, 48789742551410628600, 42616879115624775100, 1, '0x5c5f829C4c3E8C4AB97390cb053a456616c27Ea3', 1, -15770, -80218), (-11431, -88428, 1676796902, 0, 5, 32152840393044308200, 32152840393044308200, 0, '0xc72B1b70e69D270544369132d53529e37Be87742', 0, -11431, -88428), (-62693, 31588, 1676797224, 1, 10, 53858272136547788500, 49360587105239527000, 1, '0xBa1CD5ded4B25dF273d435c969a01dc0B577c95c', 1, -62749, 31289), (-11600, -79698, 1676797004, 0, 8, 28991681865529481600, 23355327246692843600, 0, '0xc72B1b70e69D270544369132d53529e37Be87742', 0, -12004, -79887), (-61595, 32941, 1676797164, 0, 2, 5466715961431504300, 5466715961431504300, 1, '0x05d6edC4ff8ef40321aBCf7886Bc606ed13327b0', 1, -61595, 32941), (-4289, -84941, 1676797214, 0, 2, 8748632928187071100, 8748632928187071100, 0, '0xc72B1b70e69D270544369132d53529e37Be87742', 0, -4289, -84941)]
8 5212.913 [[-0.08048200050096435, 0.6295372924618768], [-0.14004676041617284, -0.7682818373220397], [-0.6171161105289689, 0.28985952474492416]] [(-58853, 34885, 1676797256, 1, 10, 50000000000000000000, 35000000000000000000, 1, '0x5c5f829C4c3E8C4AB97390cb053a456616c27Ea3', 0, -60987, 35376), (-61970, 29047, 1676797256, 1, 10, 47857142857142858000, 28571428571428572000, 1, '0x26CbcaC5281B6E159bc3e6C7400AF25fA46F246B', 1, -65533, 28514), (-66168, 29214, 1676797256, 1, 10, 48705357142857144000, 44151785714285715000, 1, '0xA4b1B07974bF67f04EC51bEcABF4aD62106B1Dd0', 1, -66154, 29294), (45490, -41768, 1676792189, 2, 10, 47395833333333332500, 5000000000000000000, 0, '0xc72B1b70e69D270544369132d53529e37Be87742', 0, 45512, -42787), (-6413, 64099, 1676797256, 1, 10, 48737599206349205000, 48737599206349205000, 1, '0x633462025cF12D347C0dF50B2114E65aa364f0a6', 0, -6413, 64099), (-65286, 30894, 1676797256, 1, 10, 49073454034391536000, 49073454034391536000, 1, '0x26CbcaC5281B6E159bc3e6C7400AF25fA46F246B', 1, -65286, 30894), (-38720, 54983, 1676792351, 2, 10, 49064980158730157500, 5662202380952381000, 0, '0x0fa9077350FC3Ee6924743e1AD9b735c657C455E', 0, -39006, 54962), (45647, -40318, 1676792489, 2, 10, 51381683798133452000, 4553571428571429000, 0, '0xc72B1b70e69D270544369132d53529e37Be87742', 0, 44702, -41234), (-10667, 69593, 1676797256, 1, 10, 52967923280423279000, 47684151785714285000, 1, '0xa79160bC038C07678C145f1B5220be15bAdB13d7', 1, -10613, 69546), (-9168, 64558, 1676797256, 1, 10, 49436705430629041900, 44006162505511463900, 1, '0x036D6B4DA0b4Eeb9d312E958c2937D9016765F50', 1, -9016, 64038), (-67210, 30832, 1676797256, 1, 10, 53370652131201418100, 53370652131201418100, 1, '0x0fa9077350FC3Ee6924743e1AD9b735c657C455E', 1, -67210, 30832), (-9442, 68746, 1676797256, 1, 10, 52193733886623065000, 47905097376849402000, 0, '0x05d6edC4ff8ef40321aBCf7886Bc606ed13327b0', 1, -9349, 68693), (-5645, 60493, 1676797256, 1, 10, 49648966479327931000, 40251121015160611000, 1, '0x77B770ceB4b2537e52f4534Bb39e43754eB5B7e5', 1, -6225, 62583), (43185, -42090, 1676793029, 2, 10, 54015769671939045500, 3415178571428571000, 0, '0xc72B1b70e69D270544369132d53529e37Be87742', 0, 43235, -41791), (-66307, 30351, 1676797256, 1, 10, 56144282795570109700, 56144282795570109700, 1, '0x3662FA93E6C3bcB04B95e5dD7B1266AD9e8A9965', 1, -66307, 30351), (-10150, 64919, 1676797256, 1, 10, 53019971728550711000, 43561283694404384500, 1, '0x036D6B4DA0b4Eeb9d312E958c2937D9016765F50', 1, -10296, 65769), (-32420, -110248, 1676793262, 2, 10, 46590466300053795000, 17204462052301800000, 0, '0x77B770ceB4b2537e52f4534Bb39e43754eB5B7e5', 0, -30502, -105273), (-63684, 28290, 1676797256, 1, 10, 49240295815198408000, 44670880027580123000, 1, '0xc8529dE5603FF9D6FE9A77d43c27D3e7085B4E43', 1, -63795, 28074), (44604, -42606, 1676793300, 2, 10, 50446506206585461300, 2561383928571428400, 0, '0xc72B1b70e69D270544369132d53529e37Be87742', 0, 45967, -42153), (-7093, 67939, 1676797256, 1, 10, 55851098521653284200, 49331239628927302200, 1, '0x633462025cF12D347C0dF50B2114E65aa364f0a6', 1, -7053, 68807), (45772, -41684, 1676793510, 2, 10, 38928544490703406000, 1921037946428571600, 0, '0xc72B1b70e69D270544369132d53529e37Be87742', 0, 46376, -42206), (-8353, 67488, 1676797256, 1, 10, 47712597364086534900, 38504728557868923900, 1, '0x3662FA93E6C3bcB04B95e5dD7B1266AD9e8A9965', 1, -8308, 67448), (-65040, 30190, 1676797256, 1, 10, 49105657812321847200, 45579275478804057900, 1, '0xA4b1B07974bF67f04EC51bEcABF4aD62106B1Dd0', 1, -65147, 30274), (-65730, 30403, 1676797256, 1, 10, 45522348387704252900, 45522348387704252900, 0, '0x0fa9077350FC3Ee6924743e1AD9b735c657C455E', 1, -65730, 30403), (44910, -42214, 1676794022, 2, 10, 45357567859261598500, 1440778459821428600, 0, '0xc72B1b70e69D270544369132d53529e37Be87742', 0, 46084, -42343), (46653, -43446, 1676794224, 2, 10, 46801031283344447700, 1440778459821428400, 0, '0xc72B1b70e69D270544369132d53529e37Be87742', 0, 46071, -43504), (-66515, 32317, 1676797256, 1, 10, 45779230770597138400, 35141543251792404100, 1, '0x3662FA93E6C3bcB04B95e5dD7B1266AD9e8A9965', 1, -65940, 32246), (-9929, 68183, 1676797256, 1, 10, 49113164638542216900, 49113164638542216900, 1, '0x77B770ceB4b2537e52f4534Bb39e43754eB5B7e5', 1, -9929, 68183), (-1161, -77377, 1676797256, 1, 10, 49198149075773682200, 30308960734001953300, 0, '0xBa1CD5ded4B25dF273d435c969a01dc0B577c95c', 0, -6074, -79045), (-53587, 21899, 1676794515, 3, 1, 2174749802329934300, 2174749802329934300, 1, '0x036D6B4DA0b4Eeb9d312E958c2937D9016765F50', 1, -53587, 21899), (46114, -43007, 1676794747, 2, 10, 49257381883019951000, 720389229910714300, 0, '0xc72B1b70e69D270544369132d53529e37Be87742', 0, 43800, -42251), (-65103, 31044, 1676797256, 1, 10, 52803691027070259300, 52803691027070259300, 1, '0xA4b1B07974bF67f04EC51bEcABF4aD62106B1Dd0', 1, -65103, 31044), (-7133, 68237, 1676797256, 1, 10, 51353884931390702300, 51353884931390702300, 1, '0xa79160bC038C07678C145f1B5220be15bAdB13d7', 1, -7133, 68237), (-6784, -77245, 1676794839, 2, 10, 37120942877184944000, 11116130081534929400, 0, '0xc72B1b70e69D270544369132d53529e37Be87742', 0, -13571, -80616), (-20944, 84108, 1676795048, 3, 1, 1904857557130728500, 1904857557130728500, 0, '0xBa1CD5ded4B25dF273d435c969a01dc0B577c95c', 0, -20944, 84108), (-9245, 66276, 1676797256, 1, 10, 54114251491592745800, 35346202900406452800, 1, '0xd4aEDD30d11907e10B6353e59685BB7Efc14F55D', 1, -9182, 67975), (43606, -43351, 1676795260, 2, 10, 43150543963957769250, 180097307477678550, 0, '0xc72B1b70e69D270544369132d53529e37Be87742', 0, 8358, -75437), (-3226, -80397, 1676797256, 1, 10, 51458184646622126750, 31596865889325257750, 1, '0x77B770ceB4b2537e52f4534Bb39e43754eB5B7e5', 1, -7699, -82872), (-10847, 73152, 1676797256, 1, 10, 51055473495771626300, 38302295790237013300, 1, '0xA4b1B07974bF67f04EC51bEcABF4aD62106B1Dd0', 1, -11061, 70597), (-16877, -85132, 1676797256, 1, 10, 48581388795423813800, 48581388795423813800, 1, '0xBa1CD5ded4B25dF273d435c969a01dc0B577c95c', 1, -16877, -85132), (-11014, -76054, 1676797256, 1, 10, 39252850073780042500, 30825024992241038200, 0, '0xc72B1b70e69D270544369132d53529e37Be87742', 0, -11075, -76355), (-13223, -77953, 1676795740, 2, 10, 52252492041143854100, 22597615083803229600, 1, '0xc72B1b70e69D270544369132d53529e37Be87742', 0, -15318, -80654), (-61220, 61501, 1676795872, 2, 10, 51403694162592002600, 11800315932939428000, 0, '0xA4b1B07974bF67f04EC51bEcABF4aD62106B1Dd0', 0, -63404, 56561), (-12685, -79775, 1676797256, 1, 10, 42411298177874469900, 33016599601748340400, 1, '0xBa1CD5ded4B25dF273d435c969a01dc0B577c95c', 1, -12931, -81167), (7849, 85987, 1676795896, 2, 10, 50365702175005836800, 8199804528188879300, 0, '0x05d6edC4ff8ef40321aBCf7886Bc606ed13327b0', 0, 2737, 86125), (-8907, 69587, 1676797256, 1, 10, 49834544795769675300, 49834544795769675300, 1, '0xDA8d2BAde16dd8a6a0Eb5563F4216047b2b24294', 1, -8907, 69587), (8186, -76685, 1676795908, 3, 1, 830831495375216500, 830831495375216500, 0, '0xc72B1b70e69D270544369132d53529e37Be87742', 0, 8186, -76685), (6734, -74415, 1676795976, 3, 1, 830831495375216500, 830831495375216500, 0, '0xc72B1b70e69D270544369132d53529e37Be87742', 0, 6734, -74415), (7631, -76628, 1676796011, 3, 1, 830831495375216500, 830831495375216500, 0, '0xc72B1b70e69D270544369132d53529e37Be87742', 0, 7631, -76628), (6442, -75145, 1676796071, 3, 1, 830831495375216500, 830831495375216500, 0, '0xc72B1b70e69D270544369132d53529e37Be87742', 0, 6442, -75145), (8787, -75150, 1676796129, 3, 1, 830831495375216500, 830831495375216500, 0, '0xc72B1b70e69D270544369132d53529e37Be87742', 0, 8787, -75150), (-11033, -82056, 1676797256, 1, 10, 50495407545325394300, 50495407545325394300, 0, '0xc72B1b70e69D270544369132d53529e37Be87742', 0, -11033, -82056), (-27550, 73414, 1676796276, 3, 1, 3621349407497030300, 3621349407497030300, 0, '0xBa1CD5ded4B25dF273d435c969a01dc0B577c95c', 1, -27550, 73414), (-30509, -59408, 1676796350, 3, 1, 155733780215785270, 155733780215785270, 0, '0xDA8d2BAde16dd8a6a0Eb5563F4216047b2b24294', 0, -30509, -59408), (-9431, 64865, 1676797256, 1, 10, 51563427551668785700, 42096102786143363200, 1, '0x5c5f829C4c3E8C4AB97390cb053a456616c27Ea3', 1, -9554, 66165), (-8920, -82644, 1676797256, 1, 10, 46388973883498328000, 38517287327222480000, 0, '0xc72B1b70e69D270544369132d53529e37Be87742', 0, -11910, -83826), (-66934, 31463, 1676797256, 1, 10, 49263978917431671400, 49263978917431671400, 1, '0xA4b1B07974bF67f04EC51bEcABF4aD62106B1Dd0', 0, -66934, 31463), (-9838, 67159, 1676797256, 1, 10, 49351017438325229600, 42578601246473478200, 1, '0xa79160bC038C07678C145f1B5220be15bAdB13d7', 1, -9986, 67300), (-15332, -79320, 1676797256, 1, 10, 48789742551410628600, 42616879115624775100, 1, '0x5c5f829C4c3E8C4AB97390cb053a456616c27Ea3', 1, -15770, -80218), (-11415, -89014, 1676796902, 0, 6, 34970415566467080900, 34970415566467080900, 0, '0xc72B1b70e69D270544369132d53529e37Be87742', 0, -11415, -89014), (-62693, 31588, 1676797256, 1, 10, 53858272136547788500, 49360587105239527000, 1, '0xBa1CD5ded4B25dF273d435c969a01dc0B577c95c', 1, -62749, 31289), (-13814, -79066, 1676797004, 0, 9, 42454542058905796600, 36818187440069158600, 0, '0xc72B1b70e69D270544369132d53529e37Be87742', 0, -14334, -79083), (-61595, 32941, 1676797164, 0, 2, 5466715961431504300, 5466715961431504300, 1, '0x05d6edC4ff8ef40321aBCf7886Bc606ed13327b0', 1, -61595, 32941), (-4289, -84941, 1676797214, 0, 2, 8748632928187071100, 8748632928187071100, 0, '0xc72B1b70e69D270544369132d53529e37Be87742', 0, -4289, -84941)]
8 5243.094 [[-0.08048200050096435, 0.6295372924618768], [-0.14004676041617284, -0.7682818373220397], [-0.6171161105289689, 0.28985952474492416]] [(-58853, 34885, 1676797291, 1, 10, 50000000000000000000, 35000000000000000000, 1, '0x5c5f829C4c3E8C4AB97390cb053a456616c27Ea3', 0, -60987, 35376), (-61970, 29047, 1676797291, 1, 10, 47857142857142858000, 28571428571428572000, 1, '0x26CbcaC5281B6E159bc3e6C7400AF25fA46F246B', 1, -65533, 28514), (-66168, 29214, 1676797291, 1, 10, 48705357142857144000, 44151785714285715000, 1, '0xA4b1B07974bF67f04EC51bEcABF4aD62106B1Dd0', 1, -66154, 29294), (45490, -41768, 1676792189, 2, 10, 47395833333333332500, 5000000000000000000, 0, '0xc72B1b70e69D270544369132d53529e37Be87742', 0, 45512, -42787), (-6413, 64099, 1676797291, 1, 10, 48737599206349205000, 48737599206349205000, 1, '0x633462025cF12D347C0dF50B2114E65aa364f0a6', 0, -6413, 64099), (-65286, 30894, 1676797291, 1, 10, 49073454034391536000, 49073454034391536000, 1, '0x26CbcaC5281B6E159bc3e6C7400AF25fA46F246B', 1, -65286, 30894), (-38720, 54983, 1676792351, 2, 10, 49064980158730157500, 5662202380952381000, 0, '0x0fa9077350FC3Ee6924743e1AD9b735c657C455E', 0, -39006, 54962), (45647, -40318, 1676792489, 2, 10, 51381683798133452000, 4553571428571429000, 0, '0xc72B1b70e69D270544369132d53529e37Be87742', 0, 44702, -41234), (-10667, 69593, 1676797291, 1, 10, 52967923280423279000, 47684151785714285000, 1, '0xa79160bC038C07678C145f1B5220be15bAdB13d7', 1, -10613, 69546), (-9168, 64558, 1676797291, 1, 10, 49436705430629041900, 44006162505511463900, 1, '0x036D6B4DA0b4Eeb9d312E958c2937D9016765F50', 1, -9016, 64038), (-67210, 30832, 1676797291, 1, 10, 53370652131201418100, 53370652131201418100, 1, '0x0fa9077350FC3Ee6924743e1AD9b735c657C455E', 1, -67210, 30832), (-9442, 68746, 1676797291, 1, 10, 52193733886623065000, 47905097376849402000, 0, '0x05d6edC4ff8ef40321aBCf7886Bc606ed13327b0', 1, -9349, 68693), (-5645, 60493, 1676797291, 1, 10, 49648966479327931000, 40251121015160611000, 1, '0x77B770ceB4b2537e52f4534Bb39e43754eB5B7e5', 1, -6225, 62583), (43185, -42090, 1676793029, 2, 10, 54015769671939045500, 3415178571428571000, 0, '0xc72B1b70e69D270544369132d53529e37Be87742', 0, 43235, -41791), (-66307, 30351, 1676797291, 1, 10, 56144282795570109700, 56144282795570109700, 1, '0x3662FA93E6C3bcB04B95e5dD7B1266AD9e8A9965', 1, -66307, 30351), (-10150, 64919, 1676797291, 1, 10, 53019971728550711000, 43561283694404384500, 1, '0x036D6B4DA0b4Eeb9d312E958c2937D9016765F50', 1, -10296, 65769), (-32420, -110248, 1676793262, 2, 10, 46590466300053795000, 17204462052301800000, 0, '0x77B770ceB4b2537e52f4534Bb39e43754eB5B7e5', 0, -30502, -105273), (-63684, 28290, 1676797291, 1, 10, 49240295815198408000, 44670880027580123000, 1, '0xc8529dE5603FF9D6FE9A77d43c27D3e7085B4E43', 1, -63795, 28074), (44604, -42606, 1676793300, 2, 10, 50446506206585461300, 2561383928571428400, 0, '0xc72B1b70e69D270544369132d53529e37Be87742', 0, 45967, -42153), (-7093, 67939, 1676797291, 1, 10, 55851098521653284200, 49331239628927302200, 1, '0x633462025cF12D347C0dF50B2114E65aa364f0a6', 1, -7053, 68807), (45772, -41684, 1676793510, 2, 10, 38928544490703406000, 1921037946428571600, 0, '0xc72B1b70e69D270544369132d53529e37Be87742', 0, 46376, -42206), (-8353, 67488, 1676797291, 1, 10, 47712597364086534900, 38504728557868923900, 1, '0x3662FA93E6C3bcB04B95e5dD7B1266AD9e8A9965', 1, -8308, 67448), (-65040, 30190, 1676797291, 1, 10, 49105657812321847200, 45579275478804057900, 1, '0xA4b1B07974bF67f04EC51bEcABF4aD62106B1Dd0', 1, -65147, 30274), (-65730, 30403, 1676797291, 1, 10, 45522348387704252900, 45522348387704252900, 0, '0x0fa9077350FC3Ee6924743e1AD9b735c657C455E', 1, -65730, 30403), (44910, -42214, 1676794022, 2, 10, 45357567859261598500, 1440778459821428600, 0, '0xc72B1b70e69D270544369132d53529e37Be87742', 0, 46084, -42343), (46653, -43446, 1676794224, 2, 10, 46801031283344447700, 1440778459821428400, 0, '0xc72B1b70e69D270544369132d53529e37Be87742', 0, 46071, -43504), (-66515, 32317, 1676797291, 1, 10, 45779230770597138400, 35141543251792404100, 1, '0x3662FA93E6C3bcB04B95e5dD7B1266AD9e8A9965', 1, -65940, 32246), (-9929, 68183, 1676797291, 1, 10, 49113164638542216900, 49113164638542216900, 1, '0x77B770ceB4b2537e52f4534Bb39e43754eB5B7e5', 1, -9929, 68183), (-1161, -77377, 1676797291, 1, 10, 49198149075773682200, 30308960734001953300, 0, '0xBa1CD5ded4B25dF273d435c969a01dc0B577c95c', 0, -6074, -79045), (-53587, 21899, 1676794515, 3, 1, 2174749802329934300, 2174749802329934300, 1, '0x036D6B4DA0b4Eeb9d312E958c2937D9016765F50', 1, -53587, 21899), (46114, -43007, 1676794747, 2, 10, 49257381883019951000, 720389229910714300, 0, '0xc72B1b70e69D270544369132d53529e37Be87742', 0, 43800, -42251), (-65103, 31044, 1676797291, 1, 10, 52803691027070259300, 52803691027070259300, 1, '0xA4b1B07974bF67f04EC51bEcABF4aD62106B1Dd0', 1, -65103, 31044), (-7133, 68237, 1676797291, 1, 10, 51353884931390702300, 51353884931390702300, 1, '0xa79160bC038C07678C145f1B5220be15bAdB13d7', 1, -7133, 68237), (-6784, -77245, 1676794839, 2, 10, 37120942877184944000, 11116130081534929400, 0, '0xc72B1b70e69D270544369132d53529e37Be87742', 0, -13571, -80616), (-20944, 84108, 1676795048, 3, 1, 1904857557130728500, 1904857557130728500, 0, '0xBa1CD5ded4B25dF273d435c969a01dc0B577c95c', 0, -20944, 84108), (-9245, 66276, 1676797291, 1, 10, 54114251491592745800, 35346202900406452800, 1, '0xd4aEDD30d11907e10B6353e59685BB7Efc14F55D', 1, -9182, 67975), (43606, -43351, 1676795260, 2, 10, 43150543963957769250, 180097307477678550, 0, '0xc72B1b70e69D270544369132d53529e37Be87742', 0, 8358, -75437), (-3226, -80397, 1676797291, 1, 10, 51458184646622126750, 31596865889325257750, 1, '0x77B770ceB4b2537e52f4534Bb39e43754eB5B7e5', 1, -7699, -82872), (-10847, 73152, 1676797291, 1, 10, 51055473495771626300, 38302295790237013300, 1, '0xA4b1B07974bF67f04EC51bEcABF4aD62106B1Dd0', 1, -11061, 70597), (-16877, -85132, 1676797291, 1, 10, 48581388795423813800, 48581388795423813800, 1, '0xBa1CD5ded4B25dF273d435c969a01dc0B577c95c', 1, -16877, -85132), (-11014, -76054, 1676797291, 1, 10, 39252850073780042500, 30825024992241038200, 0, '0xc72B1b70e69D270544369132d53529e37Be87742', 0, -11075, -76355), (-13223, -77953, 1676795740, 2, 10, 52252492041143854100, 22597615083803229600, 1, '0xc72B1b70e69D270544369132d53529e37Be87742', 0, -15318, -80654), (-61220, 61501, 1676795872, 2, 10, 51403694162592002600, 11800315932939428000, 0, '0xA4b1B07974bF67f04EC51bEcABF4aD62106B1Dd0', 0, -63404, 56561), (-12685, -79775, 1676797291, 1, 10, 42411298177874469900, 33016599601748340400, 1, '0xBa1CD5ded4B25dF273d435c969a01dc0B577c95c', 1, -12931, -81167), (7849, 85987, 1676795896, 2, 10, 50365702175005836800, 8199804528188879300, 0, '0x05d6edC4ff8ef40321aBCf7886Bc606ed13327b0', 0, 2737, 86125), (-8907, 69587, 1676797291, 1, 10, 49834544795769675300, 49834544795769675300, 1, '0xDA8d2BAde16dd8a6a0Eb5563F4216047b2b24294', 1, -8907, 69587), (8186, -76685, 1676795908, 3, 1, 830831495375216500, 830831495375216500, 0, '0xc72B1b70e69D270544369132d53529e37Be87742', 0, 8186, -76685), (6734, -74415, 1676795976, 3, 1, 830831495375216500, 830831495375216500, 0, '0xc72B1b70e69D270544369132d53529e37Be87742', 0, 6734, -74415), (7631, -76628, 1676796011, 3, 1, 830831495375216500, 830831495375216500, 0, '0xc72B1b70e69D270544369132d53529e37Be87742', 0, 7631, -76628), (6442, -75145, 1676796071, 3, 1, 830831495375216500, 830831495375216500, 0, '0xc72B1b70e69D270544369132d53529e37Be87742', 0, 6442, -75145), (8787, -75150, 1676796129, 3, 1, 830831495375216500, 830831495375216500, 0, '0xc72B1b70e69D270544369132d53529e37Be87742', 0, 8787, -75150), (-11033, -82056, 1676797291, 1, 10, 50495407545325394300, 50495407545325394300, 0, '0xc72B1b70e69D270544369132d53529e37Be87742', 0, -11033, -82056), (-27550, 73414, 1676796276, 3, 1, 3621349407497030300, 3621349407497030300, 0, '0xBa1CD5ded4B25dF273d435c969a01dc0B577c95c', 1, -27550, 73414), (-30509, -59408, 1676796350, 3, 1, 155733780215785270, 155733780215785270, 0, '0xDA8d2BAde16dd8a6a0Eb5563F4216047b2b24294', 0, -30509, -59408), (-9431, 64865, 1676797291, 1, 10, 51563427551668785700, 42096102786143363200, 1, '0x5c5f829C4c3E8C4AB97390cb053a456616c27Ea3', 1, -9554, 66165), (-8920, -82644, 1676797291, 1, 10, 46388973883498328000, 38517287327222480000, 0, '0xc72B1b70e69D270544369132d53529e37Be87742', 0, -11910, -83826), (-66934, 31463, 1676797291, 1, 10, 49263978917431671400, 49263978917431671400, 1, '0xA4b1B07974bF67f04EC51bEcABF4aD62106B1Dd0', 0, -66934, 31463), (-9838, 67159, 1676797291, 1, 10, 49351017438325229600, 42578601246473478200, 1, '0xa79160bC038C07678C145f1B5220be15bAdB13d7', 1, -9986, 67300), (-15332, -79320, 1676797291, 1, 10, 48789742551410628600, 42616879115624775100, 1, '0x5c5f829C4c3E8C4AB97390cb053a456616c27Ea3', 1, -15770, -80218), (-11415, -89014, 1676796902, 0, 6, 34970415566467080900, 34970415566467080900, 0, '0xc72B1b70e69D270544369132d53529e37Be87742', 0, -11415, -89014), (-62693, 31588, 1676797291, 1, 10, 53858272136547788500, 49360587105239527000, 1, '0xBa1CD5ded4B25dF273d435c969a01dc0B577c95c', 1, -62749, 31289), (-13501, -78803, 1676797291, 1, 10, 44649739549355198000, 39013384930518560000, 0, '0xc72B1b70e69D270544369132d53529e37Be87742', 0, -13947, -78781), (-64313, 34023, 1676797164, 0, 5, 21209304754930423300, 21209304754930423300, 1, '0x05d6edC4ff8ef40321aBCf7886Bc606ed13327b0', 1, -64313, 34023), (-8334, -84009, 1676797214, 0, 3, 15145808201407011100, 15145808201407011100, 0, '0xc72B1b70e69D270544369132d53529e37Be87742', 0, -8334, -84009)]
8 5273.241 [[-0.08048200050096435, 0.6295372924618768], [-0.14004676041617284, -0.7682818373220397], [-0.6171161105289689, 0.28985952474492416]] [(-58853, 34885, 1676797321, 1, 10, 50000000000000000000, 35000000000000000000, 1, '0x5c5f829C4c3E8C4AB97390cb053a456616c27Ea3', 0, -60987, 35376), (-61970, 29047, 1676797321, 1, 10, 47857142857142858000, 28571428571428572000, 1, '0x26CbcaC5281B6E159bc3e6C7400AF25fA46F246B', 1, -65533, 28514), (-66168, 29214, 1676797321, 1, 10, 48705357142857144000, 44151785714285715000, 1, '0xA4b1B07974bF67f04EC51bEcABF4aD62106B1Dd0', 1, -66154, 29294), (45490, -41768, 1676792189, 2, 10, 47395833333333332500, 5000000000000000000, 0, '0xc72B1b70e69D270544369132d53529e37Be87742', 0, 45512, -42787), (-6413, 64099, 1676797321, 1, 10, 48737599206349205000, 48737599206349205000, 1, '0x633462025cF12D347C0dF50B2114E65aa364f0a6', 0, -6413, 64099), (-65286, 30894, 1676797321, 1, 10, 49073454034391536000, 49073454034391536000, 1, '0x26CbcaC5281B6E159bc3e6C7400AF25fA46F246B', 1, -65286, 30894), (-38720, 54983, 1676792351, 2, 10, 49064980158730157500, 5662202380952381000, 0, '0x0fa9077350FC3Ee6924743e1AD9b735c657C455E', 0, -39006, 54962), (45647, -40318, 1676792489, 2, 10, 51381683798133452000, 4553571428571429000, 0, '0xc72B1b70e69D270544369132d53529e37Be87742', 0, 44702, -41234), (-10667, 69593, 1676797321, 1, 10, 52967923280423279000, 47684151785714285000, 1, '0xa79160bC038C07678C145f1B5220be15bAdB13d7', 1, -10613, 69546), (-9168, 64558, 1676797321, 1, 10, 49436705430629041900, 44006162505511463900, 1, '0x036D6B4DA0b4Eeb9d312E958c2937D9016765F50', 1, -9016, 64038), (-67210, 30832, 1676797321, 1, 10, 53370652131201418100, 53370652131201418100, 1, '0x0fa9077350FC3Ee6924743e1AD9b735c657C455E', 1, -67210, 30832), (-9442, 68746, 1676797321, 1, 10, 52193733886623065000, 47905097376849402000, 0, '0x05d6edC4ff8ef40321aBCf7886Bc606ed13327b0', 1, -9349, 68693), (-5645, 60493, 1676797321, 1, 10, 49648966479327931000, 40251121015160611000, 1, '0x77B770ceB4b2537e52f4534Bb39e43754eB5B7e5', 1, -6225, 62583), (43185, -42090, 1676793029, 2, 10, 54015769671939045500, 3415178571428571000, 0, '0xc72B1b70e69D270544369132d53529e37Be87742', 0, 43235, -41791), (-66307, 30351, 1676797321, 1, 10, 56144282795570109700, 56144282795570109700, 1, '0x3662FA93E6C3bcB04B95e5dD7B1266AD9e8A9965', 1, -66307, 30351), (-10150, 64919, 1676797321, 1, 10, 53019971728550711000, 43561283694404384500, 1, '0x036D6B4DA0b4Eeb9d312E958c2937D9016765F50', 1, -10296, 65769), (-32420, -110248, 1676793262, 2, 10, 46590466300053795000, 17204462052301800000, 0, '0x77B770ceB4b2537e52f4534Bb39e43754eB5B7e5', 0, -30502, -105273), (-63684, 28290, 1676797321, 1, 10, 49240295815198408000, 44670880027580123000, 1, '0xc8529dE5603FF9D6FE9A77d43c27D3e7085B4E43', 1, -63795, 28074), (44604, -42606, 1676793300, 2, 10, 50446506206585461300, 2561383928571428400, 0, '0xc72B1b70e69D270544369132d53529e37Be87742', 0, 45967, -42153), (-7093, 67939, 1676797321, 1, 10, 55851098521653284200, 49331239628927302200, 1, '0x633462025cF12D347C0dF50B2114E65aa364f0a6', 1, -7053, 68807), (45772, -41684, 1676793510, 2, 10, 38928544490703406000, 1921037946428571600, 0, '0xc72B1b70e69D270544369132d53529e37Be87742', 0, 46376, -42206), (-8353, 67488, 1676797321, 1, 10, 47712597364086534900, 38504728557868923900, 1, '0x3662FA93E6C3bcB04B95e5dD7B1266AD9e8A9965', 1, -8308, 67448), (-65040, 30190, 1676797321, 1, 10, 49105657812321847200, 45579275478804057900, 1, '0xA4b1B07974bF67f04EC51bEcABF4aD62106B1Dd0', 1, -65147, 30274), (-65730, 30403, 1676797321, 1, 10, 45522348387704252900, 45522348387704252900, 0, '0x0fa9077350FC3Ee6924743e1AD9b735c657C455E', 1, -65730, 30403), (44910, -42214, 1676794022, 2, 10, 45357567859261598500, 1440778459821428600, 0, '0xc72B1b70e69D270544369132d53529e37Be87742', 0, 46084, -42343), (46653, -43446, 1676794224, 2, 10, 46801031283344447700, 1440778459821428400, 0, '0xc72B1b70e69D270544369132d53529e37Be87742', 0, 46071, -43504), (-66515, 32317, 1676797321, 1, 10, 45779230770597138400, 35141543251792404100, 1, '0x3662FA93E6C3bcB04B95e5dD7B1266AD9e8A9965', 1, -65940, 32246), (-9929, 68183, 1676797321, 1, 10, 49113164638542216900, 49113164638542216900, 1, '0x77B770ceB4b2537e52f4534Bb39e43754eB5B7e5', 1, -9929, 68183), (-1161, -77377, 1676797321, 1, 10, 49198149075773682200, 30308960734001953300, 0, '0xBa1CD5ded4B25dF273d435c969a01dc0B577c95c', 0, -6074, -79045), (-53587, 21899, 1676794515, 3, 1, 2174749802329934300, 2174749802329934300, 1, '0x036D6B4DA0b4Eeb9d312E958c2937D9016765F50', 1, -53587, 21899), (46114, -43007, 1676794747, 2, 10, 49257381883019951000, 720389229910714300, 0, '0xc72B1b70e69D270544369132d53529e37Be87742', 0, 43800, -42251), (-65103, 31044, 1676797321, 1, 10, 52803691027070259300, 52803691027070259300, 1, '0xA4b1B07974bF67f04EC51bEcABF4aD62106B1Dd0', 1, -65103, 31044), (-7133, 68237, 1676797321, 1, 10, 51353884931390702300, 51353884931390702300, 1, '0xa79160bC038C07678C145f1B5220be15bAdB13d7', 1, -7133, 68237), (-6784, -77245, 1676794839, 2, 10, 37120942877184944000, 11116130081534929400, 0, '0xc72B1b70e69D270544369132d53529e37Be87742', 0, -13571, -80616), (-20944, 84108, 1676795048, 3, 1, 1904857557130728500, 1904857557130728500, 0, '0xBa1CD5ded4B25dF273d435c969a01dc0B577c95c', 0, -20944, 84108), (-9245, 66276, 1676797321, 1, 10, 54114251491592745800, 35346202900406452800, 1, '0xd4aEDD30d11907e10B6353e59685BB7Efc14F55D', 1, -9182, 67975), (43606, -43351, 1676795260, 2, 10, 43150543963957769250, 180097307477678550, 0, '0xc72B1b70e69D270544369132d53529e37Be87742', 0, 8358, -75437), (-3226, -80397, 1676797321, 1, 10, 51458184646622126750, 31596865889325257750, 1, '0x77B770ceB4b2537e52f4534Bb39e43754eB5B7e5', 1, -7699, -82872), (-10847, 73152, 1676797321, 1, 10, 51055473495771626300, 38302295790237013300, 1, '0xA4b1B07974bF67f04EC51bEcABF4aD62106B1Dd0', 1, -11061, 70597), (-16877, -85132, 1676797321, 1, 10, 48581388795423813800, 48581388795423813800, 1, '0xBa1CD5ded4B25dF273d435c969a01dc0B577c95c', 1, -16877, -85132), (-11014, -76054, 1676797321, 1, 10, 39252850073780042500, 30825024992241038200, 0, '0xc72B1b70e69D270544369132d53529e37Be87742', 0, -11075, -76355), (-13223, -77953, 1676795740, 2, 10, 52252492041143854100, 22597615083803229600, 1, '0xc72B1b70e69D270544369132d53529e37Be87742', 0, -15318, -80654), (-61220, 61501, 1676795872, 2, 10, 51403694162592002600, 11800315932939428000, 0, '0xA4b1B07974bF67f04EC51bEcABF4aD62106B1Dd0', 0, -63404, 56561), (-12685, -79775, 1676797321, 1, 10, 42411298177874469900, 33016599601748340400, 1, '0xBa1CD5ded4B25dF273d435c969a01dc0B577c95c', 1, -12931, -81167), (7849, 85987, 1676795896, 2, 10, 50365702175005836800, 8199804528188879300, 0, '0x05d6edC4ff8ef40321aBCf7886Bc606ed13327b0', 0, 2737, 86125), (-8907, 69587, 1676797321, 1, 10, 49834544795769675300, 49834544795769675300, 1, '0xDA8d2BAde16dd8a6a0Eb5563F4216047b2b24294', 1, -8907, 69587), (8186, -76685, 1676795908, 3, 1, 830831495375216500, 830831495375216500, 0, '0xc72B1b70e69D270544369132d53529e37Be87742', 0, 8186, -76685), (6734, -74415, 1676795976, 3, 1, 830831495375216500, 830831495375216500, 0, '0xc72B1b70e69D270544369132d53529e37Be87742', 0, 6734, -74415), (7631, -76628, 1676796011, 3, 1, 830831495375216500, 830831495375216500, 0, '0xc72B1b70e69D270544369132d53529e37Be87742', 0, 7631, -76628), (6442, -75145, 1676796071, 3, 1, 830831495375216500, 830831495375216500, 0, '0xc72B1b70e69D270544369132d53529e37Be87742', 0, 6442, -75145), (8787, -75150, 1676796129, 3, 1, 830831495375216500, 830831495375216500, 0, '0xc72B1b70e69D270544369132d53529e37Be87742', 0, 8787, -75150), (-11033, -82056, 1676797321, 1, 10, 50495407545325394300, 50495407545325394300, 0, '0xc72B1b70e69D270544369132d53529e37Be87742', 0, -11033, -82056), (-27550, 73414, 1676796276, 3, 1, 3621349407497030300, 3621349407497030300, 0, '0xBa1CD5ded4B25dF273d435c969a01dc0B577c95c', 1, -27550, 73414), (-30509, -59408, 1676796350, 3, 1, 155733780215785270, 155733780215785270, 0, '0xDA8d2BAde16dd8a6a0Eb5563F4216047b2b24294', 0, -30509, -59408), (-9431, 64865, 1676797321, 1, 10, 51563427551668785700, 42096102786143363200, 1, '0x5c5f829C4c3E8C4AB97390cb053a456616c27Ea3', 1, -9554, 66165), (-8920, -82644, 1676797321, 1, 10, 46388973883498328000, 38517287327222480000, 0, '0xc72B1b70e69D270544369132d53529e37Be87742', 0, -11910, -83826), (-66934, 31463, 1676797321, 1, 10, 49263978917431671400, 49263978917431671400, 1, '0xA4b1B07974bF67f04EC51bEcABF4aD62106B1Dd0', 0, -66934, 31463), (-9838, 67159, 1676797321, 1, 10, 49351017438325229600, 42578601246473478200, 1, '0xa79160bC038C07678C145f1B5220be15bAdB13d7', 1, -9986, 67300), (-15332, -79320, 1676797321, 1, 10, 48789742551410628600, 42616879115624775100, 1, '0x5c5f829C4c3E8C4AB97390cb053a456616c27Ea3', 1, -15770, -80218), (-11415, -89014, 1676796902, 0, 6, 34970415566467080900, 34970415566467080900, 0, '0xc72B1b70e69D270544369132d53529e37Be87742', 0, -11415, -89014), (-62693, 31588, 1676797321, 1, 10, 53858272136547788500, 49360587105239527000, 1, '0xBa1CD5ded4B25dF273d435c969a01dc0B577c95c', 1, -62749, 31289), (-13501, -78803, 1676797321, 1, 10, 44649739549355198000, 39013384930518560000, 0, '0xc72B1b70e69D270544369132d53529e37Be87742', 0, -13947, -78781), (-63285, 33910, 1676797164, 0, 6, 28881115982858657700, 28881115982858657700, 1, '0x05d6edC4ff8ef40321aBCf7886Bc606ed13327b0', 1, -63285, 33910), (-10775, -84374, 1676797214, 0, 4, 28765233800862122100, 28765233800862122100, 0, '0xc72B1b70e69D270544369132d53529e37Be87742', 0, -10775, -84374)]
8 5303.253 [[-0.08048200050096435, 0.6295372924618768], [-0.14004676041617284, -0.7682818373220397], [-0.6171161105289689, 0.28985952474492416]] [(-58853, 34885, 1676797345, 1, 10, 50000000000000000000, 35000000000000000000, 1, '0x5c5f829C4c3E8C4AB97390cb053a456616c27Ea3', 0, -60987, 35376), (-61970, 29047, 1676797345, 1, 10, 47857142857142858000, 28571428571428572000, 1, '0x26CbcaC5281B6E159bc3e6C7400AF25fA46F246B', 1, -65533, 28514), (-66168, 29214, 1676797345, 1, 10, 48705357142857144000, 44151785714285715000, 1, '0xA4b1B07974bF67f04EC51bEcABF4aD62106B1Dd0', 1, -66154, 29294), (45490, -41768, 1676792189, 2, 10, 47395833333333332500, 5000000000000000000, 0, '0xc72B1b70e69D270544369132d53529e37Be87742', 0, 45512, -42787), (-6413, 64099, 1676797345, 1, 10, 48737599206349205000, 48737599206349205000, 1, '0x633462025cF12D347C0dF50B2114E65aa364f0a6', 0, -6413, 64099), (-65286, 30894, 1676797345, 1, 10, 49073454034391536000, 49073454034391536000, 1, '0x26CbcaC5281B6E159bc3e6C7400AF25fA46F246B', 1, -65286, 30894), (-38720, 54983, 1676792351, 2, 10, 49064980158730157500, 5662202380952381000, 0, '0x0fa9077350FC3Ee6924743e1AD9b735c657C455E', 0, -39006, 54962), (45647, -40318, 1676792489, 2, 10, 51381683798133452000, 4553571428571429000, 0, '0xc72B1b70e69D270544369132d53529e37Be87742', 0, 44702, -41234), (-10667, 69593, 1676797345, 1, 10, 52967923280423279000, 47684151785714285000, 1, '0xa79160bC038C07678C145f1B5220be15bAdB13d7', 1, -10613, 69546), (-9168, 64558, 1676797345, 1, 10, 49436705430629041900, 44006162505511463900, 1, '0x036D6B4DA0b4Eeb9d312E958c2937D9016765F50', 1, -9016, 64038), (-67210, 30832, 1676797345, 1, 10, 53370652131201418100, 53370652131201418100, 1, '0x0fa9077350FC3Ee6924743e1AD9b735c657C455E', 1, -67210, 30832), (-9442, 68746, 1676797345, 1, 10, 52193733886623065000, 47905097376849402000, 0, '0x05d6edC4ff8ef40321aBCf7886Bc606ed13327b0', 1, -9349, 68693), (-5645, 60493, 1676797345, 1, 10, 49648966479327931000, 40251121015160611000, 1, '0x77B770ceB4b2537e52f4534Bb39e43754eB5B7e5', 1, -6225, 62583), (43185, -42090, 1676793029, 2, 10, 54015769671939045500, 3415178571428571000, 0, '0xc72B1b70e69D270544369132d53529e37Be87742', 0, 43235, -41791), (-66307, 30351, 1676797345, 1, 10, 56144282795570109700, 56144282795570109700, 1, '0x3662FA93E6C3bcB04B95e5dD7B1266AD9e8A9965', 1, -66307, 30351), (-10150, 64919, 1676797345, 1, 10, 53019971728550711000, 43561283694404384500, 1, '0x036D6B4DA0b4Eeb9d312E958c2937D9016765F50', 1, -10296, 65769), (-32420, -110248, 1676793262, 2, 10, 46590466300053795000, 17204462052301800000, 0, '0x77B770ceB4b2537e52f4534Bb39e43754eB5B7e5', 0, -30502, -105273), (-63684, 28290, 1676797345, 1, 10, 49240295815198408000, 44670880027580123000, 1, '0xc8529dE5603FF9D6FE9A77d43c27D3e7085B4E43', 1, -63795, 28074), (44604, -42606, 1676793300, 2, 10, 50446506206585461300, 2561383928571428400, 0, '0xc72B1b70e69D270544369132d53529e37Be87742', 0, 45967, -42153), (-7093, 67939, 1676797345, 1, 10, 55851098521653284200, 49331239628927302200, 1, '0x633462025cF12D347C0dF50B2114E65aa364f0a6', 1, -7053, 68807), (45772, -41684, 1676793510, 2, 10, 38928544490703406000, 1921037946428571600, 0, '0xc72B1b70e69D270544369132d53529e37Be87742', 0, 46376, -42206), (-8353, 67488, 1676797345, 1, 10, 47712597364086534900, 38504728557868923900, 1, '0x3662FA93E6C3bcB04B95e5dD7B1266AD9e8A9965', 1, -8308, 67448), (-65040, 30190, 1676797345, 1, 10, 49105657812321847200, 45579275478804057900, 1, '0xA4b1B07974bF67f04EC51bEcABF4aD62106B1Dd0', 1, -65147, 30274), (-65730, 30403, 1676797345, 1, 10, 45522348387704252900, 45522348387704252900, 0, '0x0fa9077350FC3Ee6924743e1AD9b735c657C455E', 1, -65730, 30403), (44910, -42214, 1676794022, 2, 10, 45357567859261598500, 1440778459821428600, 0, '0xc72B1b70e69D270544369132d53529e37Be87742', 0, 46084, -42343), (46653, -43446, 1676794224, 2, 10, 46801031283344447700, 1440778459821428400, 0, '0xc72B1b70e69D270544369132d53529e37Be87742', 0, 46071, -43504), (-66515, 32317, 1676797345, 1, 10, 45779230770597138400, 35141543251792404100, 1, '0x3662FA93E6C3bcB04B95e5dD7B1266AD9e8A9965', 1, -65940, 32246), (-9929, 68183, 1676797345, 1, 10, 49113164638542216900, 49113164638542216900, 1, '0x77B770ceB4b2537e52f4534Bb39e43754eB5B7e5', 1, -9929, 68183), (-1161, -77377, 1676797345, 1, 10, 49198149075773682200, 30308960734001953300, 0, '0xBa1CD5ded4B25dF273d435c969a01dc0B577c95c', 0, -6074, -79045), (-53587, 21899, 1676794515, 3, 1, 2174749802329934300, 2174749802329934300, 1, '0x036D6B4DA0b4Eeb9d312E958c2937D9016765F50', 1, -53587, 21899), (46114, -43007, 1676794747, 2, 10, 49257381883019951000, 720389229910714300, 0, '0xc72B1b70e69D270544369132d53529e37Be87742', 0, 43800, -42251), (-65103, 31044, 1676797345, 1, 10, 52803691027070259300, 52803691027070259300, 1, '0xA4b1B07974bF67f04EC51bEcABF4aD62106B1Dd0', 1, -65103, 31044), (-7133, 68237, 1676797345, 1, 10, 51353884931390702300, 51353884931390702300, 1, '0xa79160bC038C07678C145f1B5220be15bAdB13d7', 1, -7133, 68237), (-6784, -77245, 1676794839, 2, 10, 37120942877184944000, 11116130081534929400, 0, '0xc72B1b70e69D270544369132d53529e37Be87742', 0, -13571, -80616), (-20944, 84108, 1676795048, 3, 1, 1904857557130728500, 1904857557130728500, 0, '0xBa1CD5ded4B25dF273d435c969a01dc0B577c95c', 0, -20944, 84108), (-9245, 66276, 1676797345, 1, 10, 54114251491592745800, 35346202900406452800, 1, '0xd4aEDD30d11907e10B6353e59685BB7Efc14F55D', 1, -9182, 67975), (43606, -43351, 1676795260, 2, 10, 43150543963957769250, 180097307477678550, 0, '0xc72B1b70e69D270544369132d53529e37Be87742', 0, 8358, -75437), (-3226, -80397, 1676797345, 1, 10, 51458184646622126750, 31596865889325257750, 1, '0x77B770ceB4b2537e52f4534Bb39e43754eB5B7e5', 1, -7699, -82872), (-10847, 73152, 1676797345, 1, 10, 51055473495771626300, 38302295790237013300, 1, '0xA4b1B07974bF67f04EC51bEcABF4aD62106B1Dd0', 1, -11061, 70597), (-16877, -85132, 1676797345, 1, 10, 48581388795423813800, 48581388795423813800, 1, '0xBa1CD5ded4B25dF273d435c969a01dc0B577c95c', 1, -16877, -85132), (-11014, -76054, 1676797345, 1, 10, 39252850073780042500, 30825024992241038200, 0, '0xc72B1b70e69D270544369132d53529e37Be87742', 0, -11075, -76355), (-13223, -77953, 1676795740, 2, 10, 52252492041143854100, 22597615083803229600, 1, '0xc72B1b70e69D270544369132d53529e37Be87742', 0, -15318, -80654), (-61220, 61501, 1676795872, 2, 10, 51403694162592002600, 11800315932939428000, 0, '0xA4b1B07974bF67f04EC51bEcABF4aD62106B1Dd0', 0, -63404, 56561), (-12685, -79775, 1676797345, 1, 10, 42411298177874469900, 33016599601748340400, 1, '0xBa1CD5ded4B25dF273d435c969a01dc0B577c95c', 1, -12931, -81167), (7849, 85987, 1676795896, 2, 10, 50365702175005836800, 8199804528188879300, 0, '0x05d6edC4ff8ef40321aBCf7886Bc606ed13327b0', 0, 2737, 86125), (-8907, 69587, 1676797345, 1, 10, 49834544795769675300, 49834544795769675300, 1, '0xDA8d2BAde16dd8a6a0Eb5563F4216047b2b24294', 1, -8907, 69587), (8186, -76685, 1676795908, 3, 1, 830831495375216500, 830831495375216500, 0, '0xc72B1b70e69D270544369132d53529e37Be87742', 0, 8186, -76685), (6734, -74415, 1676795976, 3, 1, 830831495375216500, 830831495375216500, 0, '0xc72B1b70e69D270544369132d53529e37Be87742', 0, 6734, -74415), (7631, -76628, 1676796011, 3, 1, 830831495375216500, 830831495375216500, 0, '0xc72B1b70e69D270544369132d53529e37Be87742', 0, 7631, -76628), (6442, -75145, 1676796071, 3, 1, 830831495375216500, 830831495375216500, 0, '0xc72B1b70e69D270544369132d53529e37Be87742', 0, 6442, -75145), (8787, -75150, 1676796129, 3, 1, 830831495375216500, 830831495375216500, 0, '0xc72B1b70e69D270544369132d53529e37Be87742', 0, 8787, -75150), (-11033, -82056, 1676797345, 1, 10, 50495407545325394300, 50495407545325394300, 0, '0xc72B1b70e69D270544369132d53529e37Be87742', 0, -11033, -82056), (-27550, 73414, 1676796276, 3, 1, 3621349407497030300, 3621349407497030300, 0, '0xBa1CD5ded4B25dF273d435c969a01dc0B577c95c', 1, -27550, 73414), (-30509, -59408, 1676796350, 3, 1, 155733780215785270, 155733780215785270, 0, '0xDA8d2BAde16dd8a6a0Eb5563F4216047b2b24294', 0, -30509, -59408), (-9431, 64865, 1676797345, 1, 10, 51563427551668785700, 42096102786143363200, 1, '0x5c5f829C4c3E8C4AB97390cb053a456616c27Ea3', 1, -9554, 66165), (-8920, -82644, 1676797345, 1, 10, 46388973883498328000, 38517287327222480000, 0, '0xc72B1b70e69D270544369132d53529e37Be87742', 0, -11910, -83826), (-66934, 31463, 1676797345, 1, 10, 49263978917431671400, 49263978917431671400, 1, '0xA4b1B07974bF67f04EC51bEcABF4aD62106B1Dd0', 0, -66934, 31463), (-9838, 67159, 1676797345, 1, 10, 49351017438325229600, 42578601246473478200, 1, '0xa79160bC038C07678C145f1B5220be15bAdB13d7', 1, -9986, 67300), (-15332, -79320, 1676797345, 1, 10, 48789742551410628600, 42616879115624775100, 1, '0x5c5f829C4c3E8C4AB97390cb053a456616c27Ea3', 1, -15770, -80218), (-11415, -89014, 1676796902, 0, 6, 34970415566467080900, 34970415566467080900, 0, '0xc72B1b70e69D270544369132d53529e37Be87742', 0, -11415, -89014), (-62693, 31588, 1676797345, 1, 10, 53858272136547788500, 49360587105239527000, 1, '0xBa1CD5ded4B25dF273d435c969a01dc0B577c95c', 1, -62749, 31289), (-13501, -78803, 1676797345, 1, 10, 44649739549355198000, 39013384930518560000, 0, '0xc72B1b70e69D270544369132d53529e37Be87742', 0, -13947, -78781), (-64085, 34641, 1676797164, 0, 7, 31232878879386854700, 31232878879386854700, 1, '0x05d6edC4ff8ef40321aBCf7886Bc606ed13327b0', 1, -64085, 34641), (-10636, -83588, 1676797214, 0, 6, 34545080574451217700, 34545080574451217700, 0, '0xc72B1b70e69D270544369132d53529e37Be87742', 0, -10636, -83588)]
8 5333.497 [[-0.08048200050096435, 0.6295372924618768], [-0.14004676041617284, -0.7682818373220397], [-0.6171161105289689, 0.28985952474492416]] [(-58853, 34885, 1676797371, 1, 10, 50000000000000000000, 35000000000000000000, 1, '0x5c5f829C4c3E8C4AB97390cb053a456616c27Ea3', 0, -60987, 35376), (-61970, 29047, 1676797371, 1, 10, 47857142857142858000, 28571428571428572000, 1, '0x26CbcaC5281B6E159bc3e6C7400AF25fA46F246B', 1, -65533, 28514), (-66168, 29214, 1676797371, 1, 10, 48705357142857144000, 44151785714285715000, 1, '0xA4b1B07974bF67f04EC51bEcABF4aD62106B1Dd0', 1, -66154, 29294), (45490, -41768, 1676792189, 2, 10, 47395833333333332500, 5000000000000000000, 0, '0xc72B1b70e69D270544369132d53529e37Be87742', 0, 45512, -42787), (-6413, 64099, 1676797371, 1, 10, 48737599206349205000, 48737599206349205000, 1, '0x633462025cF12D347C0dF50B2114E65aa364f0a6', 0, -6413, 64099), (-65286, 30894, 1676797371, 1, 10, 49073454034391536000, 49073454034391536000, 1, '0x26CbcaC5281B6E159bc3e6C7400AF25fA46F246B', 1, -65286, 30894), (-38720, 54983, 1676792351, 2, 10, 49064980158730157500, 5662202380952381000, 0, '0x0fa9077350FC3Ee6924743e1AD9b735c657C455E', 0, -39006, 54962), (45647, -40318, 1676792489, 2, 10, 51381683798133452000, 4553571428571429000, 0, '0xc72B1b70e69D270544369132d53529e37Be87742', 0, 44702, -41234), (-10667, 69593, 1676797371, 1, 10, 52967923280423279000, 47684151785714285000, 1, '0xa79160bC038C07678C145f1B5220be15bAdB13d7', 1, -10613, 69546), (-9168, 64558, 1676797371, 1, 10, 49436705430629041900, 44006162505511463900, 1, '0x036D6B4DA0b4Eeb9d312E958c2937D9016765F50', 1, -9016, 64038), (-67210, 30832, 1676797371, 1, 10, 53370652131201418100, 53370652131201418100, 1, '0x0fa9077350FC3Ee6924743e1AD9b735c657C455E', 1, -67210, 30832), (-9442, 68746, 1676797371, 1, 10, 52193733886623065000, 47905097376849402000, 0, '0x05d6edC4ff8ef40321aBCf7886Bc606ed13327b0', 1, -9349, 68693), (-5645, 60493, 1676797371, 1, 10, 49648966479327931000, 40251121015160611000, 1, '0x77B770ceB4b2537e52f4534Bb39e43754eB5B7e5', 1, -6225, 62583), (43185, -42090, 1676793029, 2, 10, 54015769671939045500, 3415178571428571000, 0, '0xc72B1b70e69D270544369132d53529e37Be87742', 0, 43235, -41791), (-66307, 30351, 1676797371, 1, 10, 56144282795570109700, 56144282795570109700, 1, '0x3662FA93E6C3bcB04B95e5dD7B1266AD9e8A9965', 1, -66307, 30351), (-10150, 64919, 1676797371, 1, 10, 53019971728550711000, 43561283694404384500, 1, '0x036D6B4DA0b4Eeb9d312E958c2937D9016765F50', 1, -10296, 65769), (-32420, -110248, 1676793262, 2, 10, 46590466300053795000, 17204462052301800000, 0, '0x77B770ceB4b2537e52f4534Bb39e43754eB5B7e5', 0, -30502, -105273), (-63684, 28290, 1676797371, 1, 10, 49240295815198408000, 44670880027580123000, 1, '0xc8529dE5603FF9D6FE9A77d43c27D3e7085B4E43', 1, -63795, 28074), (44604, -42606, 1676793300, 2, 10, 50446506206585461300, 2561383928571428400, 0, '0xc72B1b70e69D270544369132d53529e37Be87742', 0, 45967, -42153), (-7093, 67939, 1676797371, 1, 10, 55851098521653284200, 49331239628927302200, 1, '0x633462025cF12D347C0dF50B2114E65aa364f0a6', 1, -7053, 68807), (45772, -41684, 1676793510, 2, 10, 38928544490703406000, 1921037946428571600, 0, '0xc72B1b70e69D270544369132d53529e37Be87742', 0, 46376, -42206), (-8353, 67488, 1676797371, 1, 10, 47712597364086534900, 38504728557868923900, 1, '0x3662FA93E6C3bcB04B95e5dD7B1266AD9e8A9965', 1, -8308, 67448), (-65040, 30190, 1676797371, 1, 10, 49105657812321847200, 45579275478804057900, 1, '0xA4b1B07974bF67f04EC51bEcABF4aD62106B1Dd0', 1, -65147, 30274), (-65730, 30403, 1676797371, 1, 10, 45522348387704252900, 45522348387704252900, 0, '0x0fa9077350FC3Ee6924743e1AD9b735c657C455E', 1, -65730, 30403), (44910, -42214, 1676794022, 2, 10, 45357567859261598500, 1440778459821428600, 0, '0xc72B1b70e69D270544369132d53529e37Be87742', 0, 46084, -42343), (46653, -43446, 1676794224, 2, 10, 46801031283344447700, 1440778459821428400, 0, '0xc72B1b70e69D270544369132d53529e37Be87742', 0, 46071, -43504), (-66515, 32317, 1676797371, 1, 10, 45779230770597138400, 35141543251792404100, 1, '0x3662FA93E6C3bcB04B95e5dD7B1266AD9e8A9965', 1, -65940, 32246), (-9929, 68183, 1676797371, 1, 10, 49113164638542216900, 49113164638542216900, 1, '0x77B770ceB4b2537e52f4534Bb39e43754eB5B7e5', 1, -9929, 68183), (-1161, -77377, 1676797371, 1, 10, 49198149075773682200, 30308960734001953300, 0, '0xBa1CD5ded4B25dF273d435c969a01dc0B577c95c', 0, -6074, -79045), (-53587, 21899, 1676794515, 3, 1, 2174749802329934300, 2174749802329934300, 1, '0x036D6B4DA0b4Eeb9d312E958c2937D9016765F50', 1, -53587, 21899), (46114, -43007, 1676794747, 2, 10, 49257381883019951000, 720389229910714300, 0, '0xc72B1b70e69D270544369132d53529e37Be87742', 0, 43800, -42251), (-65103, 31044, 1676797371, 1, 10, 52803691027070259300, 52803691027070259300, 1, '0xA4b1B07974bF67f04EC51bEcABF4aD62106B1Dd0', 1, -65103, 31044), (-7133, 68237, 1676797371, 1, 10, 51353884931390702300, 51353884931390702300, 1, '0xa79160bC038C07678C145f1B5220be15bAdB13d7', 1, -7133, 68237), (-6784, -77245, 1676794839, 2, 10, 37120942877184944000, 11116130081534929400, 0, '0xc72B1b70e69D270544369132d53529e37Be87742', 0, -13571, -80616), (-20944, 84108, 1676795048, 3, 1, 1904857557130728500, 1904857557130728500, 0, '0xBa1CD5ded4B25dF273d435c969a01dc0B577c95c', 0, -20944, 84108), (-9245, 66276, 1676797371, 1, 10, 54114251491592745800, 35346202900406452800, 1, '0xd4aEDD30d11907e10B6353e59685BB7Efc14F55D', 1, -9182, 67975), (43606, -43351, 1676795260, 2, 10, 43150543963957769250, 180097307477678550, 0, '0xc72B1b70e69D270544369132d53529e37Be87742', 0, 8358, -75437), (-3226, -80397, 1676797371, 1, 10, 51458184646622126750, 31596865889325257750, 1, '0x77B770ceB4b2537e52f4534Bb39e43754eB5B7e5', 1, -7699, -82872), (-10847, 73152, 1676797371, 1, 10, 51055473495771626300, 38302295790237013300, 1, '0xA4b1B07974bF67f04EC51bEcABF4aD62106B1Dd0', 1, -11061, 70597), (-16877, -85132, 1676797371, 1, 10, 48581388795423813800, 48581388795423813800, 1, '0xBa1CD5ded4B25dF273d435c969a01dc0B577c95c', 1, -16877, -85132), (-11014, -76054, 1676797371, 1, 10, 39252850073780042500, 30825024992241038200, 0, '0xc72B1b70e69D270544369132d53529e37Be87742', 0, -11075, -76355), (-13223, -77953, 1676795740, 2, 10, 52252492041143854100, 22597615083803229600, 1, '0xc72B1b70e69D270544369132d53529e37Be87742', 0, -15318, -80654), (-61220, 61501, 1676795872, 2, 10, 51403694162592002600, 11800315932939428000, 0, '0xA4b1B07974bF67f04EC51bEcABF4aD62106B1Dd0', 0, -63404, 56561), (-12685, -79775, 1676797371, 1, 10, 42411298177874469900, 33016599601748340400, 1, '0xBa1CD5ded4B25dF273d435c969a01dc0B577c95c', 1, -12931, -81167), (7849, 85987, 1676795896, 2, 10, 50365702175005836800, 8199804528188879300, 0, '0x05d6edC4ff8ef40321aBCf7886Bc606ed13327b0', 0, 2737, 86125), (-8907, 69587, 1676797371, 1, 10, 49834544795769675300, 49834544795769675300, 1, '0xDA8d2BAde16dd8a6a0Eb5563F4216047b2b24294', 1, -8907, 69587), (8186, -76685, 1676795908, 3, 1, 830831495375216500, 830831495375216500, 0, '0xc72B1b70e69D270544369132d53529e37Be87742', 0, 8186, -76685), (6734, -74415, 1676795976, 3, 1, 830831495375216500, 830831495375216500, 0, '0xc72B1b70e69D270544369132d53529e37Be87742', 0, 6734, -74415), (7631, -76628, 1676796011, 3, 1, 830831495375216500, 830831495375216500, 0, '0xc72B1b70e69D270544369132d53529e37Be87742', 0, 7631, -76628), (6442, -75145, 1676796071, 3, 1, 830831495375216500, 830831495375216500, 0, '0xc72B1b70e69D270544369132d53529e37Be87742', 0, 6442, -75145), (8787, -75150, 1676796129, 3, 1, 830831495375216500, 830831495375216500, 0, '0xc72B1b70e69D270544369132d53529e37Be87742', 0, 8787, -75150), (-11033, -82056, 1676797371, 1, 10, 50495407545325394300, 50495407545325394300, 0, '0xc72B1b70e69D270544369132d53529e37Be87742', 0, -11033, -82056), (-27550, 73414, 1676796276, 3, 1, 3621349407497030300, 3621349407497030300, 0, '0xBa1CD5ded4B25dF273d435c969a01dc0B577c95c', 1, -27550, 73414), (-30509, -59408, 1676796350, 3, 1, 155733780215785270, 155733780215785270, 0, '0xDA8d2BAde16dd8a6a0Eb5563F4216047b2b24294', 0, -30509, -59408), (-9431, 64865, 1676797371, 1, 10, 51563427551668785700, 42096102786143363200, 1, '0x5c5f829C4c3E8C4AB97390cb053a456616c27Ea3', 1, -9554, 66165), (-8920, -82644, 1676797371, 1, 10, 46388973883498328000, 38517287327222480000, 0, '0xc72B1b70e69D270544369132d53529e37Be87742', 0, -11910, -83826), (-66934, 31463, 1676797371, 1, 10, 49263978917431671400, 49263978917431671400, 1, '0xA4b1B07974bF67f04EC51bEcABF4aD62106B1Dd0', 0, -66934, 31463), (-9838, 67159, 1676797371, 1, 10, 49351017438325229600, 42578601246473478200, 1, '0xa79160bC038C07678C145f1B5220be15bAdB13d7', 1, -9986, 67300), (-15332, -79320, 1676797371, 1, 10, 48789742551410628600, 42616879115624775100, 1, '0x5c5f829C4c3E8C4AB97390cb053a456616c27Ea3', 1, -15770, -80218), (-12498, -89061, 1676796902, 0, 6, 34970415566467080900, 34970415566467080900, 0, '0xc72B1b70e69D270544369132d53529e37Be87742', 0, -12498, -89061), (-62693, 31588, 1676797371, 1, 10, 53858272136547788500, 49360587105239527000, 1, '0xBa1CD5ded4B25dF273d435c969a01dc0B577c95c', 1, -62749, 31289), (-13501, -78803, 1676797371, 1, 10, 44649739549355198000, 39013384930518560000, 0, '0xc72B1b70e69D270544369132d53529e37Be87742', 0, -13947, -78781), (-64085, 34641, 1676797164, 0, 7, 31232878879386854700, 31232878879386854700, 1, '0x05d6edC4ff8ef40321aBCf7886Bc606ed13327b0', 1, -64085, 34641), (-11281, -83423, 1676797214, 0, 7, 36638654079260749300, 36638654079260749300, 0, '0xc72B1b70e69D270544369132d53529e37Be87742', 0, -11281, -83423)]
8 5363.745 [[-0.08048200050096435, 0.6295372924618768], [-0.14004676041617284, -0.7682818373220397], [-0.6171161105289689, 0.28985952474492416]] [(-58853, 34885, 1676797411, 1, 10, 50000000000000000000, 35000000000000000000, 1, '0x5c5f829C4c3E8C4AB97390cb053a456616c27Ea3', 0, -60987, 35376), (-61970, 29047, 1676797411, 1, 10, 47857142857142858000, 28571428571428572000, 1, '0x26CbcaC5281B6E159bc3e6C7400AF25fA46F246B', 1, -65533, 28514), (-66168, 29214, 1676797411, 1, 10, 48705357142857144000, 44151785714285715000, 1, '0xA4b1B07974bF67f04EC51bEcABF4aD62106B1Dd0', 1, -66154, 29294), (45490, -41768, 1676792189, 2, 10, 47395833333333332500, 5000000000000000000, 0, '0xc72B1b70e69D270544369132d53529e37Be87742', 0, 45512, -42787), (-6413, 64099, 1676797411, 1, 10, 48737599206349205000, 48737599206349205000, 1, '0x633462025cF12D347C0dF50B2114E65aa364f0a6', 0, -6413, 64099), (-65286, 30894, 1676797411, 1, 10, 49073454034391536000, 49073454034391536000, 1, '0x26CbcaC5281B6E159bc3e6C7400AF25fA46F246B', 1, -65286, 30894), (-38720, 54983, 1676792351, 2, 10, 49064980158730157500, 5662202380952381000, 0, '0x0fa9077350FC3Ee6924743e1AD9b735c657C455E', 0, -39006, 54962), (45647, -40318, 1676792489, 2, 10, 51381683798133452000, 4553571428571429000, 0, '0xc72B1b70e69D270544369132d53529e37Be87742', 0, 44702, -41234), (-10667, 69593, 1676797411, 1, 10, 52967923280423279000, 47684151785714285000, 1, '0xa79160bC038C07678C145f1B5220be15bAdB13d7', 1, -10613, 69546), (-9168, 64558, 1676797411, 1, 10, 49436705430629041900, 44006162505511463900, 1, '0x036D6B4DA0b4Eeb9d312E958c2937D9016765F50', 1, -9016, 64038), (-67210, 30832, 1676797411, 1, 10, 53370652131201418100, 53370652131201418100, 1, '0x0fa9077350FC3Ee6924743e1AD9b735c657C455E', 1, -67210, 30832), (-9442, 68746, 1676797411, 1, 10, 52193733886623065000, 47905097376849402000, 0, '0x05d6edC4ff8ef40321aBCf7886Bc606ed13327b0', 1, -9349, 68693), (-5645, 60493, 1676797411, 1, 10, 49648966479327931000, 40251121015160611000, 1, '0x77B770ceB4b2537e52f4534Bb39e43754eB5B7e5', 1, -6225, 62583), (43185, -42090, 1676793029, 2, 10, 54015769671939045500, 3415178571428571000, 0, '0xc72B1b70e69D270544369132d53529e37Be87742', 0, 43235, -41791), (-66307, 30351, 1676797411, 1, 10, 56144282795570109700, 56144282795570109700, 1, '0x3662FA93E6C3bcB04B95e5dD7B1266AD9e8A9965', 1, -66307, 30351), (-10150, 64919, 1676797411, 1, 10, 53019971728550711000, 43561283694404384500, 1, '0x036D6B4DA0b4Eeb9d312E958c2937D9016765F50', 1, -10296, 65769), (-32420, -110248, 1676793262, 2, 10, 46590466300053795000, 17204462052301800000, 0, '0x77B770ceB4b2537e52f4534Bb39e43754eB5B7e5', 0, -30502, -105273), (-63684, 28290, 1676797411, 1, 10, 49240295815198408000, 44670880027580123000, 1, '0xc8529dE5603FF9D6FE9A77d43c27D3e7085B4E43', 1, -63795, 28074), (44604, -42606, 1676793300, 2, 10, 50446506206585461300, 2561383928571428400, 0, '0xc72B1b70e69D270544369132d53529e37Be87742', 0, 45967, -42153), (-7093, 67939, 1676797411, 1, 10, 55851098521653284200, 49331239628927302200, 1, '0x633462025cF12D347C0dF50B2114E65aa364f0a6', 1, -7053, 68807), (45772, -41684, 1676793510, 2, 10, 38928544490703406000, 1921037946428571600, 0, '0xc72B1b70e69D270544369132d53529e37Be87742', 0, 46376, -42206), (-8353, 67488, 1676797411, 1, 10, 47712597364086534900, 38504728557868923900, 1, '0x3662FA93E6C3bcB04B95e5dD7B1266AD9e8A9965', 1, -8308, 67448), (-65040, 30190, 1676797411, 1, 10, 49105657812321847200, 45579275478804057900, 1, '0xA4b1B07974bF67f04EC51bEcABF4aD62106B1Dd0', 1, -65147, 30274), (-65730, 30403, 1676797411, 1, 10, 45522348387704252900, 45522348387704252900, 0, '0x0fa9077350FC3Ee6924743e1AD9b735c657C455E', 1, -65730, 30403), (44910, -42214, 1676794022, 2, 10, 45357567859261598500, 1440778459821428600, 0, '0xc72B1b70e69D270544369132d53529e37Be87742', 0, 46084, -42343), (46653, -43446, 1676794224, 2, 10, 46801031283344447700, 1440778459821428400, 0, '0xc72B1b70e69D270544369132d53529e37Be87742', 0, 46071, -43504), (-66515, 32317, 1676797411, 1, 10, 45779230770597138400, 35141543251792404100, 1, '0x3662FA93E6C3bcB04B95e5dD7B1266AD9e8A9965', 1, -65940, 32246), (-9929, 68183, 1676797411, 1, 10, 49113164638542216900, 49113164638542216900, 1, '0x77B770ceB4b2537e52f4534Bb39e43754eB5B7e5', 1, -9929, 68183), (-1161, -77377, 1676797411, 1, 10, 49198149075773682200, 30308960734001953300, 0, '0xBa1CD5ded4B25dF273d435c969a01dc0B577c95c', 0, -6074, -79045), (-53587, 21899, 1676794515, 3, 1, 2174749802329934300, 2174749802329934300, 1, '0x036D6B4DA0b4Eeb9d312E958c2937D9016765F50', 1, -53587, 21899), (46114, -43007, 1676794747, 2, 10, 49257381883019951000, 720389229910714300, 0, '0xc72B1b70e69D270544369132d53529e37Be87742', 0, 43800, -42251), (-65103, 31044, 1676797411, 1, 10, 52803691027070259300, 52803691027070259300, 1, '0xA4b1B07974bF67f04EC51bEcABF4aD62106B1Dd0', 1, -65103, 31044), (-7133, 68237, 1676797411, 1, 10, 51353884931390702300, 51353884931390702300, 1, '0xa79160bC038C07678C145f1B5220be15bAdB13d7', 1, -7133, 68237), (-6784, -77245, 1676794839, 2, 10, 37120942877184944000, 11116130081534929400, 0, '0xc72B1b70e69D270544369132d53529e37Be87742', 0, -13571, -80616), (-20944, 84108, 1676795048, 3, 1, 1904857557130728500, 1904857557130728500, 0, '0xBa1CD5ded4B25dF273d435c969a01dc0B577c95c', 0, -20944, 84108), (-9245, 66276, 1676797411, 1, 10, 54114251491592745800, 35346202900406452800, 1, '0xd4aEDD30d11907e10B6353e59685BB7Efc14F55D', 1, -9182, 67975), (43606, -43351, 1676795260, 2, 10, 43150543963957769250, 180097307477678550, 0, '0xc72B1b70e69D270544369132d53529e37Be87742', 0, 8358, -75437), (-3226, -80397, 1676797411, 1, 10, 51458184646622126750, 31596865889325257750, 1, '0x77B770ceB4b2537e52f4534Bb39e43754eB5B7e5', 1, -7699, -82872), (-10847, 73152, 1676797411, 1, 10, 51055473495771626300, 38302295790237013300, 1, '0xA4b1B07974bF67f04EC51bEcABF4aD62106B1Dd0', 1, -11061, 70597), (-16877, -85132, 1676797411, 1, 10, 48581388795423813800, 48581388795423813800, 1, '0xBa1CD5ded4B25dF273d435c969a01dc0B577c95c', 1, -16877, -85132), (-11014, -76054, 1676797411, 1, 10, 39252850073780042500, 30825024992241038200, 0, '0xc72B1b70e69D270544369132d53529e37Be87742', 0, -11075, -76355), (-13223, -77953, 1676795740, 2, 10, 52252492041143854100, 22597615083803229600, 1, '0xc72B1b70e69D270544369132d53529e37Be87742', 0, -15318, -80654), (-61220, 61501, 1676795872, 2, 10, 51403694162592002600, 11800315932939428000, 0, '0xA4b1B07974bF67f04EC51bEcABF4aD62106B1Dd0', 0, -63404, 56561), (-12685, -79775, 1676797411, 1, 10, 42411298177874469900, 33016599601748340400, 1, '0xBa1CD5ded4B25dF273d435c969a01dc0B577c95c', 1, -12931, -81167), (7849, 85987, 1676795896, 2, 10, 50365702175005836800, 8199804528188879300, 0, '0x05d6edC4ff8ef40321aBCf7886Bc606ed13327b0', 0, 2737, 86125), (-8907, 69587, 1676797411, 1, 10, 49834544795769675300, 49834544795769675300, 1, '0xDA8d2BAde16dd8a6a0Eb5563F4216047b2b24294', 1, -8907, 69587), (8186, -76685, 1676795908, 3, 1, 830831495375216500, 830831495375216500, 0, '0xc72B1b70e69D270544369132d53529e37Be87742', 0, 8186, -76685), (6734, -74415, 1676795976, 3, 1, 830831495375216500, 830831495375216500, 0, '0xc72B1b70e69D270544369132d53529e37Be87742', 0, 6734, -74415), (7631, -76628, 1676796011, 3, 1, 830831495375216500, 830831495375216500, 0, '0xc72B1b70e69D270544369132d53529e37Be87742', 0, 7631, -76628), (6442, -75145, 1676796071, 3, 1, 830831495375216500, 830831495375216500, 0, '0xc72B1b70e69D270544369132d53529e37Be87742', 0, 6442, -75145), (8787, -75150, 1676796129, 3, 1, 830831495375216500, 830831495375216500, 0, '0xc72B1b70e69D270544369132d53529e37Be87742', 0, 8787, -75150), (-11033, -82056, 1676797411, 1, 10, 50495407545325394300, 50495407545325394300, 0, '0xc72B1b70e69D270544369132d53529e37Be87742', 0, -11033, -82056), (-27550, 73414, 1676796276, 3, 1, 3621349407497030300, 3621349407497030300, 0, '0xBa1CD5ded4B25dF273d435c969a01dc0B577c95c', 1, -27550, 73414), (-30509, -59408, 1676796350, 3, 1, 155733780215785270, 155733780215785270, 0, '0xDA8d2BAde16dd8a6a0Eb5563F4216047b2b24294', 0, -30509, -59408), (-9431, 64865, 1676797411, 1, 10, 51563427551668785700, 42096102786143363200, 1, '0x5c5f829C4c3E8C4AB97390cb053a456616c27Ea3', 1, -9554, 66165), (-8920, -82644, 1676797411, 1, 10, 46388973883498328000, 38517287327222480000, 0, '0xc72B1b70e69D270544369132d53529e37Be87742', 0, -11910, -83826), (-66934, 31463, 1676797411, 1, 10, 49263978917431671400, 49263978917431671400, 1, '0xA4b1B07974bF67f04EC51bEcABF4aD62106B1Dd0', 0, -66934, 31463), (-9838, 67159, 1676797411, 1, 10, 49351017438325229600, 42578601246473478200, 1, '0xa79160bC038C07678C145f1B5220be15bAdB13d7', 1, -9986, 67300), (-15332, -79320, 1676797411, 1, 10, 48789742551410628600, 42616879115624775100, 1, '0x5c5f829C4c3E8C4AB97390cb053a456616c27Ea3', 1, -15770, -80218), (-13135, -89496, 1676796902, 0, 7, 38521835286036022900, 38521835286036022900, 0, '0xc72B1b70e69D270544369132d53529e37Be87742', 0, -13135, -89496), (-62693, 31588, 1676797411, 1, 10, 53858272136547788500, 49360587105239527000, 1, '0xBa1CD5ded4B25dF273d435c969a01dc0B577c95c', 1, -62749, 31289), (-13501, -78803, 1676797411, 1, 10, 44649739549355198000, 39013384930518560000, 0, '0xc72B1b70e69D270544369132d53529e37Be87742', 0, -13947, -78781), (-64085, 34641, 1676797164, 0, 7, 31232878879386854700, 31232878879386854700, 1, '0x05d6edC4ff8ef40321aBCf7886Bc606ed13327b0', 1, -64085, 34641), (-11779, -81741, 1676797411, 1, 10, 48713856916292188000, 48713856916292188000, 0, '0xc72B1b70e69D270544369132d53529e37Be87742', 0, -11779, -81741)]
8 5393.796 [[-0.08048200050096435, 0.6295372924618768], [-0.14004676041617284, -0.7682818373220397], [-0.6171161105289689, 0.28985952474492416]] [(-58853, 34885, 1676797433, 1, 10, 50000000000000000000, 35000000000000000000, 1, '0x5c5f829C4c3E8C4AB97390cb053a456616c27Ea3', 0, -60987, 35376), (-61970, 29047, 1676797433, 1, 10, 47857142857142858000, 28571428571428572000, 1, '0x26CbcaC5281B6E159bc3e6C7400AF25fA46F246B', 1, -65533, 28514), (-66168, 29214, 1676797433, 1, 10, 48705357142857144000, 44151785714285715000, 1, '0xA4b1B07974bF67f04EC51bEcABF4aD62106B1Dd0', 1, -66154, 29294), (45490, -41768, 1676792189, 2, 10, 47395833333333332500, 5000000000000000000, 0, '0xc72B1b70e69D270544369132d53529e37Be87742', 0, 45512, -42787), (-6413, 64099, 1676797433, 1, 10, 48737599206349205000, 48737599206349205000, 1, '0x633462025cF12D347C0dF50B2114E65aa364f0a6', 0, -6413, 64099), (-65286, 30894, 1676797433, 1, 10, 49073454034391536000, 49073454034391536000, 1, '0x26CbcaC5281B6E159bc3e6C7400AF25fA46F246B', 1, -65286, 30894), (-38720, 54983, 1676792351, 2, 10, 49064980158730157500, 5662202380952381000, 0, '0x0fa9077350FC3Ee6924743e1AD9b735c657C455E', 0, -39006, 54962), (45647, -40318, 1676792489, 2, 10, 51381683798133452000, 4553571428571429000, 0, '0xc72B1b70e69D270544369132d53529e37Be87742', 0, 44702, -41234), (-10667, 69593, 1676797433, 1, 10, 52967923280423279000, 47684151785714285000, 1, '0xa79160bC038C07678C145f1B5220be15bAdB13d7', 1, -10613, 69546), (-9168, 64558, 1676797433, 1, 10, 49436705430629041900, 44006162505511463900, 1, '0x036D6B4DA0b4Eeb9d312E958c2937D9016765F50', 1, -9016, 64038), (-67210, 30832, 1676797433, 1, 10, 53370652131201418100, 53370652131201418100, 1, '0x0fa9077350FC3Ee6924743e1AD9b735c657C455E', 1, -67210, 30832), (-9442, 68746, 1676797433, 1, 10, 52193733886623065000, 47905097376849402000, 0, '0x05d6edC4ff8ef40321aBCf7886Bc606ed13327b0', 1, -9349, 68693), (-5645, 60493, 1676797433, 1, 10, 49648966479327931000, 40251121015160611000, 1, '0x77B770ceB4b2537e52f4534Bb39e43754eB5B7e5', 1, -6225, 62583), (43185, -42090, 1676793029, 2, 10, 54015769671939045500, 3415178571428571000, 0, '0xc72B1b70e69D270544369132d53529e37Be87742', 0, 43235, -41791), (-66307, 30351, 1676797433, 1, 10, 56144282795570109700, 56144282795570109700, 1, '0x3662FA93E6C3bcB04B95e5dD7B1266AD9e8A9965', 1, -66307, 30351), (-10150, 64919, 1676797433, 1, 10, 53019971728550711000, 43561283694404384500, 1, '0x036D6B4DA0b4Eeb9d312E958c2937D9016765F50', 1, -10296, 65769), (-32420, -110248, 1676793262, 2, 10, 46590466300053795000, 17204462052301800000, 0, '0x77B770ceB4b2537e52f4534Bb39e43754eB5B7e5', 0, -30502, -105273), (-63684, 28290, 1676797433, 1, 10, 49240295815198408000, 44670880027580123000, 1, '0xc8529dE5603FF9D6FE9A77d43c27D3e7085B4E43', 1, -63795, 28074), (44604, -42606, 1676793300, 2, 10, 50446506206585461300, 2561383928571428400, 0, '0xc72B1b70e69D270544369132d53529e37Be87742', 0, 45967, -42153), (-7093, 67939, 1676797433, 1, 10, 55851098521653284200, 49331239628927302200, 1, '0x633462025cF12D347C0dF50B2114E65aa364f0a6', 1, -7053, 68807), (45772, -41684, 1676793510, 2, 10, 38928544490703406000, 1921037946428571600, 0, '0xc72B1b70e69D270544369132d53529e37Be87742', 0, 46376, -42206), (-8353, 67488, 1676797433, 1, 10, 47712597364086534900, 38504728557868923900, 1, '0x3662FA93E6C3bcB04B95e5dD7B1266AD9e8A9965', 1, -8308, 67448), (-65040, 30190, 1676797433, 1, 10, 49105657812321847200, 45579275478804057900, 1, '0xA4b1B07974bF67f04EC51bEcABF4aD62106B1Dd0', 1, -65147, 30274), (-65730, 30403, 1676797433, 1, 10, 45522348387704252900, 45522348387704252900, 0, '0x0fa9077350FC3Ee6924743e1AD9b735c657C455E', 1, -65730, 30403), (44910, -42214, 1676794022, 2, 10, 45357567859261598500, 1440778459821428600, 0, '0xc72B1b70e69D270544369132d53529e37Be87742', 0, 46084, -42343), (46653, -43446, 1676794224, 2, 10, 46801031283344447700, 1440778459821428400, 0, '0xc72B1b70e69D270544369132d53529e37Be87742', 0, 46071, -43504), (-66515, 32317, 1676797433, 1, 10, 45779230770597138400, 35141543251792404100, 1, '0x3662FA93E6C3bcB04B95e5dD7B1266AD9e8A9965', 1, -65940, 32246), (-9929, 68183, 1676797433, 1, 10, 49113164638542216900, 49113164638542216900, 1, '0x77B770ceB4b2537e52f4534Bb39e43754eB5B7e5', 1, -9929, 68183), (-1161, -77377, 1676797433, 1, 10, 49198149075773682200, 30308960734001953300, 0, '0xBa1CD5ded4B25dF273d435c969a01dc0B577c95c', 0, -6074, -79045), (-53587, 21899, 1676794515, 3, 1, 2174749802329934300, 2174749802329934300, 1, '0x036D6B4DA0b4Eeb9d312E958c2937D9016765F50', 1, -53587, 21899), (46114, -43007, 1676794747, 2, 10, 49257381883019951000, 720389229910714300, 0, '0xc72B1b70e69D270544369132d53529e37Be87742', 0, 43800, -42251), (-65103, 31044, 1676797433, 1, 10, 52803691027070259300, 52803691027070259300, 1, '0xA4b1B07974bF67f04EC51bEcABF4aD62106B1Dd0', 1, -65103, 31044), (-7133, 68237, 1676797433, 1, 10, 51353884931390702300, 51353884931390702300, 1, '0xa79160bC038C07678C145f1B5220be15bAdB13d7', 1, -7133, 68237), (-6784, -77245, 1676794839, 2, 10, 37120942877184944000, 11116130081534929400, 0, '0xc72B1b70e69D270544369132d53529e37Be87742', 0, -13571, -80616), (-20944, 84108, 1676795048, 3, 1, 1904857557130728500, 1904857557130728500, 0, '0xBa1CD5ded4B25dF273d435c969a01dc0B577c95c', 0, -20944, 84108), (-9245, 66276, 1676797433, 1, 10, 54114251491592745800, 35346202900406452800, 1, '0xd4aEDD30d11907e10B6353e59685BB7Efc14F55D', 1, -9182, 67975), (43606, -43351, 1676795260, 2, 10, 43150543963957769250, 180097307477678550, 0, '0xc72B1b70e69D270544369132d53529e37Be87742', 0, 8358, -75437), (-3226, -80397, 1676797433, 1, 10, 51458184646622126750, 31596865889325257750, 1, '0x77B770ceB4b2537e52f4534Bb39e43754eB5B7e5', 1, -7699, -82872), (-10847, 73152, 1676797433, 1, 10, 51055473495771626300, 38302295790237013300, 1, '0xA4b1B07974bF67f04EC51bEcABF4aD62106B1Dd0', 1, -11061, 70597), (-16877, -85132, 1676797433, 1, 10, 48581388795423813800, 48581388795423813800, 1, '0xBa1CD5ded4B25dF273d435c969a01dc0B577c95c', 1, -16877, -85132), (-11014, -76054, 1676797433, 1, 10, 39252850073780042500, 30825024992241038200, 0, '0xc72B1b70e69D270544369132d53529e37Be87742', 0, -11075, -76355), (-13223, -77953, 1676795740, 2, 10, 52252492041143854100, 22597615083803229600, 1, '0xc72B1b70e69D270544369132d53529e37Be87742', 0, -15318, -80654), (-61220, 61501, 1676795872, 2, 10, 51403694162592002600, 11800315932939428000, 0, '0xA4b1B07974bF67f04EC51bEcABF4aD62106B1Dd0', 0, -63404, 56561), (-12685, -79775, 1676797433, 1, 10, 42411298177874469900, 33016599601748340400, 1, '0xBa1CD5ded4B25dF273d435c969a01dc0B577c95c', 1, -12931, -81167), (7849, 85987, 1676795896, 2, 10, 50365702175005836800, 8199804528188879300, 0, '0x05d6edC4ff8ef40321aBCf7886Bc606ed13327b0', 0, 2737, 86125), (-8907, 69587, 1676797433, 1, 10, 49834544795769675300, 49834544795769675300, 1, '0xDA8d2BAde16dd8a6a0Eb5563F4216047b2b24294', 1, -8907, 69587), (8186, -76685, 1676795908, 3, 1, 830831495375216500, 830831495375216500, 0, '0xc72B1b70e69D270544369132d53529e37Be87742', 0, 8186, -76685), (6734, -74415, 1676795976, 3, 1, 830831495375216500, 830831495375216500, 0, '0xc72B1b70e69D270544369132d53529e37Be87742', 0, 6734, -74415), (7631, -76628, 1676796011, 3, 1, 830831495375216500, 830831495375216500, 0, '0xc72B1b70e69D270544369132d53529e37Be87742', 0, 7631, -76628), (6442, -75145, 1676796071, 3, 1, 830831495375216500, 830831495375216500, 0, '0xc72B1b70e69D270544369132d53529e37Be87742', 0, 6442, -75145), (8787, -75150, 1676796129, 3, 1, 830831495375216500, 830831495375216500, 0, '0xc72B1b70e69D270544369132d53529e37Be87742', 0, 8787, -75150), (-11033, -82056, 1676797433, 1, 10, 50495407545325394300, 50495407545325394300, 0, '0xc72B1b70e69D270544369132d53529e37Be87742', 0, -11033, -82056), (-27550, 73414, 1676796276, 3, 1, 3621349407497030300, 3621349407497030300, 0, '0xBa1CD5ded4B25dF273d435c969a01dc0B577c95c', 1, -27550, 73414), (-30509, -59408, 1676796350, 3, 1, 155733780215785270, 155733780215785270, 0, '0xDA8d2BAde16dd8a6a0Eb5563F4216047b2b24294', 0, -30509, -59408), (-9431, 64865, 1676797433, 1, 10, 51563427551668785700, 42096102786143363200, 1, '0x5c5f829C4c3E8C4AB97390cb053a456616c27Ea3', 1, -9554, 66165), (-8920, -82644, 1676797433, 1, 10, 46388973883498328000, 38517287327222480000, 0, '0xc72B1b70e69D270544369132d53529e37Be87742', 0, -11910, -83826), (-66934, 31463, 1676797433, 1, 10, 49263978917431671400, 49263978917431671400, 1, '0xA4b1B07974bF67f04EC51bEcABF4aD62106B1Dd0', 0, -66934, 31463), (-9838, 67159, 1676797433, 1, 10, 49351017438325229600, 42578601246473478200, 1, '0xa79160bC038C07678C145f1B5220be15bAdB13d7', 1, -9986, 67300), (-15332, -79320, 1676797433, 1, 10, 48789742551410628600, 42616879115624775100, 1, '0x5c5f829C4c3E8C4AB97390cb053a456616c27Ea3', 1, -15770, -80218), (-13074, -90376, 1676796902, 0, 8, 40873598182564219900, 40873598182564219900, 0, '0xc72B1b70e69D270544369132d53529e37Be87742', 0, -13074, -90376), (-62693, 31588, 1676797433, 1, 10, 53858272136547788500, 49360587105239527000, 1, '0xBa1CD5ded4B25dF273d435c969a01dc0B577c95c', 1, -62749, 31289), (-13501, -78803, 1676797433, 1, 10, 44649739549355198000, 39013384930518560000, 0, '0xc72B1b70e69D270544369132d53529e37Be87742', 0, -13947, -78781), (-63744, 33999, 1676797164, 0, 8, 44852304478841965700, 44852304478841965700, 1, '0x05d6edC4ff8ef40321aBCf7886Bc606ed13327b0', 1, -63744, 33999), (-11779, -81741, 1676797433, 1, 10, 48713856916292188000, 48713856916292188000, 0, '0xc72B1b70e69D270544369132d53529e37Be87742', 0, -11779, -81741)]
