ID TIME pos
12 1.213 [0, 0] [0.342956063303768, -0.3951954131079452] [[0, 0], [0, 0], [0, 0], [0, 0], [0, 0], [0, 0], [0, 0], [0, 0], [0, 0], [0, 0], [0, 0], [0, 0], [0, 0], [0, 0], [0, 0]]
12 6.319 [0, 0] [0.342956063303768, -0.3951954131079452] [[0, 0], [0, 0], [0, 0], [0, 0], [0, 0], [0, 0], [0, 0], [0, 0], [0, 0], [0, 0], [0, 0], [0, 0], [0, 0], [0, 0], [0, 0]]
12 11.327 [0, 0] [0.342956063303768, -0.3951954131079452] [[0, 0], [0, 0], [0, 0], [0, 0], [0, 0], [0, 0], [0, 0], [0, 0], [0, 0], [0, 0], [0, 0], [0, 0], [0, 0], [0, 0], [0, 0]]
12 16.333 [0, 0] [0.342956063303768, -0.3951954131079452] [[0, 0], [0, 0], [0, 0], [0, 0], [0, 0], [0, 0], [0, 0], [0, 0], [0, 0], [0, 0], [0, 0], [0, 0], [0, 0], [0, 0], [0, 0]]
12 21.341 [0, 0] [0.342956063303768, -0.3951954131079452] [[0, 0], [0, 0], [0, 0], [0, 0], [0, 0], [0, 0], [0, 0], [0, 0], [0, 0], [0, 0], [0, 0], [0, 0], [0, 0], [0, 0], [0, 0]]
12 26.348 [0, 0] [0.342956063303768, -0.3951954131079452] [[0, 0], [0, 0], [0, 0], [0, 0], [0, 0], [0, 0], [0, 0], [0, 0], [0, 0], [0, 0], [0, 0], [0, 0], [0, 0], [0, 0], [0, 0]]
12 31.356 [0, 0] [0.342956063303768, -0.3951954131079452] [[0, 0], [0, 0], [0, 0], [0, 0], [0, 0], [0, 0], [0, 0], [0, 0], [0, 0], [0, 0], [0, 0], [0, 0], [0, 0], [0, 0], [0, 0]]
12 36.363 [0, 0] [0.342956063303768, -0.3951954131079452] [[0, 0], [0, 0], [0, 0], [0, 0], [0, 0], [0, 0], [0, 0], [0, 0], [0, 0], [0, 0], [0, 0], [0, 0], [0, 0], [0, 0], [0, 0]]
12 41.37 [0, 0] [0.342956063303768, -0.3951954131079452] [[0, 0], [0, 0], [0, 0], [0, 0], [0, 0], [0, 0], [0, 0], [0, 0], [0, 0], [0, 0], [0, 0], [0, 0], [0, 0], [0, 0], [0, 0]]
12 46.379 [0, 0] [0.342956063303768, -0.3951954131079452] [[0, 0], [0, 0], [0, 0], [0, 0], [0, 0], [0, 0], [0, 0], [0, 0], [0, 0], [0, 0], [0, 0], [0, 0], [0, 0], [0, 0], [0, 0]]
12 51.387 [0, 0] [0.342956063303768, -0.3951954131079452] [[0, 0], [0, 0], [0, 0], [0, 0], [0, 0], [0, 0], [0, 0], [0, 0], [0, 0], [0, 0], [0, 0], [0, 0], [0, 0], [0, 0], [0, 0]]
12 56.394 [0, 0] [0.342956063303768, -0.3951954131079452] [[0, 0], [0, 0], [0, 0], [0, 0], [0, 0], [0, 0], [0, 0], [0, 0], [0, 0], [0, 0], [0, 0], [0, 0], [0, 0], [0, 0], [0, 0]]
12 61.403 [0, 0] [0.342956063303768, -0.3951954131079452] [[0, 0], [0, 0], [0, 0], [0, 0], [0, 0], [0, 0], [0, 0], [0, 0], [0, 0], [0, 0], [0, 0], [0, 0], [0, 0], [0, 0], [0, 0]]
12 66.41 [0, 0] [0.342956063303768, -0.3951954131079452] [[0, 0], [0, 0], [0, 0], [0, 0], [0, 0], [0, 0], [0, 0], [0, 0], [0, 0], [0, 0], [0, 0], [0, 0], [0, 0], [0, 0], [0, 0]]
12 71.418 [0, 0] [0.342956063303768, -0.3951954131079452] [[0, 0], [0, 0], [0, 0], [0, 0], [0, 0], [0, 0], [0, 0], [0, 0], [0, 0], [0, 0], [0, 0], [0, 0], [0, 0], [0, 0], [0, 0]]
12 76.426 [0, 0] [0.342956063303768, -0.3951954131079452] [[0, 0], [0, 0], [0, 0], [0, 0], [0, 0], [0, 0], [0, 0], [0, 0], [0, 0], [0, 0], [0, 0], [0, 0], [0, 0], [0, 0], [0, 0]]
12 81.433 [0, 0] [0.342956063303768, -0.3951954131079452] [[0, 0], [0, 0], [0, 0], [0, 0], [0, 0], [0, 0], [0, 0], [0, 0], [0, 0], [0, 0], [0, 0], [0, 0], [0, 0], [0.4966900000000001, -0.44598000000000004], [0, 0]]
12 86.44 [0, 0] [0.342956063303768, -0.3951954131079452] [[0, 0], [0, 0], [0, 0], [0, 0], [0, 0], [0, 0], [0, 0], [0, 0], [0, 0], [0, 0], [0, 0], [0, 0], [0, 0], [0.4966900000000001, -0.44598000000000004], [0, 0]]
12 91.449 [0, 0] [0.342956063303768, -0.3951954131079452] [[0, 0], [0, 0], [0, 0], [0, 0], [0, 0], [0, 0], [0, 0], [0, 0], [0, 0], [0, 0], [0, 0], [0, 0], [0, 0], [0.4966900000000001, -0.44598000000000004], [0, 0]]
12 96.456 [0, 0] [0.342956063303768, -0.3951954131079452] [[0, 0], [0, 0], [0, 0], [0, 0], [0, 0], [0, 0], [0, 0], [0, 0], [0, 0], [0, 0], [0, 0], [0, 0], [0, 0], [0.4966900000000001, -0.44598000000000004], [0, 0]]
12 101.464 [0, 0] [0.342956063303768, -0.3951954131079452] [[0, 0], [0, 0], [0, 0], [0, 0], [0.41886, -0.4561299999999999], [0, 0], [0, 0], [0, 0], [0, 0], [0, 0], [0, 0], [0, 0], [0, 0], [0.4966900000000001, -0.44598000000000004], [0, 0]]
12 106.472 [0, 0] [0.342956063303768, -0.3951954131079452] [[0, 0], [0, 0], [0, 0], [0, 0], [0.41886, -0.4561299999999999], [0, 0], [0, 0], [0, 0], [0, 0], [0, 0], [0, 0], [0, 0], [0, 0], [0.4966900000000001, -0.44598000000000004], [0, 0]]
12 111.577 [0, 0] [0.342956063303768, -0.3951954131079452] [[0, 0], [0, 0], [0, 0], [0, 0], [0.41886, -0.4561299999999999], [0, 0], [0, 0], [0, 0], [0, 0], [0, 0], [0, 0], [0, 0], [0, 0], [0.4966900000000001, -0.44598000000000004], [0, 0]]
12 116.584 [0, 0] [0.342956063303768, -0.3951954131079452] [[0, 0], [0, 0], [0, 0], [0, 0], [0.41886, -0.4561299999999999], [0, 0], [0, 0], [0, 0], [0, 0], [0, 0], [0, 0], [0, 0], [0, 0], [0.4966900000000001, -0.44598000000000004], [0, 0]]
12 121.592 [0, 0] [0.342956063303768, -0.3951954131079452] [[0, 0], [0, 0], [0, 0], [0, 0], [0.41886, -0.4561299999999999], [0, 0], [0, 0], [0, 0], [0, 0], [0, 0], [0, 0], [0, 0], [0, 0], [0.4966900000000001, -0.44598000000000004], [0, 0]]
12 126.6 [0, 0] [0.342956063303768, -0.3951954131079452] [[0, 0], [0, 0], [0, 0], [0, 0], [0.41886, -0.4561299999999999], [0, 0], [0, 0], [0, 0], [0, 0], [0, 0], [0, 0], [0, 0], [0, 0], [0.4966900000000001, -0.44598000000000004], [0, 0]]
12 131.609 [0, 0] [0.342956063303768, -0.3951954131079452] [[0, 0], [0, 0], [0, 0], [0, 0], [0.41886, -0.4561299999999999], [0, 0], [0, 0], [0.33146999999999993, -0.3164800000000001], [0, 0], [0, 0], [0, 0], [0, 0], [0, 0], [0.4966900000000001, -0.44598000000000004], [0, 0]]
12 136.616 [0, 0] [0.342956063303768, -0.3951954131079452] [[0, 0], [0, 0], [0, 0], [0, 0], [0.41886, -0.4561299999999999], [0, 0], [0, 0], [0.33146999999999993, -0.3164800000000001], [0, 0], [0, 0], [0, 0], [0, 0], [0, 0], [0.4966900000000001, -0.44598000000000004], [0, 0]]
12 141.624 [0, 0] [0.342956063303768, -0.3951954131079452] [[0, 0], [0, 0], [0, 0], [0, 0], [0.41886, -0.4561299999999999], [0, 0], [0, 0], [0.33146999999999993, -0.3164800000000001], [0, 0], [0, 0], [0, 0], [0, 0], [0, 0], [0.4966900000000001, -0.44598000000000004], [0, 0]]
12 146.632 [0.08560264924565922, -0.37405153437744854] [0.342956063303768, -0.3951954131079452] [[0, 0], [0, 0], [0, 0], [0, 0], [0.41886, -0.4561299999999999], [0.26081999999999983, -0.40942999999999996], [0, 0], [0.33146999999999993, -0.3164800000000001], [0, 0], [0, 0], [0, 0], [0, 0], [0, 0], [0.4966900000000001, -0.44598000000000004], [0, 0]]
12 151.64 [0.08560264924565922, -0.37405153437744854] [0.342956063303768, -0.3951954131079452] [[0, 0], [0, 0], [0, 0], [0, 0], [0.41886, -0.4561299999999999], [0.26081999999999983, -0.40942999999999996], [0, 0], [0.33146999999999993, -0.3164800000000001], [0, 0], [0, 0], [0, 0], [0, 0], [0, 0], [0.4966900000000001, -0.44598000000000004], [0, 0]]
12 156.648 [0.3704120699454056, -0.42151334994936535] [0.342956063303768, -0.3951954131079452] [[0, 0], [0, 0], [0, 0], [0, 0], [0.41886, -0.4561299999999999], [0.26081999999999983, -0.40942999999999996], [0.34532000000000007, -0.47973], [0.33146999999999993, -0.3164800000000001], [0, 0], [0, 0], [0, 0], [0, 0], [0, 0], [0.4966900000000001, -0.44598000000000004], [0, 0]]
12 161.656 [0.3706319717168139, -0.4215499952867734] [0.342956063303768, -0.3951954131079452] [[0, 0], [0, 0], [0, 0], [0, 0], [0.41886, -0.4561299999999999], [0.26081999999999983, -0.40942999999999996], [0.34532000000000007, -0.47973], [0.33146999999999993, -0.3164800000000001], [0, 0], [0, 0], [0, 0], [0, 0], [0, 0], [0.4966900000000001, -0.44598000000000004], [0, 0]]
12 166.663 [0.37063199999636276, -0.4215499999993939] [0.342956063303768, -0.3951954131079452] [[0, 0], [0, 0], [0, 0], [0, 0], [0.41886, -0.4561299999999999], [0.26081999999999983, -0.40942999999999996], [0.34532000000000007, -0.47973], [0.33146999999999993, -0.3164800000000001], [0, 0], [0, 0], [0, 0], [0, 0], [0, 0], [0.4966900000000001, -0.44598000000000004], [0, 0]]
12 171.67 [0.37063199999999946, -0.4215499999999999] [0.342956063303768, -0.3951954131079452] [[0, 0], [0, 0], [0, 0], [0, 0], [0.41886, -0.4561299999999999], [0.26081999999999983, -0.40942999999999996], [0.34532000000000007, -0.47973], [0.33146999999999993, -0.3164800000000001], [0, 0], [0, 0], [0, 0], [0, 0], [0, 0], [0.4966900000000001, -0.44598000000000004], [0, 0]]
12 176.678 [0.370632, -0.42155000000000004] [0.342956063303768, -0.3951954131079452] [[0, 0], [0, 0], [0, 0], [0, 0], [0.41886, -0.4561299999999999], [0.26081999999999983, -0.40942999999999996], [0.34532000000000007, -0.47973], [0.33146999999999993, -0.3164800000000001], [0, 0], [0, 0], [0, 0], [0, 0], [0, 0], [0.4966900000000001, -0.44598000000000004], [0, 0]]
12 181.687 [0.370632, -0.42155000000000004] [0.342956063303768, -0.3951954131079452] [[0, 0], [0, 0], [0, 0], [0, 0], [0.41886, -0.4561299999999999], [0.26081999999999983, -0.40942999999999996], [0.34532000000000007, -0.47973], [0.33146999999999993, -0.3164800000000001], [0, 0], [0, 0], [0, 0], [0, 0], [0, 0], [0.4966900000000001, -0.44598000000000004], [0, 0]]
12 186.795 [0.370632, -0.42155000000000004] [0.342956063303768, -0.3951954131079452] [[0, 0], [0, 0], [0, 0], [0, 0], [0.41886, -0.4561299999999999], [0.26081999999999983, -0.40942999999999996], [0.34532000000000007, -0.47973], [0.33146999999999993, -0.3164800000000001], [0, 0], [0, 0], [0, 0], [0, 0], [0, 0], [0.4966900000000001, -0.44598000000000004], [0, 0]]
12 191.804 [0.370632, -0.42155000000000004] [0.342956063303768, -0.3951954131079452] [[0, 0], [0, 0], [0, 0], [0, 0], [0.41886, -0.4561299999999999], [0.26081999999999983, -0.40942999999999996], [0.34532000000000007, -0.47973], [0.33146999999999993, -0.3164800000000001], [0, 0], [0, 0], [0, 0], [0, 0], [0, 0], [0.4966900000000001, -0.44598000000000004], [0.3622200000000002, -0.44984]]
12 196.812 [0.370632, -0.42155000000000004] [0.342956063303768, -0.3951954131079452] [[0, 0], [0, 0], [0, 0], [0, 0], [0.41886, -0.4561299999999999], [0.26081999999999983, -0.40942999999999996], [0.34532000000000007, -0.47973], [0.33146999999999993, -0.3164800000000001], [0, 0], [0, 0], [0, 0], [0, 0], [0, 0], [0.4966900000000001, -0.44598000000000004], [0.3622200000000002, -0.44984]]
12 201.82 [0.370632, -0.42155000000000004] [0.342956063303768, -0.3951954131079452] [[0, 0], [0, 0], [0, 0], [0, 0], [0.41886, -0.4561299999999999], [0.26081999999999983, -0.40942999999999996], [0.34532000000000007, -0.47973], [0.33146999999999993, -0.3164800000000001], [0, 0], [0, 0], [0, 0], [0, 0], [0, 0], [0.4966900000000001, -0.44598000000000004], [0.3622200000000002, -0.44984]]
12 206.828 [0.370632, -0.42155000000000004] [0.342956063303768, -0.3951954131079452] [[0, 0], [0, 0], [0, 0], [0, 0], [0.41886, -0.4561299999999999], [0.26081999999999983, -0.40942999999999996], [0.34532000000000007, -0.47973], [0.33146999999999993, -0.3164800000000001], [0, 0], [0, 0], [0, 0], [0, 0], [0, 0], [0.4966900000000001, -0.44598000000000004], [0.3622200000000002, -0.44984]]
12 211.835 [0.370632, -0.42155000000000004] [0.342956063303768, -0.3951954131079452] [[0, 0], [0, 0], [0, 0], [0, 0], [0.41886, -0.4561299999999999], [0.26081999999999983, -0.40942999999999996], [0.34532000000000007, -0.47973], [0.33146999999999993, -0.3164800000000001], [0, 0], [0, 0], [0, 0], [0, 0], [0, 0], [0.4966900000000001, -0.44598000000000004], [0.3622200000000002, -0.44984]]
12 216.844 [0.38980266666666674, -0.4518207407407407] [0.342956063303768, -0.3951954131079452] [[0, 0], [0, 0], [0, 0], [0, 0], [0.41886, -0.4561299999999999], [0.26081999999999983, -0.40942999999999996], [0.34532000000000007, -0.47973], [0.33146999999999993, -0.3164800000000001], [0, 0], [0, 0], [0.5853299999999999, -0.38095999999999997], [0, 0], [0, 0], [0.4966900000000001, -0.44598000000000004], [0.3622200000000002, -0.44984]]
12 221.95 [0.3905369657064473, -0.45298020880963263] [0.342956063303768, -0.3951954131079452] [[0, 0], [0, 0], [0, 0], [0, 0], [0.41886, -0.4561299999999999], [0.26081999999999983, -0.40942999999999996], [0.34532000000000007, -0.47973], [0.33146999999999993, -0.3164800000000001], [0, 0], [0, 0], [0.5853299999999999, -0.38095999999999997], [0, 0], [0, 0], [0.4966900000000001, -0.44598000000000004], [0.3622200000000002, -0.44984]]
12 226.957 [0.3891431179761724, -0.45470592640928154] [0.342956063303768, -0.3951954131079452] [[0, 0], [0, 0], [0, 0], [0, 0], [0.41886, -0.4561299999999999], [0.26081999999999983, -0.40942999999999996], [0.34532000000000007, -0.47973], [0.33146999999999993, -0.3164800000000001], [0, 0], [0, 0], [0.5853299999999999, -0.38095999999999997], [0, 0], [0.38619000000000003, -0.45833999999999997], [0.4966900000000001, -0.44598000000000004], [0.3622200000000002, -0.44984]]
12 231.965 [0.3890694268730237, -0.45458558195938403] [0.342956063303768, -0.3951954131079452] [[0, 0], [0, 0], [0, 0], [0, 0], [0.41886, -0.4561299999999999], [0.26081999999999983, -0.40942999999999996], [0.34532000000000007, -0.47973], [0.33146999999999993, -0.3164800000000001], [0, 0], [0, 0], [0.5853299999999999, -0.38095999999999997], [0, 0], [0.38625, -0.45782999999999996], [0.4966900000000001, -0.44598000000000004], [0.3622200000000002, -0.44984]]
12 236.973 [0.3891565619403058, -0.45462328670113217] [0.342956063303768, -0.3951954131079452] [[0, 0], [0, 0], [0, 0], [0, 0], [0.41886, -0.4561299999999999], [0.26081999999999983, -0.40942999999999996], [0.34532000000000007, -0.47973], [0.33146999999999993, -0.3164800000000001], [0, 0], [0, 0], [0.5853299999999999, -0.38095999999999997], [0, 0], [0.38639, -0.4579], [0.4966900000000001, -0.44598000000000004], [0.3622200000000002, -0.44984]]
12 241.981 [0.37898638336127, -0.45496938797529407] [0.342956063303768, -0.3951954131079452] [[0, 0], [0, 0], [0, 0], [0, 0], [0.41886, -0.4561299999999999], [0.3883200000000002, -0.4571700000000001], [0.34532000000000007, -0.47973], [0.33146999999999993, -0.3164800000000001], [0, 0], [0, 0], [0.5853299999999999, -0.38095999999999997], [0, 0], [0.38639, -0.4579], [0.4966900000000001, -0.44598000000000004], [0.3622200000000002, -0.44984]]
12 246.989 [0.37897667615562636, -0.45496999940231964] [0.342956063303768, -0.3951954131079452] [[0, 0], [0, 0], [0, 0], [0, 0], [0.41886, -0.4561299999999999], [0.3883200000000002, -0.4571700000000001], [0.34532000000000007, -0.47973], [0.33146999999999993, -0.3164800000000001], [0, 0], [0, 0], [0.5853299999999999, -0.38095999999999997], [0, 0], [0.38639, -0.4579], [0.4966900000000001, -0.44598000000000004], [0.3622200000000002, -0.44984]]
12 251.997 [0.38706416667593335, -0.45715749999941635] [0.342956063303768, -0.3951954131079452] [[0, 0], [0, 0], [0, 0], [0, 0], [0.41886, -0.4561299999999999], [0.3883200000000002, -0.4571700000000001], [0.34532000000000007, -0.47973], [0.33146999999999993, -0.3164800000000001], [0, 0], [0, 0], [0.3881000000000001, -0.4568399999999999], [0, 0], [0.38639, -0.4579], [0.4966900000000001, -0.44598000000000004], [0.3622200000000002, -0.44984]]
12 257.005 [0.38753343180339456, -0.45732069091796823] [0.342956063303768, -0.3951954131079452] [[0, 0], [0, 0], [0, 0], [0, 0], [0.41886, -0.4561299999999999], [0.3883200000000002, -0.4571700000000001], [0.34532000000000007, -0.47973], [0.33146999999999993, -0.3164800000000001], [0, 0], [0, 0], [0.38786999999999994, -0.4569000000000001], [0, 0], [0.38639, -0.4579], [0.4966900000000001, -0.44598000000000004], [0.3622200000000002, -0.44984]]
12 262.013 [0.3875266732732455, -0.4573233307528496] [0.342956063303768, -0.3951954131079452] [[0, 0], [0, 0], [0, 0], [0, 0], [0.41886, -0.4561299999999999], [0.3883200000000002, -0.4571700000000001], [0.34532000000000007, -0.47973], [0.33146999999999993, -0.3164800000000001], [0, 0], [0, 0], [0.38786999999999994, -0.4569000000000001], [0, 0], [0.38639, -0.4579], [0.4966900000000001, -0.44598000000000004], [0.3622200000000002, -0.44984]]
12 267.019 [0.38752666667311847, -0.4573233333308134] [0.342956063303768, -0.3951954131079452] [[0, 0], [0, 0], [0, 0], [0, 0], [0.41886, -0.4561299999999999], [0.3883200000000002, -0.4571700000000001], [0.34532000000000007, -0.47973], [0.33146999999999993, -0.3164800000000001], [0, 0], [0, 0], [0.38786999999999994, -0.4569000000000001], [0, 0], [0.38639, -0.4579], [0.4966900000000001, -0.44598000000000004], [0.3622200000000002, -0.44984]]
12 272.027 [0.38696506666667074, -0.4572517333333318] [0.342956063303768, -0.3951954131079452] [[0, 0], [0, 0], [0, 0], [0, 0], [0.41886, -0.4561299999999999], [0.3883200000000002, -0.4571700000000001], [0.3806099999999999, -0.45648], [0.33146999999999993, -0.3164800000000001], [0.38517, -0.4570399999999999], [0, 0], [0.38786999999999994, -0.4569000000000001], [0, 0], [0.38639, -0.4579], [0.4966900000000001, -0.44598000000000004], [0.3622200000000002, -0.44984]]
12 277.036 [0.387176727760631, -0.45716852388545953] [0.342956063303768, -0.3951954131079452] [[0.38744999999999985, -0.4569399999999999], [0, 0], [0, 0], [0, 0], [0.41886, -0.4561299999999999], [0.3883200000000002, -0.4571700000000001], [0.3852500000000001, -0.4571400000000001], [0.33146999999999993, -0.3164800000000001], [0.3859699999999999, -0.45683000000000007], [0, 0], [0.38786999999999994, -0.4569000000000001], [0, 0], [0.38639, -0.4579], [0.4966900000000001, -0.44598000000000004], [0.3622200000000002, -0.44984]]
12 282.043 [0.3873329479816601, -0.4569277788138208] [0.342956063303768, -0.3951954131079452] [[0.38748000000000005, -0.4566300000000001], [0.3872300000000002, -0.45692], [0, 0], [0, 0], [0.41886, -0.4561299999999999], [0.3883200000000002, -0.4571700000000001], [0.3872200000000001, -0.45696000000000003], [0.33146999999999993, -0.3164800000000001], [0.3865400000000001, -0.45697999999999994], [0, 0], [0.38786999999999994, -0.4569000000000001], [0, 0], [0.38639, -0.4579], [0.4966900000000001, -0.44598000000000004], [0.3877100000000002, -0.45716]]
12 287.05 [0.387370979455496, -0.45714807818704006] [0.342956063303768, -0.3951954131079452] [[0.3874599999999999, -0.45696000000000003], [0.3849, -0.4534], [0, 0], [0.39880000000000004, -0.44706], [0.41886, -0.4561299999999999], [0.3883200000000002, -0.4571700000000001], [0.3871199999999999, -0.45706], [0.33146999999999993, -0.3164800000000001], [0.3868299999999998, -0.4569399999999999], [0, 0], [0.38786999999999994, -0.4569000000000001], [0, 0], [0.38639, -0.4579], [0.4966900000000001, -0.44598000000000004], [0.38759999999999994, -0.45714999999999995]]
12 292.058 [0.3874683710015703, -0.45701001977777667] [0.342956063303768, -0.3951954131079452] [[0.3874599999999999, -0.45697999999999994], [0.3871199999999999, -0.4569700000000001], [0, 0], [0.39880000000000004, -0.44706], [0.41886, -0.4561299999999999], [0.3883200000000002, -0.4571700000000001], [0.3871199999999999, -0.45706], [0.33146999999999993, -0.3164800000000001], [0.3868299999999998, -0.4569399999999999], [0, 0], [0.38786999999999994, -0.4569000000000001], [0, 0], [0.38639, -0.4579], [0.4966900000000001, -0.44598000000000004], [0.3875600000000001, -0.45704999999999996]]
12 297.164 [0.38746857142245483, -0.45701000000060354] [0.342956063303768, -0.3951954131079452] [[0.3874599999999999, -0.45697999999999994], [0.3871199999999999, -0.4569700000000001], [0, 0], [0.39880000000000004, -0.44706], [0.41886, -0.4561299999999999], [0.3883200000000002, -0.4571700000000001], [0.3871199999999999, -0.45706], [0.33146999999999993, -0.3164800000000001], [0.3868299999999998, -0.4569399999999999], [0, 0], [0.38786999999999994, -0.4569000000000001], [0, 0], [0.38639, -0.4579], [0.4966900000000001, -0.44598000000000004], [0.3875600000000001, -0.45704999999999996]]
12 302.171 [0.3874685714285712, -0.4570087500000001] [0.342956063303768, -0.3951954131079452] [[0.3874599999999999, -0.4569700000000001], [0.3871199999999999, -0.4569700000000001], [0, 0], [0.39880000000000004, -0.44706], [0.41886, -0.4561299999999999], [0.3883200000000002, -0.4571700000000001], [0.3871199999999999, -0.45706], [0.33146999999999993, -0.3164800000000001], [0.3868299999999998, -0.4569399999999999], [0, 0], [0.38786999999999994, -0.4569000000000001], [0, 0], [0.38639, -0.4579], [0.4966900000000001, -0.44598000000000004], [0.3875600000000001, -0.45704999999999996]]
12 307.179 [0.3874685714285714, -0.457008571434021] [0.342956063303768, -0.3951954131079452] [[0.3874599999999999, -0.4569700000000001], [0.3871199999999999, -0.4569700000000001], [0, 0], [0.39880000000000004, -0.44706], [0.41886, -0.4561299999999999], [0.3883200000000002, -0.4571700000000001], [0.3871199999999999, -0.45706], [0.33146999999999993, -0.3164800000000001], [0.3868299999999998, -0.4569399999999999], [0, 0], [0.38786999999999994, -0.4569000000000001], [0, 0], [0.38639, -0.4579], [0.4966900000000001, -0.44598000000000004], [0.3875600000000001, -0.45704999999999996]]
12 312.187 [0.3874685714285714, -0.45700857142857165] [0.342956063303768, -0.3951954131079452] [[0.3874599999999999, -0.4569700000000001], [0.3871199999999999, -0.4569700000000001], [0, 0], [0.39880000000000004, -0.44706], [0.41886, -0.4561299999999999], [0.3883200000000002, -0.4571700000000001], [0.3871199999999999, -0.45706], [0.33146999999999993, -0.3164800000000001], [0.3868299999999998, -0.4569399999999999], [0, 0], [0.38786999999999994, -0.4569000000000001], [0, 0], [0.38639, -0.4579], [0.4966900000000001, -0.44598000000000004], [0.3875600000000001, -0.45704999999999996]]
12 317.194 [0.3874685714285714, -0.4570085714285715] [0.342956063303768, -0.3951954131079452] [[0.3874599999999999, -0.4569700000000001], [0.3871199999999999, -0.4569700000000001], [0, 0], [0.39880000000000004, -0.44706], [0.41886, -0.4561299999999999], [0.3883200000000002, -0.4571700000000001], [0.3871199999999999, -0.45706], [0.33146999999999993, -0.3164800000000001], [0.3868299999999998, -0.4569399999999999], [0, 0], [0.38786999999999994, -0.4569000000000001], [0, 0], [0.38639, -0.4579], [0.4966900000000001, -0.44598000000000004], [0.3875600000000001, -0.45704999999999996]]
12 322.202 [0.3874685714285714, -0.4570085714285715] [0.342956063303768, -0.3951954131079452] [[0.3874599999999999, -0.4569700000000001], [0.3871199999999999, -0.4569700000000001], [0, 0], [0.39880000000000004, -0.44706], [0.41886, -0.4561299999999999], [0.3883200000000002, -0.4571700000000001], [0.3871199999999999, -0.45706], [0.33146999999999993, -0.3164800000000001], [0.3868299999999998, -0.4569399999999999], [0, 0], [0.38786999999999994, -0.4569000000000001], [0, 0], [0.38639, -0.4579], [0.4966900000000001, -0.44598000000000004], [0.3875600000000001, -0.45704999999999996]]
12 327.21 [0.3874685714285714, -0.4570085714285715] [0.342956063303768, -0.3951954131079452] [[0.3874599999999999, -0.4569700000000001], [0.3871199999999999, -0.4569700000000001], [0, 0], [0.39880000000000004, -0.44706], [0.41886, -0.4561299999999999], [0.3883200000000002, -0.4571700000000001], [0.3871199999999999, -0.45706], [0.33146999999999993, -0.3164800000000001], [0.3868299999999998, -0.4569399999999999], [0, 0], [0.38786999999999994, -0.4569000000000001], [0, 0], [0.38639, -0.4579], [0.4966900000000001, -0.44598000000000004], [0.3875600000000001, -0.45704999999999996]]
12 332.217 [0.3874685714285714, -0.4570085714285715] [0.342956063303768, -0.3951954131079452] [[0.3874599999999999, -0.4569700000000001], [0.3871199999999999, -0.4569700000000001], [0, 0], [0.39880000000000004, -0.44706], [0.41886, -0.4561299999999999], [0.3883200000000002, -0.4571700000000001], [0.3871199999999999, -0.45706], [0.33146999999999993, -0.3164800000000001], [0.3868299999999998, -0.4569399999999999], [0, 0], [0.38786999999999994, -0.4569000000000001], [0, 0], [0.38639, -0.4579], [0.4966900000000001, -0.44598000000000004], [0.3875600000000001, -0.45704999999999996]]
12 337.225 [0.38734357142857134, -0.45697857142857146] [0.342956063303768, -0.3951954131079452] [[0.3874599999999999, -0.4569700000000001], [0.3871199999999999, -0.4569700000000001], [0, 0], [0.39880000000000004, -0.44706], [0.41886, -0.4561299999999999], [0.3883200000000002, -0.4571700000000001], [0.3871199999999999, -0.45706], [0.33146999999999993, -0.3164800000000001], [0.3868299999999998, -0.4569399999999999], [0, 0], [0.38786999999999994, -0.4569000000000001], [0, 0], [0.3873199999999999, -0.45693000000000006], [0.4966900000000001, -0.44598000000000004], [0.3875600000000001, -0.45704999999999996]]
12 342.233 [0.38729536204746784, -0.4570171380179269] [0.342956063303768, -0.3951954131079452] [[0.3874599999999999, -0.4569700000000001], [0.3871199999999999, -0.4569700000000001], [0, 0], [0.39880000000000004, -0.44706], [0.41886, -0.4561299999999999], [0.3883200000000002, -0.4571700000000001], [0.3871199999999999, -0.45706], [0.33146999999999993, -0.3164800000000001], [0.3868299999999998, -0.4569399999999999], [0, 0], [0.38786999999999994, -0.4569000000000001], [0, 0], [0.38710999999999984, -0.45723], [0.4966900000000001, -0.44598000000000004], [0.3875600000000001, -0.45704999999999996]]
12 347.242 [0.38729571427496473, -0.4570171428569952] [0.342956063303768, -0.3951954131079452] [[0.3874599999999999, -0.4569700000000001], [0.3871199999999999, -0.4569700000000001], [0, 0], [0.39880000000000004, -0.44706], [0.41886, -0.4561299999999999], [0.3883200000000002, -0.4571700000000001], [0.3871199999999999, -0.45706], [0.33146999999999993, -0.3164800000000001], [0.3868299999999998, -0.4569399999999999], [0, 0], [0.38786999999999994, -0.4569000000000001], [0, 0], [0.38710999999999984, -0.45723], [0.4966900000000001, -0.44598000000000004], [0.3875600000000001, -0.45704999999999996]]
12 352.249 [0.38729571428571385, -0.4570171428571429] [0.342956063303768, -0.3951954131079452] [[0.3874599999999999, -0.4569700000000001], [0.3871199999999999, -0.4569700000000001], [0, 0], [0.39880000000000004, -0.44706], [0.41886, -0.4561299999999999], [0.3883200000000002, -0.4571700000000001], [0.3871199999999999, -0.45706], [0.33146999999999993, -0.3164800000000001], [0.3868299999999998, -0.4569399999999999], [0, 0], [0.38786999999999994, -0.4569000000000001], [0, 0], [0.38710999999999984, -0.45723], [0.4966900000000001, -0.44598000000000004], [0.3875600000000001, -0.45704999999999996]]
12 357.258 [0.3872957142857142, -0.4570171428571429] [0.342956063303768, -0.3951954131079452] [[0.3874599999999999, -0.4569700000000001], [0.3871199999999999, -0.4569700000000001], [0, 0], [0.39880000000000004, -0.44706], [0.41886, -0.4561299999999999], [0.3883200000000002, -0.4571700000000001], [0.3871199999999999, -0.45706], [0.33146999999999993, -0.3164800000000001], [0.3868299999999998, -0.4569399999999999], [0, 0], [0.38786999999999994, -0.4569000000000001], [0, 0], [0.38710999999999984, -0.45723], [0.4966900000000001, -0.44598000000000004], [0.3875600000000001, -0.45704999999999996]]
12 362.264 [0.3872957142857142, -0.4570171428571429] [0.342956063303768, -0.3951954131079452] [[0.3874599999999999, -0.4569700000000001], [0.3871199999999999, -0.4569700000000001], [0, 0], [0.39880000000000004, -0.44706], [0.41886, -0.4561299999999999], [0.3883200000000002, -0.4571700000000001], [0.3871199999999999, -0.45706], [0.33146999999999993, -0.3164800000000001], [0.3868299999999998, -0.4569399999999999], [0, 0], [0.38786999999999994, -0.4569000000000001], [0, 0], [0.38710999999999984, -0.45723], [0.4966900000000001, -0.44598000000000004], [0.3875600000000001, -0.45704999999999996]]
12 367.273 [0.38729611992945323, -0.4570163844797178] [0.342956063303768, -0.3951954131079452] [[0.3874599999999999, -0.4569700000000001], [0.3871199999999999, -0.4569700000000001], [0.3873000000000002, -0.4570099999999999], [0.39880000000000004, -0.44706], [0.3800300000000001, -0.45652000000000004], [0.3883200000000002, -0.4571700000000001], [0.3871199999999999, -0.45706], [0.33146999999999993, -0.3164800000000001], [0.3868299999999998, -0.4569399999999999], [0, 0], [0.38786999999999994, -0.4569000000000001], [0, 0], [0.38710999999999984, -0.45723], [0.4966900000000001, -0.44598000000000004], [0.3875600000000001, -0.45704999999999996]]
12 372.28 [0.387232191334653, -0.4570346450640058] [0.342956063303768, -0.3951954131079452] [[0.3874599999999999, -0.4569700000000001], [0.3871199999999999, -0.4569700000000001], [0.3873099999999998, -0.4570099999999999], [0.39880000000000004, -0.44706], [0.38000999999999996, -0.45646999999999993], [0.38734, -0.45704999999999996], [0.3871199999999999, -0.45706], [0.33146999999999993, -0.3164800000000001], [0.3868299999999998, -0.4569399999999999], [0, 0], [0.38786999999999994, -0.4569000000000001], [0, 0], [0.38710999999999984, -0.45723], [0.4966900000000001, -0.44598000000000004], [0.3875600000000001, -0.45704999999999996]]
12 377.288 [0.3872312500159415, -0.4570349999939891] [0.342956063303768, -0.3951954131079452] [[0.3874599999999999, -0.4569700000000001], [0.3871199999999999, -0.4569700000000001], [0.3873099999999998, -0.4570099999999999], [0.39880000000000004, -0.44706], [0.38000999999999996, -0.45646999999999993], [0.38734, -0.45704999999999996], [0.3871199999999999, -0.45706], [0.33146999999999993, -0.3164800000000001], [0.3868299999999998, -0.4569399999999999], [0, 0], [0.38786999999999994, -0.4569000000000001], [0, 0], [0.38710999999999984, -0.45723], [0.4966900000000001, -0.44598000000000004], [0.3875600000000001, -0.45704999999999996]]
12 382.296 [0.3872312500000002, -0.4570349999999999] [0.342956063303768, -0.3951954131079452] [[0.3874599999999999, -0.4569700000000001], [0.3871199999999999, -0.4569700000000001], [0.3873099999999998, -0.4570099999999999], [0.39880000000000004, -0.44706], [0.38000999999999996, -0.45646999999999993], [0.38734, -0.45704999999999996], [0.3871199999999999, -0.45706], [0.33146999999999993, -0.3164800000000001], [0.3868299999999998, -0.4569399999999999], [0, 0], [0.38786999999999994, -0.4569000000000001], [0, 0], [0.38710999999999984, -0.45723], [0.4966900000000001, -0.44598000000000004], [0.3875600000000001, -0.45704999999999996]]
12 387.404 [0.3872312499999999, -0.457035] [0.342956063303768, -0.3951954131079452] [[0.3874599999999999, -0.4569700000000001], [0.3871199999999999, -0.4569700000000001], [0.3873099999999998, -0.4570099999999999], [0.39880000000000004, -0.44706], [0.38000999999999996, -0.45646999999999993], [0.38734, -0.45704999999999996], [0.3871199999999999, -0.45706], [0.33146999999999993, -0.3164800000000001], [0.3868299999999998, -0.4569399999999999], [0, 0], [0.38786999999999994, -0.4569000000000001], [0, 0], [0.38710999999999984, -0.45723], [0.4966900000000001, -0.44598000000000004], [0.3875600000000001, -0.45704999999999996]]
12 392.509 [0.3872312499999999, -0.457035] [0.342956063303768, -0.3951954131079452] [[0.3874599999999999, -0.4569700000000001], [0.3871199999999999, -0.4569700000000001], [0.3873099999999998, -0.4570099999999999], [0.39880000000000004, -0.44706], [0.38000999999999996, -0.45646999999999993], [0.38734, -0.45704999999999996], [0.3871199999999999, -0.45706], [0.33146999999999993, -0.3164800000000001], [0.3868299999999998, -0.4569399999999999], [0, 0], [0.38786999999999994, -0.4569000000000001], [0, 0], [0.38710999999999984, -0.45723], [0.4966900000000001, -0.44598000000000004], [0.3875600000000001, -0.45704999999999996]]
12 397.517 [0.3872003125, -0.45702785000000007] [0.342956063303768, -0.3951954131079452] [[0.3874599999999999, -0.4569700000000001], [0.3871199999999999, -0.4569700000000001], [0.3873099999999998, -0.4570099999999999], [0.39880000000000004, -0.44706], [0.38000999999999996, -0.45646999999999993], [0.38734, -0.45704999999999996], [0.3871199999999999, -0.45706], [0.33146999999999993, -0.3164800000000001], [0.3868299999999998, -0.4569399999999999], [0.3869500000000001, -0.4569700000000001], [0.38786999999999994, -0.4569000000000001], [0, 0], [0.38710999999999984, -0.45723], [0.4966900000000001, -0.44598000000000004], [0.3875600000000001, -0.45704999999999996]]
12 402.524 [0.38720000000312493, -0.45702777777850007] [0.342956063303768, -0.3951954131079452] [[0.3874599999999999, -0.4569700000000001], [0.3871199999999999, -0.4569700000000001], [0.3873099999999998, -0.4570099999999999], [0.39880000000000004, -0.44706], [0.38000999999999996, -0.45646999999999993], [0.38734, -0.45704999999999996], [0.3871199999999999, -0.45706], [0.33146999999999993, -0.3164800000000001], [0.3868299999999998, -0.4569399999999999], [0.3869500000000001, -0.4569700000000001], [0.38786999999999994, -0.4569000000000001], [0, 0], [0.38710999999999984, -0.45723], [0.4966900000000001, -0.44598000000000004], [0.3875600000000001, -0.45704999999999996]]
12 407.532 [0.3872, -0.4570277777777779] [0.342956063303768, -0.3951954131079452] [[0.3874599999999999, -0.4569700000000001], [0.3871199999999999, -0.4569700000000001], [0.3873099999999998, -0.4570099999999999], [0.39880000000000004, -0.44706], [0.38000999999999996, -0.45646999999999993], [0.38734, -0.45704999999999996], [0.3871199999999999, -0.45706], [0.33146999999999993, -0.3164800000000001], [0.3868299999999998, -0.4569399999999999], [0.3869500000000001, -0.4569700000000001], [0.38786999999999994, -0.4569000000000001], [0, 0], [0.38710999999999984, -0.45723], [0.4966900000000001, -0.44598000000000004], [0.3875600000000001, -0.45704999999999996]]
12 412.541 [0.38723108999999994, -0.4570022477777778] [0.342956063303768, -0.3951954131079452] [[0.3874599999999999, -0.4569700000000001], [0.3871199999999999, -0.4569700000000001], [0.3873099999999998, -0.4570099999999999], [0.39880000000000004, -0.44706], [0.38000999999999996, -0.45646999999999993], [0.38734, -0.45704999999999996], [0.3871199999999999, -0.45706], [0.33146999999999993, -0.3164800000000001], [0.3868299999999998, -0.4569399999999999], [0.3869500000000001, -0.4569700000000001], [0.38786999999999994, -0.4569000000000001], [0, 0], [0.3873899999999999, -0.4570000000000001], [0.4966900000000001, -0.44598000000000004], [0.3875600000000001, -0.45704999999999996]]
12 417.648 [0.38721711111089996, -0.45699622222247793] [0.342956063303768, -0.3951954131079452] [[0.3874599999999999, -0.4569700000000001], [0.3871199999999999, -0.4569700000000001], [0.3873099999999998, -0.4570099999999999], [0.39880000000000004, -0.44706], [0.38000999999999996, -0.45646999999999993], [0.38734, -0.45704999999999996], [0.3871199999999999, -0.45706], [0.33146999999999993, -0.3164800000000001], [0.3868299999999998, -0.4569399999999999], [0.3869500000000001, -0.4569700000000001], [0.38786999999999994, -0.4569000000000001], [0, 0], [0.3873899999999999, -0.4570000000000001], [0.4966900000000001, -0.44598000000000004], [0.3874200000000001, -0.45699]]
12 422.655 [0.38720777937111106, -0.4569966665622223] [0.342956063303768, -0.3951954131079452] [[0.3874599999999999, -0.4569700000000001], [0.3871199999999999, -0.4569700000000001], [0.3873099999999998, -0.4570099999999999], [0.39880000000000004, -0.44706], [0.38000999999999996, -0.45646999999999993], [0.38734, -0.45704999999999996], [0.3871199999999999, -0.45706], [0.33146999999999993, -0.3164800000000001], [0.3868299999999998, -0.4569399999999999], [0.3869500000000001, -0.4569700000000001], [0.38786999999999994, -0.4569000000000001], [0, 0], [0.3873899999999999, -0.4570000000000001], [0.4966900000000001, -0.44598000000000004], [0.3873500000000001, -0.4570000000000001]]
12 427.663 [0.3872077777777937, -0.4569977666666657] [0.342956063303768, -0.3951954131079452] [[0.3874599999999999, -0.4569700000000001], [0.3871199999999999, -0.4569700000000001], [0.3873099999999998, -0.4570099999999999], [0.39880000000000004, -0.44706], [0.38000999999999996, -0.45646999999999993], [0.38734, -0.45704999999999996], [0.3871199999999999, -0.45706], [0.33146999999999993, -0.3164800000000001], [0.3868299999999998, -0.4569399999999999], [0.3869500000000001, -0.4569700000000001], [0.38786999999999994, -0.4569000000000001], [0, 0], [0.3873899999999999, -0.4570000000000001], [0.4966900000000001, -0.44598000000000004], [0.3873500000000001, -0.4570099999999999]]
12 432.671 [0.3872611108777777, -0.45700666657766664] [0.342956063303768, -0.3951954131079452] [[0.3874599999999999, -0.4569700000000001], [0.3871199999999999, -0.4569700000000001], [0.3873099999999998, -0.4570099999999999], [0.39880000000000004, -0.44706], [0.38000999999999996, -0.45646999999999993], [0.38734, -0.45704999999999996], [0.3871199999999999, -0.45706], [0.38734, -0.45702], [0.3868299999999998, -0.4569399999999999], [0.3869500000000001, -0.4569700000000001], [0.38786999999999994, -0.4569000000000001], [0, 0], [0.3873899999999999, -0.4570000000000001], [0.4966900000000001, -0.44598000000000004], [0.3873199999999999, -0.4570099999999999]]
12 437.679 [0.3872611111111087, -0.4570066666666658] [0.342956063303768, -0.3951954131079452] [[0.3874599999999999, -0.4569700000000001], [0.3871199999999999, -0.4569700000000001], [0.3873099999999998, -0.4570099999999999], [0.39880000000000004, -0.44706], [0.38000999999999996, -0.45646999999999993], [0.38734, -0.45704999999999996], [0.3871199999999999, -0.45706], [0.38734, -0.45702], [0.3868299999999998, -0.4569399999999999], [0.3869500000000001, -0.4569700000000001], [0.38786999999999994, -0.4569000000000001], [0, 0], [0.3873899999999999, -0.4570000000000001], [0.4966900000000001, -0.44598000000000004], [0.3873199999999999, -0.4570099999999999]]
12 442.686 [0.38724911111111104, -0.45701166666666665] [0.342956063303768, -0.3951954131079452] [[0.38734, -0.45702], [0.3871199999999999, -0.4569700000000001], [0.3873099999999998, -0.4570099999999999], [0.39880000000000004, -0.44706], [0.38000999999999996, -0.45646999999999993], [0.38734, -0.45704999999999996], [0.3871199999999999, -0.45706], [0.38734, -0.45702], [0.3868299999999998, -0.4569399999999999], [0.3869500000000001, -0.4569700000000001], [0.38786999999999994, -0.4569000000000001], [0, 0], [0.3873899999999999, -0.4570000000000001], [0.4966900000000001, -0.44598000000000004], [0.3873199999999999, -0.4570099999999999]]
12 447.695 [0.3872477777911111, -0.4570122222166667] [0.342956063303768, -0.3951954131079452] [[0.38734, -0.45702], [0.3871199999999999, -0.4569700000000001], [0.3873099999999998, -0.4570099999999999], [0.39880000000000004, -0.44706], [0.38000999999999996, -0.45646999999999993], [0.38734, -0.45704999999999996], [0.3871199999999999, -0.45706], [0.38734, -0.45702], [0.3868299999999998, -0.4569399999999999], [0.3869500000000001, -0.4569700000000001], [0.38786999999999994, -0.4569000000000001], [0, 0], [0.3873899999999999, -0.4570000000000001], [0.4966900000000001, -0.44598000000000004], [0.3873199999999999, -0.4570099999999999]]
12 452.703 [0.38724777777777786, -0.45701222222222215] [0.342956063303768, -0.3951954131079452] [[0.38734, -0.45702], [0.3871199999999999, -0.4569700000000001], [0.3873099999999998, -0.4570099999999999], [0.39880000000000004, -0.44706], [0.38000999999999996, -0.45646999999999993], [0.38734, -0.45704999999999996], [0.3871199999999999, -0.45706], [0.38734, -0.45702], [0.3868299999999998, -0.4569399999999999], [0.3869500000000001, -0.4569700000000001], [0.38786999999999994, -0.4569000000000001], [0, 0], [0.3873899999999999, -0.4570000000000001], [0.4966900000000001, -0.44598000000000004], [0.3873199999999999, -0.4570099999999999]]
12 457.81 [0.38724777777777775, -0.45701222222222226] [0.342956063303768, -0.3951954131079452] [[0.38734, -0.45702], [0.3871199999999999, -0.4569700000000001], [0.3873099999999998, -0.4570099999999999], [0.39880000000000004, -0.44706], [0.38000999999999996, -0.45646999999999993], [0.38734, -0.45704999999999996], [0.3871199999999999, -0.45706], [0.38734, -0.45702], [0.3868299999999998, -0.4569399999999999], [0.3869500000000001, -0.4569700000000001], [0.38786999999999994, -0.4569000000000001], [0, 0], [0.3873899999999999, -0.4570000000000001], [0.4966900000000001, -0.44598000000000004], [0.3873199999999999, -0.4570099999999999]]
12 462.818 [0.3872910677777777, -0.4570211022222222] [0.342956063303768, -0.3951954131079452] [[0.38734, -0.45702], [0.3871199999999999, -0.4569700000000001], [0.3873099999999998, -0.4570099999999999], [0.39880000000000004, -0.44706], [0.38734, -0.45704999999999996], [0.38734, -0.45704999999999996], [0.3871199999999999, -0.45706], [0.38734, -0.45702], [0.3868299999999998, -0.4569399999999999], [0.3869500000000001, -0.4569700000000001], [0.38786999999999994, -0.4569000000000001], [0, 0], [0.3873899999999999, -0.4570000000000001], [0.4966900000000001, -0.44598000000000004], [0.3873199999999999, -0.4570099999999999]]
12 467.826 [0.3872911111106777, -0.4570242111110222] [0.342956063303768, -0.3951954131079452] [[0.38734, -0.45703000000000005], [0.3871199999999999, -0.4569700000000001], [0.3873099999999998, -0.4570099999999999], [0.39880000000000004, -0.44706], [0.38734, -0.45704999999999996], [0.38734, -0.45704999999999996], [0.3871199999999999, -0.45706], [0.38734, -0.4570399999999999], [0.3868299999999998, -0.4569399999999999], [0.3869500000000001, -0.4569700000000001], [0.38786999999999994, -0.4569000000000001], [0, 0], [0.3873899999999999, -0.4570000000000001], [0.4966900000000001, -0.44598000000000004], [0.3873199999999999, -0.4570099999999999]]
12 472.834 [0.3872911111111111, -0.4570244444421111] [0.342956063303768, -0.3951954131079452] [[0.38734, -0.45703000000000005], [0.3871199999999999, -0.4569700000000001], [0.3873099999999998, -0.4570099999999999], [0.39880000000000004, -0.44706], [0.38734, -0.45704999999999996], [0.38734, -0.45704999999999996], [0.3871199999999999, -0.45706], [0.38734, -0.4570399999999999], [0.3868299999999998, -0.4569399999999999], [0.3869500000000001, -0.4569700000000001], [0.38786999999999994, -0.4569000000000001], [0, 0], [0.3873899999999999, -0.4570000000000001], [0.4966900000000001, -0.44598000000000004], [0.3873199999999999, -0.4570099999999999]]
12 477.841 [0.38729000011111103, -0.45702444444444446] [0.342956063303768, -0.3951954131079452] [[0.38732999999999995, -0.45703000000000005], [0.3871199999999999, -0.4569700000000001], [0.3873099999999998, -0.4570099999999999], [0.39880000000000004, -0.44706], [0.38734, -0.45704999999999996], [0.38734, -0.45704999999999996], [0.3871199999999999, -0.45706], [0.38734, -0.4570399999999999], [0.3868299999999998, -0.4569399999999999], [0.3869500000000001, -0.4569700000000001], [0.38786999999999994, -0.4569000000000001], [0, 0], [0.3873899999999999, -0.4570000000000001], [0.4966900000000001, -0.44598000000000004], [0.3873199999999999, -0.4570099999999999]]
12 482.849 [0.3873388642000011, -0.4570288921444444] [0.342956063303768, -0.3951954131079452] [[0.38732999999999995, -0.45703000000000005], [0.3871199999999999, -0.4569700000000001], [0.3873099999999998, -0.4570099999999999], [0.38734, -0.4570399999999999], [0.38734, -0.45704999999999996], [0.38734, -0.45704999999999996], [0.3871199999999999, -0.45706], [0.38734, -0.4570399999999999], [0.3868299999999998, -0.4569399999999999], [0.3869500000000001, -0.4569700000000001], [0.38734, -0.45703000000000005], [0, 0], [0.3873899999999999, -0.4570000000000001], [0.4966900000000001, -0.44598000000000004], [0.3873199999999999, -0.4570099999999999]]
12 487.856 [0.38733777788864193, -0.4570299988889214] [0.342956063303768, -0.3951954131079452] [[0.38732999999999995, -0.45703000000000005], [0.3871199999999999, -0.4569700000000001], [0.3873099999999998, -0.4570099999999999], [0.38734, -0.4570399999999999], [0.38734, -0.45704999999999996], [0.38734, -0.45704999999999996], [0.3871199999999999, -0.45706], [0.38734, -0.4570399999999999], [0.3868299999999998, -0.4569399999999999], [0.3869500000000001, -0.4569700000000001], [0.38732999999999995, -0.4570399999999999], [0, 0], [0.3873899999999999, -0.4570000000000001], [0.4966900000000001, -0.44598000000000004], [0.3873199999999999, -0.4570099999999999]]
12 492.864 [0.38733117777777887, -0.45703329999998876] [0.342956063303768, -0.3951954131079452] [[0.38732999999999995, -0.45703000000000005], [0.3871199999999999, -0.4569700000000001], [0.3873099999999998, -0.4570099999999999], [0.38734, -0.4570399999999999], [0.38734, -0.45704999999999996], [0.38734, -0.45704999999999996], [0.3871199999999999, -0.45706], [0.38734, -0.4570399999999999], [0.38732999999999995, -0.45703000000000005], [0.3869500000000001, -0.4569700000000001], [0.38732999999999995, -0.4570399999999999], [0, 0], [0.3873899999999999, -0.4570000000000001], [0.4966900000000001, -0.44598000000000004], [0.3873199999999999, -0.4570099999999999]]
12 497.872 [0.38733111111177776, -0.4570333333329999] [0.342956063303768, -0.3951954131079452] [[0.38732999999999995, -0.45703000000000005], [0.3871199999999999, -0.4569700000000001], [0.3873099999999998, -0.4570099999999999], [0.38734, -0.4570399999999999], [0.38734, -0.45704999999999996], [0.38734, -0.45704999999999996], [0.3871199999999999, -0.45706], [0.38734, -0.4570399999999999], [0.38732999999999995, -0.45703000000000005], [0.3869500000000001, -0.4569700000000001], [0.38732999999999995, -0.4570399999999999], [0, 0], [0.3873899999999999, -0.4570000000000001], [0.4966900000000001, -0.44598000000000004], [0.3873199999999999, -0.4570099999999999]]
12 502.881 [0.38733001111111104, -0.45703444443333324] [0.342956063303768, -0.3951954131079452] [[0.38732999999999995, -0.45703000000000005], [0.3871199999999999, -0.4569700000000001], [0.3873099999999998, -0.4570099999999999], [0.38734, -0.4570399999999999], [0.38732999999999995, -0.45704999999999996], [0.38734, -0.45704999999999996], [0.3871199999999999, -0.45706], [0.38734, -0.4570399999999999], [0.38732999999999995, -0.4570399999999999], [0.3869500000000001, -0.4569700000000001], [0.38732999999999995, -0.4570399999999999], [0, 0], [0.3873899999999999, -0.4570000000000001], [0.4966900000000001, -0.44598000000000004], [0.3873199999999999, -0.4570099999999999]]
12 507.888 [0.3873300000001111, -0.45703444444444424] [0.342956063303768, -0.3951954131079452] [[0.38732999999999995, -0.45703000000000005], [0.3871199999999999, -0.4569700000000001], [0.3873099999999998, -0.4570099999999999], [0.38734, -0.4570399999999999], [0.38732999999999995, -0.45704999999999996], [0.38734, -0.45704999999999996], [0.3871199999999999, -0.45706], [0.38734, -0.4570399999999999], [0.38732999999999995, -0.4570399999999999], [0.3869500000000001, -0.4569700000000001], [0.38732999999999995, -0.4570399999999999], [0, 0], [0.3873899999999999, -0.4570000000000001], [0.4966900000000001, -0.44598000000000004], [0.3873199999999999, -0.4570099999999999]]
12 512.896 [0.38732999999999995, -0.45703444444444435] [0.342956063303768, -0.3951954131079452] [[0.38732999999999995, -0.45703000000000005], [0.3871199999999999, -0.4569700000000001], [0.3873099999999998, -0.4570099999999999], [0.38734, -0.4570399999999999], [0.38732999999999995, -0.45704999999999996], [0.38734, -0.45704999999999996], [0.3871199999999999, -0.45706], [0.38734, -0.4570399999999999], [0.38732999999999995, -0.4570399999999999], [0.3869500000000001, -0.4569700000000001], [0.38732999999999995, -0.4570399999999999], [0, 0], [0.3873899999999999, -0.4570000000000001], [0.4966900000000001, -0.44598000000000004], [0.3873199999999999, -0.4570099999999999]]
12 517.903 [0.38733188999999996, -0.4570363344444444] [0.342956063303768, -0.3951954131079452] [[0.38732999999999995, -0.45703000000000005], [0.3871199999999999, -0.4569700000000001], [0.3873099999999998, -0.4570099999999999], [0.38734, -0.4570399999999999], [0.38732999999999995, -0.45704999999999996], [0.38732999999999995, -0.4570399999999999], [0.3871199999999999, -0.45706], [0.38734, -0.4570399999999999], [0.38732999999999995, -0.4570399999999999], [0.3869500000000001, -0.4569700000000001], [0.38732999999999995, -0.4570399999999999], [0, 0], [0.3873899999999999, -0.4570000000000001], [0.38734, -0.4570399999999999], [0.3873199999999999, -0.4570099999999999]]
12 522.911 [0.38733111111889995, -0.45703666666334436] [0.342956063303768, -0.3951954131079452] [[0.38732999999999995, -0.45703000000000005], [0.3871199999999999, -0.4569700000000001], [0.3873099999999998, -0.4570099999999999], [0.38734, -0.4570399999999999], [0.38732999999999995, -0.45704999999999996], [0.38732999999999995, -0.4570399999999999], [0.3871199999999999, -0.45706], [0.38734, -0.4570399999999999], [0.38732999999999995, -0.4570399999999999], [0.3869500000000001, -0.4569700000000001], [0.38732999999999995, -0.4570399999999999], [0, 0], [0.3873899999999999, -0.4570000000000001], [0.38732999999999995, -0.4570399999999999], [0.3873199999999999, -0.4570099999999999]]
12 527.918 [0.3873311111111112, -0.4570355666666666] [0.342956063303768, -0.3951954131079452] [[0.38732999999999995, -0.45703000000000005], [0.3871199999999999, -0.4569700000000001], [0.3873099999999998, -0.4570099999999999], [0.38734, -0.4570399999999999], [0.38732999999999995, -0.4570399999999999], [0.38732999999999995, -0.4570399999999999], [0.3871199999999999, -0.45706], [0.38734, -0.4570399999999999], [0.38732999999999995, -0.4570399999999999], [0.3869500000000001, -0.4569700000000001], [0.38732999999999995, -0.4570399999999999], [0, 0], [0.3873899999999999, -0.4570000000000001], [0.38732999999999995, -0.4570399999999999], [0.3873199999999999, -0.4570099999999999]]
12 532.927 [0.38733001111111104, -0.45703666655566655] [0.342956063303768, -0.3951954131079452] [[0.38732999999999995, -0.45703000000000005], [0.3871199999999999, -0.4569700000000001], [0.3873099999999998, -0.4570099999999999], [0.38734, -0.4570399999999999], [0.38732999999999995, -0.45704999999999996], [0.38732999999999995, -0.4570399999999999], [0.3871199999999999, -0.45706], [0.38732999999999995, -0.4570399999999999], [0.38732999999999995, -0.4570399999999999], [0.3869500000000001, -0.4569700000000001], [0.38732999999999995, -0.4570399999999999], [0, 0], [0.3873899999999999, -0.4570000000000001], [0.38732999999999995, -0.4570399999999999], [0.3873199999999999, -0.4570099999999999]]
12 537.935 [0.3873300000001111, -0.45703666666666554] [0.342956063303768, -0.3951954131079452] [[0.38732999999999995, -0.45703000000000005], [0.3871199999999999, -0.4569700000000001], [0.3873099999999998, -0.4570099999999999], [0.38734, -0.4570399999999999], [0.38732999999999995, -0.45704999999999996], [0.38732999999999995, -0.4570399999999999], [0.3871199999999999, -0.45706], [0.38732999999999995, -0.4570399999999999], [0.38732999999999995, -0.4570399999999999], [0.3869500000000001, -0.4569700000000001], [0.38732999999999995, -0.4570399999999999], [0, 0], [0.3873899999999999, -0.4570000000000001], [0.38732999999999995, -0.4570399999999999], [0.3873199999999999, -0.4570099999999999]]
12 542.943 [0.38732999999999995, -0.4570377776666666] [0.342956063303768, -0.3951954131079452] [[0.38732999999999995, -0.45703000000000005], [0.3871199999999999, -0.4569700000000001], [0.3873099999999998, -0.4570099999999999], [0.38734, -0.4570399999999999], [0.38732999999999995, -0.45704999999999996], [0.38732999999999995, -0.4570399999999999], [0.3871199999999999, -0.45706], [0.38732999999999995, -0.4570399999999999], [0.38732999999999995, -0.45704999999999996], [0.3869500000000001, -0.4569700000000001], [0.38732999999999995, -0.4570399999999999], [0, 0], [0.3873899999999999, -0.4570000000000001], [0.38732999999999995, -0.4570399999999999], [0.3873199999999999, -0.4570099999999999]]
12 547.951 [0.38732789999999995, -0.4570388777777765] [0.342956063303768, -0.3951954131079452] [[0.38732999999999995, -0.45703000000000005], [0.3871199999999999, -0.4569700000000001], [0.3873099999999998, -0.4570099999999999], [0.38732999999999995, -0.45704999999999996], [0.38732999999999995, -0.45704999999999996], [0.38732999999999995, -0.4570399999999999], [0.3871199999999999, -0.45706], [0.38732999999999995, -0.4570399999999999], [0.3873199999999999, -0.45704999999999996], [0.3869500000000001, -0.4569700000000001], [0.38732999999999995, -0.4570399999999999], [0, 0], [0.3873899999999999, -0.4570000000000001], [0.38732999999999995, -0.4570399999999999], [0.3873199999999999, -0.4570099999999999]]
12 552.958 [0.38732777777899996, -0.45703888888877764] [0.342956063303768, -0.3951954131079452] [[0.38732999999999995, -0.45703000000000005], [0.3871199999999999, -0.4569700000000001], [0.3873099999999998, -0.4570099999999999], [0.38732999999999995, -0.45704999999999996], [0.38732999999999995, -0.45704999999999996], [0.38732999999999995, -0.4570399999999999], [0.3871199999999999, -0.45706], [0.38732999999999995, -0.4570399999999999], [0.3873199999999999, -0.45704999999999996], [0.3869500000000001, -0.4569700000000001], [0.38732999999999995, -0.4570399999999999], [0, 0], [0.3873899999999999, -0.4570000000000001], [0.38732999999999995, -0.4570399999999999], [0.3873199999999999, -0.4570099999999999]]
12 557.967 [0.3873277777777777, -0.4570388888888887] [0.342956063303768, -0.3951954131079452] [[0.38732999999999995, -0.45703000000000005], [0.3871199999999999, -0.4569700000000001], [0.3873099999999998, -0.4570099999999999], [0.38732999999999995, -0.45704999999999996], [0.38732999999999995, -0.45704999999999996], [0.38732999999999995, -0.4570399999999999], [0.3871199999999999, -0.45706], [0.38732999999999995, -0.4570399999999999], [0.3873199999999999, -0.45704999999999996], [0.3869500000000001, -0.4569700000000001], [0.38732999999999995, -0.4570399999999999], [0, 0], [0.3873899999999999, -0.4570000000000001], [0.38732999999999995, -0.4570399999999999], [0.3873199999999999, -0.4570099999999999]]
12 562.975 [0.3873267777777777, -0.4570399888888887] [0.342956063303768, -0.3951954131079452] [[0.3873199999999999, -0.4570399999999999], [0.3871199999999999, -0.4569700000000001], [0.3873099999999998, -0.4570099999999999], [0.38732999999999995, -0.45704999999999996], [0.38732999999999995, -0.45704999999999996], [0.38732999999999995, -0.4570399999999999], [0.3871199999999999, -0.45706], [0.38732999999999995, -0.4570399999999999], [0.3873199999999999, -0.45704999999999996], [0.3869500000000001, -0.4569700000000001], [0.38732999999999995, -0.4570399999999999], [0, 0], [0.3873899999999999, -0.4570000000000001], [0.38732999999999995, -0.4570399999999999], [0.3873199999999999, -0.4570099999999999]]
12 567.982 [0.38732776666777774, -0.4570443999998887] [0.342956063303768, -0.3951954131079452] [[0.3873199999999999, -0.4570399999999999], [0.3871199999999999, -0.4569700000000001], [0.3873099999999998, -0.4570099999999999], [0.38732999999999995, -0.45704999999999996], [0.38732999999999995, -0.45704999999999996], [0.38732999999999995, -0.4570399999999999], [0.38732999999999995, -0.45704999999999996], [0.38732999999999995, -0.4570399999999999], [0.3873199999999999, -0.45704999999999996], [0.3869500000000001, -0.4569700000000001], [0.38732999999999995, -0.4570399999999999], [0, 0], [0.3873899999999999, -0.4570000000000001], [0.38732999999999995, -0.4570399999999999], [0.3873199999999999, -0.4570099999999999]]
12 573.089 [0.3873266677776666, -0.4570455555439999] [0.342956063303768, -0.3951954131079452] [[0.3873199999999999, -0.45704999999999996], [0.3871199999999999, -0.4569700000000001], [0.3873099999999998, -0.4570099999999999], [0.38732999999999995, -0.45704999999999996], [0.38732999999999995, -0.45704999999999996], [0.38732999999999995, -0.4570399999999999], [0.3873199999999999, -0.45704999999999996], [0.38732999999999995, -0.4570399999999999], [0.3873199999999999, -0.45704999999999996], [0.3869500000000001, -0.4569700000000001], [0.38732999999999995, -0.4570399999999999], [0, 0], [0.3873899999999999, -0.4570000000000001], [0.38732999999999995, -0.4570399999999999], [0.3873199999999999, -0.4570099999999999]]
12 578.097 [0.38732776666667773, -0.4570444555555553] [0.342956063303768, -0.3951954131079452] [[0.3873199999999999, -0.45704999999999996], [0.3871199999999999, -0.4569700000000001], [0.38732999999999995, -0.4570399999999999], [0.38732999999999995, -0.45704999999999996], [0.38732999999999995, -0.45704999999999996], [0.38732999999999995, -0.4570399999999999], [0.3873199999999999, -0.45704999999999996], [0.38732999999999995, -0.4570399999999999], [0.3873199999999999, -0.45704999999999996], [0.3869500000000001, -0.4569700000000001], [0.38732999999999995, -0.4570399999999999], [0, 0], [0.3873899999999999, -0.4570000000000001], [0.38732999999999995, -0.4570399999999999], [0.3873199999999999, -0.4570099999999999]]
12 583.104 [0.3873277777776666, -0.45704444444455544] [0.342956063303768, -0.3951954131079452] [[0.3873199999999999, -0.45704999999999996], [0.3871199999999999, -0.4569700000000001], [0.38732999999999995, -0.4570399999999999], [0.38732999999999995, -0.45704999999999996], [0.38732999999999995, -0.45704999999999996], [0.38732999999999995, -0.4570399999999999], [0.3873199999999999, -0.45704999999999996], [0.38732999999999995, -0.4570399999999999], [0.3873199999999999, -0.45704999999999996], [0.3869500000000001, -0.4569700000000001], [0.38732999999999995, -0.4570399999999999], [0, 0], [0.3873899999999999, -0.4570000000000001], [0.38732999999999995, -0.4570399999999999], [0.3873199999999999, -0.4570099999999999]]
